6.120067787170410156e+02 8.960186004638671875e+01 6.164173698425292969e+02 1.042678928375244141e+02 6.214942741394042969e+02 1.155335712432861328e+02 1.000000000000000000e+00
6.289015007019042969e+02 9.917233943939208984e+01 6.332613563537597656e+02 1.139540719985961914e+02 6.382924270629882812e+02 1.255761194229125977e+02 1.000000000000000000e+00
6.180658531188964844e+02 9.628213405609130859e+01 6.221673011779785156e+02 1.110213232040405273e+02 6.271673583984375000e+02 1.225690770149230957e+02 1.000000000000000000e+00
6.134888267517089844e+02 9.563787460327148438e+01 6.174844932556152344e+02 1.103644466400146484e+02 6.221087074279785156e+02 1.217854356765747070e+02 1.000000000000000000e+00
6.262239456176757812e+02 9.320208549499511719e+01 6.304710769653320312e+02 1.079643630981445312e+02 6.354972648620605469e+02 1.194662475585937500e+02 1.000000000000000000e+00
6.144142150878906250e+01 1.561946511268615723e+02 7.448600769042968750e+01 1.730650305747985840e+02 8.877574920654296875e+01 1.863476550579071045e+02 3.000000000000000000e+00
5.878777503967285156e+02 1.328834295272827148e+02 5.914287757873535156e+02 1.477867841720581055e+02 5.957078361511230469e+02 1.597017002105712891e+02 1.000000000000000000e+00
7.051784515380859375e+01 1.503674697875976562e+02 8.360986709594726562e+01 1.672711300849914551e+02 9.791448593139648438e+01 1.805743682384490967e+02 3.000000000000000000e+00
6.299215316772460938e+01 1.330697751045227051e+02 7.599679946899414062e+01 1.499275946617126465e+02 9.030954360961914062e+01 1.633949375152587891e+02 3.000000000000000000e+00
7.731859207153320312e+01 1.364961504936218262e+02 9.036367416381835938e+01 1.534049320220947266e+02 1.046542930603027344e+02 1.667431426048278809e+02 3.000000000000000000e+00
4.857219505310058594e+02 4.571627140045166016e+01 4.873756408691406250e+02 5.860038757324218750e+01 4.899180603027343750e+02 6.924425125122070312e+01 1.000000000000000000e+00
5.413903808593750000e+02 6.678510189056396484e+01 5.436907386779785156e+02 8.087365150451660156e+01 5.466278648376464844e+02 9.148421287536621094e+01 1.000000000000000000e+00
6.088209915161132812e+02 1.157422256469726562e+02 6.125156974792480469e+02 1.306017065048217773e+02 6.169135093688964844e+02 1.423599314689636230e+02 1.000000000000000000e+00
7.132421493530273438e+01 1.271947216987609863e+02 8.435678482055664062e+01 1.440924310684204102e+02 9.863779067993164062e+01 1.575103998184204102e+02 3.000000000000000000e+00
6.007845497131347656e+02 8.337607383728027344e+01 6.042110633850097656e+02 9.784104824066162109e+01 6.081090164184570312e+02 1.088303375244140625e+02 1.000000000000000000e+00
6.552110671997070312e+01 1.221202111244201660e+02 7.856628417968750000e+01 1.390075492858886719e+02 9.287342071533203125e+01 1.524725317955017090e+02 3.000000000000000000e+00
5.838069534301757812e+02 1.290111637115478516e+02 5.873089599609375000e+02 1.441165995597839355e+02 5.917169189453125000e+02 1.560825133323669434e+02 1.000000000000000000e+00
9.150016784667968750e+01 1.756775450706481934e+02 1.045544242858886719e+02 1.926155984401702881e+02 1.187144088745117188e+02 2.057805919647216797e+02 3.000000000000000000e+00
7.611019134521484375e+01 1.445166850090026855e+02 8.915390014648437500e+01 1.614380121231079102e+02 1.034532165527343750e+02 1.747554159164428711e+02 3.000000000000000000e+00
6.131923866271972656e+02 4.682128429412841797e+01 6.174285888671875000e+02 6.084274291992187500e+01 6.226187133789062500e+02 7.150248527526855469e+01 1.000000000000000000e+00
3.487597966194152832e+02 1.500605607032775879e+02 3.606607961654663086e+02 1.663887619972229004e+02 3.735205698013305664e+02 1.793654894828796387e+02 2.000000000000000000e+00
2.783470153808593750e+01 2.098227667808532715e+02 4.095485687255859375e+01 2.268638911843299866e+02 5.523986816406250000e+01 2.402149810921400785e+02 3.000000000000000000e+00
5.465617752075195312e+02 7.636018753051757812e+01 5.487939453125000000e+02 9.048049449920654297e+01 5.517090415954589844e+02 1.011262464523315430e+02 1.000000000000000000e+00
3.169778823852539062e+01 2.149675279855728149e+02 4.489528656005859375e+01 2.319805446267127991e+02 5.916376113891601562e+01 2.453101810812950134e+02 3.000000000000000000e+00
5.934232139587402344e+02 5.761997222900390625e+01 5.964538002014160156e+02 7.142356395721435547e+01 6.007477378845214844e+02 8.218349933624267578e+01 1.000000000000000000e+00
6.107582092285156250e+01 1.953525066375732422e+02 7.420263290405273438e+01 2.122525924444198608e+02 8.847604751586914062e+01 2.256664574146270752e+02 3.000000000000000000e+00
3.220767974853515625e+01 1.337066602706909180e+02 4.533622741699218750e+01 1.508114862442016602e+02 5.966783523559570312e+01 1.642500543594360352e+02 3.000000000000000000e+00
1.364505767822265625e+01 1.462050104141235352e+02 2.690689086914062500e+01 1.633124184608459473e+02 4.124244689941406250e+01 1.766476893424987793e+02 3.000000000000000000e+00
5.973246574401855469e+02 8.410386085510253906e+01 6.005041503906250000e+02 9.853676319122314453e+01 6.043319129943847656e+02 1.095709848403930664e+02 1.000000000000000000e+00
6.119405746459960938e+01 1.833523678779602051e+02 7.430250167846679688e+01 2.002394092082977295e+02 8.856342315673828125e+01 2.136498248577117920e+02 3.000000000000000000e+00
2.827501296997070312e+01 1.697138500213623047e+02 4.145191192626953125e+01 1.867553830146789551e+02 5.573764801025390625e+01 2.001269066333770752e+02 3.000000000000000000e+00
5.017926025390625000e+02 5.229321956634521484e+01 5.036997032165527344e+02 6.568420886993408203e+01 5.062732315063476562e+02 7.648558616638183594e+01 1.000000000000000000e+00
4.878709220886230469e+02 8.060813426971435547e+01 4.893763732910156250e+02 9.475587844848632812e+01 4.915213012695312500e+02 1.054445600509643555e+02 1.000000000000000000e+00
5.033705711364746094e+02 8.252037048339843750e+01 5.050416946411132812e+02 9.671082973480224609e+01 5.075585365295410156e+02 1.074545431137084961e+02 1.000000000000000000e+00
5.910404014587402344e+02 1.073090457916259766e+02 5.944977378845214844e+02 1.219922518730163574e+02 5.987001419067382812e+02 1.334110522270202637e+02 1.000000000000000000e+00
3.797216176986694336e+02 1.622631168365478516e+02 3.916207885742187500e+02 1.786411070823669434e+02 4.046358013153076172e+02 1.915518629550933838e+02 2.000000000000000000e+00
3.623407888412475586e+02 2.552208709716796875e+02 3.753063058853149414e+02 2.715116286277770996e+02 3.893576049804687500e+02 2.844568490982055664e+02 3.000000000000000000e+00
3.641007995605468750e+02 1.970991182327270508e+02 3.758601999282836914e+02 2.136065965890884399e+02 3.890161752700805664e+02 2.263903650641441345e+02 2.000000000000000000e+00
1.969516754150390625e+01 1.463208103179931641e+02 3.296859741210937500e+01 1.634313154220581055e+02 4.728582382202148438e+01 1.767530179023742676e+02 3.000000000000000000e+00
3.540866398811340332e+02 1.598245954513549805e+02 3.661034870147705078e+02 1.761505866050720215e+02 3.789109516143798828e+02 1.892553985118865967e+02 2.000000000000000000e+00
5.322018432617187500e+02 8.233014106750488281e+01 5.343464469909667969e+02 9.657362937927246094e+01 5.372891235351562500e+02 1.073929595947265625e+02 1.000000000000000000e+00
3.693697500228881836e+02 2.543473362922668457e+02 3.823614835739135742e+02 2.706432223320007324e+02 3.963971567153930664e+02 2.836052584648132324e+02 3.000000000000000000e+00
7.264053344726562500e+01 1.192046928405761719e+02 8.571929931640625000e+01 1.361082530021667480e+02 1.000562095642089844e+02 1.495614123344421387e+02 3.000000000000000000e+00
2.817514419555664062e+01 1.898916292190551758e+02 4.131273269653320312e+01 2.069560074806213379e+02 5.555418014526367188e+01 2.203738689422607422e+02 3.000000000000000000e+00
4.589282512664794922e+02 3.565495491027832031e+01 4.604213237762451172e+02 4.842483043670654297e+01 4.631927776336669922e+02 5.782472133636474609e+01 1.000000000000000000e+00
2.126878738403320312e+01 1.876961660385131836e+02 3.447250366210937500e+01 2.047467792034149170e+02 4.871015548706054688e+01 2.181853938102722168e+02 3.000000000000000000e+00
3.672389984130859375e+00 1.306593847274780273e+02 1.693811416625976562e+01 1.477414798736572266e+02 3.133424758911132812e+01 1.612704133987426758e+02 3.000000000000000000e+00
4.872578430175781250e+02 7.523207187652587891e+01 4.886845397949218750e+02 8.927156925201416016e+01 4.908512687683105469e+02 9.979479789733886719e+01 1.000000000000000000e+00
3.792121601104736328e+02 2.546516579389572144e+02 3.922065734863281250e+02 2.710292065143585205e+02 4.062243938446044922e+02 2.839470255374908447e+02 3.000000000000000000e+00
3.679418039321899414e+02 1.394700551033020020e+02 3.798149108886718750e+02 1.557649612426757812e+02 3.927890634536743164e+02 1.686460089683532715e+02 2.000000000000000000e+00
1.561269760131835938e+01 1.532277774810791016e+02 2.885110855102539062e+01 1.703415012359619141e+02 4.320613861083984375e+01 1.836566448211669922e+02 3.000000000000000000e+00
5.989748573303222656e+02 6.011351108551025391e+01 6.020084190368652344e+02 7.382476329803466797e+01 6.063474082946777344e+02 8.443023204803466797e+01 1.000000000000000000e+00
3.439837646484375000e+02 2.505016484856605530e+02 3.567991948127746582e+02 2.669122642278671265e+02 3.707851552963256836e+02 2.799378383159637451e+02 3.000000000000000000e+00
3.505398869514465332e+02 1.327643966674804688e+02 3.622631549835205078e+02 1.489235043525695801e+02 3.752189016342163086e+02 1.618876433372497559e+02 2.000000000000000000e+00
3.616376972198486328e+02 2.160722190141677856e+02 3.735692739486694336e+02 2.326496426761150360e+02 3.866116952896118164e+02 2.455772553384304047e+02 2.000000000000000000e+00
6.690521240234375000e+00 1.368153476715087891e+02 1.996686935424804688e+01 1.539327192306518555e+02 3.431674957275390625e+01 1.673694133758544922e+02 3.000000000000000000e+00
5.955888175964355469e+02 9.473450660705566406e+01 5.990087890625000000e+02 1.093178272247314453e+02 6.031358146667480469e+02 1.205588936805725098e+02 1.000000000000000000e+00
5.987488365173339844e+02 1.186202001571655273e+02 6.023037147521972656e+02 1.335558414459228516e+02 6.064925575256347656e+02 1.454467892646789551e+02 1.000000000000000000e+00
2.459202432632446289e+02 2.169677567481994629e+02 2.577722787857055664e+02 2.337768396735191345e+02 2.704034090042114258e+02 2.468717958033084869e+02 2.000000000000000000e+00
9.607849121093750000e+01 2.351882323622703552e+02 1.092783737182617188e+02 2.520901492238044739e+02 1.234334754943847656e+02 2.653354507684707642e+02 3.000000000000000000e+00
8.543827056884765625e+01 1.753884530067443848e+02 9.847526550292968750e+01 1.923555886745452881e+02 1.126734924316406250e+02 2.055173921585083008e+02 3.000000000000000000e+00
6.138541984558105469e+02 1.061244964599609375e+02 6.177516555786132812e+02 1.208330655097961426e+02 6.224106407165527344e+02 1.324084711074829102e+02 1.000000000000000000e+00
2.369155693054199219e+02 2.213804930448532104e+02 2.487864351272583008e+02 2.381797941774129868e+02 2.613756084442138672e+02 2.514122316241264343e+02 2.000000000000000000e+00
5.032616233825683594e+02 5.992783069610595703e+01 5.049390983581542969e+02 7.369060993194580078e+01 5.073616600036621094e+02 8.410902500152587891e+01 1.000000000000000000e+00
7.531909942626953125e+01 1.563937354087829590e+02 8.835927963256835938e+01 1.733334803581237793e+02 1.026262474060058594e+02 1.866332817077636719e+02 3.000000000000000000e+00
4.844241905212402344e+02 8.821588039398193359e+01 4.859044837951660156e+02 1.024729013442993164e+02 4.881000709533691406e+02 1.133876609802246094e+02 1.000000000000000000e+00
6.016640090942382812e+02 1.232007837295532227e+02 6.052205848693847656e+02 1.382241296768188477e+02 6.094537353515625000e+02 1.502069020271301270e+02 1.000000000000000000e+00
5.881092643737792969e+02 1.024440479278564453e+02 5.915652465820312500e+02 1.170780944824218750e+02 5.956841468811035156e+02 1.284375858306884766e+02 1.000000000000000000e+00
5.511331748962402344e+02 8.170393466949462891e+01 5.533839225769042969e+02 9.591872692108154297e+01 5.564453125000000000e+02 1.067620754241943359e+02 1.000000000000000000e+00
3.637996530532836914e+02 2.279266807436943054e+02 3.757535696029663086e+02 2.445287020504474640e+02 3.888455533981323242e+02 2.575410157442092896e+02 2.000000000000000000e+00
3.894779682159423828e+02 1.609433126449584961e+02 4.012695598602294922e+02 1.772538399696350098e+02 4.142639160156250000e+02 1.901590240001678467e+02 2.000000000000000000e+00
3.852832937240600586e+02 1.562428522109985352e+02 3.971832609176635742e+02 1.725397753715515137e+02 4.101515865325927734e+02 1.854746210575103760e+02 2.000000000000000000e+00
6.094280433654785156e+02 1.203880405426025391e+02 6.132454299926757812e+02 1.352932405471801758e+02 6.178602981567382812e+02 1.470846962928771973e+02 1.000000000000000000e+00
5.359973907470703125e+00 1.649112653732299805e+02 1.847774505615234375e+01 1.819740736484527588e+02 3.292732238769531250e+01 1.953750729560852051e+02 3.000000000000000000e+00
3.708152484893798828e+02 1.325782728195190430e+02 3.826926565170288086e+02 1.488882279396057129e+02 3.956576871871948242e+02 1.617336201667785645e+02 2.000000000000000000e+00
2.176553726196289062e+01 1.234341073036193848e+02 3.492416381835937500e+01 1.404778218269348145e+02 4.924123764038085938e+01 1.539690041542053223e+02 3.000000000000000000e+00
5.241857910156250000e+02 5.098845005035400391e+01 5.262326622009277344e+02 6.476323127746582031e+01 5.291044998168945312e+02 7.502117156982421875e+01 1.000000000000000000e+00
5.321868896484375000e+02 7.241196155548095703e+01 5.343349075317382812e+02 8.650224208831787109e+01 5.372081375122070312e+02 9.714350223541259766e+01 1.000000000000000000e+00
5.371188926696777344e+02 8.165386676788330078e+01 5.393377113342285156e+02 9.588346481323242188e+01 5.423284912109375000e+02 1.066975307464599609e+02 1.000000000000000000e+00
5.965299797058105469e+02 1.236434769630432129e+02 6.000033569335937500e+02 1.387332987785339355e+02 6.041990470886230469e+02 1.507687497138977051e+02 1.000000000000000000e+00
4.644419002532958984e+02 2.114341878890991211e+02 4.760970783233642578e+02 2.275053548812866211e+02 4.887939262390136719e+02 2.404666442982852459e+02 2.000000000000000000e+00
6.000993156433105469e+02 5.266131877899169922e+01 6.032468986511230469e+02 6.655606269836425781e+01 6.076103019714355469e+02 7.706060886383056641e+01 1.000000000000000000e+00
5.057741355895996094e+02 7.663444519042968750e+01 5.075547218322753906e+02 9.076977252960205078e+01 5.102395057678222656e+02 1.012834596633911133e+02 1.000000000000000000e+00
7.989141464233398438e+01 1.957799184322357178e+02 9.303274154663085938e+01 2.126809680461883545e+02 1.072093582153320312e+02 2.260519248247146606e+02 3.000000000000000000e+00
4.831242179870605469e+02 6.557531833648681641e+01 4.846421623229980469e+02 7.955996990203857422e+01 4.871104812622070312e+02 9.012658596038818359e+01 1.000000000000000000e+00
5.784639358520507812e+02 7.683424472808837891e+01 5.813724327087402344e+02 9.112526893615722656e+01 5.850936317443847656e+02 1.019598913192749023e+02 1.000000000000000000e+00
4.658114624023437500e+02 2.033463728427886963e+02 4.774302673339843750e+02 2.195446926355361938e+02 4.902357864379882812e+02 2.326019588112831116e+02 2.000000000000000000e+00
5.455280113220214844e+02 8.550192832946777344e+01 5.477823448181152344e+02 9.973015308380126953e+01 5.507899284362792969e+02 1.105395555496215820e+02 1.000000000000000000e+00
8.654001235961914062e+01 1.408208870887756348e+02 9.956569671630859375e+01 1.577101421356201172e+02 1.138000297546386719e+02 1.710591816902160645e+02 3.000000000000000000e+00
4.008580017089843750e+02 1.592415547370910645e+02 4.124545574188232422e+02 1.754118919372558594e+02 4.255295753479003906e+02 1.883228588104248047e+02 2.000000000000000000e+00
3.021764755249023438e+01 1.839968705177307129e+02 4.336732864379882812e+01 2.011265087127685547e+02 5.761484146118164062e+01 2.144858390092849731e+02 3.000000000000000000e+00
6.085569572448730469e+02 1.222027730941772461e+02 6.123740959167480469e+02 1.371186590194702148e+02 6.168519401550292969e+02 1.490847086906433105e+02 1.000000000000000000e+00
2.587399911880493164e+02 2.277711331844329834e+02 2.706733989715576172e+02 2.445941318571567535e+02 2.835725402832031250e+02 2.579055494070053101e+02 2.000000000000000000e+00
5.229312133789062500e+02 7.624827861785888672e+01 5.248211097717285156e+02 9.041360378265380859e+01 5.277924156188964844e+02 1.009789466857910156e+02 1.000000000000000000e+00
5.159759521484375000e+02 5.425828456878662109e+01 5.180831909179687500e+02 6.799268245697021484e+01 5.208295249938964844e+02 7.832064628601074219e+01 1.000000000000000000e+00
3.243976593017578125e+01 1.166246366500854492e+02 4.560604095458984375e+01 1.337791872024536133e+02 5.997655868530273438e+01 1.472313952445983887e+02 3.000000000000000000e+00
6.035934448242187500e+02 1.085630893707275391e+02 6.071218872070312500e+02 1.232753205299377441e+02 6.113505935668945312e+02 1.347646450996398926e+02 1.000000000000000000e+00
1.063079833984375000e+01 1.199733924865722656e+02 2.382467269897460938e+01 1.370503807067871094e+02 3.820327758789062500e+01 1.505372858047485352e+02 3.000000000000000000e+00
6.053738403320312500e+02 1.035267448425292969e+02 6.088305091857910156e+02 1.182268667221069336e+02 6.130696487426757812e+02 1.296546435356140137e+02 1.000000000000000000e+00
3.510731816291809082e+02 2.469635930657386780e+02 3.637419462203979492e+02 2.635203874111175537e+02 3.775469350814819336e+02 2.765779137611389160e+02 3.000000000000000000e+00
4.334493160247802734e+02 1.631956887245178223e+02 4.450185871124267578e+02 1.792833852767944336e+02 4.577670955657958984e+02 1.920612144470214844e+02 2.000000000000000000e+00
6.004040527343750000e+02 1.039510631561279297e+02 6.038416862487792969e+02 1.186304712295532227e+02 6.080702018737792969e+02 1.300431919097900391e+02 1.000000000000000000e+00
3.810070800781250000e+02 1.501508760452270508e+02 3.928610849380493164e+02 1.664471125602722168e+02 4.058710670471191406e+02 1.793986916542053223e+02 2.000000000000000000e+00
6.057327842712402344e+02 9.593772411346435547e+01 6.092750930786132812e+02 1.105580377578735352e+02 6.135166740417480469e+02 1.219010281562805176e+02 1.000000000000000000e+00
3.447503066062927246e+02 2.097399902343750000e+02 3.566911315917968750e+02 2.263675528764724731e+02 3.697418546676635742e+02 2.394886016473174095e+02 2.000000000000000000e+00
5.674510002136230469e+02 8.221110820770263672e+01 5.702415275573730469e+02 9.644122123718261719e+01 5.739199829101562500e+02 1.073523044586181641e+02 1.000000000000000000e+00
5.135384559631347656e+02 8.209927082061767578e+01 5.153649902343750000e+02 9.631536483764648438e+01 5.182626914978027344e+02 1.071698284149169922e+02 1.000000000000000000e+00
3.005710136890411377e+02 2.276837003231048584e+02 3.125458985567092896e+02 2.443871766328811646e+02 3.254690247774124146e+02 2.576457220315933228e+02 2.000000000000000000e+00
3.837932729721069336e+02 2.589725965261459351e+02 3.968295001983642578e+02 2.753715240955352783e+02 4.108433246612548828e+02 2.883031940460205078e+02 3.000000000000000000e+00
3.429430556297302246e+02 1.588318276405334473e+02 3.547975468635559082e+02 1.752203607559204102e+02 3.677251291275024414e+02 1.881980252265930176e+02 2.000000000000000000e+00
5.408442497253417969e+02 7.768057823181152344e+01 5.430930137634277344e+02 9.184432983398437500e+01 5.460635375976562500e+02 1.025974988937377930e+02 1.000000000000000000e+00
4.573317909240722656e+02 5.963101387023925781e+01 4.585963153839111328e+02 7.351454257965087891e+01 4.605957984924316406e+02 8.393241405487060547e+01 1.000000000000000000e+00
2.567767953872680664e+02 2.149955731630325317e+02 2.686032390594482422e+02 2.317472836375236511e+02 2.813009953498840332e+02 2.449363709986209869e+02 2.000000000000000000e+00
2.402047872543334961e+02 2.224160903692245483e+02 2.521185159683227539e+02 2.392404784820973873e+02 2.646509408950805664e+02 2.524573069810867310e+02 2.000000000000000000e+00
2.222996997833251953e+02 2.155371844768524170e+02 2.340856456756591797e+02 2.324033653736114502e+02 2.466035318374633789e+02 2.455406342446804047e+02 2.000000000000000000e+00
5.254580688476562500e+02 8.200232505798339844e+01 5.274174880981445312e+02 9.626087665557861328e+01 5.303667640686035156e+02 1.071528339385986328e+02 1.000000000000000000e+00
2.654895782470703125e+00 1.102832794189453125e+02 1.585271835327148438e+01 1.273787999153137207e+02 3.024387359619140625e+01 1.408062529563903809e+02 3.000000000000000000e+00
3.010928034782409668e+02 2.205293565988540649e+02 3.129276120662689209e+02 2.372769621759653091e+02 3.257569277286529541e+02 2.503812870383262634e+02 2.000000000000000000e+00
4.815731620788574219e+02 8.068754196166992188e+01 4.830540847778320312e+02 9.485072135925292969e+01 4.851601219177246094e+02 1.055301046371459961e+02 1.000000000000000000e+00
3.849492216110229492e+02 1.616237425804138184e+02 3.968710041046142578e+02 1.779452776908874512e+02 4.098248004913330078e+02 1.908435630798339844e+02 2.000000000000000000e+00
2.786640596389770508e+02 2.191338032484054565e+02 2.905294489860534668e+02 2.358371883630752563e+02 3.033445131778717041e+02 2.489749914407730103e+02 2.000000000000000000e+00
5.219807815551757812e+02 5.741593837738037109e+01 5.240484619140625000e+02 7.124874114990234375e+01 5.269060134887695312e+02 8.159849166870117188e+01 1.000000000000000000e+00
6.003071403503417969e+02 5.799993038177490234e+01 6.033499717712402344e+02 7.174853324890136719e+01 6.077073478698730469e+02 8.227576732635498047e+01 1.000000000000000000e+00
5.644689941406250000e+02 7.659828186035156250e+01 5.673023033142089844e+02 9.074768543243408203e+01 5.708688354492187500e+02 1.015431976318359375e+02 1.000000000000000000e+00
5.255369377136230469e+02 6.029199600219726562e+01 5.276076698303222656e+02 7.419453620910644531e+01 5.304822349548339844e+02 8.453780651092529297e+01 1.000000000000000000e+00
7.569503784179687500e+00 1.953345000743865967e+02 2.070602416992187500e+01 2.123676896095275879e+02 3.516290664672851562e+01 2.257390281558036804e+02 3.000000000000000000e+00
6.175933837890625000e+02 1.055075454711914062e+02 6.216961097717285156e+02 1.202850008010864258e+02 6.267116165161132812e+02 1.318769645690917969e+02 1.000000000000000000e+00
5.224041175842285156e+02 8.082794666290283203e+01 5.243157386779785156e+02 9.508941650390625000e+01 5.272627067565917969e+02 1.059321355819702148e+02 1.000000000000000000e+00
5.070104980468750000e+02 7.167800903320312500e+01 5.088033485412597656e+02 8.558528423309326172e+01 5.113471031188964844e+02 9.606034755706787109e+01 1.000000000000000000e+00
1.468742370605468750e+01 2.017008054256439209e+02 2.782209396362304688e+01 2.187223041057586670e+02 4.228277206420898438e+01 2.320301055908203125e+02 3.000000000000000000e+00
5.938172721862792969e+02 9.908915519714355469e+01 5.972655677795410156e+02 1.137076807022094727e+02 6.014966392517089844e+02 1.250468516349792480e+02 1.000000000000000000e+00
5.125275230407714844e+02 5.637742996215820312e+01 5.142565917968750000e+02 7.010418891906738281e+01 5.166908645629882812e+02 8.045295238494873047e+01 1.000000000000000000e+00
7.706327438354492188e+01 1.757523322105407715e+02 9.008937835693359375e+01 1.926995372772216797e+02 1.042931175231933594e+02 2.059969604015350342e+02 3.000000000000000000e+00
4.802431678771972656e+02 7.595133304595947266e+01 4.816500282287597656e+02 8.995867252349853516e+01 4.837438011169433594e+02 1.005756855010986328e+02 1.000000000000000000e+00
4.907033157348632812e+02 8.323574066162109375e+01 4.922377586364746094e+02 9.744588375091552734e+01 4.944111442565917969e+02 1.082123708724975586e+02 1.000000000000000000e+00
3.318767547607421875e+01 1.759198880195617676e+02 4.638833999633789062e+01 1.929466545581817627e+02 6.065071105957031250e+01 2.063382089138031006e+02 3.000000000000000000e+00
5.136735343933105469e+02 7.664305686950683594e+01 5.155160522460937500e+02 9.077187538146972656e+01 5.183669471740722656e+02 1.013267040252685547e+02 1.000000000000000000e+00
2.069257736206054688e+01 1.125411558151245117e+02 3.388931274414062500e+01 1.295881748199462891e+02 4.823741912841796875e+01 1.431381797790527344e+02 3.000000000000000000e+00
2.409451436996459961e+02 2.216376632452011108e+02 2.528622102737426758e+02 2.384462279453873634e+02 2.654504394531250000e+02 2.516539004445075989e+02 2.000000000000000000e+00
5.702216148376464844e+02 6.798844814300537109e+01 5.729379272460937500e+02 8.213652133941650391e+01 5.767662429809570312e+02 9.287439823150634766e+01 1.000000000000000000e+00
5.044420433044433594e+02 5.530135631561279297e+01 5.061433219909667969e+02 6.891366004943847656e+01 5.085561180114746094e+02 7.944594383239746094e+01 1.000000000000000000e+00
4.135111141204833984e+02 2.135498034954071045e+02 4.248412227630615234e+02 2.299899896979331970e+02 4.373324012756347656e+02 2.431286164373159409e+02 2.000000000000000000e+00
5.438143348693847656e+02 7.231680393218994141e+01 5.460807609558105469e+02 8.642566680908203125e+01 5.489713859558105469e+02 9.704203605651855469e+01 1.000000000000000000e+00
5.527039909362792969e+02 7.657649517059326172e+01 5.549312782287597656e+02 9.069238185882568359e+01 5.579137611389160156e+02 1.014035367965698242e+02 1.000000000000000000e+00
4.642386817932128906e+02 3.260066986083984375e+01 4.655237483978271484e+02 4.713479518890380859e+01 4.684111690521240234e+02 5.618887424468994141e+01 1.000000000000000000e+00
3.533039093017578125e+00 1.437414479255676270e+02 1.681299209594726562e+01 1.608501577377319336e+02 3.118112564086914062e+01 1.743032670021057129e+02 3.000000000000000000e+00
2.138141632080078125e+01 1.795612907409667969e+02 3.460483551025390625e+01 1.966060316562652588e+02 4.891784667968750000e+01 2.099687647819519043e+02 3.000000000000000000e+00
2.971916794776916504e+02 2.177359914779663086e+02 3.091298830509185791e+02 2.344954982399940491e+02 3.218838195502758026e+02 2.475826880335807800e+02 2.000000000000000000e+00
5.248026847839355469e+02 7.191680431365966797e+01 5.266823196411132812e+02 8.597469806671142578e+01 5.295158767700195312e+02 9.648980140686035156e+01 1.000000000000000000e+00
2.697537851333618164e+02 2.183085018396377563e+02 2.815954279899597168e+02 2.349903255701065063e+02 2.943683457374572754e+02 2.481423497200012207e+02 2.000000000000000000e+00
5.966101074218750000e+02 6.358939647674560547e+01 5.996062660217285156e+02 7.735382080078125000e+01 6.038595581054687500e+02 8.824530601501464844e+01 1.000000000000000000e+00
2.509258270263671875e+01 1.986429119110107422e+02 3.819545745849609375e+01 2.156800532341003418e+02 5.243076324462890625e+01 2.290753778815269470e+02 3.000000000000000000e+00
3.784639883041381836e+02 1.428006720542907715e+02 3.903668212890625000e+02 1.591312336921691895e+02 4.033283996582031250e+02 1.720465636253356934e+02 2.000000000000000000e+00
5.585747146606445312e+02 7.703162670135498047e+01 5.612615394592285156e+02 9.123508930206298828e+01 5.645763587951660156e+02 1.019362020492553711e+02 1.000000000000000000e+00
6.852245330810546875e+01 2.046086847782135010e+02 8.165298461914062500e+01 2.215150290727615356e+02 9.581827163696289062e+01 2.348526607453823090e+02 3.000000000000000000e+00
5.942482376098632812e+02 8.065976142883300781e+01 5.973438835144042969e+02 9.508488178253173828e+01 6.011246299743652344e+02 1.061410188674926758e+02 1.000000000000000000e+00
4.993854713439941406e+02 7.190746307373046875e+01 5.009827613830566406e+02 8.582615375518798828e+01 5.034144020080566406e+02 9.631739616394042969e+01 1.000000000000000000e+00
3.364559936523437500e+02 1.518393945693969727e+02 3.482559823989868164e+02 1.682485771179199219e+02 3.611600637435913086e+02 1.811695361137390137e+02 2.000000000000000000e+00
3.818131732940673828e+02 2.122894120216369629e+02 3.938293170928955078e+02 2.287542718648910522e+02 4.067750263214111328e+02 2.418601227924227715e+02 2.000000000000000000e+00
2.277461338043212891e+02 2.156291037797927856e+02 2.395793247222900391e+02 2.324970245361328125e+02 2.521148347854614258e+02 2.455982516705989838e+02 2.000000000000000000e+00
4.614260578155517578e+02 1.727391171455383301e+02 4.725893878936767578e+02 1.888329434394836426e+02 4.850292778015136719e+02 2.017568171024322510e+02 2.000000000000000000e+00
5.150560379028320312e+02 5.688019752502441406e+01 5.169074058532714844e+02 7.062522411346435547e+01 5.196054649353027344e+02 8.098134040832519531e+01 1.000000000000000000e+00
6.150783729553222656e+02 1.013463020324707031e+02 6.190444946289062500e+02 1.160873222351074219e+02 6.236904907226562500e+02 1.275745224952697754e+02 1.000000000000000000e+00
5.132670402526855469e+02 5.427197456359863281e+01 5.149094963073730469e+02 6.799345493316650391e+01 5.176848220825195312e+02 7.835620880126953125e+01 1.000000000000000000e+00
3.744857788085937500e+02 1.476528739929199219e+02 3.863684082031250000e+02 1.639504051208496094e+02 3.993803405761718750e+02 1.768860125541687012e+02 2.000000000000000000e+00
3.270322799682617188e+01 1.446265482902526855e+02 4.588476181030273438e+01 1.616787242889404297e+02 6.023380279541015625e+01 1.751464319229125977e+02 3.000000000000000000e+00
4.255039405822753906e+02 1.652990198135375977e+02 4.372891521453857422e+02 1.814151728153228760e+02 4.501613140106201172e+02 1.942295658588409424e+02 2.000000000000000000e+00
1.990642070770263672e+02 2.411774292960762978e+02 2.120699787139892578e+02 2.577499705553054810e+02 2.261794567108154297e+02 2.709862697124481201e+02 3.000000000000000000e+00
4.616841793060302734e+02 1.660924172401428223e+02 4.731195068359375000e+02 1.820735299587249756e+02 4.857024955749511719e+02 1.948307919502258301e+02 2.000000000000000000e+00
5.985901451110839844e+02 1.196726417541503906e+02 6.021350669860839844e+02 1.346172451972961426e+02 6.063362503051757812e+02 1.465279984474182129e+02 1.000000000000000000e+00
5.137832069396972656e+02 7.194707393646240234e+01 5.156950187683105469e+02 8.589218616485595703e+01 5.183428955078125000e+02 9.640085220336914062e+01 1.000000000000000000e+00
5.800564575195312500e+02 1.187935066223144531e+02 5.838513755798339844e+02 1.337139987945556641e+02 5.883691406250000000e+02 1.455096244812011719e+02 1.000000000000000000e+00
5.893131828308105469e+02 1.313400650024414062e+02 5.927775382995605469e+02 1.463770866394042969e+02 5.970288658142089844e+02 1.583046054840087891e+02 1.000000000000000000e+00
4.671563148498535156e+02 1.792654109001159668e+02 4.786573219299316406e+02 1.954151272773742676e+02 4.912900352478027344e+02 2.084018397331237793e+02 2.000000000000000000e+00
5.732810020446777344e+02 8.433859348297119141e+01 5.761189651489257812e+02 9.863071918487548828e+01 5.796813964843750000e+02 1.095992660522460938e+02 1.000000000000000000e+00
7.452278137207031250e+01 1.863296163082122803e+02 8.760847091674804688e+01 2.032394528388977051e+02 1.018143653869628906e+02 2.165841972827911377e+02 3.000000000000000000e+00
7.733169555664062500e+01 1.294341087341308594e+02 9.035579681396484375e+01 1.463335347175598145e+02 1.046497917175292969e+02 1.597204399108886719e+02 3.000000000000000000e+00
5.854741859436035156e+02 1.227299594879150391e+02 5.889142417907714844e+02 1.378315258026123047e+02 5.932459068298339844e+02 1.498891854286193848e+02 1.000000000000000000e+00
1.839796733856201172e+02 2.436792757362127304e+02 1.969495868682861328e+02 2.603268742561340332e+02 2.109901523590087891e+02 2.734096705913543701e+02 3.000000000000000000e+00
6.016215324401855469e+02 4.755088806152343750e+01 6.048751831054687500e+02 6.151863098144531250e+01 6.091400146484375000e+02 7.193900585174560547e+01 1.000000000000000000e+00
3.538394474983215332e+02 2.157719707489013672e+02 3.657535696029663086e+02 2.324091947078704834e+02 3.787712097167968750e+02 2.454686893522739410e+02 2.000000000000000000e+00
2.334732532501220703e+02 2.221512436866760254e+02 2.453802919387817383e+02 2.388993987813591957e+02 2.578980398178100586e+02 2.521802982687950134e+02 2.000000000000000000e+00
2.902180480957031250e+02 2.165013116598129272e+02 3.020545959472656250e+02 2.332216639816761017e+02 3.148074644804000854e+02 2.463462071120738983e+02 2.000000000000000000e+00
6.018806838989257812e+02 7.980311393737792969e+01 6.053455162048339844e+02 9.425973415374755859e+01 6.094171142578125000e+02 1.051226091384887695e+02 1.000000000000000000e+00
3.750452280044555664e+02 2.457999117672443390e+02 3.875918292999267578e+02 2.622399312257766724e+02 4.013882446289062500e+02 2.751665675640106201e+02 3.000000000000000000e+00
3.994271230697631836e+02 2.133918750286102295e+02 4.111199951171875000e+02 2.298182523250579834e+02 4.239278888702392578e+02 2.430023653060197830e+02 2.000000000000000000e+00
5.779257202148437500e+02 8.265440940856933594e+01 5.808337974548339844e+02 9.700076580047607422e+01 5.845360755920410156e+02 1.079749059677124023e+02 1.000000000000000000e+00
6.047672271728515625e+01 1.763715147972106934e+02 7.353788375854492188e+01 1.932178008556365967e+02 8.781864166259765625e+01 2.066197049617767334e+02 3.000000000000000000e+00
5.859105873107910156e+02 8.177860736846923828e+01 5.889246177673339844e+02 9.621351242065429688e+01 5.926603507995605469e+02 1.072141456604003906e+02 1.000000000000000000e+00
3.781689786911010742e+02 1.982206535339355469e+02 3.899443674087524414e+02 2.146588128805160522e+02 4.030587482452392578e+02 2.274886161088943481e+02 2.000000000000000000e+00
4.606979370117187500e+02 3.276034355163574219e+01 4.622845745086669922e+02 4.548766136169433594e+01 4.650434875488281250e+02 5.488821029663085938e+01 1.000000000000000000e+00
6.244768714904785156e+02 9.242890834808349609e+01 6.287529945373535156e+02 1.071761369705200195e+02 6.337702751159667969e+02 1.186247205734252930e+02 1.000000000000000000e+00
4.578692054748535156e+02 2.086161339282989502e+02 4.695368385314941406e+02 2.247228848934173584e+02 4.822622680664062500e+02 2.377598722279071808e+02 2.000000000000000000e+00
3.627533578872680664e+02 2.462201692163944244e+02 3.755374145507812500e+02 2.625513929128646851e+02 3.895043039321899414e+02 2.754510211944580078e+02 3.000000000000000000e+00
4.257824707031250000e+02 1.541030359268188477e+02 4.375846004486083984e+02 1.702480888366699219e+02 4.504186439514160156e+02 1.830403554439544678e+02 2.000000000000000000e+00
2.462386322021484375e+02 2.239661854505538940e+02 2.580630159378051758e+02 2.407736664265394211e+02 2.707149648666381836e+02 2.540020760893821716e+02 2.000000000000000000e+00
5.106210899353027344e+02 5.976523876190185547e+01 5.123596763610839844e+02 7.355066299438476562e+01 5.147565269470214844e+02 8.389981269836425781e+01 1.000000000000000000e+00
4.226368141174316406e+02 2.281468498706817627e+02 4.344422626495361328e+02 2.444260409474372864e+02 4.477456378936767578e+02 2.575806891918182373e+02 2.000000000000000000e+00
8.327711105346679688e+01 1.647377157211303711e+02 9.635139465332031250e+01 1.816820955276489258e+02 1.105986976623535156e+02 1.950541806221008301e+02 3.000000000000000000e+00
6.056773757934570312e+02 1.130963230133056641e+02 6.092733764648437500e+02 1.278431296348571777e+02 6.135393142700195312e+02 1.394852542877197266e+02 1.000000000000000000e+00
6.272015380859375000e+02 6.131943225860595703e+01 6.315975379943847656e+02 7.590160846710205078e+01 6.359540367126464844e+02 8.692279815673828125e+01 1.000000000000000000e+00
4.645126056671142578e+02 2.092145204544067383e+02 4.761622047424316406e+02 2.252725973725318909e+02 4.888787269592285156e+02 2.382612304016947746e+02 2.000000000000000000e+00
2.350596332550048828e+02 2.507507327198982239e+02 2.479712677001953125e+02 2.672745072841644287e+02 2.620791292190551758e+02 2.802564704418182373e+02 3.000000000000000000e+00
5.362946128845214844e+02 7.812839984893798828e+01 5.385099601745605469e+02 9.230845928192138672e+01 5.414840698242187500e+02 1.030338764190673828e+02 1.000000000000000000e+00
5.566351890563964844e+02 7.859739303588867188e+01 5.589688110351562500e+02 9.277500629425048828e+01 5.620253372192382812e+02 1.035527944564819336e+02 1.000000000000000000e+00
5.352125358581542969e+02 1.061863517761230469e+02 5.384392166137695312e+02 1.206107211112976074e+02 5.423442459106445312e+02 1.319663786888122559e+02 1.000000000000000000e+00
3.374203193187713623e+02 1.673503375053405762e+02 3.492815256118774414e+02 1.837546205520629883e+02 3.622133207321166992e+02 1.967669212818145752e+02 2.000000000000000000e+00
4.157006549835205078e+02 1.584577918052673340e+02 4.274665260314941406e+02 1.745913791656494141e+02 4.403497028350830078e+02 1.874669015407562256e+02 2.000000000000000000e+00
5.833229446411132812e+02 7.740344524383544922e+01 5.862998008728027344e+02 9.169720172882080078e+01 5.900345420837402344e+02 1.025703191757202148e+02 1.000000000000000000e+00
5.923880577087402344e+02 1.022235631942749023e+02 5.958670043945312500e+02 1.168325614929199219e+02 6.000761222839355469e+02 1.282443165779113770e+02 1.000000000000000000e+00
5.823838615417480469e+02 8.074984073638916016e+01 5.853446006774902344e+02 9.514450550079345703e+01 5.890702629089355469e+02 1.061336231231689453e+02 1.000000000000000000e+00
3.785579824447631836e+02 1.763691687583923340e+02 3.906423044204711914e+02 1.927283906936645508e+02 4.034880065917968750e+02 2.056661832332611084e+02 2.000000000000000000e+00
3.197513580322265625e+01 2.352284847199916840e+02 4.510772705078125000e+01 2.523503118753433228e+02 5.953859329223632812e+01 2.656411457061767578e+02 3.000000000000000000e+00
5.856098747253417969e+02 6.588818550109863281e+01 5.883810997009277344e+02 8.003773212432861328e+01 5.924348831176757812e+02 9.086764812469482422e+01 1.000000000000000000e+00
3.773712778091430664e+02 1.326367735862731934e+02 3.892958688735961914e+02 1.489525866508483887e+02 4.022343158721923828e+02 1.617957687377929688e+02 2.000000000000000000e+00
3.435277724266052246e+02 1.682547998428344727e+02 3.554190373420715332e+02 1.846013760566711426e+02 3.683848905563354492e+02 1.976055264472961426e+02 2.000000000000000000e+00
5.328559684753417969e+02 7.841338634490966797e+01 5.350903892517089844e+02 9.259699344635009766e+01 5.380178833007812500e+02 1.033146858215332031e+02 1.000000000000000000e+00
8.576698303222656250e+01 1.527128720283508301e+02 9.889869689941406250e+01 1.696232128143310547e+02 1.131956672668457031e+02 1.829441034793853760e+02 3.000000000000000000e+00
4.777800941467285156e+02 8.091653823852539062e+01 4.792680358886718750e+02 9.509612560272216797e+01 4.813176918029785156e+02 1.056994342803955078e+02 1.000000000000000000e+00
5.603440666198730469e+02 7.752366542816162109e+01 5.632625198364257812e+02 9.169793128967285156e+01 5.667144203186035156e+02 1.025098943710327148e+02 1.000000000000000000e+00
5.772470092773437500e+02 4.590651512145996094e+01 5.801614952087402344e+02 5.989766120910644531e+01 5.843851280212402344e+02 7.070885181427001953e+01 1.000000000000000000e+00
3.954828500747680664e+02 1.630454707145690918e+02 4.071156978607177734e+02 1.793337678909301758e+02 4.201017189025878906e+02 1.922586643695831299e+02 2.000000000000000000e+00
5.386038208007812500e+02 7.459949970245361328e+01 5.407775878906250000e+02 8.870319843292236328e+01 5.437121582031250000e+02 9.936584472656250000e+01 1.000000000000000000e+00
4.275788593292236328e+02 2.137337940931320190e+02 4.390360450744628906e+02 2.300878599286079407e+02 4.513676452636718750e+02 2.431702729314565659e+02 2.000000000000000000e+00
5.743046951293945312e+02 7.346169948577880859e+01 5.771268272399902344e+02 8.764716625213623047e+01 5.808405876159667969e+02 9.845662593841552734e+01 1.000000000000000000e+00
1.686793041229248047e+02 2.466337895393371582e+02 1.817314910888671875e+02 2.633177196979522705e+02 1.958793640136718750e+02 2.765095853805541992e+02 3.000000000000000000e+00
6.174772453308105469e+02 1.072660446166992188e+02 6.216072463989257812e+02 1.220182156562805176e+02 6.266734123229980469e+02 1.336350059509277344e+02 1.000000000000000000e+00
1.627152538299560547e+02 2.455101321637630463e+02 1.757646179199218750e+02 2.621707463264465332e+02 1.900008201599121094e+02 2.754808366298675537e+02 3.000000000000000000e+00
3.417376112937927246e+02 1.486223888397216797e+02 3.535505366325378418e+02 1.650297045707702637e+02 3.664494657516479492e+02 1.779393553733825684e+02 2.000000000000000000e+00
6.009927749633789062e+01 2.222820121049880981e+02 7.317075729370117188e+01 2.392595824599266052e+02 8.749267578125000000e+01 2.525281986594200134e+02 3.000000000000000000e+00
5.996826171875000000e+01 2.094046783447265625e+02 7.316226959228515625e+01 2.263422846794128418e+02 8.745079040527343750e+01 2.396148986555635929e+02 3.000000000000000000e+00
3.216518402099609375e+01 1.619274544715881348e+02 4.538511276245117188e+01 1.788929986953735352e+02 5.966955184936523438e+01 1.922892272472381592e+02 3.000000000000000000e+00
6.071224975585937500e+02 7.430834770202636719e+01 6.105860710144042969e+02 8.855059146881103516e+01 6.147019767761230469e+02 9.951500415802001953e+01 1.000000000000000000e+00
1.376071929931640625e+01 1.381654644012451172e+02 2.703216552734375000e+01 1.552804183959960938e+02 4.135942459106445312e+01 1.686273765563964844e+02 3.000000000000000000e+00
5.957275390625000000e+01 2.344293974339962006e+02 7.271392822265625000e+01 2.514348757266998291e+02 8.712810516357421875e+01 2.646405959129333496e+02 3.000000000000000000e+00
4.605784320831298828e+02 4.356996059417724609e+01 4.616531658172607422e+02 5.898078918457031250e+01 4.638624000549316406e+02 7.165643692016601562e+01 1.000000000000000000e+00
2.100306701660156250e+02 2.401498870924115181e+02 2.228714752197265625e+02 2.570215773582458496e+02 2.369511222839355469e+02 2.702664506435394287e+02 3.000000000000000000e+00
4.814667129516601562e+02 3.568812847137451172e+01 4.831277275085449219e+02 4.959835052490234375e+01 4.854871940612792969e+02 5.942017078399658203e+01 1.000000000000000000e+00
2.691254568099975586e+02 2.155574476718902588e+02 2.809651494026184082e+02 2.322606199979782104e+02 2.936648249626159668e+02 2.453572086989879608e+02 2.000000000000000000e+00
3.415243840217590332e+02 1.419704675674438477e+02 3.532297062873840332e+02 1.583995771408081055e+02 3.660883808135986328e+02 1.713321161270141602e+02 2.000000000000000000e+00
2.659261703491210938e+01 1.475203371047973633e+02 3.979568481445312500e+01 1.646123743057250977e+02 5.414985656738281250e+01 1.779783868789672852e+02 3.000000000000000000e+00
5.169685745239257812e+02 5.950248241424560547e+01 5.190424156188964844e+02 7.331952095031738281e+01 5.218688964843750000e+02 8.364781379699707031e+01 1.000000000000000000e+00
8.004701614379882812e+01 1.806628096103668213e+02 9.308523178100585938e+01 1.976249206066131592e+02 1.072898292541503906e+02 2.108540636301040649e+02 3.000000000000000000e+00
5.566418457031250000e+02 8.193064212799072266e+01 5.589847373962402344e+02 9.617872238159179688e+01 5.621198081970214844e+02 1.070252466201782227e+02 1.000000000000000000e+00
2.961505889892578125e+01 1.275145411491394043e+02 4.278856277465820312e+01 1.446882104873657227e+02 5.715097427368164062e+01 1.581076955795288086e+02 3.000000000000000000e+00
7.776988983154296875e+01 2.037199079990386963e+02 9.090194702148437500e+01 2.206267690658569336e+02 1.050735664367675781e+02 2.339559933543205261e+02 3.000000000000000000e+00
5.031394958496093750e+02 8.105089187622070312e+01 5.047348594665527344e+02 9.525599956512451172e+01 5.072345924377441406e+02 1.058916664123535156e+02 1.000000000000000000e+00
2.259657287597656250e+02 2.206491225957870483e+02 2.377505016326904297e+02 2.374729002267122269e+02 2.502889537811279297e+02 2.506231847405433655e+02 2.000000000000000000e+00
3.734671926498413086e+02 1.753573107719421387e+02 3.854882526397705078e+02 1.917080962657928467e+02 3.983550739288330078e+02 2.046242809295654297e+02 2.000000000000000000e+00
6.131312942504882812e+02 1.054435157775878906e+02 6.168672561645507812e+02 1.201662254333496094e+02 6.214227294921875000e+02 1.316812205314636230e+02 1.000000000000000000e+00
6.253216552734375000e+02 3.967783927917480469e+01 6.295426750183105469e+02 5.328932762145996094e+01 6.367322349548339844e+02 6.412726879119873047e+01 1.000000000000000000e+00
2.461595916748046875e+02 2.448706515133380890e+02 2.590769958496093750e+02 2.614804691076278687e+02 2.731862163543701172e+02 2.746973598003387451e+02 3.000000000000000000e+00
5.291407585144042969e+02 7.825130939483642578e+01 5.312399291992187500e+02 9.245038032531738281e+01 5.341300773620605469e+02 1.031355428695678711e+02 1.000000000000000000e+00
4.327088069915771484e+02 2.079079127311706543e+02 4.444613075256347656e+02 2.241707450151443481e+02 4.572147846221923828e+02 2.372442472726106644e+02 2.000000000000000000e+00
5.982536697387695312e+02 1.078594636917114258e+02 6.017082023620605469e+02 1.225524830818176270e+02 6.059413528442382812e+02 1.339948368072509766e+02 1.000000000000000000e+00
3.661138629913330078e+02 1.733405399322509766e+02 3.780957031250000000e+02 1.897028625011444092e+02 3.909207773208618164e+02 2.027111649513244629e+02 2.000000000000000000e+00
4.995100402832031250e+02 8.106296539306640625e+01 5.010106277465820312e+02 9.525808811187744141e+01 5.033613967895507812e+02 1.058806085586547852e+02 1.000000000000000000e+00
4.577933692932128906e+02 2.114072245359420776e+02 4.694857788085937500e+02 2.274830317497253418e+02 4.821689414978027344e+02 2.404674225021153688e+02 2.000000000000000000e+00
6.745834350585937500e+01 1.893911719322204590e+02 8.056646347045898438e+01 2.063008546829223633e+02 9.482475280761718750e+01 2.196728360652923584e+02 3.000000000000000000e+00
5.587718582153320312e+02 8.064918994903564453e+01 5.614739418029785156e+02 9.486916065216064453e+01 5.647859573364257812e+02 1.057449674606323242e+02 1.000000000000000000e+00
3.487663269042968750e+00 1.529041671752929688e+02 1.675060272216796875e+01 1.700792384147644043e+02 3.110956192016601562e+01 1.833978402614593506e+02 3.000000000000000000e+00
6.122888183593750000e+02 7.358651161193847656e+01 6.165580558776855469e+02 8.806971073150634766e+01 6.224221229553222656e+02 9.944858551025390625e+01 1.000000000000000000e+00
5.017195129394531250e+02 7.663498878479003906e+01 5.032786369323730469e+02 9.076871395111083984e+01 5.057517814636230469e+02 1.012627029418945312e+02 1.000000000000000000e+00
3.354621589183807373e+02 1.704686236381530762e+02 3.473151850700378418e+02 1.868304884433746338e+02 3.602013254165649414e+02 1.999247109889984131e+02 2.000000000000000000e+00
2.282117557525634766e+02 2.243533623218536377e+02 2.404064607620239258e+02 2.411941986903548241e+02 2.535538625717163086e+02 2.544694223999977112e+02 2.000000000000000000e+00
5.261268424987792969e+02 7.895746707916259766e+01 5.280726432800292969e+02 9.319154262542724609e+01 5.309278678894042969e+02 1.038369798660278320e+02 1.000000000000000000e+00
3.290246278047561646e+02 1.634573006629943848e+02 3.406508493423461914e+02 1.798194694519042969e+02 3.535427546501159668e+02 1.927969801425933838e+02 2.000000000000000000e+00
2.210451126098632812e+01 1.394943308830261230e+02 3.524450302124023438e+01 1.565701889991760254e+02 4.958568572998046875e+01 1.699366593360900879e+02 3.000000000000000000e+00
3.609104013442993164e+02 1.317244791984558105e+02 3.727692556381225586e+02 1.480120038986206055e+02 3.857523822784423828e+02 1.609483766555786133e+02 2.000000000000000000e+00
4.953100013732910156e+02 4.428372859954833984e+01 4.974980735778808594e+02 5.727650642395019531e+01 5.009243774414062500e+02 6.811160087585449219e+01 1.000000000000000000e+00
1.007431983947753906e+02 2.395807800069451332e+02 1.139512252807617188e+02 2.565094614028930664e+02 1.281396102905273438e+02 2.697920858860015869e+02 3.000000000000000000e+00
4.559836769104003906e+02 4.510660171508789062e+01 4.570171260833740234e+02 6.084933757781982422e+01 4.592568397521972656e+02 7.345052719116210938e+01 1.000000000000000000e+00
1.774553298950195312e+01 2.364008329063653946e+02 3.101274490356445312e+01 2.533103647828102112e+02 4.534097671508789062e+01 2.667543661594390869e+02 3.000000000000000000e+00
3.725639963150024414e+02 2.259971764683723450e+02 3.844984769821166992e+02 2.425500031560659409e+02 3.974755239486694336e+02 2.555246293544769287e+02 2.000000000000000000e+00
6.262040519714355469e+02 1.069538497924804688e+02 6.303972244262695312e+02 1.217661166191101074e+02 6.354719352722167969e+02 1.334813618659973145e+02 1.000000000000000000e+00
3.669506549835205078e+02 1.922228837013244629e+02 3.787898874282836914e+02 2.086867189407348633e+02 3.918934631347656250e+02 2.215020900964736938e+02 2.000000000000000000e+00
5.129260253906250000e+02 8.974415302276611328e+01 5.146878051757812500e+02 1.040613126754760742e+02 5.179315185546875000e+02 1.150397157669067383e+02 1.000000000000000000e+00
5.964294433593750000e+02 6.747140407562255859e+01 5.994399452209472656e+02 8.131808280944824219e+01 6.036234855651855469e+02 9.233353614807128906e+01 1.000000000000000000e+00
5.607796669006347656e+02 9.338082790374755859e+01 5.635144615173339844e+02 1.076663017272949219e+02 5.672427368164062500e+02 1.186588811874389648e+02 1.000000000000000000e+00
1.283424377441406250e+01 1.309365320205688477e+02 2.615480422973632812e+01 1.480499553680419922e+02 4.047138214111328125e+01 1.615105676651000977e+02 3.000000000000000000e+00
1.990196228027343750e+01 2.158075404167175293e+02 3.319812774658203125e+01 2.328508754074573517e+02 4.735424041748046875e+01 2.461433413624763489e+02 3.000000000000000000e+00
5.176246452331542969e+02 8.056441783905029297e+01 5.195843505859375000e+02 9.477421760559082031e+01 5.223935508728027344e+02 1.055622053146362305e+02 1.000000000000000000e+00
5.007005119323730469e+02 8.123878955841064453e+01 5.022615432739257812e+02 9.541965007781982422e+01 5.046161842346191406e+02 1.060782194137573242e+02 1.000000000000000000e+00
5.478302001953125000e+02 9.071448326110839844e+01 5.501513671875000000e+02 1.049886274337768555e+02 5.531499671936035156e+02 1.157788896560668945e+02 1.000000000000000000e+00
4.956743812561035156e+02 7.593562602996826172e+01 4.971731567382812500e+02 9.003835201263427734e+01 4.993648147583007812e+02 1.005229854583740234e+02 1.000000000000000000e+00
5.865548706054687500e+02 1.183313798904418945e+02 5.901978111267089844e+02 1.333415007591247559e+02 5.943887329101562500e+02 1.452212476730346680e+02 1.000000000000000000e+00
4.524810218811035156e+02 2.147004067897796631e+02 4.642076778411865234e+02 2.308101806044578552e+02 4.768124389648437500e+02 2.437869264185428619e+02 2.000000000000000000e+00
5.697041130065917969e+02 8.753684520721435547e+01 5.725573158264160156e+02 1.018495845794677734e+02 5.761027336120605469e+02 1.127746295928955078e+02 1.000000000000000000e+00
3.360396122932434082e+02 1.798430013656616211e+02 3.478626108169555664e+02 1.963467371463775635e+02 3.607222318649291992e+02 2.094853055477142334e+02 2.000000000000000000e+00
3.185213927924633026e+02 2.182269877195358276e+02 3.302718198299407959e+02 2.348139493167400360e+02 3.432835078239440918e+02 2.479204407334327698e+02 2.000000000000000000e+00
7.882286071777343750e+01 1.516382074356079102e+02 9.193197250366210938e+01 1.685605001449584961e+02 1.062444496154785156e+02 1.818858003616333008e+02 3.000000000000000000e+00
5.938551712036132812e+02 4.835515022277832031e+01 5.970836257934570312e+02 6.232430934906005859e+01 6.012956619262695312e+02 7.283246040344238281e+01 1.000000000000000000e+00
6.924007415771484375e+01 1.362192177772521973e+02 8.229429244995117188e+01 1.531305670738220215e+02 9.654943466186523438e+01 1.665302109718322754e+02 3.000000000000000000e+00
5.102671813964843750e+02 5.301362514495849609e+01 5.120152091979980469e+02 6.666006088256835938e+01 5.146850585937500000e+02 7.711372375488281250e+01 1.000000000000000000e+00
3.171114197373390198e+02 2.327258755266666412e+02 3.296729737520217896e+02 2.495116585493087769e+02 3.434169006347656250e+02 2.629074722528457642e+02 2.000000000000000000e+00
5.554920768737792969e+02 4.404263019561767578e+01 5.580433464050292969e+02 5.780673980712890625e+01 5.621013832092285156e+02 6.846769809722900391e+01 1.000000000000000000e+00
1.908416271209716797e+02 2.464761355519294739e+02 2.038217735290527344e+02 2.631570142507553101e+02 2.179160022735595703e+02 2.763610553741455078e+02 3.000000000000000000e+00
