1.970417308807373047e+02 2.643165296316146851e+02 1.913585758209228516e+02 2.644873362779617310e+02 1.862554168701171875e+02 2.638513809442520142e+02 1.000000000000000000e+00
1.748860740661621094e+02 2.519217994809150696e+02 1.691371631622314453e+02 2.520598912239074707e+02 1.636852073669433594e+02 2.515033113956451416e+02 1.000000000000000000e+00
2.153826141357421875e+02 2.296655881404876709e+02 2.105637168884277344e+02 2.305652305483818054e+02 2.060111522674560547e+02 2.303723752498626709e+02 1.000000000000000000e+00
1.784688854217529297e+02 2.454450380802154541e+02 1.726912212371826172e+02 2.455605930089950562e+02 1.671689891815185547e+02 2.451089631021022797e+02 1.000000000000000000e+00
1.791378116607666016e+02 2.514038854837417603e+02 1.733721256256103516e+02 2.515233314037322998e+02 1.677567768096923828e+02 2.510236671566963196e+02 1.000000000000000000e+00
1.547413063049316406e+02 2.152630609273910522e+02 1.489320564270019531e+02 2.153094613552093506e+02 1.435090827941894531e+02 2.146630686521530151e+02 1.000000000000000000e+00
1.765636157989501953e+02 2.556027388572692871e+02 1.707771301269531250e+02 2.557802742719650269e+02 1.655052757263183594e+02 2.553708207607269287e+02 1.000000000000000000e+00
2.141043853759765625e+02 2.141036510467529297e+02 2.086265373229980469e+02 2.146530139446258545e+02 2.037319278717041016e+02 2.144183331727981567e+02 1.000000000000000000e+00
2.071442985534667969e+02 2.413308868557214737e+02 2.019029331207275391e+02 2.418791352957487106e+02 1.970406055450439453e+02 2.416851044073700905e+02 1.000000000000000000e+00
2.359096622467041016e+02 2.342157438397407532e+02 2.308373546600341797e+02 2.352711944282054901e+02 2.263417148590087891e+02 2.352575527131557465e+02 1.000000000000000000e+00
2.108403491973876953e+02 2.384813689067959785e+02 2.058345317840576172e+02 2.392091369256377220e+02 2.011734485626220703e+02 2.390678099915385246e+02 1.000000000000000000e+00
2.173981189727783203e+02 2.336959071457386017e+02 2.125426197052001953e+02 2.346161341667175293e+02 2.079754638671875000e+02 2.344445796310901642e+02 1.000000000000000000e+00
1.578631782531738281e+02 2.236484974622726440e+02 1.519743347167968750e+02 2.236649626493453979e+02 1.464901161193847656e+02 2.229471731185913086e+02 1.000000000000000000e+00
2.080676746368408203e+02 2.346297910809516907e+02 2.030824089050292969e+02 2.352123869955539703e+02 1.984639263153076172e+02 2.350937041640281677e+02 1.000000000000000000e+00
2.220082664489746094e+02 2.656717854738235474e+02 2.166507244110107422e+02 2.660572832822799683e+02 2.115454959869384766e+02 2.654778760671615601e+02 1.000000000000000000e+00
1.880362033843994141e+02 2.508081060647964478e+02 1.824279022216796875e+02 2.510652932524681091e+02 1.771630096435546875e+02 2.505206304788589478e+02 1.000000000000000000e+00
1.875232505798339844e+02 2.422277527302503586e+02 1.820129489898681641e+02 2.425109560042619705e+02 1.765807437896728516e+02 2.419458313286304474e+02 1.000000000000000000e+00
2.087988853454589844e+02 2.452471773326396942e+02 2.035430908203125000e+02 2.458258366584777832e+02 1.987893199920654297e+02 2.456907807290554047e+02 1.000000000000000000e+00
2.102642059326171875e+02 2.166012561321258545e+02 2.050169944763183594e+02 2.170934593677520752e+02 2.001757049560546875e+02 2.167071819305419922e+02 1.000000000000000000e+00
2.151712799072265625e+02 2.182634264230728149e+02 2.099578094482421875e+02 2.188506603240966797e+02 2.051869678497314453e+02 2.187213581800460815e+02 1.000000000000000000e+00
2.352277946472167969e+02 2.471862034499645233e+02 2.300836658477783203e+02 2.480127418041229248e+02 2.255235385894775391e+02 2.478673714399337769e+02 1.000000000000000000e+00
1.602295970916748047e+02 2.171351909637451172e+02 1.543639564514160156e+02 2.172554916143417358e+02 1.488459968566894531e+02 2.166844475269317627e+02 1.000000000000000000e+00
2.240014743804931641e+02 2.557723098993301392e+02 2.186148071289062500e+02 2.565731513500213623e+02 2.134498310089111328e+02 2.563131415843963623e+02 1.000000000000000000e+00
1.852255821228027344e+02 2.458979648351669312e+02 1.795192527770996094e+02 2.461264805495738983e+02 1.742284107208251953e+02 2.455873569846153259e+02 1.000000000000000000e+00
2.149573326110839844e+02 2.385914915800094604e+02 2.100872325897216797e+02 2.394795227050781250e+02 2.053784465789794922e+02 2.392858581058681011e+02 1.000000000000000000e+00
2.177458667755126953e+02 2.424394532293081284e+02 2.128608512878417969e+02 2.433951723575592041e+02 2.082221221923828125e+02 2.432269746065139771e+02 1.000000000000000000e+00
2.391575908660888672e+02 2.504978638887405396e+02 2.338572978973388672e+02 2.512938389182090759e+02 2.291755676269531250e+02 2.511090704798698425e+02 1.000000000000000000e+00
1.882444858551025391e+02 2.632879954576492310e+02 1.824871349334716797e+02 2.634393024444580078e+02 1.772834300994873047e+02 2.628718274831771851e+02 1.000000000000000000e+00
1.593808174133300781e+02 2.128590989112854004e+02 1.535674858093261719e+02 2.129432058334350586e+02 1.480917930603027344e+02 2.124030590057373047e+02 1.000000000000000000e+00
1.647391223907470703e+02 2.323210752010345459e+02 1.588147354125976562e+02 2.323590391874313354e+02 1.532349395751953125e+02 2.316203910112380981e+02 1.000000000000000000e+00
1.812888145446777344e+02 2.591212785243988037e+02 1.754804325103759766e+02 2.592915666103363037e+02 1.698617267608642578e+02 2.586027538776397705e+02 1.000000000000000000e+00
1.683172416687011719e+02 2.458307343721389771e+02 1.625133991241455078e+02 2.459450840950012207e+02 1.570855140686035156e+02 2.453655856847763062e+02 1.000000000000000000e+00
2.356327342987060547e+02 2.568766182661056519e+02 2.303466796875000000e+02 2.575467842817306519e+02 2.255008983612060547e+02 2.572857373952865601e+02 1.000000000000000000e+00
2.522872781753540039e+02 2.460813447833061218e+02 2.465652608871459961e+02 2.467420506477355957e+02 2.418930196762084961e+02 2.466780397295951843e+02 1.000000000000000000e+00
2.302769279479980469e+02 2.553801727294921875e+02 2.251293659210205078e+02 2.561781924962997437e+02 2.202165699005126953e+02 2.558718574047088623e+02 1.000000000000000000e+00
1.719773101806640625e+02 2.476914677023887634e+02 1.661295795440673828e+02 2.477971503138542175e+02 1.606672763824462891e+02 2.472859807312488556e+02 1.000000000000000000e+00
1.935717010498046875e+02 2.505076450109481812e+02 1.880500602722167969e+02 2.507571110129356384e+02 1.828460407257080078e+02 2.502693942189216614e+02 1.000000000000000000e+00
4.792760372161865234e+02 2.591668099164962769e+02 4.918235206604003906e+02 2.616133439540863037e+02 5.047316551208496094e+02 2.631744396686553955e+02 2.000000000000000000e+00
4.882194519042968750e+02 2.591756898164749146e+02 5.007618713378906250e+02 2.616521000862121582e+02 5.136697959899902344e+02 2.631929326057434082e+02 2.000000000000000000e+00
4.813277053833007812e+02 2.938991725444793701e+02 4.937760353088378906e+02 2.958406090736389160e+02 5.067522239685058594e+02 2.970343959331512451e+02 2.000000000000000000e+00
4.361073303222656250e+02 2.643399971723556519e+02 4.491635799407958984e+02 2.667017537355422974e+02 4.626403236389160156e+02 2.682448142766952515e+02 2.000000000000000000e+00
5.615941238403320312e+02 3.066302847862243652e+02 5.730025100708007812e+02 3.086064219474792480e+02 5.847018432617187500e+02 3.096481060981750488e+02 2.000000000000000000e+00
5.347460365295410156e+02 2.584973162412643433e+02 5.467727088928222656e+02 2.609318250417709351e+02 5.592420768737792969e+02 2.625021672248840332e+02 2.000000000000000000e+00
5.639767456054687500e+02 3.056898808479309082e+02 5.754086303710937500e+02 3.076828336715698242e+02 5.871067619323730469e+02 3.087672758102416992e+02 2.000000000000000000e+00
4.904240989685058594e+02 2.941675758361816406e+02 5.028697204589843750e+02 2.960252702236175537e+02 5.158401489257812500e+02 2.972413659095764160e+02 2.000000000000000000e+00
4.369527912139892578e+02 2.674302077293395996e+02 4.500000667572021484e+02 2.697742331027984619e+02 4.635056781768798828e+02 2.713362121582031250e+02 2.000000000000000000e+00
5.289822959899902344e+02 2.594454056024551392e+02 5.410502433776855469e+02 2.618794262409210205e+02 5.534959220886230469e+02 2.634299021959304810e+02 2.000000000000000000e+00
4.886917686462402344e+02 2.314230492711067200e+02 5.013435935974121094e+02 2.341382597386837006e+02 5.142768669128417969e+02 2.360842131078243256e+02 2.000000000000000000e+00
5.360911941528320312e+02 2.986359894275665283e+02 5.481665611267089844e+02 3.006274151802062988e+02 5.605768394470214844e+02 3.017781686782836914e+02 2.000000000000000000e+00
5.525615310668945312e+02 3.096557021141052246e+02 5.639036369323730469e+02 3.116301584243774414e+02 5.757949256896972656e+02 3.126837801933288574e+02 2.000000000000000000e+00
4.484195613861083984e+02 2.283106836676597595e+02 4.613894081115722656e+02 2.309605246782302856e+02 4.748126888275146484e+02 2.328345331549644470e+02 2.000000000000000000e+00
4.580451393127441406e+02 2.319867396354675293e+02 4.708784484863281250e+02 2.346807552874088287e+02 4.842719841003417969e+02 2.365558165311813354e+02 2.000000000000000000e+00
4.983158874511718750e+02 2.357274779677391052e+02 5.108918571472167969e+02 2.384529265388846397e+02 5.238504600524902344e+02 2.402559661958366632e+02 2.000000000000000000e+00
4.433315181732177734e+02 2.434086609631776810e+02 4.563693523406982422e+02 2.459425355494022369e+02 4.697665119171142578e+02 2.475846406817436218e+02 2.000000000000000000e+00
5.907614707946777344e+02 2.949936246871948242e+02 6.021780967712402344e+02 2.971200585365295410e+02 6.134772300720214844e+02 2.983148217201232910e+02 2.000000000000000000e+00
5.280029296875000000e+02 2.705102241039276123e+02 5.400684928894042969e+02 2.728151857852935791e+02 5.525079917907714844e+02 2.742746293544769287e+02 2.000000000000000000e+00
4.958785438537597656e+02 2.347096247971057892e+02 5.085300064086914062e+02 2.374331358075141907e+02 5.214522743225097656e+02 2.392358855903148651e+02 2.000000000000000000e+00
4.887299537658691406e+02 2.428773958235979080e+02 5.013606834411621094e+02 2.455594182014465332e+02 5.142916870117187500e+02 2.471743167936801910e+02 2.000000000000000000e+00
4.887705039978027344e+02 2.727711510658264160e+02 5.013465690612792969e+02 2.749557209014892578e+02 5.142705726623535156e+02 2.761646425724029541e+02 2.000000000000000000e+00
4.541637325286865234e+02 2.520575872063636780e+02 4.670684528350830078e+02 2.544869390130043030e+02 4.804242324829101562e+02 2.560362553596496582e+02 2.000000000000000000e+00
4.740806579589843750e+02 2.748052382469177246e+02 4.866152000427246094e+02 2.767974865436553955e+02 4.995574951171875000e+02 2.778327655792236328e+02 2.000000000000000000e+00
5.347945022583007812e+02 2.689479696750640869e+02 5.468177604675292969e+02 2.714845919609069824e+02 5.592918777465820312e+02 2.729064059257507324e+02 2.000000000000000000e+00
4.798144531250000000e+02 2.722274780273437500e+02 4.923881530761718750e+02 2.743018805980682373e+02 5.053196525573730469e+02 2.754635632038116455e+02 2.000000000000000000e+00
5.723526573181152344e+02 2.837620568275451660e+02 5.830821609497070312e+02 2.858662426471710205e+02 5.944508171081542969e+02 2.868967902660369873e+02 2.000000000000000000e+00
5.347241783142089844e+02 2.662137472629547119e+02 5.467793655395507812e+02 2.686111164093017578e+02 5.592474365234375000e+02 2.701658964157104492e+02 2.000000000000000000e+00
5.986560058593750000e+02 2.854518771171569824e+02 6.092970085144042969e+02 2.883833026885986328e+02 6.206004714965820312e+02 2.896853363513946533e+02 2.000000000000000000e+00
5.441212844848632812e+02 2.584973466396331787e+02 5.560084915161132812e+02 2.609506845474243164e+02 5.685014152526855469e+02 2.625263375043869019e+02 2.000000000000000000e+00
4.462895202636718750e+02 2.463349919021129608e+02 4.593427181243896484e+02 2.489204415678977966e+02 4.727294921875000000e+02 2.505050817131996155e+02 2.000000000000000000e+00
5.945427894592285156e+02 2.864298713207244873e+02 6.052876663208007812e+02 2.891084611415863037e+02 6.165553092956542969e+02 2.904622828960418701e+02 2.000000000000000000e+00
5.602367019653320312e+02 2.770574676990509033e+02 5.711748695373535156e+02 2.792074906826019287e+02 5.822899818420410156e+02 2.801672673225402832e+02 2.000000000000000000e+00
5.652013015747070312e+02 2.826522231101989746e+02 5.762675285339355469e+02 2.847740185260772705e+02 5.877276611328125000e+02 2.857414591312408447e+02 2.000000000000000000e+00
4.538488769531250000e+02 2.436093293130397797e+02 4.668246173858642578e+02 2.461758577823638916e+02 4.802951431274414062e+02 2.479054722189903259e+02 2.000000000000000000e+00
5.583814811706542969e+02 2.920046424865722656e+02 5.695916748046875000e+02 2.941556131839752197e+02 5.812609863281250000e+02 2.951993429660797119e+02 2.000000000000000000e+00
4.539201068878173828e+02 2.312129965424537659e+02 4.668509197235107422e+02 2.338604883849620819e+02 4.802164077758789062e+02 2.357279509305953979e+02 2.000000000000000000e+00
5.512636756896972656e+02 2.889057326316833496e+02 5.626895141601562500e+02 2.909081447124481201e+02 5.744754600524902344e+02 2.920793473720550537e+02 2.000000000000000000e+00
4.574345397949218750e+02 2.427192536741495132e+02 4.703494548797607422e+02 2.453201906383037567e+02 4.837782287597656250e+02 2.471684879064559937e+02 2.000000000000000000e+00
4.772684669494628906e+02 2.423878479748964310e+02 4.898908042907714844e+02 2.449496613442897797e+02 5.028188133239746094e+02 2.466545109450817108e+02 2.000000000000000000e+00
4.944267654418945312e+02 2.701836562156677246e+02 5.069484329223632812e+02 2.723825383186340332e+02 5.199060630798339844e+02 2.736269545555114746e+02 2.000000000000000000e+00
4.559360408782958984e+02 2.760397982597351074e+02 4.686781978607177734e+02 2.777407228946685791e+02 4.818247985839843750e+02 2.786486220359802246e+02 2.000000000000000000e+00
4.619992351531982422e+02 2.328007963299751282e+02 4.747999000549316406e+02 2.355108489096164703e+02 4.881669425964355469e+02 2.373979490250349045e+02 2.000000000000000000e+00
4.637879085540771484e+02 2.429204104095697403e+02 4.766534709930419922e+02 2.455095063149929047e+02 4.899481201171875000e+02 2.474121862649917603e+02 2.000000000000000000e+00
5.388166618347167969e+02 2.955905163288116455e+02 5.508388137817382812e+02 2.975663173198699951e+02 5.632702064514160156e+02 2.987059950828552246e+02 2.000000000000000000e+00
4.387826251983642578e+02 2.242371815443038940e+02 4.520280456542968750e+02 2.267792657017707825e+02 4.655642986297607422e+02 2.286387473344802856e+02 2.000000000000000000e+00
5.406063842773437500e+02 2.683708816766738892e+02 5.526101684570312500e+02 2.707566225528717041e+02 5.650313186645507812e+02 2.723366725444793701e+02 2.000000000000000000e+00
5.281820678710937500e+02 2.938552594184875488e+02 5.402545738220214844e+02 2.958728671073913574e+02 5.527059936523437500e+02 2.969645404815673828e+02 2.000000000000000000e+00
5.753931236267089844e+02 2.878497326374053955e+02 5.863909912109375000e+02 2.900510573387145996e+02 5.978771972656250000e+02 2.911237192153930664e+02 2.000000000000000000e+00
4.589107036590576172e+02 2.775309455394744873e+02 4.715712261199951172e+02 2.793339550495147705e+02 4.845913696289062500e+02 2.802406346797943115e+02 2.000000000000000000e+00
4.955789756774902344e+02 2.680173969268798828e+02 5.081604957580566406e+02 2.704876112937927246e+02 5.211388587951660156e+02 2.719243490695953369e+02 2.000000000000000000e+00
5.044034385681152344e+02 2.377407836169004440e+02 5.167715454101562500e+02 2.404760437086224556e+02 5.295826530456542969e+02 2.422535249590873718e+02 2.000000000000000000e+00
5.956943321228027344e+02 2.726314115524291992e+02 6.064847373962402344e+02 2.751474630832672119e+02 6.178590202331542969e+02 2.768549823760986328e+02 2.000000000000000000e+00
4.573418617248535156e+02 2.356796872615814209e+02 4.702408123016357422e+02 2.383936004340648651e+02 4.836549377441406250e+02 2.402519531361758709e+02 2.000000000000000000e+00
4.983061027526855469e+02 2.403346405271440744e+02 5.108327102661132812e+02 2.429248201847076416e+02 5.238460731506347656e+02 2.447277836501598358e+02 2.000000000000000000e+00
4.685340309143066406e+02 2.838035917282104492e+02 4.811229324340820312e+02 2.857236349582672119e+02 4.940969848632812500e+02 2.868031954765319824e+02 2.000000000000000000e+00
4.488760662078857422e+02 2.501546332240104675e+02 4.618741512298583984e+02 2.525907602906227112e+02 4.753432941436767578e+02 2.541625374555587769e+02 2.000000000000000000e+00
4.699945068359375000e+02 2.455418398976325989e+02 4.827531433105468750e+02 2.481183171272277832e+02 4.960169410705566406e+02 2.498618012666702271e+02 2.000000000000000000e+00
4.637710571289062500e+02 2.512080082297325134e+02 4.765837097167968750e+02 2.536481174826622009e+02 4.897099685668945312e+02 2.552477878332138062e+02 2.000000000000000000e+00
4.608691120147705078e+02 2.454894411563873291e+02 4.737289142608642578e+02 2.480009311437606812e+02 4.871139335632324219e+02 2.497783970832824707e+02 2.000000000000000000e+00
4.491847229003906250e+02 2.425490876287221909e+02 4.621381855010986328e+02 2.451072849333286285e+02 4.755961894989013672e+02 2.468299104273319244e+02 2.000000000000000000e+00
5.611095046997070312e+02 2.949626791477203369e+02 5.723497390747070312e+02 2.970913732051849365e+02 5.841610717773437500e+02 2.982001054286956787e+02 2.000000000000000000e+00
5.232718467712402344e+02 2.889801979064941406e+02 5.353374671936035156e+02 2.910420870780944824e+02 5.478287315368652344e+02 2.920794689655303955e+02 2.000000000000000000e+00
4.734439754486083984e+02 2.453854067623615265e+02 4.861907768249511719e+02 2.479317784309387207e+02 4.992963600158691406e+02 2.496272894740104675e+02 2.000000000000000000e+00
4.482291889190673828e+02 2.880885958671569824e+02 4.610861873626708984e+02 2.899676835536956787e+02 4.744778728485107422e+02 2.910878312587738037e+02 2.000000000000000000e+00
5.985914421081542969e+02 2.635254532098770142e+02 6.095216178894042969e+02 2.661000680923461914e+02 6.209265136718750000e+02 2.679376852512359619e+02 2.000000000000000000e+00
5.166597938537597656e+02 2.460897526144981384e+02 5.289946937561035156e+02 2.487234655022621155e+02 5.416962242126464844e+02 2.504125070571899414e+02 2.000000000000000000e+00
5.771613121032714844e+02 2.823454928398132324e+02 5.879666709899902344e+02 2.844983232021331787e+02 5.993695640563964844e+02 2.855830085277557373e+02 2.000000000000000000e+00
5.964830398559570312e+02 2.696595472097396851e+02 6.073227500915527344e+02 2.721940612792968750e+02 6.186527824401855469e+02 2.739571845531463623e+02 2.000000000000000000e+00
5.611549758911132812e+02 2.837509489059448242e+02 5.722132682800292969e+02 2.859712243080139160e+02 5.836763381958007812e+02 2.870495331287384033e+02 2.000000000000000000e+00
4.566737651824951172e+02 2.877019071578979492e+02 4.694870662689208984e+02 2.896262848377227783e+02 4.826028823852539062e+02 2.906399273872375488e+02 2.000000000000000000e+00
4.701711463928222656e+02 2.512734380364418030e+02 4.828323173522949219e+02 2.537280437350273132e+02 4.959354591369628906e+02 2.553212589025497437e+02 2.000000000000000000e+00
5.640908813476562500e+02 2.978472948074340820e+02 5.753896522521972656e+02 2.999348473548889160e+02 5.872020339965820312e+02 3.011005926132202148e+02 2.000000000000000000e+00
5.728961753845214844e+02 2.911858534812927246e+02 5.841577720642089844e+02 2.933302652835845947e+02 5.957578086853027344e+02 2.944620394706726074e+02 2.000000000000000000e+00
