4.997769546508789062e+02 1.475354290008544922e+02 4.908452415466308594e+02 1.487467145919799805e+02 4.854710769653320312e+02 1.509407329559326172e+02 2.000000000000000000e+00
5.315594482421875000e+02 1.509223008155822754e+02 5.231301879882812500e+02 1.520747637748718262e+02 5.182208824157714844e+02 1.543953323364257812e+02 2.000000000000000000e+00
5.178981399536132812e+02 1.528382849693298340e+02 5.092403221130371094e+02 1.539291000366210938e+02 5.042691612243652344e+02 1.562528944015502930e+02 2.000000000000000000e+00
3.773034667968750000e+02 9.936728954315185547e+01 3.658956289291381836e+02 1.001442289352416992e+02 3.581173706054687500e+02 1.016628599166870117e+02 2.000000000000000000e+00
5.455369377136230469e+02 1.448284077644348145e+02 5.372072792053222656e+02 1.458847761154174805e+02 5.329299926757812500e+02 1.477952671051025391e+02 2.000000000000000000e+00
4.828193473815917969e+02 1.177316808700561523e+02 4.732446575164794922e+02 1.185201358795166016e+02 4.673673725128173828e+02 1.201730132102966309e+02 2.000000000000000000e+00
5.186085891723632812e+02 1.431383585929870605e+02 5.099504661560058594e+02 1.441863369941711426e+02 5.049849510192871094e+02 1.464186072349548340e+02 2.000000000000000000e+00
1.128992462158203125e+02 2.787243676185607910e+02 1.159490776062011719e+02 2.811627531051635742e+02 1.232810592651367188e+02 2.840632331371307373e+02 1.000000000000000000e+00
4.975571060180664062e+02 1.395875930786132812e+02 4.886303138732910156e+02 1.407928705215454102e+02 4.833440017700195312e+02 1.429518055915832520e+02 2.000000000000000000e+00
4.537556171417236328e+02 1.193041419982910156e+02 4.439006042480468750e+02 1.202421784400939941e+02 4.376439571380615234e+02 1.217619824409484863e+02 2.000000000000000000e+00
4.245940589904785156e+02 1.977185797691345215e+02 4.273311138153076172e+02 1.994780552387237549e+02 4.345366191864013672e+02 2.020482158660888672e+02 1.000000000000000000e+00
4.361300086975097656e+02 1.977353489398956299e+02 4.393158626556396484e+02 1.994946885108947754e+02 4.459945106506347656e+02 2.021088552474975586e+02 1.000000000000000000e+00
5.239984512329101562e+01 2.865968942642211914e+02 5.538396835327148438e+01 2.892610502243041992e+02 6.267784118652343750e+01 2.923251986503601074e+02 1.000000000000000000e+00
5.777249717712402344e+02 9.576157093048095703e+01 5.700878906250000000e+02 9.666676998138427734e+01 5.665301513671875000e+02 9.874551773071289062e+01 2.000000000000000000e+00
3.782144165039062500e+02 1.056602096557617188e+02 3.668121957778930664e+02 1.065504741668701172e+02 3.590073561668395996e+02 1.081942176818847656e+02 2.000000000000000000e+00
5.803298950195312500e+02 7.265022754669189453e+01 5.725764846801757812e+02 7.237645626068115234e+01 5.689577674865722656e+02 7.334531307220458984e+01 2.000000000000000000e+00
3.800451993942260742e+02 1.219616246223449707e+02 3.687894916534423828e+02 1.231987023353576660e+02 3.609621572494506836e+02 1.252688527107238770e+02 2.000000000000000000e+00
3.826469755172729492e+02 9.584585666656494141e+01 3.712907409667968750e+02 9.651226043701171875e+01 3.634878253936767578e+02 9.801682949066162109e+01 2.000000000000000000e+00
4.249425411224365234e+02 2.205790543556213379e+02 4.277543067932128906e+02 2.221271055936813354e+02 4.349797725677490234e+02 2.248345488309860229e+02 1.000000000000000000e+00
5.347055053710937500e+02 1.599585342407226562e+02 5.263755607604980469e+02 1.611765217781066895e+02 5.215342521667480469e+02 1.634741663932800293e+02 2.000000000000000000e+00
4.526760864257812500e+02 1.016904687881469727e+02 4.424915504455566406e+02 1.023404502868652344e+02 4.360953426361083984e+02 1.038167524337768555e+02 2.000000000000000000e+00
5.453294754028320312e+02 1.537154173851013184e+02 5.370414543151855469e+02 1.547718930244445801e+02 5.328057861328125000e+02 1.567040491104125977e+02 2.000000000000000000e+00
7.232631683349609375e+01 2.903576374053955078e+02 7.542646408081054688e+01 2.929656994342803955e+02 8.263826370239257812e+01 2.958655714988708496e+02 1.000000000000000000e+00
1.435090065002441406e+02 2.695628982782363892e+02 1.465649795532226562e+02 2.720307934284210205e+02 1.536751365661621094e+02 2.748260807991027832e+02 1.000000000000000000e+00
4.355941772460937500e+02 2.205698543787002563e+02 4.388317584991455078e+02 2.221362751722335815e+02 4.455542659759521484e+02 2.248428636789321899e+02 1.000000000000000000e+00
4.625548076629638672e+02 1.056825685501098633e+02 4.525304317474365234e+02 1.063312625885009766e+02 4.460940837860107422e+02 1.078380346298217773e+02 2.000000000000000000e+00
4.823556900024414062e+02 1.097913408279418945e+02 4.727378845214843750e+02 1.104983854293823242e+02 4.669078063964843750e+02 1.121041059494018555e+02 2.000000000000000000e+00
5.506725502014160156e+02 1.056487941741943359e+02 5.424291419982910156e+02 1.059740781784057617e+02 5.384771728515625000e+02 1.074248313903808594e+02 2.000000000000000000e+00
4.761200904846191406e+02 1.107651185989379883e+02 4.664743709564208984e+02 1.114837789535522461e+02 4.605654907226562500e+02 1.131286811828613281e+02 2.000000000000000000e+00
1.415922355651855469e+02 2.489794465899467468e+02 1.446554565429687500e+02 2.514338690042495728e+02 1.517313957214355469e+02 2.541262212395668030e+02 1.000000000000000000e+00
5.019613265991210938e+01 2.429687348753213882e+02 5.318943023681640625e+01 2.454716648161411285e+02 6.043247222900390625e+01 2.484863591194152832e+02 1.000000000000000000e+00
3.802408456802368164e+02 1.184688377380371094e+02 3.690529203414916992e+02 1.194896078109741211e+02 3.609830617904663086e+02 1.214769458770751953e+02 2.000000000000000000e+00
4.225702190399169922e+02 7.819149971008300781e+01 4.117969703674316406e+02 7.856286048889160156e+01 4.045259094238281250e+02 7.967958927154541016e+01 2.000000000000000000e+00
8.555830001831054688e+01 2.696996784210205078e+02 8.867280960083007812e+01 2.722994720935821533e+02 9.593149185180664062e+01 2.751513397693634033e+02 1.000000000000000000e+00
4.901649475097656250e+02 1.496706175804138184e+02 4.810058403015136719e+02 1.508861374855041504e+02 4.755044555664062500e+02 1.531161117553710938e+02 2.000000000000000000e+00
2.210129642486572266e+02 3.016262269020080566e+02 2.241081523895263672e+02 3.038752198219299316e+02 2.312743091583251953e+02 3.066724562644958496e+02 1.000000000000000000e+00
4.231438350677490234e+02 7.742543220520019531e+01 4.123956584930419922e+02 7.781443119049072266e+01 4.051493549346923828e+02 7.890882968902587891e+01 2.000000000000000000e+00
4.459360694885253906e+02 1.687380909919738770e+02 4.362942504882812500e+02 1.706353282928466797e+02 4.300080585479736328e+02 1.733052635192871094e+02 2.000000000000000000e+00
1.606829071044921875e+02 2.701328766345977783e+02 1.637191295623779297e+02 2.724841618537902832e+02 1.708515262603759766e+02 2.754075336456298828e+02 1.000000000000000000e+00
6.443004608154296875e+01 2.293762046098709106e+02 6.749351501464843750e+01 2.319524985551834106e+02 7.466108322143554688e+01 2.349556727707386017e+02 1.000000000000000000e+00
4.271875286102294922e+02 2.047263014316558838e+02 4.302212238311767578e+02 2.064795219898223877e+02 4.371278667449951172e+02 2.091175818443298340e+02 1.000000000000000000e+00
4.666254615783691406e+02 1.484866118431091309e+02 4.570003414154052734e+02 1.497157859802246094e+02 4.510018348693847656e+02 1.519609308242797852e+02 2.000000000000000000e+00
4.623695659637451172e+02 1.193532085418701172e+02 4.526476764678955078e+02 1.202200841903686523e+02 4.465169715881347656e+02 1.218524479866027832e+02 2.000000000000000000e+00
1.758722209930419922e+02 2.466560518741607666e+02 1.789832878112792969e+02 2.490122383832931519e+02 1.861323261260986328e+02 2.518787848949432373e+02 1.000000000000000000e+00
4.340810871124267578e+02 2.047268199920654297e+02 4.371884441375732422e+02 2.064805269241333008e+02 4.440388488769531250e+02 2.091154754161834717e+02 1.000000000000000000e+00
4.241196346282958984e+02 8.172965526580810547e+01 4.134057617187500000e+02 8.217757701873779297e+01 4.061787414550781250e+02 8.325287818908691406e+01 2.000000000000000000e+00
3.634265756607055664e+02 1.117575073242187500e+02 3.513301706314086914e+02 1.129060792922973633e+02 3.429430842399597168e+02 1.146300172805786133e+02 2.000000000000000000e+00
4.056178569793701172e+02 1.086154603958129883e+02 3.945923757553100586e+02 1.098765850067138672e+02 3.850047636032104492e+02 1.114502048492431641e+02 2.000000000000000000e+00
7.482187271118164062e+01 2.585451668500900269e+02 7.787237167358398438e+01 2.610656744241714478e+02 8.518102645874023438e+01 2.641302806138992310e+02 1.000000000000000000e+00
3.996161222457885742e+02 8.275793552398681641e+01 3.886111450195312500e+02 8.289221763610839844e+01 3.810978078842163086e+02 8.425181865692138672e+01 2.000000000000000000e+00
5.269207191467285156e+02 1.797775983810424805e+02 5.194269371032714844e+02 1.812295031547546387e+02 5.151001548767089844e+02 1.839356517791748047e+02 2.000000000000000000e+00
3.680947875976562500e+02 8.069101810455322266e+01 3.559729623794555664e+02 8.117298603057861328e+01 3.476729750633239746e+02 8.241326808929443359e+01 2.000000000000000000e+00
1.927934360504150391e+02 3.086486220359802246e+02 1.959091949462890625e+02 3.109489774703979492e+02 2.029897308349609375e+02 3.135841083526611328e+02 1.000000000000000000e+00
8.688884735107421875e+01 3.028155827522277832e+02 9.004796981811523438e+01 3.053881287574768066e+02 9.731683731079101562e+01 3.082471060752868652e+02 1.000000000000000000e+00
3.762799978256225586e+02 7.661513328552246094e+01 3.646070241928100586e+02 7.692698478698730469e+01 3.564913344383239746e+02 7.836735248565673828e+01 2.000000000000000000e+00
2.466536378860473633e+02 2.805610978603363037e+02 2.497038269042968750e+02 2.827444767951965332e+02 2.568007183074951172e+02 2.854900538921356201e+02 1.000000000000000000e+00
2.312128734588623047e+02 2.927762782573699951e+02 2.342877960205078125e+02 2.950512421131134033e+02 2.414098644256591797e+02 2.978647506237030029e+02 1.000000000000000000e+00
4.767454814910888672e+02 1.176258230209350586e+02 4.671556091308593750e+02 1.183840370178222656e+02 4.612502193450927734e+02 1.200534939765930176e+02 2.000000000000000000e+00
8.331758499145507812e+01 2.897334623336791992e+02 8.644868850708007812e+01 2.923389315605163574e+02 9.363111495971679688e+01 2.952850377559661865e+02 1.000000000000000000e+00
1.230467414855957031e+02 2.369148711115121841e+02 1.262104797363281250e+02 2.394315643049776554e+02 1.332588005065917969e+02 2.424449159950017929e+02 1.000000000000000000e+00
3.980231046676635742e+02 1.471156883239746094e+02 3.872410917282104492e+02 1.486126041412353516e+02 3.800786161422729492e+02 1.509480357170104980e+02 2.000000000000000000e+00
1.332278823852539062e+02 2.772572028636932373e+02 1.363128852844238281e+02 2.796748065948486328e+02 1.434931755065917969e+02 2.825537431240081787e+02 1.000000000000000000e+00
4.204397010803222656e+02 1.114091920852661133e+02 4.098804664611816406e+02 1.122702312469482422e+02 4.024871826171875000e+02 1.138963937759399414e+02 2.000000000000000000e+00
5.164184570312500000e+02 1.725380516052246094e+02 5.077367019653320312e+02 1.741496515274047852e+02 5.031075859069824219e+02 1.767830944061279297e+02 2.000000000000000000e+00
1.847113895416259766e+02 3.035082149505615234e+02 1.878336048126220703e+02 3.057984924316406250e+02 1.950334167480468750e+02 3.085265207290649414e+02 1.000000000000000000e+00
9.328350067138671875e+01 2.980549657344818115e+02 9.637880325317382812e+01 3.005590867996215820e+02 1.035281753540039062e+02 3.034829163551330566e+02 1.000000000000000000e+00
6.942617416381835938e+01 2.344689175486564636e+02 7.247253417968750000e+01 2.371184080839157104e+02 7.959642410278320312e+01 2.400735931447707117e+02 1.000000000000000000e+00
4.110837078094482422e+02 1.752548503875732422e+02 4.007469177246093750e+02 1.771874070167541504e+02 3.938304758071899414e+02 1.798514342308044434e+02 2.000000000000000000e+00
4.119740962982177734e+02 1.493799519538879395e+02 4.013265419006347656e+02 1.507278871536254883e+02 3.944062805175781250e+02 1.530884170532226562e+02 2.000000000000000000e+00
4.541713905334472656e+02 7.480791091918945312e+01 4.441855812072753906e+02 7.522832393646240234e+01 4.384941101074218750e+02 7.614990234375000000e+01 2.000000000000000000e+00
2.087197208404541016e+02 2.753900778293609619e+02 2.117208862304687500e+02 2.776368427276611328e+02 2.188976097106933594e+02 2.804758000373840332e+02 1.000000000000000000e+00
2.646029329299926758e+02 2.484698644280433655e+02 2.675538015365600586e+02 2.506468051671981812e+02 2.746341848373413086e+02 2.533731544017791748e+02 1.000000000000000000e+00
4.450618743896484375e+01 2.646633929014205933e+02 4.747467041015625000e+01 2.672467964887619019e+02 5.485700607299804688e+01 2.702984011173248291e+02 1.000000000000000000e+00
4.083631610870361328e+02 1.526053404808044434e+02 3.975499296188354492e+02 1.539723157882690430e+02 3.905346393585205078e+02 1.563309288024902344e+02 2.000000000000000000e+00
1.296704864501953125e+02 2.594251406192779541e+02 1.327434730529785156e+02 2.618084120750427246e+02 1.398084449768066406e+02 2.645844733715057373e+02 1.000000000000000000e+00
5.669591140747070312e+02 1.092376041412353516e+02 5.590106773376464844e+02 1.095288419723510742e+02 5.552916908264160156e+02 1.108717632293701172e+02 2.000000000000000000e+00
3.714911794662475586e+02 1.217198109626770020e+02 3.599031686782836914e+02 1.229252743721008301e+02 3.519267892837524414e+02 1.249346280097961426e+02 2.000000000000000000e+00
4.864532470703125000e+02 3.175343656539916992e+02 4.896731948852539062e+02 3.191739535331726074e+02 4.967696952819824219e+02 3.217105150222778320e+02 1.000000000000000000e+00
4.355934810638427734e+02 1.685891962051391602e+02 4.258488464355468750e+02 1.705162739753723145e+02 4.196425819396972656e+02 1.732001137733459473e+02 2.000000000000000000e+00
5.269497108459472656e+02 1.510957145690917969e+02 5.183864784240722656e+02 1.522261619567871094e+02 5.134456825256347656e+02 1.545068621635437012e+02 2.000000000000000000e+00
4.160383605957031250e+02 8.432272911071777344e+01 4.051887226104736328e+02 8.461770057678222656e+01 3.978440237045288086e+02 8.573680400848388672e+01 2.000000000000000000e+00
2.382338523864746094e+02 2.285443872213363647e+02 2.412151765823364258e+02 2.307345423102378845e+02 2.482936239242553711e+02 2.335850214958190918e+02 1.000000000000000000e+00
1.263641548156738281e+02 2.521937870979309082e+02 1.294780158996582031e+02 2.545698559284210205e+02 1.365025329589843750e+02 2.573331910371780396e+02 1.000000000000000000e+00
3.673196125030517578e+02 9.131825923919677734e+01 3.549137282371520996e+02 9.212302207946777344e+01 3.460505986213684082e+02 9.375376224517822266e+01 2.000000000000000000e+00
5.238476562500000000e+02 1.453157901763916016e+02 5.152803421020507812e+02 1.464348578453063965e+02 5.103394126892089844e+02 1.487099862098693848e+02 2.000000000000000000e+00
4.897506523132324219e+02 8.893660068511962891e+01 4.801811218261718750e+02 8.913292407989501953e+01 4.744075965881347656e+02 9.027733325958251953e+01 2.000000000000000000e+00
4.761106014251708984e+02 8.342815876007080078e+01 4.669042682647705078e+02 8.368629455566406250e+01 4.615050029754638672e+02 8.483190536499023438e+01 2.000000000000000000e+00
4.345854187011718750e+02 1.471534395217895508e+02 4.245750141143798828e+02 1.485053658485412598e+02 4.182547283172607422e+02 1.507446527481079102e+02 2.000000000000000000e+00
5.160948562622070312e+02 1.013484764099121094e+02 5.072226524353027344e+02 1.016584110260009766e+02 5.020024681091308594e+02 1.028565645217895508e+02 2.000000000000000000e+00
1.372931289672851562e+02 3.040969848632812500e+02 1.404174232482910156e+02 3.064680790901184082e+02 1.476790809631347656e+02 3.094056773185729980e+02 1.000000000000000000e+00
5.372493362426757812e+02 1.045192623138427734e+02 5.282354736328125000e+02 1.047245979309082031e+02 5.235090446472167969e+02 1.061477851867675781e+02 2.000000000000000000e+00
1.045341491699218750e+02 2.903216278553009033e+02 1.075963973999023438e+02 2.927321183681488037e+02 1.149219322204589844e+02 2.957809174060821533e+02 1.000000000000000000e+00
1.973716449737548828e+02 2.880888712406158447e+02 2.003946018218994141e+02 2.904071688652038574e+02 2.074694347381591797e+02 2.932400858402252197e+02 1.000000000000000000e+00
4.202726364135742188e+01 2.773772907257080078e+02 4.500820159912109375e+01 2.799155294895172119e+02 5.236455917358398438e+01 2.829659450054168701e+02 1.000000000000000000e+00
1.522458076477050781e+02 3.095375704765319824e+02 1.553606986999511719e+02 3.118937087059020996e+02 1.627140045166015625e+02 3.148345398902893066e+02 1.000000000000000000e+00
4.660704994201660156e+02 1.195254707336425781e+02 4.562548828125000000e+02 1.203974819183349609e+02 4.502412414550781250e+02 1.220875811576843262e+02 2.000000000000000000e+00
1.154095268249511719e+02 2.637141430377960205e+02 1.184939956665039062e+02 2.662129229307174683e+02 1.255982017517089844e+02 2.691497504711151123e+02 1.000000000000000000e+00
2.016802978515625000e+02 2.753058171272277832e+02 2.046745395660400391e+02 2.775772118568420410e+02 2.118835258483886719e+02 2.803850126266479492e+02 1.000000000000000000e+00
2.231920146942138672e+02 2.837592780590057373e+02 2.262802982330322266e+02 2.860578346252441406e+02 2.333476066589355469e+02 2.888562333583831787e+02 1.000000000000000000e+00
1.557398796081542969e+02 2.896867096424102783e+02 1.588329124450683594e+02 2.920689404010772705e+02 1.661418247222900391e+02 2.948605978488922119e+02 1.000000000000000000e+00
6.728855133056640625e+01 2.423582153767347336e+02 7.038839340209960938e+01 2.449274142086505890e+02 7.747726440429687500e+01 2.478707125782966614e+02 1.000000000000000000e+00
8.257108688354492188e+01 2.328486478328704834e+02 8.551376342773437500e+01 2.354472957551479340e+02 9.266847610473632812e+01 2.384032896906137466e+02 1.000000000000000000e+00
2.527657604217529297e+02 2.422256623953580856e+02 2.556744050979614258e+02 2.443464508652687073e+02 2.627774047851562500e+02 2.472355198860168457e+02 1.000000000000000000e+00
3.906967163085937500e+02 9.800365447998046875e+01 3.789923095703125000e+02 9.858866214752197266e+01 3.710215139389038086e+02 1.000736188888549805e+02 2.000000000000000000e+00
1.700226688385009766e+02 2.516141670942306519e+02 1.731263446807861328e+02 2.539469915628433228e+02 1.802445220947265625e+02 2.568127441406250000e+02 1.000000000000000000e+00
7.740333557128906250e+01 2.844590163230895996e+02 8.052659988403320312e+01 2.871276283264160156e+02 8.772024154663085938e+01 2.900032675266265869e+02 1.000000000000000000e+00
2.759523296356201172e+02 2.336520990729331970e+02 2.789139986038208008e+02 2.357796478271484375e+02 2.859530639648437500e+02 2.385224761068820953e+02 1.000000000000000000e+00
2.298081684112548828e+02 2.731906771659851074e+02 2.327860069274902344e+02 2.754169929027557373e+02 2.399313068389892578e+02 2.782113969326019287e+02 1.000000000000000000e+00
1.222959136962890625e+02 3.008040833473205566e+02 1.253631782531738281e+02 3.032822585105895996e+02 1.325885963439941406e+02 3.062759399414062500e+02 1.000000000000000000e+00
4.925743103027343750e+01 2.289072713255882263e+02 5.221187591552734375e+01 2.315682980418205261e+02 5.943548202514648438e+01 2.345356138050556183e+02 1.000000000000000000e+00
4.312889099121093750e+01 2.874868798255920410e+02 4.616294860839843750e+01 2.900381791591644287e+02 5.348617553710937500e+01 2.931251263618469238e+02 1.000000000000000000e+00
5.323343276977539062e+01 2.508438268303871155e+02 5.621730804443359375e+01 2.533583378791809082e+02 6.351781845092773438e+01 2.563416445255279541e+02 1.000000000000000000e+00
4.243908691406250000e+02 1.453127074241638184e+02 4.142195415496826172e+02 1.466801691055297852e+02 4.077662658691406250e+02 1.489537310600280762e+02 2.000000000000000000e+00
8.668985366821289062e+01 2.696546959877014160e+02 8.977535247802734375e+01 2.722099614143371582e+02 9.705602645874023438e+01 2.750959503650665283e+02 1.000000000000000000e+00
2.536621379852294922e+02 2.726563417911529541e+02 2.566931772232055664e+02 2.748538827896118164e+02 2.638271474838256836e+02 2.775757455825805664e+02 1.000000000000000000e+00
7.054059982299804688e+01 2.802829921245574951e+02 7.362037658691406250e+01 2.829076552391052246e+02 8.085039138793945312e+01 2.857632780075073242e+02 1.000000000000000000e+00
2.108294486999511719e+02 3.013880968093872070e+02 2.139485931396484375e+02 3.036378192901611328e+02 2.210545635223388672e+02 3.063952374458312988e+02 1.000000000000000000e+00
4.157620525360107422e+02 1.508943915367126465e+02 4.052515888214111328e+02 1.522950696945190430e+02 3.984747028350830078e+02 1.546153950691223145e+02 2.000000000000000000e+00
6.217107772827148438e+01 2.511114048957824707e+02 6.523614883422851562e+01 2.535686498880386353e+02 7.235130310058593750e+01 2.565985429286956787e+02 1.000000000000000000e+00
2.726843547821044922e+02 2.475582128763198853e+02 2.756599712371826172e+02 2.497259071469306946e+02 2.827199697494506836e+02 2.524339449405670166e+02 1.000000000000000000e+00
4.044491577148437500e+02 1.475008320808410645e+02 3.936191129684448242e+02 1.488527011871337891e+02 3.865538930892944336e+02 1.512063860893249512e+02 2.000000000000000000e+00
4.766912269592285156e+02 1.517040038108825684e+02 4.672538757324218750e+02 1.529016065597534180e+02 4.614689350128173828e+02 1.551494550704956055e+02 2.000000000000000000e+00
1.665100383758544922e+02 3.078068304061889648e+02 1.696469974517822266e+02 3.102417612075805664e+02 1.768340778350830078e+02 3.130525231361389160e+02 1.000000000000000000e+00
2.898243093490600586e+02 2.432287294417619705e+02 2.927794480323791504e+02 2.454445038735866547e+02 2.998506760597229004e+02 2.481540074944496155e+02 1.000000000000000000e+00
4.668893718719482422e+02 1.569260215759277344e+02 4.574067115783691406e+02 1.582701230049133301e+02 4.514497375488281250e+02 1.605124282836914062e+02 2.000000000000000000e+00
2.577526235580444336e+02 2.363224484771490097e+02 2.607352876663208008e+02 2.384498290345072746e+02 2.678015756607055664e+02 2.412703095003962517e+02 1.000000000000000000e+00
1.625911712646484375e+02 2.948355138301849365e+02 1.656862735748291016e+02 2.972185385227203369e+02 1.729170703887939453e+02 3.000245690345764160e+02 1.000000000000000000e+00
1.261180305480957031e+02 2.711565256118774414e+02 1.292292022705078125e+02 2.735620450973510742e+02 1.363445663452148438e+02 2.765039706230163574e+02 1.000000000000000000e+00
4.348813533782958984e+02 2.125155311822891235e+02 4.381216716766357422e+02 2.141491842269897461e+02 4.448287677764892578e+02 2.168174725770950317e+02 1.000000000000000000e+00
4.666162109375000000e+02 1.293958711624145508e+02 4.566573524475097656e+02 1.304716444015502930e+02 4.503225135803222656e+02 1.323885869979858398e+02 2.000000000000000000e+00
1.327239608764648438e+02 2.932639503479003906e+02 1.357458686828613281e+02 2.955782818794250488e+02 1.430946350097656250e+02 2.985144388675689697e+02 1.000000000000000000e+00
1.524256324768066406e+02 3.004275512695312500e+02 1.555205726623535156e+02 3.027623963356018066e+02 1.628517913818359375e+02 3.056734943389892578e+02 1.000000000000000000e+00
1.645942020416259766e+02 2.383914336562156677e+02 1.676919269561767578e+02 2.407701874338090420e+02 1.747152423858642578e+02 2.435457611829042435e+02 1.000000000000000000e+00
2.387419891357421875e+02 2.753574228286743164e+02 2.417938375473022461e+02 2.775487697124481201e+02 2.488674306869506836e+02 2.803199172019958496e+02 1.000000000000000000e+00
5.069571304321289062e+02 1.714948225021362305e+02 4.981558227539062500e+02 1.731114292144775391e+02 4.931276893615722656e+02 1.756317400932312012e+02 2.000000000000000000e+00
6.863523483276367188e+01 2.674305135011672974e+02 7.172214508056640625e+01 2.699652421474456787e+02 7.893766403198242188e+01 2.729702460765838623e+02 1.000000000000000000e+00
4.118911743164062500e+02 8.090113162994384766e+01 4.009726238250732422e+02 8.123627185821533203e+01 3.935367155075073242e+02 8.237520217895507812e+01 2.000000000000000000e+00
4.723442363739013672e+02 1.033482456207275391e+02 4.625040912628173828e+02 1.039581012725830078e+02 4.561141967773437500e+02 1.055553531646728516e+02 2.000000000000000000e+00
4.978023147583007812e+02 1.653898143768310547e+02 4.889817810058593750e+02 1.670804071426391602e+02 4.837690162658691406e+02 1.696614646911621094e+02 2.000000000000000000e+00
2.109768486022949219e+02 2.642070025205612183e+02 2.140133476257324219e+02 2.664631354808807373e+02 2.212592887878417969e+02 2.694025897979736328e+02 1.000000000000000000e+00
2.929111623764038086e+02 2.361525115370750427e+02 2.958270573616027832e+02 2.383495024591684341e+02 3.029069817066192627e+02 2.410389404743909836e+02 1.000000000000000000e+00
5.470388221740722656e+02 1.386988949775695801e+02 5.387335777282714844e+02 1.396951103210449219e+02 5.345946121215820312e+02 1.417522859573364258e+02 2.000000000000000000e+00
2.109911918640136719e+02 2.903130197525024414e+02 2.140777111053466797e+02 2.925451683998107910e+02 2.212126731872558594e+02 2.953514134883880615e+02 1.000000000000000000e+00
4.123338985443115234e+02 1.080811643600463867e+02 4.019783306121826172e+02 1.091495132446289062e+02 3.942376089096069336e+02 1.106094646453857422e+02 2.000000000000000000e+00
5.058573722839355469e+02 1.352509546279907227e+02 4.969206237792968750e+02 1.364408826828002930e+02 4.915974235534667969e+02 1.385515880584716797e+02 2.000000000000000000e+00
1.752226829528808594e+02 2.933674335479736328e+02 1.782515430450439453e+02 2.956740760803222656e+02 1.854259300231933594e+02 2.985314655303955078e+02 1.000000000000000000e+00
4.712905311584472656e+02 1.192994499206542969e+02 4.615188312530517578e+02 1.201610469818115234e+02 4.556326961517333984e+02 1.218253827095031738e+02 2.000000000000000000e+00
2.104710865020751953e+02 2.823548591136932373e+02 2.134874057769775391e+02 2.846099567413330078e+02 2.207310581207275391e+02 2.874539530277252197e+02 1.000000000000000000e+00
7.807756423950195312e+01 2.966773116588592529e+02 8.123931884765625000e+01 2.993098783493041992e+02 8.841238021850585938e+01 3.022243380546569824e+02 1.000000000000000000e+00
2.190545177459716797e+02 2.269473713636398315e+02 2.220698547363281250e+02 2.292229306697845459e+02 2.289948844909667969e+02 2.320304408669471741e+02 1.000000000000000000e+00
6.146110534667968750e+01 2.681740736961364746e+02 6.460056304931640625e+01 2.706598842144012451e+02 7.172096252441406250e+01 2.737106323242187500e+02 1.000000000000000000e+00
1.003028678894042969e+02 3.001411771774291992e+02 1.033806037902832031e+02 3.025664734840393066e+02 1.105465316772460938e+02 3.055542325973510742e+02 1.000000000000000000e+00
4.614348793029785156e+02 9.709157466888427734e+01 4.513941383361816406e+02 9.752315998077392578e+01 4.449462890625000000e+02 9.899009227752685547e+01 2.000000000000000000e+00
6.862268447875976562e+01 3.003840994834899902e+02 7.172620773315429688e+01 3.028889179229736328e+02 7.887569427490234375e+01 3.059916400909423828e+02 1.000000000000000000e+00
6.024497985839843750e+01 2.846612870693206787e+02 6.329481124877929688e+01 2.873838222026824951e+02 7.053596496582031250e+01 2.904085707664489746e+02 1.000000000000000000e+00
5.632114410400390625e+01 2.329886774718761444e+02 5.933015823364257812e+01 2.355929714441299438e+02 6.659688949584960938e+01 2.385937498882412910e+02 1.000000000000000000e+00
1.164451217651367188e+02 2.395390472095459700e+02 1.194513893127441406e+02 2.420780946314334869e+02 1.266152381896972656e+02 2.449790346622467041e+02 1.000000000000000000e+00
4.968492126464843750e+02 1.749076223373413086e+02 4.880500793457031250e+02 1.766680884361267090e+02 4.828981018066406250e+02 1.794709110260009766e+02 2.000000000000000000e+00
8.175722122192382812e+01 2.300069725513458252e+02 8.471347808837890625e+01 2.325811305642127991e+02 9.184556961059570312e+01 2.355204159021377563e+02 1.000000000000000000e+00
2.228894901275634766e+02 2.708764350414276123e+02 2.258740043640136719e+02 2.731877446174621582e+02 2.330053043365478516e+02 2.759465968608856201e+02 1.000000000000000000e+00
2.931015324592590332e+02 2.261056816577911377e+02 2.959740900993347168e+02 2.282243648171424866e+02 3.030961000919342041e+02 2.309495383501052856e+02 1.000000000000000000e+00
3.396724247932434082e+02 2.229060655832290649e+02 3.425256657600402832e+02 2.249103838205337524e+02 3.495067763328552246e+02 2.274887385964393616e+02 1.000000000000000000e+00
4.260002136230468750e+02 2.125456380844116211e+02 4.287790203094482422e+02 2.141591781377792358e+02 4.360529518127441406e+02 2.168479746580123901e+02 1.000000000000000000e+00
4.149035072326660156e+02 1.707577157020568848e+02 4.045827388763427734e+02 1.726583862304687500e+02 3.978171396255493164e+02 1.754613447189331055e+02 2.000000000000000000e+00
1.743465995788574219e+02 2.813842177391052246e+02 1.773856449127197266e+02 2.836694669723510742e+02 1.845208454132080078e+02 2.865318310260772705e+02 1.000000000000000000e+00
1.480833625793457031e+02 2.805319547653198242e+02 1.511884117126464844e+02 2.829335653781890869e+02 1.583822059631347656e+02 2.858227550983428955e+02 1.000000000000000000e+00
3.120692443847656250e+02 2.358231505751609802e+02 3.149326169490814209e+02 2.378221128880977631e+02 3.221307983994483948e+02 2.406348419375717640e+02 1.000000000000000000e+00
1.099082183837890625e+02 2.374812926352024078e+02 1.129754066467285156e+02 2.400008697510202182e+02 1.201558876037597656e+02 2.428113403916358948e+02 1.000000000000000000e+00
3.599018549919128418e+02 8.139141082763671875e+01 3.477737116813659668e+02 8.240886211395263672e+01 3.393212282657623291e+02 8.351377487182617188e+01 2.000000000000000000e+00
3.441380000114440918e+02 1.957517516613006592e+02 3.469483041763305664e+02 1.977821946144104004e+02 3.540379643440246582e+02 2.005110311508178711e+02 1.000000000000000000e+00
5.330799674987792969e+02 1.419363784790039062e+02 5.245607948303222656e+02 1.431411266326904297e+02 5.197315788269042969e+02 1.454323554039001465e+02 2.000000000000000000e+00
2.667789316177368164e+02 2.404487152397632599e+02 2.697625732421875000e+02 2.426038514077663422e+02 2.768004131317138672e+02 2.453752443194389343e+02 1.000000000000000000e+00
4.771443176269531250e+02 1.242973637580871582e+02 4.674586486816406250e+02 1.253370881080627441e+02 4.613334655761718750e+02 1.271456480026245117e+02 2.000000000000000000e+00
3.451013183593750000e+02 2.042084169387817383e+02 3.479530954360961914e+02 2.061914956569671631e+02 3.549794006347656250e+02 2.088670492172241211e+02 1.000000000000000000e+00
4.062265014648437500e+02 8.541669845581054688e+01 3.953077411651611328e+02 8.564570903778076172e+01 3.877302551269531250e+02 8.685067176818847656e+01 2.000000000000000000e+00
2.734039306640625000e+02 2.174515521526336670e+02 2.763826274871826172e+02 2.195715165138244629e+02 2.834397888183593750e+02 2.224297177791595459e+02 1.000000000000000000e+00
3.923439645767211914e+02 1.418741226196289062e+02 3.814431476593017578e+02 1.433589148521423340e+02 3.741763925552368164e+02 1.455586194992065430e+02 2.000000000000000000e+00
9.184917449951171875e+01 2.536584788560867310e+02 9.501108169555664062e+01 2.560267031192779541e+02 1.021289253234863281e+02 2.590202039480209351e+02 1.000000000000000000e+00
5.024106979370117188e+01 2.935847818851470947e+02 5.322488784790039062e+01 2.962382841110229492e+02 6.056957244873046875e+01 2.992727994918823242e+02 1.000000000000000000e+00
2.221235942840576172e+02 2.916147494316101074e+02 2.252130126953125000e+02 2.938593792915344238e+02 2.323307800292968750e+02 2.967054784297943115e+02 1.000000000000000000e+00
5.717117309570312500e+01 2.420008698105812073e+02 6.021202087402343750e+01 2.445184940099716187e+02 6.738538742065429688e+01 2.475302124023437500e+02 1.000000000000000000e+00
4.955478668212890625e+01 2.716077589988708496e+02 5.252424240112304688e+01 2.742643439769744873e+02 5.984970092773437500e+01 2.772943425178527832e+02 1.000000000000000000e+00
3.891861867904663086e+02 1.162204456329345703e+02 3.776781034469604492e+02 1.173933076858520508e+02 3.695317077636718750e+02 1.193259572982788086e+02 2.000000000000000000e+00
2.655661630630493164e+02 2.554254913330078125e+02 2.684987497329711914e+02 2.575728160142898560e+02 2.756033945083618164e+02 2.603448200225830078e+02 1.000000000000000000e+00
4.673754882812500000e+02 8.988231182098388672e+01 4.589689350128173828e+02 9.034622669219970703e+01 4.536360836029052734e+02 9.139682292938232422e+01 2.000000000000000000e+00
3.458826899528503418e+02 2.132325732707977295e+02 3.487620234489440918e+02 2.152550643682479858e+02 3.557317805290222168e+02 2.178313583135604858e+02 1.000000000000000000e+00
2.968351745605468750e+02 2.432786256819963455e+02 2.998034358024597168e+02 2.454624027013778687e+02 3.068197929859161377e+02 2.481554719805717468e+02 1.000000000000000000e+00
5.131970787048339844e+02 1.352354693412780762e+02 5.043222045898437500e+02 1.362088108062744141e+02 4.993460464477539062e+02 1.383504438400268555e+02 2.000000000000000000e+00
1.378840255737304688e+02 2.863896524906158447e+02 1.409628486633300781e+02 2.887221693992614746e+02 1.482787513732910156e+02 2.916772806644439697e+02 1.000000000000000000e+00
2.535301065444946289e+02 2.217741072177886963e+02 2.564973115921020508e+02 2.240805816650390625e+02 2.635041475296020508e+02 2.270431664586067200e+02 1.000000000000000000e+00
1.366848564147949219e+02 2.585595721006393433e+02 1.397532272338867188e+02 2.610020452737808228e+02 1.467993545532226562e+02 2.637511003017425537e+02 1.000000000000000000e+00
1.676239013671875000e+02 2.691694664955139160e+02 1.706935691833496094e+02 2.714979565143585205e+02 1.777803325653076172e+02 2.743887662887573242e+02 1.000000000000000000e+00
