2.027392673492431641e+02 2.625353407859802246e+02 2.004584789276123047e+02 2.639630448818206787e+02 1.970417308807373047e+02 2.643165296316146851e+02 1.000000000000000000e+00
1.808583927154541016e+02 2.503606116771697998e+02 1.785764789581298828e+02 2.516974648833274841e+02 1.748860740661621094e+02 2.519217994809150696e+02 1.000000000000000000e+00
2.192978191375732422e+02 2.265821832418441772e+02 2.180228710174560547e+02 2.287101584672927856e+02 2.153826141357421875e+02 2.296655881404876709e+02 1.000000000000000000e+00
1.844313526153564453e+02 2.437902376055717468e+02 1.821778392791748047e+02 2.451965792477130890e+02 1.784688854217529297e+02 2.454450380802154541e+02 1.000000000000000000e+00
1.850397777557373047e+02 2.497569429874420166e+02 1.827369499206542969e+02 2.511677402257919312e+02 1.791378116607666016e+02 2.514038854837417603e+02 1.000000000000000000e+00
1.604419708251953125e+02 2.137121254205703735e+02 1.583096694946289062e+02 2.150775432586669922e+02 1.547413063049316406e+02 2.152630609273910522e+02 1.000000000000000000e+00
1.825214672088623047e+02 2.540964362025260925e+02 1.802304840087890625e+02 2.554343122243881226e+02 1.765636157989501953e+02 2.556027388572692871e+02 1.000000000000000000e+00
2.184344959259033203e+02 2.115920555591583252e+02 2.171797180175781250e+02 2.133467388153076172e+02 2.141043853759765625e+02 2.141036510467529297e+02 1.000000000000000000e+00
2.116906547546386719e+02 2.387110137194395065e+02 2.101619434356689453e+02 2.407054138742387295e+02 2.071442985534667969e+02 2.413308868557214737e+02 1.000000000000000000e+00
2.397723102569580078e+02 2.306939694285392761e+02 2.385387420654296875e+02 2.330187986791133881e+02 2.359096622467041016e+02 2.342157438397407532e+02 1.000000000000000000e+00
2.150401020050048828e+02 2.356843413412570953e+02 2.136264801025390625e+02 2.377647855877876282e+02 2.108403491973876953e+02 2.384813689067959785e+02 1.000000000000000000e+00
2.213502788543701172e+02 2.305780631303787231e+02 2.200432395935058594e+02 2.327368770539760590e+02 2.173981189727783203e+02 2.336959071457386017e+02 1.000000000000000000e+00
1.636694622039794922e+02 2.223178088665008545e+02 1.614893817901611328e+02 2.235024404525756836e+02 1.578631782531738281e+02 2.236484974622726440e+02 1.000000000000000000e+00
2.121633148193359375e+02 2.319314110279083252e+02 2.108154392242431641e+02 2.339515225589275360e+02 2.080676746368408203e+02 2.346297910809516907e+02 1.000000000000000000e+00
2.270207309722900391e+02 2.636029368638992310e+02 2.250079345703125000e+02 2.652585160732269287e+02 2.220082664489746094e+02 2.656717854738235474e+02 1.000000000000000000e+00
1.935590648651123047e+02 2.489250952005386353e+02 1.914535999298095703e+02 2.504299780726432800e+02 1.880362033843994141e+02 2.508081060647964478e+02 1.000000000000000000e+00
1.932400321960449219e+02 2.403009033389389515e+02 1.911693668365478516e+02 2.418042756244540215e+02 1.875232505798339844e+02 2.422277527302503586e+02 1.000000000000000000e+00
2.134041881561279297e+02 2.426351930201053619e+02 2.117498588562011719e+02 2.446531373262405396e+02 2.087988853454589844e+02 2.452471773326396942e+02 1.000000000000000000e+00
2.144819355010986328e+02 2.143310844898223877e+02 2.132429218292236328e+02 2.159469437599182129e+02 2.102642059326171875e+02 2.166012561321258545e+02 1.000000000000000000e+00
2.193820190429687500e+02 2.156883537769317627e+02 2.181472778320312500e+02 2.174639117717742920e+02 2.151712799072265625e+02 2.182634264230728149e+02 1.000000000000000000e+00
2.394904899597167969e+02 2.438403019309043884e+02 2.379781436920166016e+02 2.460625916719436646e+02 2.352277946472167969e+02 2.471862034499645233e+02 1.000000000000000000e+00
1.660837554931640625e+02 2.152156966924667358e+02 1.638467884063720703e+02 2.166740244626998901e+02 1.602295970916748047e+02 2.171351909637451172e+02 1.000000000000000000e+00
2.294373607635498047e+02 2.526099398732185364e+02 2.271543121337890625e+02 2.547989049553871155e+02 2.240014743804931641e+02 2.557723098993301392e+02 1.000000000000000000e+00
1.908689689636230469e+02 2.441543278098106384e+02 1.886935901641845703e+02 2.455663606524467468e+02 1.852255821228027344e+02 2.458979648351669312e+02 1.000000000000000000e+00
2.190487003326416016e+02 2.355930022895336151e+02 2.176513481140136719e+02 2.377520140260457993e+02 2.149573326110839844e+02 2.385914915800094604e+02 1.000000000000000000e+00
2.218729114532470703e+02 2.393631591461598873e+02 2.203692722320556641e+02 2.415230408683419228e+02 2.177458667755126953e+02 2.424394532293081284e+02 1.000000000000000000e+00
2.436318635940551758e+02 2.472528997063636780e+02 2.419913148880004883e+02 2.494255068898200989e+02 2.391575908660888672e+02 2.504978638887405396e+02 1.000000000000000000e+00
1.939019012451171875e+02 2.615355849266052246e+02 1.916162872314453125e+02 2.629389041662216187e+02 1.882444858551025391e+02 2.632879954576492310e+02 1.000000000000000000e+00
1.652557468414306641e+02 2.109871047735214233e+02 1.630445575714111328e+02 2.124463784694671631e+02 1.593808174133300781e+02 2.128590989112854004e+02 1.000000000000000000e+00
1.706110382080078125e+02 2.305173638463020325e+02 1.683867454528808594e+02 2.320010831952095032e+02 1.647391223907470703e+02 2.323210752010345459e+02 1.000000000000000000e+00
1.870836353302001953e+02 2.574331676959991455e+02 1.848158264160156250e+02 2.588655710220336914e+02 1.812888145446777344e+02 2.591212785243988037e+02 1.000000000000000000e+00
1.742742443084716797e+02 2.442888946831226349e+02 1.720201683044433594e+02 2.455807650089263916e+02 1.683172416687011719e+02 2.458307343721389771e+02 1.000000000000000000e+00
2.406391429901123047e+02 2.539637455344200134e+02 2.387112712860107422e+02 2.559703981876373291e+02 2.356327342987060547e+02 2.568766182661056519e+02 1.000000000000000000e+00
2.564274883270263672e+02 2.424858400225639343e+02 2.548865795135498047e+02 2.448028720915317535e+02 2.522872781753540039e+02 2.460813447833061218e+02 1.000000000000000000e+00
2.354277610778808594e+02 2.522591257095336914e+02 2.333901691436767578e+02 2.543730327486991882e+02 2.302769279479980469e+02 2.553801727294921875e+02 1.000000000000000000e+00
1.779658794403076172e+02 2.461521153151988983e+02 1.756728458404541016e+02 2.474696508049964905e+02 1.719773101806640625e+02 2.476914677023887634e+02 1.000000000000000000e+00
1.989210224151611328e+02 2.484297645092010498e+02 1.968646335601806641e+02 2.500805059075355530e+02 1.935717010498046875e+02 2.505076450109481812e+02 1.000000000000000000e+00
4.482751178741455078e+02 2.538540199398994446e+02 4.642698097229003906e+02 2.570510870218276978e+02 4.792760372161865234e+02 2.591668099164962769e+02 2.000000000000000000e+00
4.572314453125000000e+02 2.538433840870857239e+02 4.732204341888427734e+02 2.570150756835937500e+02 4.882194519042968750e+02 2.591756898164749146e+02 2.000000000000000000e+00
4.506702613830566406e+02 2.897908365726470947e+02 4.665282917022705078e+02 2.924043595790863037e+02 4.813277053833007812e+02 2.938991725444793701e+02 2.000000000000000000e+00
4.044048213958740234e+02 2.595501101016998291e+02 4.208185482025146484e+02 2.623380446434020996e+02 4.361073303222656250e+02 2.643399971723556519e+02 2.000000000000000000e+00
5.337316322326660156e+02 3.023049330711364746e+02 5.483882522583007812e+02 3.049116253852844238e+02 5.615941238403320312e+02 3.066302847862243652e+02 2.000000000000000000e+00
5.050765037536621094e+02 2.530481421947479248e+02 5.204125404357910156e+02 2.562604379653930664e+02 5.347460365295410156e+02 2.584973162412643433e+02 2.000000000000000000e+00
5.361834144592285156e+02 3.013284301757812500e+02 5.507672691345214844e+02 3.039855408668518066e+02 5.639767456054687500e+02 3.056898808479309082e+02 2.000000000000000000e+00
4.597329998016357422e+02 2.899381113052368164e+02 4.755895709991455078e+02 2.925126385688781738e+02 4.904240989685058594e+02 2.941675758361816406e+02 2.000000000000000000e+00
4.053308391571044922e+02 2.626525586843490601e+02 4.216770362854003906e+02 2.654564827680587769e+02 4.369527912139892578e+02 2.674302077293395996e+02 2.000000000000000000e+00
4.992548179626464844e+02 2.540445104241371155e+02 5.146087074279785156e+02 2.572252213954925537e+02 5.289822959899902344e+02 2.594454056024551392e+02 2.000000000000000000e+00
4.578437805175781250e+02 2.255092611908912659e+02 4.739320659637451172e+02 2.289064326882362366e+02 4.886917686462402344e+02 2.314230492711067200e+02 2.000000000000000000e+00
5.063749694824218750e+02 2.941624796390533447e+02 5.217125320434570312e+02 2.969706130027770996e+02 5.360911941528320312e+02 2.986359894275665283e+02 2.000000000000000000e+00
5.245418167114257812e+02 3.055175542831420898e+02 5.392315673828125000e+02 3.080920457839965820e+02 5.525615310668945312e+02 3.096557021141052246e+02 2.000000000000000000e+00
4.168821430206298828e+02 2.221923208236694336e+02 4.331930828094482422e+02 2.257471463084220886e+02 4.484195613861083984e+02 2.283106836676597595e+02 2.000000000000000000e+00
4.264840412139892578e+02 2.261065971851348877e+02 4.427760314941406250e+02 2.294885095953941345e+02 4.580451393127441406e+02 2.319867396354675293e+02 2.000000000000000000e+00
4.675885295867919922e+02 2.299428400397300720e+02 4.835926246643066406e+02 2.333123163878917694e+02 4.983158874511718750e+02 2.357274779677391052e+02 2.000000000000000000e+00
4.115640544891357422e+02 2.378190153837203979e+02 4.280750179290771484e+02 2.410880585387349129e+02 4.433315181732177734e+02 2.434086609631776810e+02 2.000000000000000000e+00
5.634220695495605469e+02 2.905504488945007324e+02 5.775787925720214844e+02 2.932455790042877197e+02 5.907614707946777344e+02 2.949936246871948242e+02 2.000000000000000000e+00
4.982808876037597656e+02 2.655007642507553101e+02 5.136373329162597656e+02 2.684168404340744019e+02 5.280029296875000000e+02 2.705102241039276123e+02 2.000000000000000000e+00
4.650266170501708984e+02 2.289235532283782959e+02 4.811176490783691406e+02 2.322953796386718750e+02 4.958785438537597656e+02 2.347096247971057892e+02 2.000000000000000000e+00
4.578747558593750000e+02 2.373457639664411545e+02 4.739471721649169922e+02 2.405017089843750000e+02 4.887299537658691406e+02 2.428773958235979080e+02 2.000000000000000000e+00
4.579081726074218750e+02 2.682433480024337769e+02 4.738427734375000000e+02 2.710199296474456787e+02 4.887705039978027344e+02 2.727711510658264160e+02 2.000000000000000000e+00
4.225999450683593750e+02 2.467360080778598785e+02 4.390387916564941406e+02 2.499546208977699280e+02 4.541637325286865234e+02 2.520575872063636780e+02 2.000000000000000000e+00
4.432200908660888672e+02 2.706751728057861328e+02 4.591166114807128906e+02 2.732975792884826660e+02 4.740806579589843750e+02 2.748052382469177246e+02 2.000000000000000000e+00
5.051185035705566406e+02 2.638657844066619873e+02 5.204744338989257812e+02 2.668786633014678955e+02 5.347945022583007812e+02 2.689479696750640869e+02 2.000000000000000000e+00
4.489475440979003906e+02 2.678915727138519287e+02 4.648814392089843750e+02 2.705169689655303955e+02 4.798144531250000000e+02 2.722274780273437500e+02 2.000000000000000000e+00
5.448357009887695312e+02 2.789975917339324951e+02 5.590245437622070312e+02 2.817183566093444824e+02 5.723526573181152344e+02 2.837620568275451660e+02 2.000000000000000000e+00
5.050632095336914062e+02 2.607922071218490601e+02 5.204246330261230469e+02 2.639674687385559082e+02 5.347241783142089844e+02 2.662137472629547119e+02 2.000000000000000000e+00
5.715541458129882812e+02 2.800668668746948242e+02 5.855760574340820312e+02 2.831363224983215332e+02 5.986560058593750000e+02 2.854518771171569824e+02 2.000000000000000000e+00
5.146013832092285156e+02 2.530727854371070862e+02 5.298574829101562500e+02 2.562594008445739746e+02 5.441212844848632812e+02 2.584973466396331787e+02 2.000000000000000000e+00
4.145154094696044922e+02 2.407567901909351349e+02 4.310006427764892578e+02 2.439805604517459869e+02 4.462895202636718750e+02 2.463349919021129608e+02 2.000000000000000000e+00
5.671879386901855469e+02 2.818856835365295410e+02 5.813504600524902344e+02 2.846394968032836914e+02 5.945427894592285156e+02 2.864298713207244873e+02 2.000000000000000000e+00
5.318173789978027344e+02 2.718792450428009033e+02 5.465813636779785156e+02 2.748385655879974365e+02 5.602367019653320312e+02 2.770574676990509033e+02 2.000000000000000000e+00
5.370658683776855469e+02 2.774908483028411865e+02 5.515500450134277344e+02 2.804490673542022705e+02 5.652013015747070312e+02 2.826522231101989746e+02 2.000000000000000000e+00
4.222522640228271484e+02 2.380976714193820953e+02 4.386248493194580078e+02 2.412680359929800034e+02 4.538488769531250000e+02 2.436093293130397797e+02 2.000000000000000000e+00
5.300139236450195312e+02 2.874418973922729492e+02 5.445084953308105469e+02 2.901501202583312988e+02 5.583814811706542969e+02 2.920046424865722656e+02 2.000000000000000000e+00
4.224578285217285156e+02 2.251869955658912659e+02 4.387187480926513672e+02 2.286541441082954407e+02 4.539201068878173828e+02 2.312129965424537659e+02 2.000000000000000000e+00
5.226146316528320312e+02 2.844797980785369873e+02 5.371977043151855469e+02 2.872362077236175537e+02 5.512636756896972656e+02 2.889057326316833496e+02 2.000000000000000000e+00
4.258810710906982422e+02 2.372411801666021347e+02 4.421912574768066406e+02 2.404031524993479252e+02 4.574345397949218750e+02 2.427192536741495132e+02 2.000000000000000000e+00
4.462873554229736328e+02 2.368852843344211578e+02 4.623513507843017578e+02 2.400965881417505443e+02 4.772684669494628906e+02 2.423878479748964310e+02 2.000000000000000000e+00
4.636233234405517578e+02 2.654824841022491455e+02 4.795594501495361328e+02 2.683550727367401123e+02 4.944267654418945312e+02 2.701836562156677246e+02 2.000000000000000000e+00
4.250440692901611328e+02 2.722731649875640869e+02 4.410974407196044922e+02 2.746413910388946533e+02 4.559360408782958984e+02 2.760397982597351074e+02 2.000000000000000000e+00
4.304632568359375000e+02 2.269983056187629700e+02 4.467341041564941406e+02 2.303507074713706970e+02 4.619992351531982422e+02 2.328007963299751282e+02 2.000000000000000000e+00
4.323888587951660156e+02 2.374271086603403091e+02 4.486188983917236328e+02 2.405686035566031933e+02 4.637879085540771484e+02 2.429204104095697403e+02 2.000000000000000000e+00
5.091337585449218750e+02 2.911347055435180664e+02 5.244791984558105469e+02 2.939328038692474365e+02 5.388166618347167969e+02 2.955905163288116455e+02 2.000000000000000000e+00
4.071065711975097656e+02 2.181292873620986938e+02 4.235890483856201172e+02 2.217283934354782104e+02 4.387826251983642578e+02 2.242371815443038940e+02 2.000000000000000000e+00
5.109451293945312500e+02 2.628301405906677246e+02 5.262979125976562500e+02 2.661399239301681519e+02 5.406063842773437500e+02 2.683708816766738892e+02 2.000000000000000000e+00
4.983961486816406250e+02 2.893538224697113037e+02 5.138209342956542969e+02 2.920818829536437988e+02 5.281820678710937500e+02 2.938552594184875488e+02 2.000000000000000000e+00
5.485002517700195312e+02 2.827410292625427246e+02 5.625820350646972656e+02 2.857268106937408447e+02 5.753931236267089844e+02 2.878497326374053955e+02 2.000000000000000000e+00
4.281910991668701172e+02 2.737099921703338623e+02 4.441121578216552734e+02 2.761653149127960205e+02 4.589107036590576172e+02 2.775309455394744873e+02 2.000000000000000000e+00
4.647848510742187500e+02 2.627254951000213623e+02 4.807044982910156250e+02 2.659099137783050537e+02 4.955789756774902344e+02 2.680173969268798828e+02 2.000000000000000000e+00
4.738893413543701172e+02 2.319277954101562500e+02 4.897014236450195312e+02 2.353244170546531677e+02 5.044034385681152344e+02 2.377407836169004440e+02 2.000000000000000000e+00
5.685221672058105469e+02 2.673811358213424683e+02 5.826335525512695312e+02 2.703942275047302246e+02 5.956943321228027344e+02 2.726314115524291992e+02 2.000000000000000000e+00
4.257055377960205078e+02 2.298525077104568481e+02 4.420407390594482422e+02 2.332485499978065491e+02 4.573418617248535156e+02 2.356796872615814209e+02 2.000000000000000000e+00
4.675840759277343750e+02 2.345560759305953979e+02 4.835678672790527344e+02 2.378295439481735229e+02 4.983061027526855469e+02 2.403346405271440744e+02 2.000000000000000000e+00
4.378344726562500000e+02 2.795619535446166992e+02 4.537602901458740234e+02 2.821136498451232910e+02 4.685340309143066406e+02 2.838035917282104492e+02 2.000000000000000000e+00
4.172210693359375000e+02 2.448096317052841187e+02 4.336613178253173828e+02 2.480230566859245300e+02 4.488760662078857422e+02 2.501546332240104675e+02 2.000000000000000000e+00
4.387496089935302734e+02 2.401275329617783427e+02 4.548767089843750000e+02 2.432605288177728653e+02 4.699945068359375000e+02 2.455418398976325989e+02 2.000000000000000000e+00
4.325471210479736328e+02 2.458987122774124146e+02 4.487255287170410156e+02 2.491082462668418884e+02 4.637710571289062500e+02 2.512080082297325134e+02 2.000000000000000000e+00
4.294699096679687500e+02 2.400216979987453669e+02 4.456742000579833984e+02 2.431610414385795593e+02 4.608691120147705078e+02 2.454894411563873291e+02 2.000000000000000000e+00
4.174400043487548828e+02 2.370039823651313782e+02 4.338547420501708984e+02 2.402194824395701289e+02 4.491847229003906250e+02 2.425490876287221909e+02 2.000000000000000000e+00
5.328051757812500000e+02 2.904348778724670410e+02 5.472838211059570312e+02 2.931549096107482910e+02 5.611095046997070312e+02 2.949626791477203369e+02 2.000000000000000000e+00
4.934577941894531250e+02 2.844208395481109619e+02 5.088985252380371094e+02 2.871668708324432373e+02 5.232718467712402344e+02 2.889801979064941406e+02 2.000000000000000000e+00
4.423546791076660156e+02 2.399622650141827762e+02 4.584238624572753906e+02 2.431288301199674606e+02 4.734439754486083984e+02 2.453854067623615265e+02 2.000000000000000000e+00
4.167342853546142578e+02 2.838695704936981201e+02 4.330124187469482422e+02 2.864177870750427246e+02 4.482291889190673828e+02 2.880885958671569824e+02 2.000000000000000000e+00
5.716185951232910156e+02 2.581288164854049683e+02 5.855676841735839844e+02 2.612397158145904541e+02 5.985914421081542969e+02 2.635254532098770142e+02 2.000000000000000000e+00
4.865271949768066406e+02 2.403465271275490522e+02 5.022807121276855469e+02 2.436379853636026382e+02 5.166597938537597656e+02 2.460897526144981384e+02 2.000000000000000000e+00
5.503513908386230469e+02 2.774208998680114746e+02 5.642911338806152344e+02 2.803233039379119873e+02 5.771613121032714844e+02 2.823454928398132324e+02 2.000000000000000000e+00
5.693123245239257812e+02 2.644332593679428101e+02 5.834144973754882812e+02 2.674281942844390869e+02 5.964830398559570312e+02 2.696595472097396851e+02 2.000000000000000000e+00
5.327108764648437500e+02 2.789953029155731201e+02 5.473918533325195312e+02 2.816117584705352783e+02 5.611549758911132812e+02 2.837509489059448242e+02 2.000000000000000000e+00
4.256799602508544922e+02 2.835375094413757324e+02 4.417381000518798828e+02 2.860794997215270996e+02 4.566737651824951172e+02 2.877019071578979492e+02 2.000000000000000000e+00
4.391778564453125000e+02 2.459550480544567108e+02 4.551342487335205078e+02 2.491637429594993591e+02 4.701711463928222656e+02 2.512734380364418030e+02 2.000000000000000000e+00
5.361146926879882812e+02 2.934256911277770996e+02 5.504983520507812500e+02 2.961467313766479492e+02 5.640908813476562500e+02 2.978472948074340820e+02 2.000000000000000000e+00
5.455479240417480469e+02 2.864595043659210205e+02 5.596002769470214844e+02 2.892783236503601074e+02 5.728961753845214844e+02 2.911858534812927246e+02 2.000000000000000000e+00
