5.450508499145507812e+02 2.205285930633544922e+02 5.374740600585937500e+02 2.320888057351112366e+02 5.252354812622070312e+02 2.427990417927503586e+02 1.000000000000000000e+00
5.670379066467285156e+02 2.321026450395584106e+02 5.598166465759277344e+02 2.434481813013553619e+02 5.481663894653320312e+02 2.539246988296508789e+02 1.000000000000000000e+00
5.490694046020507812e+02 2.283457785844802856e+02 5.415275382995605469e+02 2.397964324895292521e+02 5.293344688415527344e+02 2.505125436186790466e+02 1.000000000000000000e+00
5.432313346862792969e+02 2.280482473969459534e+02 5.356247520446777344e+02 2.396012878138571978e+02 5.234024047851562500e+02 2.503996127843856812e+02 1.000000000000000000e+00
5.632568359375000000e+02 2.245321655273437500e+02 5.562121009826660156e+02 2.357840725779533386e+02 5.448316001892089844e+02 2.463835604488849640e+02 1.000000000000000000e+00
1.970906543731689453e+02 3.378504109382629395e+02 2.062917613983154297e+02 3.519296622276306152e+02 2.112557792663574219e+02 3.650177335739135742e+02 3.000000000000000000e+00
5.230128288269042969e+02 2.768276703357696533e+02 5.144315147399902344e+02 2.893360018730163574e+02 5.021742057800292969e+02 3.011022377014160156e+02 1.000000000000000000e+00
2.058862113952636719e+02 3.318665814399719238e+02 2.150111103057861328e+02 3.459360122680664062e+02 2.199223899841308594e+02 3.590950083732604980e+02 3.000000000000000000e+00
1.980931091308593750e+02 3.148435378074645996e+02 2.072570514678955078e+02 3.288413429260253906e+02 2.121374034881591797e+02 3.420357728004455566e+02 3.000000000000000000e+00
2.123492908477783203e+02 3.178189158439636230e+02 2.213680744171142578e+02 3.317992329597473145e+02 2.263778400421142578e+02 3.449866104125976562e+02 3.000000000000000000e+00
3.628806447982788086e+02 1.626557135581970215e+02 3.515204787254333496e+02 1.731196260452270508e+02 3.355347597599029541e+02 1.827420759201049805e+02 1.000000000000000000e+00
4.283001136779785156e+02 1.907776021957397461e+02 4.180990028381347656e+02 2.021139514446258545e+02 4.029022502899169922e+02 2.127107369899749756e+02 1.000000000000000000e+00
5.324288940429687500e+02 2.525110629200935364e+02 5.246332359313964844e+02 2.645130926370620728e+02 5.122953605651855469e+02 2.758710050582885742e+02 1.000000000000000000e+00
2.062023258209228516e+02 3.088322496414184570e+02 2.152906799316406250e+02 3.228464698791503906e+02 2.202325916290283203e+02 3.360414505004882812e+02 3.000000000000000000e+00
5.117848777770996094e+02 2.129041725397109985e+02 5.032926750183105469e+02 2.246047657728195190e+02 4.901105308532714844e+02 2.355303646624088287e+02 1.000000000000000000e+00
2.001584339141845703e+02 3.038169264793395996e+02 2.092520713806152344e+02 3.178401803970336914e+02 2.141315174102783203e+02 3.310297608375549316e+02 3.000000000000000000e+00
5.135075187683105469e+02 2.730936312675476074e+02 5.044724845886230469e+02 2.854483366012573242e+02 4.924987602233886719e+02 2.972826576232910156e+02 1.000000000000000000e+00
2.275961303710937500e+02 3.562814712524414062e+02 2.367619419097900391e+02 3.702383852005004883e+02 2.418163585662841797e+02 3.833961296081542969e+02 3.000000000000000000e+00
2.113388633728027344e+02 3.258707642555236816e+02 2.203990459442138672e+02 3.398835468292236328e+02 2.254082584381103516e+02 3.530655598640441895e+02 3.000000000000000000e+00
5.435021400451660156e+02 1.631268239021301270e+02 5.361776161193847656e+02 1.732129955291748047e+02 5.242897987365722656e+02 1.825028336048126221e+02 1.000000000000000000e+00
4.534096050262451172e+02 3.148300480842590332e+02 4.597456073760986328e+02 3.275089144706726074e+02 4.618664264678955078e+02 3.395845699310302734e+02 2.000000000000000000e+00
1.655971240997314453e+02 3.933912992477416992e+02 1.748596000671386719e+02 4.075254964828491211e+02 1.799729442596435547e+02 4.207896852493286133e+02 3.000000000000000000e+00
4.344804382324218750e+02 2.018785071372985840e+02 4.242587280273437500e+02 2.132831561565399170e+02 4.093464660644531250e+02 2.240581959486007690e+02 1.000000000000000000e+00
1.696542835235595703e+02 3.983663749694824219e+02 1.789056491851806641e+02 4.125120019912719727e+02 1.840219688415527344e+02 4.257906961441040039e+02 3.000000000000000000e+00
5.028175163269042969e+02 1.770146441459655762e+02 4.944146537780761719e+02 1.865348339080810547e+02 4.813411521911621094e+02 1.973302280902862549e+02 1.000000000000000000e+00
1.984636688232421875e+02 3.769977521896362305e+02 2.077429485321044922e+02 3.910634279251098633e+02 2.128675937652587891e+02 4.042488241195678711e+02 3.000000000000000000e+00
1.678768253326416016e+02 3.172785973548889160e+02 1.770896911621093750e+02 3.314227652549743652e+02 1.821123313903808594e+02 3.445859098434448242e+02 3.000000000000000000e+00
1.499955940246582031e+02 3.304711675643920898e+02 1.591975784301757812e+02 3.446213150024414062e+02 1.640557384490966797e+02 3.578374385833740234e+02 3.000000000000000000e+00
5.065329933166503906e+02 2.135716992616653442e+02 4.979361915588378906e+02 2.252823328971862793e+02 4.847286796569824219e+02 2.362263487279415131e+02 1.000000000000000000e+00
1.984018421173095703e+02 3.648613071441650391e+02 2.076706790924072266e+02 3.789258527755737305e+02 2.128188323974609375e+02 3.922315120697021484e+02 3.000000000000000000e+00
1.651422882080078125e+02 3.532836699485778809e+02 1.743810081481933594e+02 3.674217939376831055e+02 1.793682098388671875e+02 3.807149076461791992e+02 3.000000000000000000e+00
3.779953002929687500e+02 1.715419721603393555e+02 3.665436697006225586e+02 1.821362435817718506e+02 3.506452035903930664e+02 1.919566941261291504e+02 1.000000000000000000e+00
3.588397836685180664e+02 2.107804405689239502e+02 3.471101379394531250e+02 2.223964834213256836e+02 3.307473146915435791e+02 2.330469202995300293e+02 1.000000000000000000e+00
3.810184335708618164e+02 2.129737079143524170e+02 3.701723337173461914e+02 2.246794885396957397e+02 3.547166752815246582e+02 2.360479885339736938e+02 1.000000000000000000e+00
5.082750892639160156e+02 2.421315765380859375e+02 4.999430274963378906e+02 2.539588934183120728e+02 4.871701622009277344e+02 2.651502692699432373e+02 1.000000000000000000e+00
4.865349197387695312e+02 3.256469178199768066e+02 4.931460571289062500e+02 3.384641790390014648e+02 4.954150199890136719e+02 3.504793453216552734e+02 2.000000000000000000e+00
5.003227233886718750e+02 4.242952108383178711e+02 5.097713279724121094e+02 4.375718736648559570e+02 5.150115966796875000e+02 4.500946712493896484e+02 3.000000000000000000e+00
4.701208782196044922e+02 3.629383850097656250e+02 4.767553710937500000e+02 3.760731267929077148e+02 4.792134761810302734e+02 3.884046077728271484e+02 2.000000000000000000e+00
1.560320663452148438e+02 3.303891062736511230e+02 1.652398777008056641e+02 3.445403766632080078e+02 1.700765514373779297e+02 3.577836942672729492e+02 3.000000000000000000e+00
4.586124324798583984e+02 3.259532189369201660e+02 4.649252986907958984e+02 3.387243676185607910e+02 4.670371150970458984e+02 3.509110450744628906e+02 2.000000000000000000e+00
4.191161823272705078e+02 2.126996451616287231e+02 4.086785316467285156e+02 2.244542080163955688e+02 3.935473346710205078e+02 2.353537291288375854e+02 1.000000000000000000e+00
5.073547172546386719e+02 4.232527256011962891e+02 5.168107986450195312e+02 4.365490579605102539e+02 5.220524978637695312e+02 4.490169525146484375e+02 3.000000000000000000e+00
2.071689414978027344e+02 3.008192753791809082e+02 2.162317657470703125e+02 3.148207139968872070e+02 2.211221027374267578e+02 3.280021691322326660e+02 3.000000000000000000e+00
1.654396057128906250e+02 3.733844375610351562e+02 1.747018146514892578e+02 3.874791383743286133e+02 1.797870159149169922e+02 4.007067346572875977e+02 3.000000000000000000e+00
3.271084290742874146e+02 1.534518098831176758e+02 3.149595946073532104e+02 1.637295341491699219e+02 2.982238769531250000e+02 1.748973941802978516e+02 1.000000000000000000e+00
1.584497261047363281e+02 3.713591051101684570e+02 1.677236938476562500e+02 3.854677248001098633e+02 1.727668857574462891e+02 3.987359333038330078e+02 3.000000000000000000e+00
1.397510910034179688e+02 3.154089403152465820e+02 1.489232444763183594e+02 3.295846009254455566e+02 1.538514137268066406e+02 3.428370380401611328e+02 3.000000000000000000e+00
3.582753300666809082e+02 2.028863346576690674e+02 3.464982914924621582e+02 2.142915183305740356e+02 3.302982795238494873e+02 2.248328393697738647e+02 1.000000000000000000e+00
5.172637367248535156e+02 4.231974220275878906e+02 5.267155265808105469e+02 4.364369058609008789e+02 5.319128990173339844e+02 4.488814830780029297e+02 3.000000000000000000e+00
4.730322551727294922e+02 3.016320848464965820e+02 4.794700050354003906e+02 3.142464637756347656e+02 4.816426086425781250e+02 3.261769437789916992e+02 2.000000000000000000e+00
1.520576667785644531e+02 3.374477291107177734e+02 1.612565422058105469e+02 3.515770339965820312e+02 1.661490726470947266e+02 3.648190069198608398e+02 3.000000000000000000e+00
5.090676689147949219e+02 1.782996368408203125e+02 5.006771850585937500e+02 1.880076742172241211e+02 4.876188659667968750e+02 1.985050320625305176e+02 1.000000000000000000e+00
4.805281066894531250e+02 4.210135030746459961e+02 4.898573684692382812e+02 4.344124889373779297e+02 4.950354576110839844e+02 4.470387411117553711e+02 3.000000000000000000e+00
4.543621253967285156e+02 2.980019867420196533e+02 4.606327533721923828e+02 3.103682613372802734e+02 4.626226234436035156e+02 3.218562340736389160e+02 2.000000000000000000e+00
4.701279926300048828e+02 3.835958003997802734e+02 4.767855262756347656e+02 3.967771339416503906e+02 4.791610145568847656e+02 4.092748546600341797e+02 2.000000000000000000e+00
1.428825950622558594e+02 3.214206290245056152e+02 1.520928955078125000e+02 3.356042861938476562e+02 1.569749069213867188e+02 3.488526391983032227e+02 3.000000000000000000e+00
5.113841819763183594e+02 2.266860499978065491e+02 5.030969238281250000e+02 2.384666594490408897e+02 4.902584838867187500e+02 2.494947972893714905e+02 1.000000000000000000e+00
5.182002067565917969e+02 2.592923587560653687e+02 5.095370483398437500e+02 2.716643071174621582e+02 4.973758316040039062e+02 2.826859474182128906e+02 1.000000000000000000e+00
3.479254770278930664e+02 3.891805744171142578e+02 3.540898442268371582e+02 4.025076341629028320e+02 3.557576918601989746e+02 4.151891899108886719e+02 2.000000000000000000e+00
2.342178058624267578e+02 4.156330060958862305e+02 2.435077190399169922e+02 4.296926736831665039e+02 2.486727762222290039e+02 4.427748155593872070e+02 3.000000000000000000e+00
2.215040302276611328e+02 3.561777734756469727e+02 2.306406688690185547e+02 3.701646423339843750e+02 2.357229423522949219e+02 3.833734273910522461e+02 3.000000000000000000e+00
5.430327224731445312e+02 2.403389740269631147e+02 5.356352043151855469e+02 2.520902717113494873e+02 5.238377189636230469e+02 2.630845659971237183e+02 1.000000000000000000e+00
3.381549990177154541e+02 3.948917627334594727e+02 3.443098449707031250e+02 4.083566379547119141e+02 3.458685302734375000e+02 4.210292100906372070e+02 2.000000000000000000e+00
3.777261972427368164e+02 1.826736402511596680e+02 3.662372732162475586e+02 1.937648892402648926e+02 3.502623605728149414e+02 2.042032921314239502e+02 1.000000000000000000e+00
2.107983970642089844e+02 3.377359056472778320e+02 2.199762058258056641e+02 3.517840003967285156e+02 2.249587726593017578e+02 3.649005174636840820e+02 3.000000000000000000e+00
3.566574406623840332e+02 2.197979879379272461e+02 3.449402165412902832e+02 2.313300928473472595e+02 3.285923463106155396e+02 2.420238496363162994e+02 1.000000000000000000e+00
5.224218750000000000e+02 2.655307942628860474e+02 5.136688804626464844e+02 2.784658849239349365e+02 5.015223121643066406e+02 2.899459862709045410e+02 1.000000000000000000e+00
5.030854225158691406e+02 2.363344877958297729e+02 4.946725463867187500e+02 2.482192996144294739e+02 4.817655754089355469e+02 2.593125611543655396e+02 1.000000000000000000e+00
4.405597877502441406e+02 2.096168661117553711e+02 4.303768348693847656e+02 2.210780632495880127e+02 4.156267452239990234e+02 2.320558467507362366e+02 1.000000000000000000e+00
4.724046325683593750e+02 3.967713117599487305e+02 4.790837383270263672e+02 4.100683736801147461e+02 4.814671325683593750e+02 4.225506448745727539e+02 2.000000000000000000e+00
5.229822349548339844e+02 3.279916763305664062e+02 5.298765945434570312e+02 3.409244441986083984e+02 5.324068641662597656e+02 3.531056571006774902e+02 2.000000000000000000e+00
4.917698669433593750e+02 3.192609000205993652e+02 4.983762931823730469e+02 3.319664382934570312e+02 5.005908012390136719e+02 3.439310359954833984e+02 2.000000000000000000e+00
5.374616813659667969e+02 2.573181474208831787e+02 5.298701286315917969e+02 2.691694039106369019e+02 5.176766967773437500e+02 2.803303241729736328e+02 1.000000000000000000e+00
1.425235939025878906e+02 3.494326257705688477e+02 1.516738700866699219e+02 3.635812425613403320e+02 1.566315269470214844e+02 3.768176651000976562e+02 3.000000000000000000e+00
4.759213256835937500e+02 2.948640775680541992e+02 4.823551750183105469e+02 3.073762822151184082e+02 4.844501304626464844e+02 3.191840243339538574e+02 2.000000000000000000e+00
1.565179824829101562e+02 3.073247122764587402e+02 1.655679416656494141e+02 3.214378738403320312e+02 1.704552936553955078e+02 3.347062397003173828e+02 3.000000000000000000e+00
4.058658123016357422e+02 1.700956821441650391e+02 3.950638437271118164e+02 1.806654024124145508e+02 3.795976591110229492e+02 1.906040310859680176e+02 1.000000000000000000e+00
4.179958248138427734e+02 1.973547041416168213e+02 4.076389217376708984e+02 2.086941647529602051e+02 3.924176645278930664e+02 2.193247067928314209e+02 1.000000000000000000e+00
4.259131813049316406e+02 2.110736989974975586e+02 4.156863403320312500e+02 2.226603841781616211e+02 4.008000183105468750e+02 2.334679256379604340e+02 1.000000000000000000e+00
5.158260536193847656e+02 2.675693070888519287e+02 5.069769096374511719e+02 2.800844120979309082e+02 4.948659324645996094e+02 2.917568385601043701e+02 1.000000000000000000e+00
5.726739501953125000e+02 3.759788560867309570e+02 5.797386550903320312e+02 3.890733146667480469e+02 5.828298377990722656e+02 4.016204023361206055e+02 2.000000000000000000e+00
5.103943252563476562e+02 1.688723444938659668e+02 5.022836303710937500e+02 1.791496539115905762e+02 4.890348243713378906e+02 1.887889981269836426e+02 1.000000000000000000e+00
3.824212980270385742e+02 2.050353205204010010e+02 3.712371826171875000e+02 2.165286237001419067e+02 3.553908395767211914e+02 2.278811028599739075e+02 1.000000000000000000e+00
2.168004322052001953e+02 3.769168424606323242e+02 2.260501575469970703e+02 3.909317064285278320e+02 2.311416625976562500e+02 4.040071249008178711e+02 3.000000000000000000e+00
3.553700256347656250e+02 1.915620553493499756e+02 3.437324213981628418e+02 2.027673161029815674e+02 3.274491274356842041e+02 2.133272391557693481e+02 1.000000000000000000e+00
4.811075210571289062e+02 2.026128816604614258e+02 4.718612384796142578e+02 2.140637952089309692e+02 4.581623840332031250e+02 2.247935163974761963e+02 1.000000000000000000e+00
5.740886306762695312e+02 3.667073678970336914e+02 5.812382316589355469e+02 3.797212314605712891e+02 5.842154502868652344e+02 3.919125080108642578e+02 2.000000000000000000e+00
4.354986000061035156e+02 2.150013256072998047e+02 4.253064632415771484e+02 2.265428459644317627e+02 4.105472755432128906e+02 2.375449369847774506e+02 1.000000000000000000e+00
2.215373325347900391e+02 3.217256784439086914e+02 2.306241130828857422e+02 3.357147860527038574e+02 2.356129550933837891e+02 3.487948966026306152e+02 3.000000000000000000e+00
5.077378273010253906e+02 3.217901945114135742e+02 5.144039916992187500e+02 3.345885658264160156e+02 5.167166137695312500e+02 3.466265916824340820e+02 2.000000000000000000e+00
1.673509502410888672e+02 3.673476076126098633e+02 1.766130924224853516e+02 3.814462709426879883e+02 1.816704273223876953e+02 3.947040224075317383e+02 3.000000000000000000e+00
5.367485427856445312e+02 2.592792373895645142e+02 5.292715454101562500e+02 2.709834909439086914e+02 5.170528030395507812e+02 2.821882653236389160e+02 1.000000000000000000e+00
3.748130798339843750e+02 4.014934730529785156e+02 3.817326974868774414e+02 4.147715234756469727e+02 3.881377887725830078e+02 4.273499822616577148e+02 2.000000000000000000e+00
4.048255920410156250e+02 2.042463040351867676e+02 3.940138244628906250e+02 2.155992257595062256e+02 3.783851957321166992e+02 2.263628536462783813e+02 1.000000000000000000e+00
3.972093534469604492e+02 1.747848916053771973e+02 3.863955402374267578e+02 1.856518077850341797e+02 3.709843444824218750e+02 1.959398639202117920e+02 1.000000000000000000e+00
1.652463340759277344e+02 3.000676918029785156e+02 1.741988849639892578e+02 3.141485309600830078e+02 1.789575004577636719e+02 3.273249220848083496e+02 3.000000000000000000e+00
5.217970085144042969e+02 2.435315553098917007e+02 5.135895347595214844e+02 2.553940898180007935e+02 5.008339309692382812e+02 2.666288155317306519e+02 1.000000000000000000e+00
1.460619354248046875e+02 3.042749691009521484e+02 1.551385498046875000e+02 3.184129714965820312e+02 1.600133991241455078e+02 3.316986107826232910e+02 3.000000000000000000e+00
5.229988479614257812e+02 2.360205227136611938e+02 5.147449302673339844e+02 2.477081608772277832e+02 5.020042991638183594e+02 2.587766736745834351e+02 1.000000000000000000e+00
4.848739624023437500e+02 4.152238512039184570e+02 4.941758155822753906e+02 4.284890556335449219e+02 4.991743850708007812e+02 4.411204576492309570e+02 3.000000000000000000e+00
5.509750938415527344e+02 3.263978290557861328e+02 5.581276893615722656e+02 3.393444299697875977e+02 5.608346557617187500e+02 3.514013743400573730e+02 2.000000000000000000e+00
5.175257682800292969e+02 2.367637022584676743e+02 5.092613029479980469e+02 2.485166171193122864e+02 4.964418601989746094e+02 2.595965284109115601e+02 1.000000000000000000e+00
4.869470214843750000e+02 3.127786302566528320e+02 4.935275268554687500e+02 3.254835891723632812e+02 4.957783317565917969e+02 3.374209070205688477e+02 2.000000000000000000e+00
5.225760459899902344e+02 2.273315271735191345e+02 5.143529701232910156e+02 2.390223693475127220e+02 5.015928459167480469e+02 2.500493019819259644e+02 1.000000000000000000e+00
4.513508605957031250e+02 3.781183290481567383e+02 4.576782512664794922e+02 3.909897279739379883e+02 4.599616146087646484e+02 4.036795091629028320e+02 2.000000000000000000e+00
4.670899105072021484e+02 2.095545780658721924e+02 4.577038574218750000e+02 2.210633540153503418e+02 4.436936378479003906e+02 2.321258693933486938e+02 1.000000000000000000e+00
3.934627103805541992e+02 2.125689983367919922e+02 3.825246000289916992e+02 2.242123550176620483e+02 3.670018339157104492e+02 2.353294828534126282e+02 1.000000000000000000e+00
4.049831867218017578e+02 3.990599727630615234e+02 4.114557552337646484e+02 4.124068450927734375e+02 4.135345172882080078e+02 4.250079202651977539e+02 2.000000000000000000e+00
5.221473503112792969e+02 4.275058650970458984e+02 5.315735435485839844e+02 4.407041072845458984e+02 5.367719841003417969e+02 4.532579469680786133e+02 3.000000000000000000e+00
4.477453613281250000e+02 3.241921734809875488e+02 4.541066932678222656e+02 3.369320154190063477e+02 4.561960124969482422e+02 3.491143584251403809e+02 2.000000000000000000e+00
4.292183876037597656e+02 2.045673644542694092e+02 4.189559936523437500e+02 2.159768664836883545e+02 4.039822673797607422e+02 2.266720113158226013e+02 1.000000000000000000e+00
3.205579223856329918e+02 1.857715415954589844e+02 3.079041135311126709e+02 1.974529552459716797e+02 2.907609558105468750e+02 2.082185804843902588e+02 1.000000000000000000e+00
3.602986764907836914e+02 3.869321680068969727e+02 3.664728689193725586e+02 4.003595924377441406e+02 3.682568073272705078e+02 4.128859949111938477e+02 2.000000000000000000e+00
3.417720651626586914e+02 3.960646820068359375e+02 3.479224252700805664e+02 4.096302509307861328e+02 3.496185922622680664e+02 4.223795557022094727e+02 2.000000000000000000e+00
3.218146972358226776e+02 3.887968826293945312e+02 3.278078615665435791e+02 4.021429252624511719e+02 3.294588321447372437e+02 4.148443078994750977e+02 2.000000000000000000e+00
4.088291931152343750e+02 2.128377217054367065e+02 3.980282926559448242e+02 2.245821833610534668e+02 3.825219440460205078e+02 2.355812376737594604e+02 1.000000000000000000e+00
1.377653884887695312e+02 2.953080475330352783e+02 1.468408584594726562e+02 3.094680547714233398e+02 1.517111968994140625e+02 3.227054786682128906e+02 3.000000000000000000e+00
4.103668880462646484e+02 3.906814956665039062e+02 4.168544960021972656e+02 4.039064168930053711e+02 4.188931560516357422e+02 4.164533758163452148e+02 2.000000000000000000e+00
3.524268198013305664e+02 2.106588113307952881e+02 3.406104135513305664e+02 2.221536862850189209e+02 3.242637330293655396e+02 2.327215419709682465e+02 1.000000000000000000e+00
4.918174552917480469e+02 3.248503732681274414e+02 4.984569358825683594e+02 3.376847004890441895e+02 5.007080650329589844e+02 3.497050523757934570e+02 2.000000000000000000e+00
3.855710744857788086e+02 3.901959371566772461e+02 3.917441701889038086e+02 4.034520721435546875e+02 3.936934518814086914e+02 4.160750484466552734e+02 2.000000000000000000e+00
4.035573482513427734e+02 1.783855104446411133e+02 3.927921152114868164e+02 1.892524981498718262e+02 3.774331998825073242e+02 1.995856761932373047e+02 1.000000000000000000e+00
5.107842445373535156e+02 1.746432495117187500e+02 5.023452186584472656e+02 1.846720254421234131e+02 4.894625282287597656e+02 1.945913064479827881e+02 1.000000000000000000e+00
4.633539772033691406e+02 2.020757424831390381e+02 4.536993694305419922e+02 2.135247784852981567e+02 4.396602821350097656e+02 2.244090110063552856e+02 1.000000000000000000e+00
4.068805599212646484e+02 1.829163622856140137e+02 3.960816669464111328e+02 1.939235508441925049e+02 3.806239652633666992e+02 2.044923520088195801e+02 1.000000000000000000e+00
1.452319908142089844e+02 3.794766283035278320e+02 1.544827461242675781e+02 3.936567163467407227e+02 1.596192359924316406e+02 4.069771242141723633e+02 3.000000000000000000e+00
5.504112625122070312e+02 2.395252685062587261e+02 5.431575393676757812e+02 2.511759191751480103e+02 5.312402343750000000e+02 2.619425672292709351e+02 1.000000000000000000e+00
4.037666034698486328e+02 2.113578164577484131e+02 3.928886747360229492e+02 2.230331557989120483e+02 3.773141479492187500e+02 2.339919885993003845e+02 1.000000000000000000e+00
3.831983661651611328e+02 1.970100688934326172e+02 3.717703580856323242e+02 2.083674895763397217e+02 3.559534311294555664e+02 2.190830075740814209e+02 1.000000000000000000e+00
1.523747253417968750e+02 3.855732822418212891e+02 1.616187286376953125e+02 3.997466468811035156e+02 1.667284202575683594e+02 4.129803800582885742e+02 3.000000000000000000e+00
5.099641227722167969e+02 2.317439872026443481e+02 5.016246032714843750e+02 2.435443878918886185e+02 4.887743568420410156e+02 2.546148839592933655e+02 1.000000000000000000e+00
3.872491788864135742e+02 1.773366022109985352e+02 3.757566547393798828e+02 1.882625234127044678e+02 3.597367262840270996e+02 1.984650564193725586e+02 1.000000000000000000e+00
2.129806327819824219e+02 3.568945670127868652e+02 2.221644306182861328e+02 3.709069919586181641e+02 2.271204471588134766e+02 3.842020368576049805e+02 3.000000000000000000e+00
3.508981633186340332e+02 2.041040933132171631e+02 3.390469968318939209e+02 2.154900491237640381e+02 3.226837158203125000e+02 2.260901176929473877e+02 1.000000000000000000e+00
3.625168466567993164e+02 2.142670118808746338e+02 3.507773137092590332e+02 2.258846274018287659e+02 3.344913029670715332e+02 2.367640683799982071e+02 1.000000000000000000e+00
1.702158164978027344e+02 3.592943501472473145e+02 1.794747257232666016e+02 3.734159660339355469e+02 1.844847106933593750e+02 3.866743183135986328e+02 3.000000000000000000e+00
3.928387165069580078e+02 2.049177825450897217e+02 3.818234586715698242e+02 2.162770217657089233e+02 3.660863637924194336e+02 2.272198024392127991e+02 1.000000000000000000e+00
1.542140960693359375e+02 2.962889742851257324e+02 1.631940174102783203e+02 3.103959059715270996e+02 1.679946708679199219e+02 3.236813735961914062e+02 3.000000000000000000e+00
3.425712895393371582e+02 3.949329614639282227e+02 3.487108159065246582e+02 4.083673524856567383e+02 3.504374384880065918e+02 4.210986757278442383e+02 2.000000000000000000e+00
4.694940471649169922e+02 1.921198689937591553e+02 4.601436805725097656e+02 2.035014474391937256e+02 4.463415527343750000e+02 2.141630995273590088e+02 1.000000000000000000e+00
3.788574218750000000e+02 1.762127923965454102e+02 3.673734426498413086e+02 1.871264147758483887e+02 3.513880324363708496e+02 1.973164057731628418e+02 1.000000000000000000e+00
5.169251823425292969e+02 3.799703121185302734e+02 5.239756584167480469e+02 3.932572460174560547e+02 5.265963745117187500e+02 4.056634855270385742e+02 2.000000000000000000e+00
4.311436176300048828e+02 1.964721965789794922e+02 4.208164119720458984e+02 2.077383863925933838e+02 4.058455848693847656e+02 2.184222704172134399e+02 1.000000000000000000e+00
4.409896850585937500e+02 2.021244013309478760e+02 4.308101844787597656e+02 2.135152423381805420e+02 4.160323238372802734e+02 2.243775326013565063e+02 1.000000000000000000e+00
3.329195559024810791e+02 1.493511629104614258e+02 3.203380432352423668e+02 1.611449861526489258e+02 3.034410095214843750e+02 1.723752880096435547e+02 1.000000000000000000e+00
1.399086952209472656e+02 3.284337544441223145e+02 1.491364479064941406e+02 3.426003456115722656e+02 1.539753723144531250e+02 3.558556866645812988e+02 3.000000000000000000e+00
1.583538055419921875e+02 3.633447647094726562e+02 1.676007366180419922e+02 3.774545001983642578e+02 1.726546001434326172e+02 3.906822538375854492e+02 3.000000000000000000e+00
3.994162893295288086e+02 3.881315088272094727e+02 4.057125854492187500e+02 4.013507223129272461e+02 4.076806640625000000e+02 4.138982677459716797e+02 2.000000000000000000e+00
4.071723079681396484e+02 1.970960819721221924e+02 3.963311147689819336e+02 2.085132730007171631e+02 3.807038879394531250e+02 2.190135186910629272e+02 1.000000000000000000e+00
3.762555551528930664e+02 3.895398616790771484e+02 3.824699115753173828e+02 4.028557491302490234e+02 3.843381357192993164e+02 4.154806280136108398e+02 2.000000000000000000e+00
5.063402175903320312e+02 1.849107956886291504e+02 4.978194236755371094e+02 1.948643159866333008e+02 4.847421073913574219e+02 2.056110978126525879e+02 1.000000000000000000e+00
1.625118732452392578e+02 3.824372005462646484e+02 1.717674541473388672e+02 3.966068744659423828e+02 1.768783092498779297e+02 4.098363733291625977e+02 3.000000000000000000e+00
4.841062355041503906e+02 3.052358150482177734e+02 4.905916404724121094e+02 3.178333783149719238e+02 4.928367042541503906e+02 3.297764325141906738e+02 2.000000000000000000e+00
4.549260616302490234e+02 2.027660214900970459e+02 4.450933551788330078e+02 2.142751443386077881e+02 4.308382320404052734e+02 2.251582941412925720e+02 1.000000000000000000e+00
2.056334686279296875e+02 3.860760211944580078e+02 2.149516868591308594e+02 4.000613164901733398e+02 2.200658702850341797e+02 4.132602596282958984e+02 3.000000000000000000e+00
5.011670303344726562e+02 2.094513988494873047e+02 4.922675132751464844e+02 2.211250144243240356e+02 4.788942623138427734e+02 2.320697629451751709e+02 1.000000000000000000e+00
3.722279691696166992e+02 1.978654289245605469e+02 3.605065298080444336e+02 2.092706286907196045e+02 3.443337416648864746e+02 2.200062400102615356e+02 1.000000000000000000e+00
4.404206848144531250e+02 3.168567252159118652e+02 4.467084407806396484e+02 3.297666335105895996e+02 4.489616394042968750e+02 3.420802330970764160e+02 2.000000000000000000e+00
4.885324096679687500e+02 3.793866920471191406e+02 4.954532241821289062e+02 3.926435565948486328e+02 4.978875541687011719e+02 4.050193262100219727e+02 2.000000000000000000e+00
3.276007997989654541e+02 3.886615991592407227e+02 3.336608278751373291e+02 4.019960117340087891e+02 3.352959907054901123e+02 4.146830892562866211e+02 2.000000000000000000e+00
5.677145957946777344e+02 3.348132991790771484e+02 5.747002029418945312e+02 3.477463459968566895e+02 5.775853919982910156e+02 3.597520208358764648e+02 2.000000000000000000e+00
3.935713815689086914e+02 1.777313661575317383e+02 3.824817514419555664e+02 1.886374032497406006e+02 3.667396259307861328e+02 1.988934910297393799e+02 1.000000000000000000e+00
5.426852989196777344e+02 2.341778866946697235e+02 5.351133537292480469e+02 2.457977601885795593e+02 5.227649497985839844e+02 2.566420912742614746e+02 1.000000000000000000e+00
3.893096017837524414e+02 1.749197959899902344e+02 3.781413602828979492e+02 1.858097362518310547e+02 3.622903442382812500e+02 1.960619330406188965e+02 1.000000000000000000e+00
4.802764320373535156e+02 3.101906490325927734e+02 4.867587280273437500e+02 3.227840924263000488e+02 4.890289115905761719e+02 3.347532391548156738e+02 2.000000000000000000e+00
1.689216899871826172e+02 3.282567787170410156e+02 1.781036186218261719e+02 3.423867273330688477e+02 1.831058502197265625e+02 3.556078219413757324e+02 3.000000000000000000e+00
5.363783073425292969e+02 3.285107445716857910e+02 5.437716674804687500e+02 3.414838600158691406e+02 5.466300773620605469e+02 3.536098408699035645e+02 2.000000000000000000e+00
3.366642153263092041e+02 4.173184347152709961e+02 3.459316706657409668e+02 4.308066129684448242e+02 3.509802246093750000e+02 4.437725257873535156e+02 3.000000000000000000e+00
5.683563804626464844e+02 3.276325106620788574e+02 5.752380943298339844e+02 3.405825233459472656e+02 5.781191444396972656e+02 3.526656532287597656e+02 2.000000000000000000e+00
5.180839347839355469e+02 2.612327277660369873e+02 5.091498756408691406e+02 2.744481825828552246e+02 4.971021461486816406e+02 2.855880153179168701e+02 1.000000000000000000e+00
3.923254728317260742e+02 1.971705293655395508e+02 3.812724637985229492e+02 2.084339261054992676e+02 3.654548025131225586e+02 2.190688008069992065e+02 1.000000000000000000e+00
4.978912353515625000e+02 2.580737614631652832e+02 4.888700675964355469e+02 2.701862204074859619e+02 4.755111980438232422e+02 2.815439164638519287e+02 1.000000000000000000e+00
5.083175659179687500e+02 2.752073693275451660e+02 4.990838432312011719e+02 2.876155722141265869e+02 4.871267127990722656e+02 2.995585370063781738e+02 1.000000000000000000e+00
5.742008018493652344e+02 3.415262818336486816e+02 5.813201332092285156e+02 3.544237732887268066e+02 5.842369461059570312e+02 3.663953876495361328e+02 2.000000000000000000e+00
4.735280799865722656e+02 2.122372877597808838e+02 4.641177654266357422e+02 2.238642883300781250e+02 4.502380371093750000e+02 2.349579463899135590e+02 1.000000000000000000e+00
2.110404682159423828e+02 3.674998283386230469e+02 2.202002429962158203e+02 3.815315008163452148e+02 2.252223968505859375e+02 3.947136354446411133e+02 3.000000000000000000e+00
2.123120689392089844e+02 3.108183646202087402e+02 2.213207244873046875e+02 3.247966361045837402e+02 2.263112735748291016e+02 3.379744005203247070e+02 3.000000000000000000e+00
5.028902053833007812e+02 2.665212106704711914e+02 4.940165138244628906e+02 2.791644322872161865e+02 4.807292175292968750e+02 2.908454310894012451e+02 1.000000000000000000e+00
3.215356139838695526e+02 4.203740644454956055e+02 3.308957517147064209e+02 4.342758035659790039e+02 3.359452211856842041e+02 4.470264387130737305e+02 3.000000000000000000e+00
5.124531364440917969e+02 1.632548046112060547e+02 5.043577575683593750e+02 1.734911298751831055e+02 4.912410354614257812e+02 1.831325662136077881e+02 1.000000000000000000e+00
4.621477699279785156e+02 3.838407039642333984e+02 4.688293457031250000e+02 3.968640518188476562e+02 4.711788082122802734e+02 4.094579315185546875e+02 2.000000000000000000e+00
3.342197263240814209e+02 3.961402416229248047e+02 3.403051757812500000e+02 4.097691392898559570e+02 3.419272470474243164e+02 4.224264335632324219e+02 2.000000000000000000e+00
3.921971130371093750e+02 3.872136354446411133e+02 3.984284353256225586e+02 4.004456233978271484e+02 4.003856563568115234e+02 4.130294322967529297e+02 2.000000000000000000e+00
5.149135208129882812e+02 2.068483722209930420e+02 5.065428733825683594e+02 2.184417253732681274e+02 4.934449195861816406e+02 2.291962122917175293e+02 1.000000000000000000e+00
5.102186012268066406e+02 4.135473346710205078e+02 5.197008132934570312e+02 4.267324876785278320e+02 5.247949790954589844e+02 4.392337131500244141e+02 3.000000000000000000e+00
5.049202919006347656e+02 3.801699972152709961e+02 5.116721534729003906e+02 3.934285354614257812e+02 5.142642784118652344e+02 4.058097553253173828e+02 2.000000000000000000e+00
4.803989219665527344e+02 2.100515878200531006e+02 4.711088275909423828e+02 2.216490161418914795e+02 4.573219966888427734e+02 2.325855249166488647e+02 1.000000000000000000e+00
1.973406314849853516e+02 3.578547120094299316e+02 2.065626049041748047e+02 3.719114112854003906e+02 2.117554759979248047e+02 3.852150678634643555e+02 3.000000000000000000e+00
4.908394813537597656e+02 2.097281169891357422e+02 4.817378807067871094e+02 2.213689863681793213e+02 4.682760906219482422e+02 2.323330226540565491e+02 1.000000000000000000e+00
4.821714210510253906e+02 3.640183210372924805e+02 4.889181327819824219e+02 3.770949411392211914e+02 4.912843132019042969e+02 3.893172740936279297e+02 2.000000000000000000e+00
3.293743288516998291e+02 1.489930200576782227e+02 3.164916992187500000e+02 1.616877079010009766e+02 2.996839284896850586e+02 1.727895784378051758e+02 1.000000000000000000e+00
5.604469680786132812e+02 2.236379545927047729e+02 5.533522987365722656e+02 2.350533445179462433e+02 5.419332313537597656e+02 2.456799624860286713e+02 1.000000000000000000e+00
5.661206054687500000e+02 3.723647260665893555e+02 5.732299232482910156e+02 3.853909063339233398e+02 5.762489128112792969e+02 3.976703310012817383e+02 2.000000000000000000e+00
4.966831016540527344e+02 4.148425626754760742e+02 5.059746742248535156e+02 4.280719327926635742e+02 5.112140846252441406e+02 4.405505132675170898e+02 3.000000000000000000e+00
5.319924926757812500e+02 3.161864376068115234e+02 5.387486076354980469e+02 3.289800167083740234e+02 5.414099121093750000e+02 3.410716009140014648e+02 2.000000000000000000e+00
3.488213801383972168e+02 3.974438238143920898e+02 3.550201416015625000e+02 4.108541679382324219e+02 3.566796565055847168e+02 4.236657571792602539e+02 2.000000000000000000e+00
3.852973937988281250e+02 1.821190452575683594e+02 3.737966918945312500e+02 1.931778395175933838e+02 3.578318476676940918e+02 2.035525953769683838e+02 1.000000000000000000e+00
5.359328079223632812e+02 3.947976207733154297e+02 5.432385826110839844e+02 4.081333637237548828e+02 5.460839843750000000e+02 4.205493021011352539e+02 2.000000000000000000e+00
2.189815044403076172e+02 3.458393025398254395e+02 2.281436252593994141e+02 3.598539805412292480e+02 2.331029605865478516e+02 3.730481386184692383e+02 3.000000000000000000e+00
5.256771850585937500e+02 2.492901769280433655e+02 5.175702476501464844e+02 2.612826240062713623e+02 5.048620605468750000e+02 2.727439606189727783e+02 1.000000000000000000e+00
5.591630935668945312e+02 1.832186257839202881e+02 5.520869827270507812e+02 1.935314619541168213e+02 5.405092239379882812e+02 2.043167388439178467e+02 1.000000000000000000e+00
5.728180503845214844e+02 3.735015964508056641e+02 5.799585533142089844e+02 3.865748691558837891e+02 5.829927444458007812e+02 3.989795351028442383e+02 2.000000000000000000e+00
3.726674222946166992e+02 4.255084276199340820e+02 3.820246887207031250e+02 4.394210672378540039e+02 3.871405935287475586e+02 4.519465112686157227e+02 3.000000000000000000e+00
4.246312904357910156e+02 2.059496605396270752e+02 4.144054317474365234e+02 2.174332720041275024e+02 3.993453693389892578e+02 2.279434043169021606e+02 1.000000000000000000e+00
4.469730567932128906e+02 2.054222238063812256e+02 4.368700599670410156e+02 2.168072336912155151e+02 4.222172832489013672e+02 2.277861928939819336e+02 1.000000000000000000e+00
4.401875019073486328e+02 2.423698883503675461e+02 4.311512470245361328e+02 2.541184088587760925e+02 4.173163795471191406e+02 2.653589487075805664e+02 1.000000000000000000e+00
4.415501117706298828e+02 3.328122282028198242e+02 4.477743816375732422e+02 3.456320858001708984e+02 4.497986507415771484e+02 3.577639532089233398e+02 2.000000000000000000e+00
5.222194290161132812e+02 3.214003372192382812e+02 5.290999221801757812e+02 3.342073130607604980e+02 5.314645957946777344e+02 3.462687420845031738e+02 2.000000000000000000e+00
4.872665214538574219e+02 2.035742640495300293e+02 4.781163311004638672e+02 2.150211024284362793e+02 4.645344257354736328e+02 2.258155506849288940e+02 1.000000000000000000e+00
5.085940361022949219e+02 2.357572017610073090e+02 5.002839469909667969e+02 2.475870215892791748e+02 4.874063491821289062e+02 2.586791396141052246e+02 1.000000000000000000e+00
4.863114929199218750e+02 2.084214162826538086e+02 4.771304988861083984e+02 2.200152575969696045e+02 4.635383319854736328e+02 2.309271231293678284e+02 1.000000000000000000e+00
4.848166465759277344e+02 3.405931735038757324e+02 4.914302062988281250e+02 3.534428429603576660e+02 4.938582229614257812e+02 3.654329538345336914e+02 2.000000000000000000e+00
1.716692161560058594e+02 4.187902307510375977e+02 1.812067127227783203e+02 4.329462146759033203e+02 1.861504936218261719e+02 4.461940097808837891e+02 3.000000000000000000e+00
4.890652465820312500e+02 1.900000119209289551e+02 4.799704933166503906e+02 2.012019467353820801e+02 4.662836360931396484e+02 2.116710805892944336e+02 1.000000000000000000e+00
4.825659561157226562e+02 2.949663734436035156e+02 4.890055274963378906e+02 3.074770832061767578e+02 4.911751365661621094e+02 3.192725872993469238e+02 2.000000000000000000e+00
4.481395626068115234e+02 3.344177269935607910e+02 4.544011592864990234e+02 3.472648358345031738e+02 4.564138221740722656e+02 3.594510269165039062e+02 2.000000000000000000e+00
4.206198787689208984e+02 2.068576955795288086e+02 4.103645992279052734e+02 2.185004711151123047e+02 3.951737070083618164e+02 2.289270168542861938e+02 1.000000000000000000e+00
2.213730716705322266e+02 3.337236714363098145e+02 2.305094909667968750e+02 3.477452731132507324e+02 2.354374027252197266e+02 3.608516550064086914e+02 3.000000000000000000e+00
3.484066462516784668e+02 2.108018928766250610e+02 3.365207219123840332e+02 2.222642970085144043e+02 3.202438049390912056e+02 2.327878260612487793e+02 1.000000000000000000e+00
4.583843421936035156e+02 2.036533319950103760e+02 4.486609554290771484e+02 2.150653821229934692e+02 4.346150493621826172e+02 2.260039204359054565e+02 1.000000000000000000e+00
4.851933288574218750e+02 1.695422458648681641e+02 4.764867305755615234e+02 1.807478749752044678e+02 4.623127174377441406e+02 1.902614736557006836e+02 1.000000000000000000e+00
5.017835807800292969e+02 3.265648269653320312e+02 5.084632682800292969e+02 3.394754076004028320e+02 5.107995414733886719e+02 3.515231108665466309e+02 2.000000000000000000e+00
4.256750488281250000e+02 1.993596160411834717e+02 4.153816223144531250e+02 2.106362450122833252e+02 4.003595924377441406e+02 2.213082718849182129e+02 1.000000000000000000e+00
5.327442741394042969e+02 3.796303510665893555e+02 5.397003173828125000e+02 3.928909921646118164e+02 5.425934410095214844e+02 4.053986549377441406e+02 2.000000000000000000e+00
4.741595172882080078e+02 1.978869616985321045e+02 4.647257423400878906e+02 2.092764401435852051e+02 4.508759498596191406e+02 2.198765552043914795e+02 1.000000000000000000e+00
3.064489746093750000e+02 4.240835380554199219e+02 3.156863096356391907e+02 4.379511165618896484e+02 3.208505249023437500e+02 4.508128452301025391e+02 3.000000000000000000e+00
5.513300895690917969e+02 2.415121308714151382e+02 5.440843582153320312e+02 2.531351780891418457e+02 5.322363281250000000e+02 2.638697522878646851e+02 1.000000000000000000e+00
3.004867243766784668e+02 4.232121706008911133e+02 3.097355949878692627e+02 4.371562957763671875e+02 3.148364561796188354e+02 4.500987052917480469e+02 3.000000000000000000e+00
4.462265300750732422e+02 3.132084989547729492e+02 4.526396465301513672e+02 3.258888888359069824e+02 4.547743511199951172e+02 3.380472493171691895e+02 2.000000000000000000e+00
1.985133934020996094e+02 4.041082477569580078e+02 2.078446674346923828e+02 4.181584882736206055e+02 2.131169700622558594e+02 4.313697052001953125e+02 3.000000000000000000e+00
1.975534057617187500e+02 3.910431289672851562e+02 2.068551445007324219e+02 4.050797796249389648e+02 2.120318412780761719e+02 4.182487249374389648e+02 3.000000000000000000e+00
1.690842437744140625e+02 3.452765536308288574e+02 1.783260822296142578e+02 3.594355201721191406e+02 1.833100986480712891e+02 3.726472234725952148e+02 3.000000000000000000e+00
5.216681480407714844e+02 1.984419071674346924e+02 5.135149002075195312e+02 2.094832134246826172e+02 5.006090164184570312e+02 2.197561937570571899e+02 1.000000000000000000e+00
1.499735069274902344e+02 3.224661612510681152e+02 1.591609764099121094e+02 3.366345906257629395e+02 1.640416717529296875e+02 3.498254442214965820e+02 3.000000000000000000e+00
1.986380481719970703e+02 4.162759494781494141e+02 2.080405521392822266e+02 4.303935098648071289e+02 2.132912445068359375e+02 4.434515476226806641e+02 3.000000000000000000e+00
3.259833377599716187e+02 1.707603406906127930e+02 3.138106685876846313e+02 1.809376788139343262e+02 2.973499751091003418e+02 1.902627217769622803e+02 1.000000000000000000e+00
3.472941589355468750e+02 4.162695980072021484e+02 3.566388249397277832e+02 4.298133087158203125e+02 3.616675424575805664e+02 4.428580427169799805e+02 3.000000000000000000e+00
3.582304382324218750e+02 1.509578061103820801e+02 3.469823312759399414e+02 1.620689177513122559e+02 3.309687507152557373e+02 1.713523221015930176e+02 1.000000000000000000e+00
3.705508756637573242e+02 3.868349361419677734e+02 3.767590332031250000e+02 4.002685260772705078e+02 3.785710477828979492e+02 4.127757024765014648e+02 2.000000000000000000e+00
4.450763607025146484e+02 3.059314942359924316e+02 4.515576457977294922e+02 3.186248803138732910e+02 4.537117004394531250e+02 3.307726192474365234e+02 2.000000000000000000e+00
1.630104923248291016e+02 3.313707661628723145e+02 1.722121429443359375e+02 3.455154204368591309e+02 1.771824359893798828e+02 3.587214732170104980e+02 3.000000000000000000e+00
3.981536865234375000e+02 1.813726007938385010e+02 3.873525381088256836e+02 1.923546588420867920e+02 3.718678283691406250e+02 2.028600597381591797e+02 1.000000000000000000e+00
2.162834644317626953e+02 3.616511249542236328e+02 2.254166507720947266e+02 3.756622982025146484e+02 2.305010795593261719e+02 3.888759183883666992e+02 3.000000000000000000e+00
4.479154968261718750e+02 2.096619415283203125e+02 4.379415035247802734e+02 2.211473536491394043e+02 4.232831764221191406e+02 2.321653282642364502e+02 1.000000000000000000e+00
1.650433158874511719e+02 3.112590980529785156e+02 1.742259502410888672e+02 3.253792476654052734e+02 1.792245483398437500e+02 3.385502386093139648e+02 3.000000000000000000e+00
2.147709465026855469e+02 3.849962854385375977e+02 2.240870761871337891e+02 3.989697074890136719e+02 2.291613101959228516e+02 4.121477079391479492e+02 3.000000000000000000e+00
3.784720754623413086e+02 2.112112265825271606e+02 3.673519611358642578e+02 2.228593128919601440e+02 3.516812133789062500e+02 2.341600187122821808e+02 1.000000000000000000e+00
3.257188719511032104e+02 3.946367025375366211e+02 3.317561948299407959e+02 4.080966854095458984e+02 3.334097898006439209e+02 4.207658243179321289e+02 2.000000000000000000e+00
4.800807571411132812e+02 3.394618248939514160e+02 4.866322708129882812e+02 3.523115301132202148e+02 4.889393615722656250e+02 3.643586540222167969e+02 2.000000000000000000e+00
5.403462028503417969e+02 2.394776305742561817e+02 5.329065513610839844e+02 2.512574467062950134e+02 5.209508705139160156e+02 2.623169875144958496e+02 1.000000000000000000e+00
5.680522537231445312e+02 1.559054517745971680e+02 5.613728141784667969e+02 1.660034322738647461e+02 5.499091911315917969e+02 1.754004192352294922e+02 1.000000000000000000e+00
3.835072946548461914e+02 4.191622781753540039e+02 3.928156137466430664e+02 4.328338766098022461e+02 3.979160451889038086e+02 4.455574464797973633e+02 3.000000000000000000e+00
4.145811748504638672e+02 2.065806269645690918e+02 4.040540504455566406e+02 2.183333265781402588e+02 3.886175537109375000e+02 2.286983183026313782e+02 1.000000000000000000e+00
5.409987258911132812e+02 3.732686233520507812e+02 5.479586791992187500e+02 3.863913917541503906e+02 5.508517456054687500e+02 3.987931537628173828e+02 2.000000000000000000e+00
5.160400390625000000e+02 2.427367707341909409e+02 5.077935218811035156e+02 2.545668643712997437e+02 4.950393486022949219e+02 2.657151800394058228e+02 1.000000000000000000e+00
4.725185871124267578e+02 3.374699163436889648e+02 4.790909767150878906e+02 3.502701473236083984e+02 4.813475990295410156e+02 3.623270702362060547e+02 2.000000000000000000e+00
3.716387319564819336e+02 2.115404194593429565e+02 3.600315570831298828e+02 2.232896107435226440e+02 3.438821101188659668e+02 2.343794095516204834e+02 1.000000000000000000e+00
5.659760856628417969e+02 3.761048698425292969e+02 5.730376625061035156e+02 3.891925477981567383e+02 5.761562538146972656e+02 4.017220830917358398e+02 2.000000000000000000e+00
2.045557975769042969e+02 3.708099746704101562e+02 2.137893676757812500e+02 3.848819017410278320e+02 2.188836956024169922e+02 3.981738996505737305e+02 3.000000000000000000e+00
4.552217769622802734e+02 2.081759941577911377e+02 4.454651832580566406e+02 2.196092677116394043e+02 4.313000774383544922e+02 2.306233969330787659e+02 1.000000000000000000e+00
1.400885200500488281e+02 3.374988484382629395e+02 1.492663955688476562e+02 3.516237831115722656e+02 1.541190528869628906e+02 3.648873424530029297e+02 3.000000000000000000e+00
5.493575477600097656e+02 2.021247231960296631e+02 5.420398521423339844e+02 2.131702709197998047e+02 5.302842521667480469e+02 2.234406119585037231e+02 1.000000000000000000e+00
3.736704397201538086e+02 2.051963031291961670e+02 3.618464994430541992e+02 2.167970108985900879e+02 3.456943964958190918e+02 2.276762840151786804e+02 1.000000000000000000e+00
4.393297481536865234e+02 3.365321373939514160e+02 4.455760860443115234e+02 3.494528532028198242e+02 4.475806331634521484e+02 3.615593290328979492e+02 2.000000000000000000e+00
3.351998901367187500e+02 3.985548734664916992e+02 3.414097285270690918e+02 4.121818256378173828e+02 3.431398940086364746e+02 4.247674083709716797e+02 2.000000000000000000e+00
4.098966693878173828e+02 2.080697464942932129e+02 3.991398334503173828e+02 2.197967827320098877e+02 3.836209106445312500e+02 2.304323118925094604e+02 1.000000000000000000e+00
4.321280860900878906e+02 3.290017747879028320e+02 4.387966632843017578e+02 3.420619869232177734e+02 4.412270545959472656e+02 3.543244671821594238e+02 2.000000000000000000e+00
1.580712509155273438e+02 3.233702731132507324e+02 1.672568511962890625e+02 3.375230741500854492e+02 1.721951103210449219e+02 3.507248282432556152e+02 3.000000000000000000e+00
4.669096660614013672e+02 2.960790431499481201e+02 4.731625366210937500e+02 3.083443665504455566e+02 4.751162719726562500e+02 3.199269747734069824e+02 2.000000000000000000e+00
3.755406808853149414e+02 1.616830229759216309e+02 3.642220449447631836e+02 1.721371436119079590e+02 3.484944152832031250e+02 1.818424665927886963e+02 1.000000000000000000e+00
2.392053794860839844e+02 4.199378728866577148e+02 2.485204601287841797e+02 4.340133762359619141e+02 2.537018251419067383e+02 4.470920276641845703e+02 3.000000000000000000e+00
3.213166809082031250e+02 1.716856956481933594e+02 3.091017448902130127e+02 1.819766056537628174e+02 2.925919485092163086e+02 1.912953007221221924e+02 1.000000000000000000e+00
1.566071510314941406e+02 4.205262565612792969e+02 1.660328483581542969e+02 4.346467065811157227e+02 1.712290287017822266e+02 4.480958318710327148e+02 3.000000000000000000e+00
4.812227439880371094e+02 3.933223628997802734e+02 4.879537010192871094e+02 4.065662670135498047e+02 4.903683853149414062e+02 4.189911603927612305e+02 2.000000000000000000e+00
5.617462158203125000e+02 2.406184387765824795e+02 5.554865074157714844e+02 2.520488592982292175e+02 5.438032341003417969e+02 2.626126420497894287e+02 1.000000000000000000e+00
4.741782569885253906e+02 3.581594324111938477e+02 4.807924461364746094e+02 3.712450361251831055e+02 4.830306434631347656e+02 3.834269428253173828e+02 2.000000000000000000e+00
3.959524869918823242e+02 2.214667350053787231e+02 3.850771808624267578e+02 2.331507718563079834e+02 3.700749826431274414e+02 2.442387087643146515e+02 1.000000000000000000e+00
5.054631996154785156e+02 1.927048301696777344e+02 4.970104980468750000e+02 2.036136925220489502e+02 4.837578773498535156e+02 2.146364271640777588e+02 1.000000000000000000e+00
4.595621681213378906e+02 2.238532251119613647e+02 4.499136352539062500e+02 2.356317745149135590e+02 4.358034420013427734e+02 2.468513493239879608e+02 1.000000000000000000e+00
1.488800239562988281e+02 3.153406691551208496e+02 1.580024909973144531e+02 3.294917321205139160e+02 1.628826427459716797e+02 3.427263879776000977e+02 3.000000000000000000e+00
1.576315307617187500e+02 3.995868301391601562e+02 1.669654178619384766e+02 4.137690210342407227e+02 1.720872974395751953e+02 4.269779491424560547e+02 3.000000000000000000e+00
3.985082101821899414e+02 2.106871622800827026e+02 3.875837421417236328e+02 2.223546749353408813e+02 3.720148324966430664e+02 2.333974148333072662e+02 1.000000000000000000e+00
3.737782001495361328e+02 2.116084116697311401e+02 3.624100971221923828e+02 2.233540481328964233e+02 3.464387202262878418e+02 2.344821926951408386e+02 1.000000000000000000e+00
4.385762691497802734e+02 2.205008536577224731e+02 4.283237934112548828e+02 2.320464169979095459e+02 4.136299133300781250e+02 2.431379547715187073e+02 1.000000000000000000e+00
3.664773273468017578e+02 2.041787838935852051e+02 3.546703505516052246e+02 2.156297135353088379e+02 3.385178840160369873e+02 2.263344874978065491e+02 1.000000000000000000e+00
5.043393516540527344e+02 2.587008672952651978e+02 4.955881690979003906e+02 2.711353468894958496e+02 4.823886680603027344e+02 2.825552380084991455e+02 1.000000000000000000e+00
5.606947708129882812e+02 3.797705698013305664e+02 5.677429199218750000e+02 3.928623104095458984e+02 5.708353996276855469e+02 4.054908227920532227e+02 2.000000000000000000e+00
4.695197486877441406e+02 2.162391042709350586e+02 4.600960731506347656e+02 2.278798824548721313e+02 4.461225605010986328e+02 2.390426024794578552e+02 1.000000000000000000e+00
4.404255676269531250e+02 3.465766668319702148e+02 4.466591167449951172e+02 3.595291471481323242e+02 4.487116718292236328e+02 3.716594266891479492e+02 2.000000000000000000e+00
4.279667949676513672e+02 3.876495122909545898e+02 4.345205688476562500e+02 4.007935523986816406e+02 4.365980243682861328e+02 4.133041763305664062e+02 2.000000000000000000e+00
2.142961215972900391e+02 3.329011273384094238e+02 2.234001922607421875e+02 3.469398880004882812e+02 2.283296489715576172e+02 3.601250982284545898e+02 3.000000000000000000e+00
5.035654067993164062e+02 1.651975536346435547e+02 4.953175163269042969e+02 1.750612449645996094e+02 4.822152519226074219e+02 1.851447558403015137e+02 1.000000000000000000e+00
2.042376708984375000e+02 3.178498864173889160e+02 2.133162689208984375e+02 3.318388438224792480e+02 2.182856464385986328e+02 3.450659251213073730e+02 3.000000000000000000e+00
3.859042072296142578e+02 1.731940269470214844e+02 3.744727802276611328e+02 1.838508260250091553e+02 3.585326838493347168e+02 1.938393545150756836e+02 1.000000000000000000e+00
4.383989906311035156e+02 4.036704254150390625e+02 4.454072570800781250e+02 4.169627237319946289e+02 4.476690101623535156e+02 4.295915651321411133e+02 2.000000000000000000e+00
4.503212928771972656e+02 1.618453502655029297e+02 4.415762042999267578e+02 1.717782068252563477e+02 4.269360637664794922e+02 1.821226930618286133e+02 1.000000000000000000e+00
3.285925292968750000e+02 4.229428768157958984e+02 3.378570556640625000e+02 4.367764949798583984e+02 3.429455876350402832e+02 4.495453548431396484e+02 3.000000000000000000e+00
