3.803032541275024414e+02 3.921217489242553711e+02 3.875533771514892578e+02 3.969000005722045898e+02 4.018046855926513672e+02 4.034600543975830078e+02 2.000000000000000000e+00
4.036216735839843750e+01 4.150734329223632812e+02 4.777502059936523438e+01 4.191642236709594727e+02 6.335519790649414062e+01 4.248889303207397461e+02 2.000000000000000000e+00
2.193035125732421875e+01 4.073472976684570312e+02 2.950298309326171875e+01 4.113116168975830078e+02 4.520574569702148438e+01 4.170668363571166992e+02 2.000000000000000000e+00
3.005840301513671875e+01 4.142942619323730469e+02 3.758844375610351562e+01 4.182697534561157227e+02 5.321790695190429688e+01 4.240007686614990234e+02 2.000000000000000000e+00
4.117204666137695312e+01 4.009233427047729492e+02 4.875883102416992188e+01 4.049069881439208984e+02 6.414007186889648438e+01 4.107657623291015625e+02 2.000000000000000000e+00
6.376850128173828125e+01 3.862796688079833984e+02 7.110122680664062500e+01 3.903777551651000977e+02 8.637632369995117188e+01 3.964037275314331055e+02 2.000000000000000000e+00
4.767407512664794922e+02 1.573774838447570801e+02 4.551072978973388672e+02 1.601327133178710938e+02 4.402428627014160156e+02 1.644320011138916016e+02 1.000000000000000000e+00
3.842832946777343750e+02 4.020648908615112305e+02 3.914876413345336914e+02 4.068568754196166992e+02 4.058146953582763672e+02 4.134910726547241211e+02 2.000000000000000000e+00
4.053811359405517578e+02 1.427102279663085938e+02 3.846453237533569336e+02 1.443348813056945801e+02 3.705107450485229492e+02 1.479133272171020508e+02 1.000000000000000000e+00
3.869628620147705078e+02 1.450615167617797852e+02 3.666928100585937500e+02 1.481304287910461426e+02 3.530817580223083496e+02 1.529517173767089844e+02 1.000000000000000000e+00
7.408800125122070312e+01 3.930668449401855469e+02 8.140182495117187500e+01 3.971806097030639648e+02 9.648849487304687500e+01 4.031929063796997070e+02 2.000000000000000000e+00
3.219026565551757812e+01 4.061221361160278320e+02 3.972873687744140625e+01 4.101202726364135742e+02 5.524370193481445312e+01 4.158869791030883789e+02 2.000000000000000000e+00
5.970964431762695312e+01 3.994666528701782227e+02 6.706209182739257812e+01 4.035509490966796875e+02 8.237674713134765625e+01 4.094679307937622070e+02 2.000000000000000000e+00
3.711332321166992188e+01 3.938463163375854492e+02 4.477809906005859375e+01 3.978585004806518555e+02 6.008443832397460938e+01 4.037141847610473633e+02 2.000000000000000000e+00
5.248311996459960938e+01 3.916279077529907227e+02 5.989931106567382812e+01 3.956717348098754883e+02 7.527032852172851562e+01 4.015844821929931641e+02 2.000000000000000000e+00
7.136795043945312500e+01 3.446427083015441895e+02 7.882013320922851562e+01 3.487423181533813477e+02 9.404684066772460938e+01 3.548481845855712891e+02 2.000000000000000000e+00
5.475801467895507812e+01 4.320941305160522461e+02 6.233753204345703125e+01 4.360513401031494141e+02 7.745637893676757812e+01 4.418807744979858398e+02 2.000000000000000000e+00
8.524316787719726562e+01 3.909413480758666992e+02 9.260622024536132812e+01 3.950970554351806641e+02 1.076005363464355469e+02 4.010892105102539062e+02 2.000000000000000000e+00
4.019628047943115234e+02 1.268753528594970703e+02 3.795955514907836914e+02 1.287732338905334473e+02 3.643833303451538086e+02 1.329622578620910645e+02 1.000000000000000000e+00
7.616470336914062500e+01 4.041492033004760742e+02 8.350112915039062500e+01 4.081981945037841797e+02 9.859756469726562500e+01 4.142082595825195312e+02 2.000000000000000000e+00
3.859641122817993164e+02 1.553853392601013184e+02 3.658663034439086914e+02 1.582126450538635254e+02 3.523937392234802246e+02 1.628685736656188965e+02 1.000000000000000000e+00
4.026257324218750000e+02 1.554779005050659180e+02 3.824657917022705078e+02 1.574914813041687012e+02 3.687399911880493164e+02 1.613482618331909180e+02 1.000000000000000000e+00
3.505983281135559082e+02 1.412803459167480469e+02 3.296141970157623291e+02 1.441218852996826172e+02 3.153454282879829407e+02 1.488432097434997559e+02 1.000000000000000000e+00
3.951151752471923828e+02 1.563526868820190430e+02 3.750057983398437500e+02 1.586472129821777344e+02 3.614450407028198242e+02 1.627950525283813477e+02 1.000000000000000000e+00
3.000888824462890625e+00 3.966773128509521484e+02 1.073831558227539062e+01 4.005366611480712891e+02 2.668584823608398438e+01 4.063172149658203125e+02 2.000000000000000000e+00
3.791833209991455078e+02 1.487891650199890137e+02 3.588910531997680664e+02 1.519722247123718262e+02 3.451284480094909668e+02 1.569597101211547852e+02 1.000000000000000000e+00
1.720051860809326172e+02 3.469661593437194824e+02 1.791543102264404297e+02 3.512717056274414062e+02 1.936576080322265625e+02 3.575768494606018066e+02 2.000000000000000000e+00
4.050153827667236328e+02 1.198044776916503906e+02 3.830132150650024414e+02 1.218544864654541016e+02 3.678280353546142578e+02 1.262287330627441406e+02 1.000000000000000000e+00
6.139490127563476562e+01 3.548258757591247559e+02 6.894445419311523438e+01 3.589724779129028320e+02 8.405534744262695312e+01 3.649960041046142578e+02 2.000000000000000000e+00
1.131057739257812500e-02 4.130988550186157227e+02 7.801609039306640625e+00 4.168706417083740234e+02 2.365053176879882812e+01 4.225889968872070312e+02 2.000000000000000000e+00
3.962362670898437500e+02 1.480945372581481934e+02 3.759523630142211914e+02 1.503164005279541016e+02 3.622551584243774414e+02 1.544506645202636719e+02 1.000000000000000000e+00
2.231507110595703125e+02 4.002100324630737305e+02 2.300734996795654297e+02 4.046240615844726562e+02 2.444139099121093750e+02 4.110792303085327148e+02 2.000000000000000000e+00
3.766320514678955078e+02 1.309420895576477051e+02 3.554491877555847168e+02 1.343936991691589355e+02 3.409586787223815918e+02 1.395883154869079590e+02 1.000000000000000000e+00
4.655079364776611328e+02 1.823122358322143555e+02 4.436868286132812500e+02 1.850708878040313721e+02 4.287984943389892578e+02 1.894835042953491211e+02 1.000000000000000000e+00
3.756973886489868164e+02 1.412209081649780273e+02 3.549087524414062500e+02 1.447914361953735352e+02 3.407478022575378418e+02 1.501526284217834473e+02 1.000000000000000000e+00
2.042694950103759766e+02 3.413003611564636230e+02 2.113547801971435547e+02 3.456020236015319824e+02 2.257518005371093750e+02 3.518881916999816895e+02 2.000000000000000000e+00
7.936470031738281250e+01 4.152042675018310547e+02 8.675897598266601562e+01 4.192936563491821289e+02 1.017284965515136719e+02 4.252855682373046875e+02 2.000000000000000000e+00
3.413927626609802246e+02 1.947814929485321045e+02 3.202666625939309597e+02 1.972510349750518799e+02 3.060632622241973877e+02 2.016781604290008545e+02 1.000000000000000000e+00
4.143364620208740234e+02 1.334341835975646973e+02 3.927417325973510742e+02 1.349042487144470215e+02 3.778684091567993164e+02 1.385183215141296387e+02 1.000000000000000000e+00
1.493381500244140625e+02 3.977224445343017578e+02 1.564851570129394531e+02 4.020178985595703125e+02 1.711428928375244141e+02 4.082091808319091797e+02 2.000000000000000000e+00
3.953608417510986328e+02 1.182962322235107422e+02 3.729875516891479492e+02 1.207317137718200684e+02 3.576485610008239746e+02 1.255286264419555664e+02 1.000000000000000000e+00
1.649650287628173828e+02 3.520644307136535645e+02 1.721287536621093750e+02 3.563522672653198242e+02 1.866610431671142578e+02 3.626439857482910156e+02 2.000000000000000000e+00
9.854776382446289062e+01 4.056702089309692383e+02 1.057993125915527344e+02 4.098775434494018555e+02 1.206834220886230469e+02 4.159003114700317383e+02 2.000000000000000000e+00
3.379253232479095459e+02 1.605013704299926758e+02 3.169264832139015198e+02 1.631154298782348633e+02 3.026592409610748291e+02 1.677069497108459473e+02 1.000000000000000000e+00
1.972539520263671875e+02 3.454460191726684570e+02 2.043763256072998047e+02 3.497313880920410156e+02 2.187477588653564453e+02 3.560834741592407227e+02 2.000000000000000000e+00
2.719789409637451172e+02 2.390488586202263832e+02 2.513648986816406250e+02 2.415446014702320099e+02 2.378115653991699219e+02 2.458974154293537140e+02 1.000000000000000000e+00
3.853496122360229492e+02 1.360300683975219727e+02 3.644935941696166992e+02 1.393451642990112305e+02 3.503350520133972168e+02 1.444518685340881348e+02 1.000000000000000000e+00
1.874354267120361328e+02 1.508107066154479980e+02 1.674646759033203125e+02 1.532971787452697754e+02 1.544771766662597656e+02 1.580245184898376465e+02 1.000000000000000000e+00
1.945032024383544922e+02 1.985792684555053711e+02 1.743038177490234375e+02 2.008674609661102295e+02 1.612904453277587891e+02 2.053690767288208008e+02 1.000000000000000000e+00
2.182671070098876953e+02 2.297055047750473022e+02 1.987898063659667969e+02 2.324347221851348877e+02 1.866786193847656250e+02 2.376362150162458420e+02 1.000000000000000000e+00
4.960189819335937500e+01 4.138655519485473633e+02 5.703943252563476562e+01 4.180089855194091797e+02 7.246095657348632812e+01 4.238065624237060547e+02 2.000000000000000000e+00
1.430545234680175781e+02 3.797149372100830078e+02 1.502585220336914062e+02 3.840030527114868164e+02 1.648944664001464844e+02 3.901987695693969727e+02 2.000000000000000000e+00
1.120387840270996094e+02 4.185372161865234375e+02 1.193669128417968750e+02 4.227687406539916992e+02 1.340572929382324219e+02 4.287726545333862305e+02 2.000000000000000000e+00
5.251506805419921875e+01 3.815419721603393555e+02 5.984960556030273438e+01 3.855658006668090820e+02 7.524688720703125000e+01 3.914822101593017578e+02 2.000000000000000000e+00
4.087761211395263672e+02 1.511659669876098633e+02 3.882054138183593750e+02 1.529316329956054688e+02 3.740255451202392578e+02 1.567629361152648926e+02 1.000000000000000000e+00
2.620981454849243164e+02 1.927897310256958008e+02 2.414599752426147461e+02 1.952114081382751465e+02 2.279002475738525391e+02 1.997091794013977051e+02 1.000000000000000000e+00
2.133086681365966797e+02 3.412195515632629395e+02 2.204490184783935547e+02 3.455581998825073242e+02 2.348104858398437500e+02 3.518458628654479980e+02 2.000000000000000000e+00
1.391368103027343750e+02 3.928439426422119141e+02 1.463074874877929688e+02 3.971730422973632812e+02 1.609769248962402344e+02 4.032654476165771484e+02 2.000000000000000000e+00
3.792103576660156250e+02 1.240425682067871094e+02 3.575006723403930664e+02 1.274775767326354980e+02 3.425851130485534668e+02 1.328522729873657227e+02 1.000000000000000000e+00
3.502852487564086914e+02 2.310920861363410950e+02 3.294006961584091187e+02 2.330000455677509308e+02 3.151072385907173157e+02 2.375091855973005295e+02 1.000000000000000000e+00
1.746519279479980469e+02 4.072664880752563477e+02 1.816939830780029297e+02 4.116340970993041992e+02 1.962504673004150391e+02 4.178204441070556641e+02 2.000000000000000000e+00
1.515162658691406250e+02 4.117396259307861328e+02 1.586171722412109375e+02 4.160214328765869141e+02 1.732426738739013672e+02 4.222513818740844727e+02 2.000000000000000000e+00
3.943925809860229492e+02 1.409460568428039551e+02 3.738128995895385742e+02 1.435104489326477051e+02 3.598803710937500000e+02 1.478747963905334473e+02 1.000000000000000000e+00
2.073012351989746094e+02 4.166150665283203125e+02 2.142433738708496094e+02 4.210356187820434570e+02 2.287173271179199219e+02 4.273624420166015625e+02 2.000000000000000000e+00
3.597171020507812500e+02 2.583297747373580933e+02 3.387441408634185791e+02 2.605839246511459351e+02 3.247128295898437500e+02 2.647180795669555664e+02 1.000000000000000000e+00
3.314398801326751709e+02 3.840520334243774414e+02 3.383724057674407959e+02 3.886666059494018555e+02 3.524886488914489746e+02 3.953823280334472656e+02 2.000000000000000000e+00
8.431179046630859375e+01 3.211735296249389648e+02 9.182497024536132812e+01 3.253521180152893066e+02 1.068961524963378906e+02 3.315495014190673828e+02 2.000000000000000000e+00
2.890572500228881836e+02 1.561818194389343262e+02 2.682808208465576172e+02 1.586642432212829590e+02 2.544413614273071289e+02 1.633376741409301758e+02 1.000000000000000000e+00
3.542055058479309082e+02 1.712697100639343262e+02 3.330705261230468750e+02 1.738456249237060547e+02 3.186477661132812500e+02 1.784131908416748047e+02 1.000000000000000000e+00
2.194312000274658203e+02 3.481432271003723145e+02 2.265555667877197266e+02 3.525376653671264648e+02 2.409046936035156250e+02 3.588210225105285645e+02 2.000000000000000000e+00
3.679065275192260742e+02 2.438173221051692963e+02 3.471110224723815918e+02 2.457069401443004608e+02 3.332577216625213623e+02 2.492261356115341187e+02 1.000000000000000000e+00
1.487151908874511719e+02 3.503406429290771484e+02 1.559154701232910156e+02 3.546136522293090820e+02 1.705326938629150391e+02 3.608168363571166992e+02 2.000000000000000000e+00
3.880582904815673828e+02 1.188672065734863281e+02 3.659876394271850586e+02 1.217153263092041016e+02 3.507928156852722168e+02 1.267613339424133301e+02 1.000000000000000000e+00
3.560811161994934082e+02 2.170511466264724731e+02 3.348731386661529541e+02 2.194527125358581543e+02 3.206170349195599556e+02 2.237935477495193481e+02 1.000000000000000000e+00
1.168842124938964844e+02 3.974174308776855469e+02 1.240689086914062500e+02 4.015963554382324219e+02 1.388578987121582031e+02 4.076523542404174805e+02 2.000000000000000000e+00
1.443552970886230469e+02 4.068007850646972656e+02 1.515086936950683594e+02 4.111665773391723633e+02 1.661417102813720703e+02 4.173270606994628906e+02 2.000000000000000000e+00
1.943206882476806641e+02 4.199471855163574219e+02 2.013123416900634766e+02 4.243028640747070312e+02 2.156882953643798828e+02 4.305456876754760742e+02 2.000000000000000000e+00
3.586054396629333496e+02 1.290692067146301270e+02 3.375174868106842041e+02 1.317558073997497559e+02 3.232246094942092896e+02 1.365453457832336426e+02 1.000000000000000000e+00
8.941934585571289062e+01 4.100452995300292969e+02 9.668344497680664062e+01 4.141466188430786133e+02 1.117039489746093750e+02 4.201818323135375977e+02 2.000000000000000000e+00
1.831112670898437500e+02 3.516844511032104492e+02 1.903483867645263672e+02 3.561011123657226562e+02 2.047526359558105469e+02 3.623691415786743164e+02 2.000000000000000000e+00
2.383994007110595703e+02 3.488021278381347656e+02 2.454973888397216797e+02 3.533322215080261230e+02 2.598920583724975586e+02 3.596020603179931641e+02 2.000000000000000000e+00
2.302215099334716797e+02 4.041684293746948242e+02 2.371237659454345703e+02 4.085885095596313477e+02 2.514472341537475586e+02 4.150237226486206055e+02 2.000000000000000000e+00
2.576154184341430664e+02 4.156059408187866211e+02 2.646248149871826172e+02 4.201932191848754883e+02 2.788691377639770508e+02 4.267142486572265625e+02 2.000000000000000000e+00
1.632787418365478516e+02 3.832952928543090820e+02 1.704637145996093750e+02 3.876321744918823242e+02 1.849945926666259766e+02 3.938259315490722656e+02 2.000000000000000000e+00
1.847029972076416016e+02 1.252657628059387207e+02 1.649191856384277344e+02 1.277480721473693848e+02 1.522315979003906250e+02 1.326622724533081055e+02 1.000000000000000000e+00
2.284984683990478516e+02 4.192821693420410156e+02 2.353986930847167969e+02 4.237442064285278320e+02 2.497509288787841797e+02 4.302042388916015625e+02 2.000000000000000000e+00
1.735517692565917969e+02 3.196893668174743652e+02 1.808181571960449219e+02 3.240912795066833496e+02 1.953718566894531250e+02 3.302782917022705078e+02 2.000000000000000000e+00
1.715702629089355469e+02 3.992573261260986328e+02 1.787028503417968750e+02 4.036028480529785156e+02 1.932519626617431641e+02 4.098292064666748047e+02 2.000000000000000000e+00
1.924897861480712891e+02 3.666068172454833984e+02 1.995423221588134766e+02 3.710377836227416992e+02 2.140114593505859375e+02 3.773456811904907227e+02 2.000000000000000000e+00
1.210850143432617188e+02 4.153931379318237305e+02 1.283864593505859375e+02 4.195878124237060547e+02 1.430624008178710938e+02 4.256705760955810547e+02 2.000000000000000000e+00
2.035075664520263672e+02 3.603603887557983398e+02 2.105541229248046875e+02 3.647721290588378906e+02 2.249122428894042969e+02 3.710641193389892578e+02 2.000000000000000000e+00
2.919121694564819336e+02 2.083458852767944336e+02 2.712670564651489258e+02 2.107301312685012817e+02 2.574482393264770508e+02 2.151450794935226440e+02 1.000000000000000000e+00
4.668072223663330078e+02 2.023925900459289551e+02 4.449862670898437500e+02 2.050047898292541504e+02 4.300312232971191406e+02 2.094103360176086426e+02 1.000000000000000000e+00
2.186711215972900391e+02 2.015055978298187256e+02 1.989719867706298828e+02 2.038494408130645752e+02 1.861954593658447266e+02 2.084349954128265381e+02 1.000000000000000000e+00
4.407979965209960938e+01 3.734473371505737305e+02 5.175054550170898438e+01 3.775268983840942383e+02 6.715600967407226562e+01 3.833834552764892578e+02 2.000000000000000000e+00
3.747551298141479492e+02 2.333418421447277069e+02 3.537454223632812500e+02 2.355326686799526215e+02 3.404699707031250000e+02 2.382226409018039703e+02 1.000000000000000000e+00
1.805918121337890625e+02 2.021593308448791504e+02 1.608268833160400391e+02 2.044784367084503174e+02 1.481782913208007812e+02 2.090661907196044922e+02 1.000000000000000000e+00
2.080049705505371094e+02 3.964649391174316406e+02 2.149206829071044922e+02 4.008480262756347656e+02 2.294870567321777344e+02 4.072698783874511719e+02 2.000000000000000000e+00
3.563909316062927246e+02 1.955999422073364258e+02 3.352171933650970459e+02 1.980672419071197510e+02 3.207611999660730362e+02 2.025048208236694336e+02 1.000000000000000000e+00
2.325512981414794922e+02 3.265321969985961914e+02 2.400027132034301758e+02 3.310216426849365234e+02 2.539658784866333008e+02 3.376513695716857910e+02 2.000000000000000000e+00
1.649274158477783203e+02 3.420266175270080566e+02 1.720973491668701172e+02 3.463042974472045898e+02 1.866185283660888672e+02 3.525695872306823730e+02 2.000000000000000000e+00
2.783991098403930664e+02 1.896475946903228760e+02 2.576891183853149414e+02 1.920407223701477051e+02 2.437942790985107422e+02 1.965073227882385254e+02 1.000000000000000000e+00
3.456697702407836914e+02 2.428931122273206711e+02 3.246666869521141052e+02 2.452686005830764771e+02 3.105320739746093750e+02 2.495764929056167603e+02 1.000000000000000000e+00
2.742762756347656250e+02 2.066855442523956299e+02 2.536582946777343750e+02 2.089640486240386963e+02 2.400567293167114258e+02 2.134622633457183838e+02 1.000000000000000000e+00
1.329965591430664062e+02 3.868470811843872070e+02 1.401841926574707031e+02 3.911911153793334961e+02 1.548589515686035156e+02 3.972676420211791992e+02 2.000000000000000000e+00
6.938735961914062500e+01 4.297255325317382812e+02 7.672235488891601562e+01 4.337498617172241211e+02 9.182289123535156250e+01 4.396338558197021484e+02 2.000000000000000000e+00
1.717419719696044922e+02 1.551355576515197754e+02 1.518806838989257812e+02 1.574811029434204102e+02 1.391481018066406250e+02 1.622125840187072754e+02 1.000000000000000000e+00
8.136329650878906250e+01 3.343385052680969238e+02 8.882677078247070312e+01 3.384400391578674316e+02 1.039970588684082031e+02 3.446514344215393066e+02 2.000000000000000000e+00
4.320362091064453125e+01 3.876872062683105469e+02 5.075624465942382812e+01 3.917531490325927734e+02 6.612712860107421875e+01 3.976099348068237305e+02 2.000000000000000000e+00
1.205099487304687500e+02 3.558957910537719727e+02 1.277231216430664062e+02 3.601535081863403320e+02 1.425455665588378906e+02 3.662892580032348633e+02 2.000000000000000000e+00
2.901041555404663086e+02 2.506951296329498291e+02 2.696394634246826172e+02 2.530475163459777832e+02 2.562170076370239258e+02 2.572971206903457642e+02 1.000000000000000000e+00
8.572166442871093750e+01 3.504387259483337402e+02 9.320287704467773438e+01 3.545902132987976074e+02 1.081838035583496094e+02 3.607090473175048828e+02 2.000000000000000000e+00
9.019365310668945312e+01 2.918044781684875488e+02 9.774959564208984375e+01 2.961148095130920410e+02 1.126835250854492188e+02 3.024035668373107910e+02 2.000000000000000000e+00
1.615849304199218750e+02 3.309718966484069824e+02 1.687492942810058594e+02 3.353086566925048828e+02 1.833219432830810547e+02 3.414854478836059570e+02 2.000000000000000000e+00
4.813805198669433594e+02 1.797008156776428223e+02 4.601317119598388672e+02 1.825830960273742676e+02 4.457822322845458984e+02 1.871123313903808594e+02 1.000000000000000000e+00
4.162737178802490234e+02 1.238268327713012695e+02 3.943230581283569336e+02 1.253023695945739746e+02 3.790364980697631836e+02 1.288745355606079102e+02 1.000000000000000000e+00
2.029186534881591797e+02 3.272287917137145996e+02 2.100885581970214844e+02 3.315606451034545898e+02 2.244647502899169922e+02 3.378384160995483398e+02 2.000000000000000000e+00
2.086232089996337891e+02 1.974781608581542969e+02 1.886925220489501953e+02 1.997968876361846924e+02 1.757521533966064453e+02 2.043927597999572754e+02 1.000000000000000000e+00
2.217591190338134766e+02 3.762216281890869141e+02 2.287960338592529297e+02 3.805887794494628906e+02 2.432576894760131836e+02 3.869122409820556641e+02 2.000000000000000000e+00
1.764445495605468750e+02 3.831205844879150391e+02 1.835582065582275391e+02 3.874236488342285156e+02 1.980681610107421875e+02 3.937145519256591797e+02 2.000000000000000000e+00
3.401870727539062500e+00 4.333421087265014648e+02 1.112545013427734375e+01 4.371928167343139648e+02 2.700897216796875000e+01 4.427180528640747070e+02 2.000000000000000000e+00
7.691953659057617188e+01 3.759037828445434570e+02 8.423353195190429688e+01 3.800278043746948242e+02 9.935661315917968750e+01 3.860359811782836914e+02 2.000000000000000000e+00
1.028800773620605469e+02 3.379822468757629395e+02 1.103556251525878906e+02 3.423014545440673828e+02 1.252958679199218750e+02 3.484357666969299316e+02 2.000000000000000000e+00
8.712173461914062500e+01 3.777662801742553711e+02 9.429355621337890625e+01 3.818778705596923828e+02 1.094442558288574219e+02 3.878904819488525391e+02 2.000000000000000000e+00
1.615708446502685547e+02 4.043876409530639648e+02 1.687114524841308594e+02 4.087298297882080078e+02 1.833084201812744141e+02 4.149859428405761719e+02 2.000000000000000000e+00
2.103967761993408203e+02 3.501993155479431152e+02 2.174801349639892578e+02 3.545652508735656738e+02 2.319097900390625000e+02 3.608426570892333984e+02 2.000000000000000000e+00
1.418062210083007812e+01 3.914100408554077148e+02 2.207502365112304688e+01 3.953648185729980469e+02 3.772979736328125000e+01 4.010973358154296875e+02 2.000000000000000000e+00
1.833406639099121094e+02 3.627042675018310547e+02 1.904382610321044922e+02 3.671050786972045898e+02 2.048901176452636719e+02 3.734066820144653320e+02 2.000000000000000000e+00
2.827424931526184082e+02 4.172119188308715820e+02 2.896703171730041504e+02 4.217343235015869141e+02 3.039479982852935791e+02 4.282808589935302734e+02 2.000000000000000000e+00
7.236614227294921875e+01 4.194263648986816406e+02 7.971588134765625000e+01 4.234901475906372070e+02 9.481437683105468750e+01 4.294527053833007812e+02 2.000000000000000000e+00
1.831977558135986328e+02 4.200994062423706055e+02 1.901659679412841797e+02 4.245159101486206055e+02 2.044566059112548828e+02 4.307769870758056641e+02 2.000000000000000000e+00
9.142992019653320312e+01 3.281729793548583984e+02 9.893999099731445312e+01 3.323749709129333496e+02 1.140244293212890625e+02 3.385240530967712402e+02 2.000000000000000000e+00
4.806643104553222656e+02 1.705925989151000977e+02 4.591081237792968750e+02 1.736281228065490723e+02 4.443242168426513672e+02 1.781289196014404297e+02 1.000000000000000000e+00
4.454942703247070312e+01 4.229884099960327148e+02 5.203218460083007812e+01 4.271097564697265625e+02 6.747371673583984375e+01 4.328440046310424805e+02 2.000000000000000000e+00
7.192737579345703125e+01 3.112774372100830078e+02 7.943698883056640625e+01 3.153314852714538574e+02 9.461664199829101562e+01 3.216508841514587402e+02 2.000000000000000000e+00
1.170044517517089844e+02 4.053701591491699219e+02 1.241900825500488281e+02 4.095868921279907227e+02 1.389666175842285156e+02 4.156603145599365234e+02 2.000000000000000000e+00
2.492360973358154297e+02 3.876644325256347656e+02 2.562213134765625000e+02 3.922414970397949219e+02 2.705145549774169922e+02 3.985424280166625977e+02 2.000000000000000000e+00
3.640056610107421875e+01 4.263505411148071289e+02 4.391992568969726562e+01 4.302867794036865234e+02 5.939054489135742188e+01 4.359779405593872070e+02 2.000000000000000000e+00
7.456722259521484375e+01 3.556936383247375488e+02 8.203729629516601562e+01 3.598639869689941406e+02 9.709444046020507812e+01 3.658850097656250000e+02 2.000000000000000000e+00
1.366059684753417969e+02 3.475131869316101074e+02 1.438122940063476562e+02 3.517091703414916992e+02 1.585008621215820312e+02 3.579624080657958984e+02 2.000000000000000000e+00
1.394961738586425781e+02 4.211349821090698242e+02 1.465928840637207031e+02 4.253520298004150391e+02 1.612907409667968750e+02 4.314987230300903320e+02 2.000000000000000000e+00
3.398345029354095459e+02 1.685283493995666504e+02 3.188429870456457138e+02 1.711041498184204102e+02 3.045867002010345459e+02 1.756932520866394043e+02 1.000000000000000000e+00
5.982664108276367188e+01 4.197261428833007812e+02 6.727037429809570312e+01 4.237839460372924805e+02 8.248620986938476562e+01 4.296463108062744141e+02 2.000000000000000000e+00
4.173975563049316406e+02 1.425244832038879395e+02 3.963829374313354492e+02 1.437854290008544922e+02 3.819060993194580078e+02 1.471636033058166504e+02 1.000000000000000000e+00
1.574186325073242188e+01 4.341886425018310547e+02 2.337381362915039062e+01 4.380154466629028320e+02 3.918035507202148438e+01 4.436146688461303711e+02 2.000000000000000000e+00
3.488204360008239746e+02 1.327488183975219727e+02 3.279284060001373291e+02 1.355557966232299805e+02 3.137383419275283813e+02 1.403592038154602051e+02 1.000000000000000000e+00
2.049887371063232422e+02 2.106974172592163086e+02 1.848282623291015625e+02 2.129607993364334106e+02 1.719557476043701172e+02 2.175428456068038940e+02 1.000000000000000000e+00
1.597425270080566406e+02 4.175791740417480469e+02 1.668161296844482422e+02 4.218928670883178711e+02 1.813490295410156250e+02 4.280924463272094727e+02 2.000000000000000000e+00
9.097639083862304688e+01 3.695581054687500000e+02 9.834783554077148438e+01 3.736364793777465820e+02 1.133782958984375000e+02 3.796924209594726562e+02 2.000000000000000000e+00
8.528589248657226562e+01 3.039511728286743164e+02 9.270385742187500000e+01 3.081133747100830078e+02 1.076606750488281250e+02 3.144051861763000488e+02 2.000000000000000000e+00
4.541545772552490234e+02 1.908371865749359131e+02 4.323579406738281250e+02 1.935644209384918213e+02 4.174286556243896484e+02 1.979188656806945801e+02 1.000000000000000000e+00
1.324573898315429688e+02 4.282920312881469727e+02 1.395509529113769531e+02 4.324926567077636719e+02 1.543309402465820312e+02 4.386173200607299805e+02 2.000000000000000000e+00
5.142860412597656250e+01 3.996844625473022461e+02 5.894498825073242188e+01 4.037439393997192383e+02 7.426065444946289062e+01 4.096772003173828125e+02 2.000000000000000000e+00
2.338619232177734375e+01 3.516303491592407227e+02 3.112110137939453125e+01 3.556570816040039062e+02 4.678230285644531250e+01 3.615962648391723633e+02 2.000000000000000000e+00
4.288053321838378906e+02 1.774723935127258301e+02 4.071930599212646484e+02 1.801597416400909424e+02 3.923828744888305664e+02 1.846098589897155762e+02 1.000000000000000000e+00
2.316387939453125000e+02 3.629392433166503906e+02 2.387191486358642578e+02 3.674118375778198242e+02 2.531486034393310547e+02 3.736619997024536133e+02 2.000000000000000000e+00
2.645879745483398438e+01 3.607058429718017578e+02 3.412866592407226562e+01 3.647286701202392578e+02 4.979047775268554688e+01 3.706657791137695312e+02 2.000000000000000000e+00
1.689873790740966797e+02 4.194542598724365234e+02 1.759308338165283203e+02 4.238212394714355469e+02 1.903982639312744141e+02 4.300076150894165039e+02 2.000000000000000000e+00
1.014086341857910156e+02 3.804375028610229492e+02 1.086977767944335938e+02 3.846132516860961914e+02 1.236499977111816406e+02 3.907265138626098633e+02 2.000000000000000000e+00
1.249866294860839844e+02 3.982664537429809570e+02 1.321445655822753906e+02 4.025104522705078125e+02 1.468873977661132812e+02 4.085387992858886719e+02 2.000000000000000000e+00
2.077852249145507812e+01 3.982885265350341797e+02 2.846466064453125000e+01 4.022930717468261719e+02 4.420900344848632812e+01 4.080389499664306641e+02 2.000000000000000000e+00
2.529674959182739258e+02 3.656086778640747070e+02 2.597872591018676758e+02 3.701285219192504883e+02 2.741757488250732422e+02 3.764522409439086914e+02 2.000000000000000000e+00
1.954202270507812500e+02 3.585500550270080566e+02 2.024958515167236328e+02 3.629234933853149414e+02 2.168912601470947266e+02 3.692662382125854492e+02 2.000000000000000000e+00
1.026106262207031250e+02 3.986026096343994141e+02 1.097972106933593750e+02 4.027674293518066406e+02 1.247012519836425781e+02 4.088191366195678711e+02 2.000000000000000000e+00
2.041455554962158203e+02 4.065669679641723633e+02 2.111153507232666016e+02 4.109561491012573242e+02 2.256071281433105469e+02 4.173331403732299805e+02 2.000000000000000000e+00
2.254485797882080078e+02 3.559670805931091309e+02 2.325700092315673828e+02 3.604493522644042969e+02 2.469728231430053711e+02 3.667113161087036133e+02 2.000000000000000000e+00
1.510294532775878906e+02 3.695212411880493164e+02 1.582676887512207031e+02 3.738075685501098633e+02 1.729041290283203125e+02 3.799990940093994141e+02 2.000000000000000000e+00
1.257176589965820312e+02 3.719194650650024414e+02 1.329037857055664062e+02 3.761735057830810547e+02 1.476430702209472656e+02 3.823058223724365234e+02 2.000000000000000000e+00
1.632469940185546875e+02 3.752810096740722656e+02 1.704659748077392578e+02 3.796071910858154297e+02 1.849188518524169922e+02 3.858106470108032227e+02 2.000000000000000000e+00
2.693793916702270508e+02 2.483557131886482239e+02 2.489450836181640625e+02 2.505235907435417175e+02 2.355247592926025391e+02 2.548716285824775696e+02 1.000000000000000000e+00
1.115143966674804688e+02 3.015890836715698242e+02 1.190306091308593750e+02 3.059097003936767578e+02 1.338383674621582031e+02 3.120838665962219238e+02 2.000000000000000000e+00
1.016952514648437500e+01 4.057931041717529297e+02 1.797889709472656250e+01 4.096136856079101562e+02 3.369541168212890625e+01 4.154011631011962891e+02 2.000000000000000000e+00
7.916736602783203125e+01 3.839595651626586914e+02 8.650110244750976562e+01 3.881170463562011719e+02 1.014834403991699219e+02 3.940681600570678711e+02 2.000000000000000000e+00
1.302106666564941406e+02 3.313498878479003906e+02 1.375597000122070312e+02 3.356672072410583496e+02 1.521962928771972656e+02 3.417961764335632324e+02 2.000000000000000000e+00
2.374715709686279297e+02 4.171549129486083984e+02 2.443944692611694336e+02 4.216374921798706055e+02 2.587489938735961914e+02 4.281393241882324219e+02 2.000000000000000000e+00
1.574695396423339844e+02 3.178505301475524902e+02 1.647595691680908203e+02 3.222623920440673828e+02 1.793164539337158203e+02 3.284676289558410645e+02 2.000000000000000000e+00
3.296388626098632812e+01 3.786229562759399414e+02 4.062705993652343750e+01 3.827374649047851562e+02 5.599945068359375000e+01 3.886440467834472656e+02 2.000000000000000000e+00
1.630635929107666016e+02 3.641811847686767578e+02 1.702938652038574219e+02 3.685206699371337891e+02 1.847974205017089844e+02 3.747980403900146484e+02 2.000000000000000000e+00
1.306319999694824219e+02 3.597682285308837891e+02 1.378781890869140625e+02 3.640176200866699219e+02 1.525727081298828125e+02 3.701710510253906250e+02 2.000000000000000000e+00
8.754465103149414062e+01 4.211410045623779297e+02 9.494728088378906250e+01 4.253566360473632812e+02 1.098742294311523438e+02 4.312690258026123047e+02 2.000000000000000000e+00
6.980941772460937500e+01 3.801482248306274414e+02 7.720821380615234375e+01 3.842854928970336914e+02 9.232213973999023438e+01 3.903251409530639648e+02 2.000000000000000000e+00
2.504049301147460938e+01 4.327986860275268555e+02 3.261472702026367188e+01 4.367484283447265625e+02 4.828628540039062500e+01 4.424350118637084961e+02 2.000000000000000000e+00
4.690303993225097656e+02 2.113311606645584106e+02 4.472516155242919922e+02 2.139084309339523315e+02 4.325652503967285156e+02 2.183565044403076172e+02 1.000000000000000000e+00
6.951257705688476562e+01 3.638081789016723633e+02 7.706018447875976562e+01 3.680107784271240234e+02 9.209718704223632812e+01 3.740021753311157227e+02 2.000000000000000000e+00
5.224254608154296875e+01 3.703629541397094727e+02 5.987247467041015625e+01 3.744632005691528320e+02 7.523664474487304688e+01 3.803841590881347656e+02 2.000000000000000000e+00
2.224485588073730469e+02 3.248092675209045410e+02 2.299373340606689453e+02 3.291211867332458496e+02 2.438288116455078125e+02 3.356247925758361816e+02 2.000000000000000000e+00
1.067625045776367188e+02 3.268841314315795898e+02 1.142513465881347656e+02 3.312036824226379395e+02 1.292199707031250000e+02 3.373328876495361328e+02 2.000000000000000000e+00
1.013976478576660156e+02 3.077305912971496582e+02 1.089386177062988281e+02 3.120785236358642578e+02 1.236978340148925781e+02 3.182439923286437988e+02 2.000000000000000000e+00
9.533349990844726562e+01 3.896730136871337891e+02 1.026950073242187500e+02 3.938231563568115234e+02 1.177426528930664062e+02 3.999193525314331055e+02 2.000000000000000000e+00
2.178252983093261719e+02 3.872579669952392578e+02 2.248372459411621094e+02 3.916327285766601562e+02 2.392734622955322266e+02 3.979603099822998047e+02 2.000000000000000000e+00
2.523064565658569336e+02 3.985942125320434570e+02 2.592685556411743164e+02 4.031528377532958984e+02 2.735136413574218750e+02 4.095473670959472656e+02 2.000000000000000000e+00
1.379080963134765625e+02 3.706985235214233398e+02 1.451767921447753906e+02 3.750123023986816406e+02 1.598370933532714844e+02 3.811717844009399414e+02 2.000000000000000000e+00
1.302316093444824219e+02 3.132480525970458984e+02 1.375306129455566406e+02 3.175515818595886230e+02 1.522420883178710938e+02 3.238701796531677246e+02 2.000000000000000000e+00
9.697916030883789062e+01 3.622826671600341797e+02 1.044235229492187500e+02 3.664802598953247070e+02 1.193593406677246094e+02 3.725741100311279297e+02 2.000000000000000000e+00
2.056352710723876953e+02 3.744116020202636719e+02 2.126933383941650391e+02 3.786919069290161133e+02 2.270854473114013672e+02 3.850490856170654297e+02 2.000000000000000000e+00
2.119492435455322266e+02 3.261337351799011230e+02 2.191054821014404297e+02 3.304875540733337402e+02 2.334751224517822266e+02 3.367384099960327148e+02 2.000000000000000000e+00
2.953383469581604004e+02 3.887498188018798828e+02 3.023331606388092041e+02 3.933983802795410156e+02 3.165531921386718750e+02 3.998513889312744141e+02 2.000000000000000000e+00
1.252456092834472656e+02 4.244204807281494141e+02 1.324089431762695312e+02 4.285587501525878906e+02 1.471590042114257812e+02 4.346830844879150391e+02 2.000000000000000000e+00
8.280605316162109375e+01 3.666105079650878906e+02 9.023387908935546875e+01 3.707988595962524414e+02 1.053075218200683594e+02 3.768118286132812500e+02 2.000000000000000000e+00
1.095295333862304688e+02 3.783048105239868164e+02 1.168575477600097656e+02 3.824886274337768555e+02 1.316682815551757812e+02 3.886003160476684570e+02 2.000000000000000000e+00
9.329797744750976562e+01 3.038534259796142578e+02 1.007987022399902344e+02 3.081152343750000000e+02 1.156733322143554688e+02 3.143396615982055664e+02 2.000000000000000000e+00
3.327693939208984375e+00 4.252192783355712891e+02 1.099090576171875000e+01 4.290163707733154297e+02 2.694158554077148438e+01 4.346247911453247070e+02 2.000000000000000000e+00
1.662284851074218750e+01 4.175877428054809570e+02 2.428386688232421875e+01 4.216041898727416992e+02 4.005096435546875000e+01 4.273147916793823242e+02 2.000000000000000000e+00
2.107516574859619141e+02 3.813451910018920898e+02 2.177268981933593750e+02 3.857153034210205078e+02 2.322039031982421875e+02 3.920753574371337891e+02 2.000000000000000000e+00
1.887050437927246094e+02 1.172165966033935547e+02 1.689246654510498047e+02 1.197143554687500000e+02 1.562542152404785156e+02 1.246727085113525391e+02 1.000000000000000000e+00
6.155992507934570312e+01 3.772964286804199219e+02 6.895732879638671875e+01 3.813604831695556641e+02 8.424850463867187500e+01 3.874120187759399414e+02 2.000000000000000000e+00
8.832593917846679688e+01 4.000099897384643555e+02 9.569440841674804688e+01 4.040337896347045898e+02 1.107210731506347656e+02 4.101038932800292969e+02 2.000000000000000000e+00
2.704388093948364258e+02 4.032853746414184570e+02 2.774492502212524414e+02 4.078309965133666992e+02 2.916914057731628418e+02 4.143067789077758789e+02 2.000000000000000000e+00
1.186530303955078125e+02 3.760575628280639648e+02 1.258628654479980469e+02 3.802765846252441406e+02 1.406021690368652344e+02 3.863952398300170898e+02 2.000000000000000000e+00
1.432179450988769531e+02 3.170457530021667480e+02 1.505754470825195312e+02 3.214499831199645996e+02 1.651884937286376953e+02 3.277178120613098145e+02 2.000000000000000000e+00
9.889734268188476562e+01 4.269374513626098633e+02 1.062282943725585938e+02 4.311986732482910156e+02 1.211366271972656250e+02 4.370842981338500977e+02 2.000000000000000000e+00
1.071895599365234375e+02 3.571112394332885742e+02 1.144570922851562500e+02 3.613563537597656250e+02 1.294635391235351562e+02 3.674759960174560547e+02 2.000000000000000000e+00
9.180246353149414062e+01 3.432837295532226562e+02 9.923662185668945312e+01 3.475040960311889648e+02 1.142357826232910156e+02 3.536027598381042480e+02 2.000000000000000000e+00
1.352935981750488281e+02 4.070757865905761719e+02 1.424235725402832031e+02 4.113793087005615234e+02 1.570269775390625000e+02 4.174684238433837891e+02 2.000000000000000000e+00
3.985401630401611328e+02 1.344631290435791016e+02 3.770378112792968750e+02 1.365772533416748047e+02 3.623999643325805664e+02 1.408528876304626465e+02 1.000000000000000000e+00
4.373287391662597656e+02 1.508280014991760254e+02 4.157237911224365234e+02 1.536651420593261719e+02 4.009377765655517578e+02 1.581590652465820312e+02 1.000000000000000000e+00
1.989301681518554688e+01 3.344953036308288574e+02 2.768301010131835938e+01 3.385412621498107910e+02 4.352064132690429688e+01 3.445247840881347656e+02 2.000000000000000000e+00
1.499028205871582031e+02 2.797333073616027832e+02 1.572598075866699219e+02 2.840953409671783447e+02 1.718526554107666016e+02 2.904563319683074951e+02 2.000000000000000000e+00
1.079762840270996094e+02 4.257213878631591797e+02 1.152793312072753906e+02 4.299353742599487305e+02 1.300202560424804688e+02 4.359119653701782227e+02 2.000000000000000000e+00
1.664819812774658203e+02 3.037152457237243652e+02 1.737189960479736328e+02 3.080914020538330078e+02 1.881704044342041016e+02 3.143486952781677246e+02 2.000000000000000000e+00
1.131732368469238281e+02 3.478978657722473145e+02 1.204551887512207031e+02 3.521396255493164062e+02 1.353882789611816406e+02 3.583465361595153809e+02 2.000000000000000000e+00
1.816691112518310547e+02 4.012057542800903320e+02 1.887279319763183594e+02 4.055643939971923828e+02 2.032645511627197266e+02 4.117393255233764648e+02 2.000000000000000000e+00
1.754103851318359375e+02 2.925008869171142578e+02 1.826164817810058594e+02 2.967827188968658447e+02 1.970775318145751953e+02 3.031786823272705078e+02 2.000000000000000000e+00
3.798480224609375000e+02 2.221296072006225586e+02 3.586514592170715332e+02 2.246285855770111084e+02 3.446256113052368164e+02 2.287954097986221313e+02 1.000000000000000000e+00
4.148727130889892578e+02 1.544042158126831055e+02 3.943293476104736328e+02 1.559367656707763672e+02 3.801936340332031250e+02 1.595471477508544922e+02 1.000000000000000000e+00
1.276712989807128906e+02 2.870588386058807373e+02 1.351503181457519531e+02 2.914629220962524414e+02 1.499201965332031250e+02 2.978431105613708496e+02 2.000000000000000000e+00
1.855516624450683594e+02 3.767390155792236328e+02 1.925451469421386719e+02 3.812028837203979492e+02 2.070665454864501953e+02 3.875011968612670898e+02 2.000000000000000000e+00
9.015869140625000000e+01 2.835912179946899414e+02 9.768514633178710938e+01 2.879634726047515869e+02 1.126477241516113281e+02 2.943062782287597656e+02 2.000000000000000000e+00
1.328841781616210938e+02 3.777872943878173828e+02 1.401187705993652344e+02 3.820703744888305664e+02 1.547895431518554688e+02 3.882324314117431641e+02 2.000000000000000000e+00
4.437227153778076172e+02 2.437547153234481812e+02 4.233932209014892578e+02 2.457738344371318817e+02 4.097242736816406250e+02 2.500660559535026550e+02 1.000000000000000000e+00
4.429830074310302734e+02 2.552480471134185791e+02 4.217643165588378906e+02 2.575201123952865601e+02 4.076933288574218750e+02 2.616474312543869019e+02 1.000000000000000000e+00
2.898141169548034668e+02 2.407265320234000683e+02 2.693105173110961914e+02 2.433347627520561218e+02 2.557435464859008789e+02 2.477200931310653687e+02 1.000000000000000000e+00
1.783033084869384766e+02 2.794423234462738037e+02 1.649158954620361328e+02 2.844631969928741455e+02 1.795447063446044922e+02 2.908268165588378906e+02 2.000000000000000000e+00
1.898458480834960938e+01 4.258541679382324219e+02 2.652498245239257812e+01 4.297321271896362305e+02 4.229213714599609375e+01 4.354284095764160156e+02 2.000000000000000000e+00
3.904199600219726562e+01 2.864696967601776123e+02 4.683536529541015625e+01 2.906226539611816406e+02 6.244148254394531250e+01 2.969173300266265869e+02 2.000000000000000000e+00
2.247157001495361328e+02 3.681076669692993164e+02 2.317583751678466797e+02 3.725404787063598633e+02 2.462527465820312500e+02 3.788194370269775391e+02 2.000000000000000000e+00
1.830663681030273438e+01 3.739311218261718750e+02 2.609558105468750000e+01 3.779196310043334961e+02 4.186172485351562500e+01 3.838414049148559570e+02 2.000000000000000000e+00
9.955560684204101562e+01 3.219122385978698730e+02 1.071043205261230469e+02 3.261891531944274902e+02 1.220331573486328125e+02 3.323610305786132812e+02 2.000000000000000000e+00
2.686119079589843750e+01 3.880291271209716797e+02 3.458995819091796875e+01 3.919582557678222656e+02 5.014223098754882812e+01 3.977932262420654297e+02 2.000000000000000000e+00
8.043317794799804688e+01 4.253630733489990234e+02 8.790040969848632812e+01 4.295198106765747070e+02 1.028787803649902344e+02 4.354401683807373047e+02 2.000000000000000000e+00
1.002068328857421875e+02 2.814760458469390869e+02 1.076389312744140625e+02 2.857643151283264160e+02 1.225918769836425781e+02 2.920650959014892578e+02 2.000000000000000000e+00
1.076715660095214844e+02 3.884626865386962891e+02 1.149032783508300781e+02 3.926203680038452148e+02 1.297432708740234375e+02 3.986862516403198242e+02 2.000000000000000000e+00
2.242617511749267578e+02 4.101816558837890625e+02 2.311656665802001953e+02 4.146070003509521484e+02 2.455224609375000000e+02 4.210616254806518555e+02 2.000000000000000000e+00
1.477577400207519531e+02 3.604337167739868164e+02 1.549899864196777344e+02 3.646951389312744141e+02 1.696463871002197266e+02 3.708249235153198242e+02 2.000000000000000000e+00
1.944866657257080078e+02 2.802402663230895996e+02 1.805164813995361328e+02 2.848403656482696533e+02 1.951460075378417969e+02 2.912916898727416992e+02 2.000000000000000000e+00
2.201559162139892578e+02 3.351202154159545898e+02 2.273635673522949219e+02 3.394626188278198242e+02 2.416696166992187500e+02 3.457895851135253906e+02 2.000000000000000000e+00
1.392424201965332031e+02 3.251975727081298828e+02 1.465537261962890625e+02 3.295348262786865234e+02 1.611765003204345703e+02 3.357259297370910645e+02 2.000000000000000000e+00
1.851021671295166016e+02 3.415969276428222656e+02 1.923683929443359375e+02 3.459595370292663574e+02 2.067792034149169922e+02 3.523119878768920898e+02 2.000000000000000000e+00
3.887273788452148438e+01 3.664697027206420898e+02 4.654026031494140625e+01 3.705288505554199219e+02 6.202562332153320312e+01 3.764002418518066406e+02 2.000000000000000000e+00
1.572847747802734375e+02 3.914508676528930664e+02 1.644939422607421875e+02 3.957903242111206055e+02 1.790985393524169922e+02 4.020468807220458984e+02 2.000000000000000000e+00
3.138313901424407959e+02 3.513910603523254395e+02 3.208593139797449112e+02 3.560672092437744141e+02 3.351824033260345459e+02 3.624231576919555664e+02 2.000000000000000000e+00
1.966099262237548828e+02 2.892759740352630615e+02 2.037604999542236328e+02 2.936004960536956787e+02 2.183476543426513672e+02 3.000006437301635742e+02 2.000000000000000000e+00
4.488697052001953125e+00 3.347410941123962402e+02 1.248487472534179688e+01 3.388858366012573242e+02 2.842311859130859375e+01 3.448709464073181152e+02 2.000000000000000000e+00
1.795963764190673828e+02 3.921732616424560547e+02 1.866444206237792969e+02 3.964580154418945312e+02 2.012193393707275391e+02 4.027594327926635742e+02 2.000000000000000000e+00
3.822997760772705078e+02 1.143808364868164062e+02 3.601770925521850586e+02 1.175850677490234375e+02 3.449079585075378418e+02 1.227947187423706055e+02 1.000000000000000000e+00
1.209631919860839844e+02 3.326008343696594238e+02 1.284179496765136719e+02 3.368854737281799316e+02 1.431479835510253906e+02 3.430522227287292480e+02 2.000000000000000000e+00
1.198992156982421875e+02 3.892983484268188477e+02 1.271619987487792969e+02 3.935033369064331055e+02 1.418149566650390625e+02 3.995685768127441406e+02 2.000000000000000000e+00
9.047889709472656250e+00 3.802936220169067383e+02 1.674385070800781250e+01 3.843211412429809570e+02 3.269229888916015625e+01 3.901972103118896484e+02 2.000000000000000000e+00
1.828274059295654297e+02 3.325486779212951660e+02 1.901431846618652344e+02 3.369645166397094727e+02 2.045488834381103516e+02 3.432501554489135742e+02 2.000000000000000000e+00
1.103544998168945312e+02 3.671269226074218750e+02 1.176480293273925781e+02 3.713540983200073242e+02 1.325396537780761719e+02 3.774522542953491211e+02 2.000000000000000000e+00
1.710836124420166016e+02 3.669261789321899414e+02 1.783254337310791016e+02 3.713617372512817383e+02 1.928173542022705078e+02 3.776402950286865234e+02 2.000000000000000000e+00
2.359824943542480469e+02 3.859220695495605469e+02 2.430643129348754883e+02 3.904826116561889648e+02 2.574020051956176758e+02 3.967690515518188477e+02 2.000000000000000000e+00
1.475430488586425781e+02 3.363137841224670410e+02 1.547713470458984375e+02 3.405860638618469238e+02 1.694144153594970703e+02 3.468303608894348145e+02 2.000000000000000000e+00
4.895557403564453125e+01 3.502123188972473145e+02 5.651865005493164062e+01 3.541497588157653809e+02 7.205738067626953125e+01 3.601407480239868164e+02 2.000000000000000000e+00
1.110094833374023438e+02 3.398252606391906738e+02 1.183517074584960938e+02 3.441369652748107910e+02 1.332821083068847656e+02 3.503092432022094727e+02 2.000000000000000000e+00
2.933727097511291504e+02 3.968328380584716797e+02 3.003411865234375000e+02 4.014811134338378906e+02 3.145758360624313354e+02 4.079281997680664062e+02 2.000000000000000000e+00
1.304412841796875000e+01 3.486972427368164062e+02 2.086696624755859375e+01 3.526816177368164062e+02 3.655389785766601562e+01 3.585924410820007324e+02 2.000000000000000000e+00
1.513253021240234375e+02 3.118360948562622070e+02 1.586066818237304688e+02 3.163138747215270996e+02 1.732631969451904297e+02 3.225582933425903320e+02 2.000000000000000000e+00
1.663954639434814453e+02 3.912828397750854492e+02 1.735354137420654297e+02 3.955943012237548828e+02 1.881894969940185547e+02 4.018759202957153320e+02 2.000000000000000000e+00
3.136032408475875854e+02 3.413309097290039062e+02 3.206437683105468750e+02 3.460538077354431152e+02 3.348736572265625000e+02 3.524256062507629395e+02 2.000000000000000000e+00
1.083448791503906250e+02 2.903988075256347656e+02 1.158032226562500000e+02 2.946894264221191406e+02 1.307164764404296875e+02 3.008994770050048828e+02 2.000000000000000000e+00
3.907792377471923828e+02 1.296558952331542969e+02 3.689593219757080078e+02 1.326858901977539062e+02 3.541238403320312500e+02 1.376964855194091797e+02 1.000000000000000000e+00
3.609544992446899414e+02 1.779599404335021973e+02 3.399051213264465332e+02 1.806258666515350342e+02 3.254676514863967896e+02 1.851538217067718506e+02 1.000000000000000000e+00
3.421791386604309082e+02 2.506326600909233093e+02 3.212680664658546448e+02 2.529118046164512634e+02 3.070458066463470459e+02 2.573401808738708496e+02 1.000000000000000000e+00
1.636763095855712891e+02 1.622226691246032715e+02 1.438559532165527344e+02 1.644944715499877930e+02 1.311341285705566406e+02 1.692246508598327637e+02 1.000000000000000000e+00
2.651104736328125000e+02 3.683098268508911133e+02 2.719521760940551758e+02 3.728460788726806641e+02 2.862555527687072754e+02 3.792154312133789062e+02 2.000000000000000000e+00
4.199261188507080078e+02 1.834382307529449463e+02 3.983961820602416992e+02 1.860497725009918213e+02 3.835810232162475586e+02 1.904834711551666260e+02 1.000000000000000000e+00
1.751209354400634766e+02 3.559395790100097656e+02 1.822483158111572266e+02 3.602845859527587891e+02 1.967317199707031250e+02 3.665396118164062500e+02 2.000000000000000000e+00
6.090280532836914062e+01 4.116467714309692383e+02 6.822708129882812500e+01 4.156842184066772461e+02 8.342859268188476562e+01 4.215625047683715820e+02 2.000000000000000000e+00
3.536306381225585938e+01 3.383259916305541992e+02 4.305082321166992188e+01 3.423923420906066895e+02 5.866025924682617188e+01 3.483676171302795410e+02 2.000000000000000000e+00
1.419748497009277344e+02 2.899927997589111328e+02 1.492527961730957031e+02 2.942980992794036865e+02 1.638807010650634766e+02 3.006269574165344238e+02 2.000000000000000000e+00
2.652038574218750000e+01 3.728412580490112305e+02 3.421070098876953125e+01 3.767903566360473633e+02 4.990465164184570312e+01 3.827345609664916992e+02 2.000000000000000000e+00
2.038729572296142578e+02 3.884471225738525391e+02 2.108363056182861328e+02 3.928118705749511719e+02 2.253968620300292969e+02 3.991159772872924805e+02 2.000000000000000000e+00
1.270985031127929688e+02 4.062982320785522461e+02 1.342615699768066406e+02 4.105146503448486328e+02 1.489429473876953125e+02 4.165919351577758789e+02 2.000000000000000000e+00
2.880406498908996582e+02 1.417716193199157715e+02 2.671900320053100586e+02 1.444419336318969727e+02 2.533812713623046875e+02 1.492562985420227051e+02 1.000000000000000000e+00
2.896276235580444336e+02 4.069397306442260742e+02 2.965207815170288086e+02 4.115207862854003906e+02 3.108135372400283813e+02 4.180155372619628906e+02 2.000000000000000000e+00
4.157956600189208984e+02 1.171205234527587891e+02 3.940019559860229492e+02 1.189633512496948242e+02 3.787533283233642578e+02 1.228587913513183594e+02 1.000000000000000000e+00
4.282630920410156250e+01 3.593751311302185059e+02 5.043537139892578125e+01 3.634172487258911133e+02 6.598194122314453125e+01 3.693377780914306641e+02 2.000000000000000000e+00
3.721277761459350586e+02 4.062214136123657227e+02 3.793681669235229492e+02 4.110056591033935547e+02 3.938289785385131836e+02 4.177033138275146484e+02 2.000000000000000000e+00
1.737672805786132812e+01 3.658517503738403320e+02 2.507059097290039062e+01 3.698492860794067383e+02 4.082195281982421875e+01 3.757903861999511719e+02 2.000000000000000000e+00
3.030564272403717041e+02 3.696761226654052734e+02 3.100780946016311646e+02 3.742681932449340820e+02 3.243673402070999146e+02 3.806418514251708984e+02 2.000000000000000000e+00
2.765602397918701172e+02 4.092813777923583984e+02 2.835360407829284668e+02 4.137966728210449219e+02 2.977712392807006836e+02 4.203121376037597656e+02 2.000000000000000000e+00
1.816079807281494141e+02 1.589632987976074219e+02 1.616867542266845703e+02 1.613841676712036133e+02 1.487999916076660156e+02 1.661363339424133301e+02 1.000000000000000000e+00
2.430188131332397461e+02 3.666348266601562500e+02 2.498389291763305664e+02 3.711863136291503906e+02 2.642503643035888672e+02 3.774617099761962891e+02 2.000000000000000000e+00
2.652373933792114258e+02 3.813216018676757812e+02 2.722214365005493164e+02 3.858272838592529297e+02 2.864944458007812500e+02 3.922496366500854492e+02 2.000000000000000000e+00
1.947587394714355469e+02 3.876469230651855469e+02 2.017566680908203125e+02 3.920994901657104492e+02 2.163810729980468750e+02 3.983472061157226562e+02 2.000000000000000000e+00
3.636592102050781250e+02 4.043535518646240234e+02 3.706236267089843750e+02 4.091608428955078125e+02 3.850841665267944336e+02 4.157668304443359375e+02 2.000000000000000000e+00
9.773233413696289062e+01 4.168390560150146484e+02 1.050932884216308594e+02 4.211411905288696289e+02 1.199501228332519531e+02 4.270356273651123047e+02 2.000000000000000000e+00
2.587057113647460938e+01 3.089016151428222656e+02 3.391967773437500000e+01 3.130161809921264648e+02 4.956340789794921875e+01 3.192718219757080078e+02 2.000000000000000000e+00
2.492291879653930664e+02 3.323893761634826660e+02 2.563255596160888672e+02 3.370567703247070312e+02 2.707084321975708008e+02 3.431403279304504395e+02 2.000000000000000000e+00
1.152573204040527344e+02 2.842904698848724365e+02 1.227566337585449219e+02 2.886234140396118164e+02 1.376636505126953125e+02 2.948216271400451660e+02 2.000000000000000000e+00
2.166724872589111328e+02 3.671809816360473633e+02 2.236834812164306641e+02 3.715725517272949219e+02 2.381668853759765625e+02 3.779032087326049805e+02 2.000000000000000000e+00
2.789632558822631836e+02 1.572511982917785645e+02 2.581290578842163086e+02 1.597221493721008301e+02 2.442733144760131836e+02 1.643854022026062012e+02 1.000000000000000000e+00
2.912590026855468750e+01 3.323676824569702148e+02 3.677108764648437500e+01 3.364245343208312988e+02 5.253961563110351562e+01 3.424313378334045410e+02 2.000000000000000000e+00
2.936396169662475586e+02 5.605067253112792969e+01 3.007567131519317627e+02 6.083629131317138672e+01 3.152632141113281250e+02 6.762674331665039062e+01 2.000000000000000000e+00
1.504661750793457031e+02 3.270612215995788574e+02 1.577458953857421875e+02 3.314093399047851562e+02 1.722618389129638672e+02 3.375849938392639160e+02 2.000000000000000000e+00
9.900531768798828125e+01 3.521883916854858398e+02 1.063800621032714844e+02 3.564420247077941895e+02 1.213884735107421875e+02 3.625474262237548828e+02 2.000000000000000000e+00
