2.087382984161376953e+02 2.574217540025711060e+02 2.060478496551513672e+02 2.596929019689559937e+02 2.027392673492431641e+02 2.625353407859802246e+02 1.000000000000000000e+00
1.876294994354248047e+02 2.453126223385334015e+02 1.849170207977294922e+02 2.476388096809387207e+02 1.808583927154541016e+02 2.503606116771697998e+02 1.000000000000000000e+00
2.240821075439453125e+02 2.206980282068252563e+02 2.221087360382080078e+02 2.234772491455078125e+02 2.192978191375732422e+02 2.265821832418441772e+02 1.000000000000000000e+00
1.913585186004638672e+02 2.385754393413662910e+02 1.885104179382324219e+02 2.410232239589095116e+02 1.844313526153564453e+02 2.437902376055717468e+02 1.000000000000000000e+00
1.917673301696777344e+02 2.446536715328693390e+02 1.890101146697998047e+02 2.470242923498153687e+02 1.850397777557373047e+02 2.497569429874420166e+02 1.000000000000000000e+00
1.671596622467041016e+02 2.092424440383911133e+02 1.641262817382812500e+02 2.112346637248992920e+02 1.604419708251953125e+02 2.137121254205703735e+02 1.000000000000000000e+00
1.894022178649902344e+02 2.492612922191619873e+02 1.865931224822998047e+02 2.514855355024337769e+02 1.825214672088623047e+02 2.540964362025260925e+02 1.000000000000000000e+00
2.229062461853027344e+02 2.057814610004425049e+02 2.210470676422119141e+02 2.084356355667114258e+02 2.184344959259033203e+02 2.115920555591583252e+02 1.000000000000000000e+00
2.169114780426025391e+02 2.330165858566761017e+02 2.146891880035400391e+02 2.356914670765399933e+02 2.116906547546386719e+02 2.387110137194395065e+02 1.000000000000000000e+00
2.444456338882446289e+02 2.244741654396057129e+02 2.428657054901123047e+02 2.273609769344329834e+02 2.397723102569580078e+02 2.306939694285392761e+02 1.000000000000000000e+00
2.201102542877197266e+02 2.298713985085487366e+02 2.179643344879150391e+02 2.325968626141548157e+02 2.150401020050048828e+02 2.356843413412570953e+02 1.000000000000000000e+00
2.261881732940673828e+02 2.246357256174087524e+02 2.241893100738525391e+02 2.274202260375022888e+02 2.213502788543701172e+02 2.305780631303787231e+02 1.000000000000000000e+00
1.706546306610107422e+02 2.178418260812759399e+02 1.675029850006103516e+02 2.198686212301254272e+02 1.636694622039794922e+02 2.223178088665008545e+02 1.000000000000000000e+00
2.171239948272705078e+02 2.261895284056663513e+02 2.150711345672607422e+02 2.288339531421661377e+02 2.121633148193359375e+02 2.319314110279083252e+02 1.000000000000000000e+00
2.327636241912841797e+02 2.582319957017898560e+02 2.304281425476074219e+02 2.605649721622467041e+02 2.270207309722900391e+02 2.636029368638992310e+02 1.000000000000000000e+00
1.996911907196044922e+02 2.438042449951171875e+02 1.971030902862548828e+02 2.460878603160381317e+02 1.935590648651123047e+02 2.489250952005386353e+02 1.000000000000000000e+00
1.996181488037109375e+02 2.349803008139133453e+02 1.969434833526611328e+02 2.374269711971282959e+02 1.932400321960449219e+02 2.403009033389389515e+02 1.000000000000000000e+00
2.186958408355712891e+02 2.369078978151082993e+02 2.164017295837402344e+02 2.395883636176586151e+02 2.134041881561279297e+02 2.426351930201053619e+02 1.000000000000000000e+00
2.190091800689697266e+02 2.085459280014038086e+02 2.171912384033203125e+02 2.111706215143203735e+02 2.144819355010986328e+02 2.143310844898223877e+02 1.000000000000000000e+00
2.239849853515625000e+02 2.098946821689605713e+02 2.221050357818603516e+02 2.125414413213729858e+02 2.193820190429687500e+02 2.156883537769317627e+02 1.000000000000000000e+00
2.444933319091796875e+02 2.376401214301586151e+02 2.424551391601562500e+02 2.405549621768295765e+02 2.394904899597167969e+02 2.438403019309043884e+02 1.000000000000000000e+00
1.729449176788330078e+02 2.103520792722702026e+02 1.697759723663330078e+02 2.125946331024169922e+02 1.660837554931640625e+02 2.152156966924667358e+02 1.000000000000000000e+00
2.354842662811279297e+02 2.466497348248958588e+02 2.328037738800048828e+02 2.495664221048355103e+02 2.294373607635498047e+02 2.526099398732185364e+02 1.000000000000000000e+00
1.972286319732666016e+02 2.388992004096508026e+02 1.944840240478515625e+02 2.413254853338003159e+02 1.908689689636230469e+02 2.441543278098106384e+02 1.000000000000000000e+00
2.240696048736572266e+02 2.296886587142944336e+02 2.219656372070312500e+02 2.324983057379722595e+02 2.190487003326416016e+02 2.355930022895336151e+02 1.000000000000000000e+00
2.268990039825439453e+02 2.334178005158901215e+02 2.247889041900634766e+02 2.362777251005172729e+02 2.218729114532470703e+02 2.393631591461598873e+02 1.000000000000000000e+00
2.488273477554321289e+02 2.412011871859431267e+02 2.466052532196044922e+02 2.439871828258037567e+02 2.436318635940551758e+02 2.472528997063636780e+02 1.000000000000000000e+00
2.001132011413574219e+02 2.564909684658050537e+02 1.973862552642822266e+02 2.586650705337524414e+02 1.939019012451171875e+02 2.615355849266052246e+02 1.000000000000000000e+00
1.720099735260009766e+02 2.062032616138458252e+02 1.689242649078369141e+02 2.084165632724761963e+02 1.652557468414306641e+02 2.109871047735214233e+02 1.000000000000000000e+00
1.776625061035156250e+02 2.252857044339179993e+02 1.744384860992431641e+02 2.277654415369033813e+02 1.706110382080078125e+02 2.305173638463020325e+02 1.000000000000000000e+00
1.936584568023681641e+02 2.525269478559494019e+02 1.908471393585205078e+02 2.546950542926788330e+02 1.870836353302001953e+02 2.574331676959991455e+02 1.000000000000000000e+00
1.813842296600341797e+02 2.391696929745376110e+02 1.784123992919921875e+02 2.416618195921182632e+02 1.742742443084716797e+02 2.442888946831226349e+02 1.000000000000000000e+00
2.462535524368286133e+02 2.480141758918762207e+02 2.437832927703857422e+02 2.506979066133499146e+02 2.406391429901123047e+02 2.539637455344200134e+02 1.000000000000000000e+00
2.611271333694458008e+02 2.361582943797111511e+02 2.592494201660156250e+02 2.392152252048254013e+02 2.564274883270263672e+02 2.424858400225639343e+02 1.000000000000000000e+00
2.411047363281250000e+02 2.462978062033653259e+02 2.386228942871093750e+02 2.491451266407966614e+02 2.354277610778808594e+02 2.522591257095336914e+02 1.000000000000000000e+00
1.847421360015869141e+02 2.409762726724147797e+02 1.820587921142578125e+02 2.434269563108682632e+02 1.779658794403076172e+02 2.461521153151988983e+02 1.000000000000000000e+00
2.046235466003417969e+02 2.432614595443010330e+02 2.021279716491699219e+02 2.455171054601669312e+02 1.989210224151611328e+02 2.484297645092010498e+02 1.000000000000000000e+00
4.194124126434326172e+02 2.455795598030090332e+02 4.341210937500000000e+02 2.494090881943702698e+02 4.482751178741455078e+02 2.538540199398994446e+02 2.000000000000000000e+00
4.283817768096923828e+02 2.455427250266075134e+02 4.430738544464111328e+02 2.493644106388092041e+02 4.572314453125000000e+02 2.538433840870857239e+02 2.000000000000000000e+00
4.219701576232910156e+02 2.828473520278930664e+02 4.365328979492187500e+02 2.858952963352203369e+02 4.506702613830566406e+02 2.897908365726470947e+02 2.000000000000000000e+00
3.745128774642944336e+02 2.517990267276763916e+02 3.897859525680541992e+02 2.556106889247894287e+02 4.044048213958740234e+02 2.595501101016998291e+02 2.000000000000000000e+00
5.077641105651855469e+02 2.954696989059448242e+02 5.209487915039062500e+02 2.985311937332153320e+02 5.337316322326660156e+02 3.023049330711364746e+02 2.000000000000000000e+00
4.772741413116455078e+02 2.447035829722881317e+02 4.914583396911621094e+02 2.484489440917968750e+02 5.050765037536621094e+02 2.530481421947479248e+02 2.000000000000000000e+00
5.101800346374511719e+02 2.944303929805755615e+02 5.233748245239257812e+02 2.975386369228363037e+02 5.361834144592285156e+02 3.013284301757812500e+02 2.000000000000000000e+00
4.310100460052490234e+02 2.829508674144744873e+02 4.455905818939208984e+02 2.860289025306701660e+02 4.597329998016357422e+02 2.899381113052368164e+02 2.000000000000000000e+00
3.754883146286010742e+02 2.553820198774337769e+02 3.907481384277343750e+02 2.589921265840530396e+02 4.053308391571044922e+02 2.626525586843490601e+02 2.000000000000000000e+00
4.714013671875000000e+02 2.456863711774349213e+02 4.856048583984375000e+02 2.494577336311340332e+02 4.992548179626464844e+02 2.540445104241371155e+02 2.000000000000000000e+00
4.290340900421142578e+02 2.165431666374206543e+02 4.436439800262451172e+02 2.207352286577224731e+02 4.578437805175781250e+02 2.255092611908912659e+02 2.000000000000000000e+00
4.785404396057128906e+02 2.869832789897918701e+02 4.927086448669433594e+02 2.902687418460845947e+02 5.063749694824218750e+02 2.941624796390533447e+02 2.000000000000000000e+00
4.991521644592285156e+02 2.988128399848937988e+02 5.116965103149414062e+02 3.017563533782958984e+02 5.245418167114257812e+02 3.055175542831420898e+02 2.000000000000000000e+00
3.870776700973510742e+02 2.136318504810333252e+02 4.023060321807861328e+02 2.175148451328277588e+02 4.168821430206298828e+02 2.221923208236694336e+02 2.000000000000000000e+00
3.968952941894531250e+02 2.173543846607208252e+02 4.118885231018066406e+02 2.214396500587463379e+02 4.264840412139892578e+02 2.261065971851348877e+02 2.000000000000000000e+00
4.387843608856201172e+02 2.211731564998626709e+02 4.534613990783691406e+02 2.252543172240257263e+02 4.675885295867919922e+02 2.299428400397300720e+02 2.000000000000000000e+00
3.816479492187500000e+02 2.295199576020240784e+02 3.968188476562500000e+02 2.333951564133167267e+02 4.115640544891357422e+02 2.378190153837203979e+02 2.000000000000000000e+00
5.383565139770507812e+02 2.837829923629760742e+02 5.512645912170410156e+02 2.866460001468658447e+02 5.634220695495605469e+02 2.905504488945007324e+02 2.000000000000000000e+00
4.703803157806396484e+02 2.578195202350616455e+02 4.845691299438476562e+02 2.613055121898651123e+02 4.982808876037597656e+02 2.655007642507553101e+02 2.000000000000000000e+00
4.707671260833740234e+02 2.118182516098022461e+02 4.851777076721191406e+02 2.161525869369506836e+02 4.650266170501708984e+02 2.289235532283782959e+02 2.000000000000000000e+00
4.290528583526611328e+02 2.286380758881568909e+02 4.436736488342285156e+02 2.327074885368347168e+02 4.578747558593750000e+02 2.373457639664411545e+02 2.000000000000000000e+00
4.291237545013427734e+02 2.612272953987121582e+02 4.437593364715576172e+02 2.643396002054214478e+02 4.579081726074218750e+02 2.682433480024337769e+02 2.000000000000000000e+00
3.927636432647705078e+02 2.384228819981217384e+02 4.078960609436035156e+02 2.423539886623620987e+02 4.225999450683593750e+02 2.467360080778598785e+02 2.000000000000000000e+00
4.143161010742187500e+02 2.637659007310867310e+02 4.289321041107177734e+02 2.668854689598083496e+02 4.432200908660888672e+02 2.706751728057861328e+02 2.000000000000000000e+00
4.772673988342285156e+02 2.560877698659896851e+02 4.914309692382812500e+02 2.596333926916122437e+02 5.051185035705566406e+02 2.638657844066619873e+02 2.000000000000000000e+00
4.201434612274169922e+02 2.609082949161529541e+02 4.347853374481201172e+02 2.639453440904617310e+02 4.489475440979003906e+02 2.678915727138519287e+02 2.000000000000000000e+00
5.193464469909667969e+02 2.723249208927154541e+02 5.324866294860839844e+02 2.754903888702392578e+02 5.448357009887695312e+02 2.789975917339324951e+02 2.000000000000000000e+00
4.772346782684326172e+02 2.525511324405670166e+02 4.914098930358886719e+02 2.562773144245147705e+02 5.050632095336914062e+02 2.607922071218490601e+02 2.000000000000000000e+00
5.465676307678222656e+02 2.728145778179168701e+02 5.592279052734375000e+02 2.761817049980163574e+02 5.715541458129882812e+02 2.800668668746948242e+02 2.000000000000000000e+00
4.867439270019531250e+02 2.447278140485286713e+02 5.008250808715820312e+02 2.484558418393135071e+02 5.146013832092285156e+02 2.530727854371070862e+02 2.000000000000000000e+00
3.845913076400756836e+02 2.324303734302520752e+02 3.997568368911743164e+02 2.363380734622478485e+02 4.145154094696044922e+02 2.407567901909351349e+02 2.000000000000000000e+00
5.421222496032714844e+02 2.750578343868255615e+02 5.549312782287597656e+02 2.778882157802581787e+02 5.671879386901855469e+02 2.818856835365295410e+02 2.000000000000000000e+00
5.051548194885253906e+02 2.644717419147491455e+02 5.187480545043945312e+02 2.678310871124267578e+02 5.318173789978027344e+02 2.718792450428009033e+02 2.000000000000000000e+00
5.104990005493164062e+02 2.702824723720550537e+02 5.241429519653320312e+02 2.735290253162384033e+02 5.370658683776855469e+02 2.774908483028411865e+02 2.000000000000000000e+00
3.924163532257080078e+02 2.296154630184173584e+02 4.075082397460937500e+02 2.335351404547691345e+02 4.222522640228271484e+02 2.380976714193820953e+02 2.000000000000000000e+00
5.034776878356933594e+02 2.804641127586364746e+02 5.171551513671875000e+02 2.835618925094604492e+02 5.300139236450195312e+02 2.874418973922729492e+02 2.000000000000000000e+00
3.928064298629760742e+02 2.165430432558059692e+02 4.078690814971923828e+02 2.204965817928314209e+02 4.224578285217285156e+02 2.251869955658912659e+02 2.000000000000000000e+00
4.959820938110351562e+02 2.775385773181915283e+02 5.096344375610351562e+02 2.806289076805114746e+02 5.226146316528320312e+02 2.844797980785369873e+02 2.000000000000000000e+00
3.961940002441406250e+02 2.286726370453834534e+02 4.113085079193115234e+02 2.326184687018394470e+02 4.258810710906982422e+02 2.372411801666021347e+02 2.000000000000000000e+00
4.174142456054687500e+02 2.285072627663612366e+02 4.320632362365722656e+02 2.323069757223129272e+02 4.462873554229736328e+02 2.368852843344211578e+02 2.000000000000000000e+00
4.348368549346923828e+02 2.584077769517898560e+02 4.495401668548583984e+02 2.615456557273864746e+02 4.636233234405517578e+02 2.654824841022491455e+02 2.000000000000000000e+00
3.956351041793823242e+02 2.657173472642898560e+02 4.104470825195312500e+02 2.685637217760086060e+02 4.250440692901611328e+02 2.722731649875640869e+02 2.000000000000000000e+00
4.008463764190673828e+02 2.182906186580657959e+02 4.159069252014160156e+02 2.223633563518524170e+02 4.304632568359375000e+02 2.269983056187629700e+02 2.000000000000000000e+00
4.028228187561035156e+02 2.287734827399253845e+02 4.178782653808593750e+02 2.327471002936363220e+02 4.323888587951660156e+02 2.374271086603403091e+02 2.000000000000000000e+00
4.813381385803222656e+02 2.840028083324432373e+02 4.954887771606445312e+02 2.872515571117401123e+02 5.091337585449218750e+02 2.911347055435180664e+02 2.000000000000000000e+00
3.770653104782104492e+02 2.097713756561279297e+02 3.924949979782104492e+02 2.134737235307693481e+02 4.071065711975097656e+02 2.181292873620986938e+02 2.000000000000000000e+00
4.831352806091308594e+02 2.547066199779510498e+02 4.972989273071289062e+02 2.584642034769058228e+02 5.109451293945312500e+02 2.628301405906677246e+02 2.000000000000000000e+00
4.705115699768066406e+02 2.821700477600097656e+02 4.846967506408691406e+02 2.854061901569366455e+02 4.983961486816406250e+02 2.893538224697113037e+02 2.000000000000000000e+00
5.228956413269042969e+02 2.758055126667022705e+02 5.360213661193847656e+02 2.790917980670928955e+02 5.485002517700195312e+02 2.827410292625427246e+02 2.000000000000000000e+00
3.989109802246093750e+02 2.671331191062927246e+02 4.136951923370361328e+02 2.700184643268585205e+02 4.281910991668701172e+02 2.737099921703338623e+02 2.000000000000000000e+00
4.359537029266357422e+02 2.546302494406700134e+02 4.506664752960205078e+02 2.583906877040863037e+02 4.647848510742187500e+02 2.627254951000213623e+02 2.000000000000000000e+00
4.453094482421875000e+02 2.231970816850662231e+02 4.598779964447021484e+02 2.272423696517944336e+02 4.738893413543701172e+02 2.319277954101562500e+02 2.000000000000000000e+00
5.439978027343750000e+02 2.603669142723083496e+02 5.563591384887695312e+02 2.633544015884399414e+02 5.685221672058105469e+02 2.673811358213424683e+02 2.000000000000000000e+00
3.961036062240600586e+02 2.212485945224761963e+02 4.111611080169677734e+02 2.252601009607315063e+02 4.257055377960205078e+02 2.298525077104568481e+02 2.000000000000000000e+00
4.387435626983642578e+02 2.258210286498069763e+02 4.534100627899169922e+02 2.298431387543678284e+02 4.675840759277343750e+02 2.345560759305953979e+02 2.000000000000000000e+00
4.088015174865722656e+02 2.726882636547088623e+02 4.235754108428955078e+02 2.757159733772277832e+02 4.378344726562500000e+02 2.795619535446166992e+02 2.000000000000000000e+00
3.873899221420288086e+02 2.364887845516204834e+02 4.025303649902343750e+02 2.404410553257912397e+02 4.172210693359375000e+02 2.448096317052841187e+02 2.000000000000000000e+00
4.094093990325927734e+02 2.315616604685783386e+02 4.243525981903076172e+02 2.354774473607540131e+02 4.387496089935302734e+02 2.401275329617783427e+02 2.000000000000000000e+00
4.031503582000732422e+02 2.375578153878450394e+02 4.181583309173583984e+02 2.414524537324905396e+02 4.325471210479736328e+02 2.458987122774124146e+02 2.000000000000000000e+00
3.997925710678100586e+02 2.314963066577911377e+02 4.149120807647705078e+02 2.354514004290103912e+02 4.294699096679687500e+02 2.400216979987453669e+02 2.000000000000000000e+00
3.875523996353149414e+02 2.285858908295631409e+02 4.026723003387451172e+02 2.324923548102378845e+02 4.174400043487548828e+02 2.370039823651313782e+02 2.000000000000000000e+00
5.063563537597656250e+02 2.834418368339538574e+02 5.199129104614257812e+02 2.865488898754119873e+02 5.328051757812500000e+02 2.904348778724670410e+02 2.000000000000000000e+00
4.655475521087646484e+02 2.772413957118988037e+02 4.797618389129638672e+02 2.804763221740722656e+02 4.934577941894531250e+02 2.844208395481109619e+02 2.000000000000000000e+00
4.131533813476562500e+02 2.315096738934516907e+02 4.279457092285156250e+02 2.353729704022407532e+02 4.423546791076660156e+02 2.399622650141827762e+02 2.000000000000000000e+00
3.871267080307006836e+02 2.769808065891265869e+02 4.022079181671142578e+02 2.800406205654144287e+02 4.167342853546142578e+02 2.838695704936981201e+02 2.000000000000000000e+00
5.466634559631347656e+02 2.505779269337654114e+02 5.593986320495605469e+02 2.537799999117851257e+02 5.716185951232910156e+02 2.581288164854049683e+02 2.000000000000000000e+00
4.582409381866455078e+02 2.317243498563766479e+02 4.727134704589843750e+02 2.357554319500923157e+02 4.865271949768066406e+02 2.403465271275490522e+02 2.000000000000000000e+00
5.249766349792480469e+02 2.702735602855682373e+02 5.380278968811035156e+02 2.735108363628387451e+02 5.503513908386230469e+02 2.774208998680114746e+02 2.000000000000000000e+00
5.450260734558105469e+02 2.571539318561553955e+02 5.573090934753417969e+02 2.602654427289962769e+02 5.693123245239257812e+02 2.644332593679428101e+02 2.000000000000000000e+00
5.061037063598632812e+02 2.718260514736175537e+02 5.197611808776855469e+02 2.750783693790435791e+02 5.327108764648437500e+02 2.789953029155731201e+02 2.000000000000000000e+00
3.964317655563354492e+02 2.766555190086364746e+02 4.113483905792236328e+02 2.797434425354003906e+02 4.256799602508544922e+02 2.835375094413757324e+02 2.000000000000000000e+00
4.098158931732177734e+02 2.376271513849496841e+02 4.247295856475830078e+02 2.414815522357821465e+02 4.391778564453125000e+02 2.459550480544567108e+02 2.000000000000000000e+00
5.097054100036621094e+02 2.864581310749053955e+02 5.232158279418945312e+02 2.895769357681274414e+02 5.361146926879882812e+02 2.934256911277770996e+02 2.000000000000000000e+00
5.199498939514160156e+02 2.795508742332458496e+02 5.331402015686035156e+02 2.827341949939727783e+02 5.455479240417480469e+02 2.864595043659210205e+02 2.000000000000000000e+00
