5.455735588073730469e+02 1.521115207672119141e+02 5.490750122070312500e+02 1.566059517860412598e+02 5.496398925781250000e+02 1.674114632606506348e+02 1.000000000000000000e+00
5.638332557678222656e+02 1.638328528404235840e+02 5.679195594787597656e+02 1.684384274482727051e+02 5.694267082214355469e+02 1.792156362533569336e+02 1.000000000000000000e+00
5.493613243103027344e+02 1.599866151809692383e+02 5.528569984436035156e+02 1.645209145545959473e+02 5.535158157348632812e+02 1.753404664993286133e+02 1.000000000000000000e+00
5.441463088989257812e+02 1.592474627494812012e+02 5.474871253967285156e+02 1.638329887390136719e+02 5.479205322265625000e+02 1.747265267372131348e+02 1.000000000000000000e+00
5.601954460144042969e+02 1.565451192855834961e+02 5.643319702148437500e+02 1.610779666900634766e+02 5.657323074340820312e+02 1.718706464767456055e+02 1.000000000000000000e+00
1.218523979187011719e+02 2.505074313282966614e+02 1.391240310668945312e+02 2.583950811624526978e+02 1.543242073059082031e+02 2.728911745548248291e+02 3.000000000000000000e+00
5.104835891723632812e+02 2.036771821975708008e+02 5.130701255798339844e+02 2.087905418872833252e+02 5.132090568542480469e+02 2.205758196115493774e+02 1.000000000000000000e+00
1.307856369018554688e+02 2.445993196964263916e+02 1.479906654357910156e+02 2.524951180815696716e+02 1.631175804138183594e+02 2.670053118467330933e+02 3.000000000000000000e+00
1.232006072998046875e+02 2.274674525856971741e+02 1.404140663146972656e+02 2.353936918079853058e+02 1.555446815490722656e+02 2.498606112599372864e+02 3.000000000000000000e+00
1.374425888061523438e+02 2.306631311774253845e+02 1.546682929992675781e+02 2.385326994583010674e+02 1.696785831451416016e+02 2.530049595236778259e+02 3.000000000000000000e+00
3.823450326919555664e+02 9.798871994018554688e+01 3.824686574935913086e+02 1.016159248352050781e+02 3.792510986328125000e+02 1.114005661010742188e+02 1.000000000000000000e+00
4.441195106506347656e+02 1.238771867752075195e+02 4.446898174285888672e+02 1.279612326622009277e+02 4.422172260284423828e+02 1.382971429824829102e+02 1.000000000000000000e+00
5.339177322387695312e+02 1.821289658546447754e+02 5.370997428894042969e+02 1.869782531261444092e+02 5.373378372192382812e+02 1.981648528575897217e+02 1.000000000000000000e+00
1.314389419555664062e+02 2.215292340517044067e+02 1.486556434631347656e+02 2.294412991404533386e+02 1.637070178985595703e+02 2.438992309570312500e+02 3.000000000000000000e+00
5.187222862243652344e+02 1.442571187019348145e+02 5.209093093872070312e+02 1.487709116935729980e+02 5.201616859436035156e+02 1.596492719650268555e+02 1.000000000000000000e+00
1.255848121643066406e+02 2.164921098947525024e+02 1.427942085266113281e+02 2.243865644931793213e+02 1.578069114685058594e+02 2.388420256599783897e+02 3.000000000000000000e+00
5.166151237487792969e+02 2.002359294891357422e+02 5.192861366271972656e+02 2.055918717384338379e+02 5.193873405456542969e+02 2.172198164463043213e+02 1.000000000000000000e+00
1.519122314453125000e+02 2.694244086742401123e+02 1.692163848876953125e+02 2.773052072525024414e+02 1.844448852539062500e+02 2.916947972774505615e+02 3.000000000000000000e+00
1.363328552246093750e+02 2.386924437806010246e+02 1.535061645507812500e+02 2.465653538703918457e+02 1.685898590087890625e+02 2.610586863756179810e+02 3.000000000000000000e+00
5.439937782287597656e+02 1.006987094879150391e+02 5.472849845886230469e+02 1.041852521896362305e+02 5.478531455993652344e+02 1.136858510971069336e+02 1.000000000000000000e+00
3.910646963119506836e+02 2.354126586019992828e+02 4.059130859375000000e+02 2.424468994885683060e+02 4.185839557647705078e+02 2.555825811624526978e+02 2.000000000000000000e+00
8.907665252685546875e+01 3.049532532691955566e+02 1.065332031250000000e+02 3.127814698219299316e+02 1.218904685974121094e+02 3.276201224327087402e+02 3.000000000000000000e+00
4.496091365814208984e+02 1.342251062393188477e+02 4.503825378417968750e+02 1.385018277168273926e+02 4.480063819885253906e+02 1.489339113235473633e+02 1.000000000000000000e+00
9.301404953002929688e+01 3.100718092918395996e+02 1.104928970336914062e+02 3.177946829795837402e+02 1.258672523498535156e+02 3.326534199714660645e+02 3.000000000000000000e+00
5.103354263305664062e+02 1.115132331848144531e+02 5.124057579040527344e+02 1.149244880676269531e+02 5.117582511901855469e+02 1.254190707206726074e+02 1.000000000000000000e+00
1.222312736511230469e+02 2.895995521545410156e+02 1.396290588378906250e+02 2.973875749111175537e+02 1.549634933471679688e+02 3.119203233718872070e+02 3.000000000000000000e+00
9.273920059204101562e+01 2.289638212323188782e+02 1.100402832031250000e+02 2.369033963978290558e+02 1.251938056945800781e+02 2.515918430685997009e+02 3.000000000000000000e+00
7.450834274291992188e+01 2.417236633971333504e+02 9.186870574951171875e+01 2.496810615062713623e+02 1.070723533630371094e+02 2.645091265439987183e+02 3.000000000000000000e+00
5.139470291137695312e+02 1.449796700477600098e+02 5.159760093688964844e+02 1.494517350196838379e+02 5.152107048034667969e+02 1.602899765968322754e+02 1.000000000000000000e+00
1.223062705993652344e+02 2.775696730613708496e+02 1.396224212646484375e+02 2.853460407257080078e+02 1.549726104736328125e+02 2.999453151226043701e+02 3.000000000000000000e+00
8.928451538085937500e+01 2.648639845848083496e+02 1.067219734191894531e+02 2.728227245807647705e+02 1.219611549377441406e+02 2.875529515743255615e+02 3.000000000000000000e+00
3.981508207321166992e+02 1.064109992980957031e+02 3.980011892318725586e+02 1.101319169998168945e+02 3.946806955337524414e+02 1.200370502471923828e+02 1.000000000000000000e+00
3.803310871124267578e+02 1.412295627593994141e+02 3.798132944107055664e+02 1.457988238334655762e+02 3.763393878936767578e+02 1.564708042144775391e+02 1.000000000000000000e+00
3.986172485351562500e+02 1.435309123992919922e+02 3.987350177764892578e+02 1.480730223655700684e+02 3.957429838180541992e+02 1.586759734153747559e+02 1.000000000000000000e+00
5.126792716979980469e+02 1.718996214866638184e+02 5.153485107421875000e+02 1.766740107536315918e+02 5.150737953186035156e+02 1.877605712413787842e+02 1.000000000000000000e+00
4.228501605987548828e+02 2.471188509464263916e+02 4.379957008361816406e+02 2.539568942785263062e+02 4.507625484466552734e+02 2.669259041547775269e+02 2.000000000000000000e+00
4.232055377960205078e+02 3.435897302627563477e+02 4.405293273925781250e+02 3.505940937995910645e+02 4.559551715850830078e+02 3.637725305557250977e+02 3.000000000000000000e+00
4.061717510223388672e+02 2.833774137496948242e+02 4.210943031311035156e+02 2.903859293460845947e+02 4.340420532226562500e+02 3.036285138130187988e+02 2.000000000000000000e+00
8.055238723754882812e+01 2.417642823234200478e+02 9.790660858154296875e+01 2.497170415520668030e+02 1.131472396850585938e+02 2.645052802562713623e+02 3.000000000000000000e+00
3.962431669235229492e+02 2.458431552350521088e+02 4.111217403411865234e+02 2.530792549252510071e+02 4.237070655822753906e+02 2.664088153839111328e+02 2.000000000000000000e+00
4.348029518127441406e+02 1.432885980606079102e+02 4.353815650939941406e+02 1.478193283081054688e+02 4.329277992248535156e+02 1.585946774482727051e+02 1.000000000000000000e+00
4.302300167083740234e+02 3.426648330688476562e+02 4.475820922851562500e+02 3.496675157546997070e+02 4.629590511322021484e+02 3.628251171112060547e+02 3.000000000000000000e+00
1.326539802551269531e+02 2.135484606027603149e+02 1.498554801940917969e+02 2.214189291000366211e+02 1.648299694061279297e+02 2.358647458255290985e+02 3.000000000000000000e+00
8.924484252929687500e+01 2.849661898612976074e+02 1.066617393493652344e+02 2.929864847660064697e+02 1.219341468811035156e+02 3.076607680320739746e+02 3.000000000000000000e+00
3.494770812988281250e+02 8.830773353576660156e+01 3.486161208152770996e+02 9.149103641510009766e+01 3.450400090217590332e+02 1.015998315811157227e+02 1.000000000000000000e+00
8.227178573608398438e+01 2.829899632930755615e+02 9.969280242919921875e+01 2.908868443965911865e+02 1.149877166748046875e+02 3.055954027175903320e+02 3.000000000000000000e+00
6.451105117797851562e+01 2.263969418406486511e+02 8.188753128051757812e+01 2.344982448220252991e+02 9.700651168823242188e+01 2.492861634492874146e+02 3.000000000000000000e+00
3.796809720993041992e+02 1.342442393302917480e+02 3.791841459274291992e+02 1.387232637405395508e+02 3.756270170211791992e+02 1.491612482070922852e+02 1.000000000000000000e+00
4.401200294494628906e+02 3.428348779678344727e+02 4.574717426300048828e+02 3.497867202758789062e+02 4.728729248046875000e+02 3.629889965057373047e+02 3.000000000000000000e+00
4.102762508392333984e+02 2.234946441650390625e+02 4.253195476531982422e+02 2.302499690651893616e+02 4.379748821258544922e+02 2.431566316634416580e+02 2.000000000000000000e+00
7.650260925292968750e+01 2.487152257561683655e+02 9.385019302368164062e+01 2.566923522949218750e+02 1.090583610534667969e+02 2.714908146858215332e+02 3.000000000000000000e+00
5.162178421020507812e+02 1.132724189758300781e+02 5.184090614318847656e+02 1.166265678405761719e+02 5.177835655212402344e+02 1.269458055496215820e+02 1.000000000000000000e+00
4.038004207611083984e+02 3.395869159698486328e+02 4.210897827148437500e+02 3.467156124114990234e+02 4.364625263214111328e+02 3.602224445343017578e+02 3.000000000000000000e+00
3.923775339126586914e+02 2.166114181280136108e+02 4.073485469818115234e+02 2.234399414062500000e+02 4.195462322235107422e+02 2.375766143202781677e+02 2.000000000000000000e+00
4.053522014617919922e+02 3.034348797798156738e+02 4.205906963348388672e+02 3.105244159698486328e+02 4.336907386779785156e+02 3.237385010719299316e+02 2.000000000000000000e+00
6.755599975585937500e+01 2.325072017312049866e+02 8.492982864379882812e+01 2.405464630387723446e+02 1.000646400451660156e+02 2.553418582677841187e+02 3.000000000000000000e+00
5.162092971801757812e+02 1.574540376663208008e+02 5.188092041015625000e+02 1.621236562728881836e+02 5.183991050720214844e+02 1.730458331108093262e+02 1.000000000000000000e+00
5.215505981445312500e+02 1.876357090473175049e+02 5.242661857604980469e+02 1.928669714927673340e+02 5.242074584960937500e+02 2.044432961940765381e+02 1.000000000000000000e+00
2.849236750602722168e+02 3.063683795928955078e+02 2.996581411361694336e+02 3.136349201202392578e+02 3.132123714685440063e+02 3.275418162345886230e+02 2.000000000000000000e+00
1.573497962951660156e+02 3.288281321525573730e+02 1.747733783721923828e+02 3.366034626960754395e+02 1.902418327331542969e+02 3.510103797912597656e+02 3.000000000000000000e+00
1.458496093750000000e+02 2.692298287153244019e+02 1.631539440155029297e+02 2.771296405792236328e+02 1.783582305908203125e+02 2.915438246726989746e+02 3.000000000000000000e+00
5.434021568298339844e+02 1.707224965095520020e+02 5.467808341979980469e+02 1.755073070526123047e+02 5.471734046936035156e+02 1.865304243564605713e+02 1.000000000000000000e+00
2.757881784439086914e+02 3.114041805267333984e+02 2.905256652832031250e+02 3.189247798919677734e+02 3.035480344295501709e+02 3.328205323219299316e+02 2.000000000000000000e+00
3.980052804946899414e+02 1.158125495910644531e+02 3.977728271484375000e+02 1.198950576782226562e+02 3.944996023178100586e+02 1.301042246818542480e+02 1.000000000000000000e+00
1.356120300292968750e+02 2.505618900060653687e+02 1.528151321411132812e+02 2.584620988368988037e+02 1.680022716522216797e+02 2.729281032085418701e+02 3.000000000000000000e+00
3.777543640136718750e+02 1.498930621147155762e+02 3.773752737045288086e+02 1.545714497566223145e+02 3.739349365234375000e+02 1.653577995300292969e+02 1.000000000000000000e+00
5.253313064575195312e+02 1.929658627510070801e+02 5.281316566467285156e+02 1.982628142833709717e+02 5.282373619079589844e+02 2.097461843490600586e+02 1.000000000000000000e+00
5.083808708190917969e+02 1.664209413528442383e+02 5.109002494812011719e+02 1.711217164993286133e+02 5.104324340820312500e+02 1.821447873115539551e+02 1.000000000000000000e+00
4.551296138763427734e+02 1.412240409851074219e+02 4.559291076660156250e+02 1.455676674842834473e+02 4.536858272552490234e+02 1.561971545219421387e+02 1.000000000000000000e+00
4.075768470764160156e+02 3.158902645111083984e+02 4.228397560119628906e+02 3.230107784271240234e+02 4.359334087371826172e+02 3.364175462722778320e+02 2.000000000000000000e+00
4.583660030364990234e+02 2.503822329640388489e+02 4.736184406280517578e+02 2.571537476778030396e+02 4.865648460388183594e+02 2.697551286220550537e+02 2.000000000000000000e+00
4.282023906707763672e+02 2.409226990118622780e+02 4.432880878448486328e+02 2.476758733391761780e+02 4.560604286193847656e+02 2.606045240163803101e+02 2.000000000000000000e+00
5.378524780273437500e+02 1.872806668281555176e+02 5.412360191345214844e+02 1.921684098243713379e+02 5.417163658142089844e+02 2.032617938518524170e+02 1.000000000000000000e+00
6.650293350219726562e+01 2.604960036277770996e+02 8.407428741455078125e+01 2.685966503620147705e+02 9.922336578369140625e+01 2.833849203586578369e+02 3.000000000000000000e+00
4.131682491302490234e+02 2.166551041603088379e+02 4.282394409179687500e+02 2.235112148523330688e+02 4.409216976165771484e+02 2.364584349095821381e+02 2.000000000000000000e+00
8.206907272338867188e+01 2.188283675909042358e+02 9.909036636352539062e+01 2.268380123376846313e+02 1.141307640075683594e+02 2.415050965547561646e+02 3.000000000000000000e+00
4.233278846740722656e+02 1.048636293411254883e+02 4.236148738861083984e+02 1.086181068420410156e+02 4.210694313049316406e+02 1.185652828216552734e+02 1.000000000000000000e+00
4.342049312591552734e+02 1.302130079269409180e+02 4.346810626983642578e+02 1.343034911155700684e+02 4.322371864318847656e+02 1.448027729988098145e+02 1.000000000000000000e+00
4.408340454101562500e+02 1.420137262344360352e+02 4.415668964385986328e+02 1.464576816558837891e+02 4.392973327636718750e+02 1.572106146812438965e+02 1.000000000000000000e+00
5.191850662231445312e+02 1.945604538917541504e+02 5.218147087097167969e+02 2.000319957733154297e+02 5.218282508850097656e+02 2.116579270362854004e+02 1.000000000000000000e+00
5.062200736999511719e+02 2.977532386779785156e+02 5.216412353515625000e+02 3.043702697753906250e+02 5.350601768493652344e+02 3.172544932365417480e+02 2.000000000000000000e+00
5.177426147460937500e+02 1.056298828125000000e+02 5.199163246154785156e+02 1.090757846832275391e+02 5.192935752868652344e+02 1.189959383010864258e+02 1.000000000000000000e+00
4.013140869140625000e+02 1.365499234199523926e+02 4.013759517669677734e+02 1.408262157440185547e+02 3.982035541534423828e+02 1.514564752578735352e+02 1.000000000000000000e+00
1.406699371337890625e+02 2.897688925266265869e+02 1.581006050109863281e+02 2.975449848175048828e+02 1.734023284912109375e+02 3.120128488540649414e+02 3.000000000000000000e+00
3.765003061294555664e+02 1.235632324218750000e+02 3.760248708724975586e+02 1.280860376358032227e+02 3.726948261260986328e+02 1.382475399971008301e+02 1.000000000000000000e+00
4.910645103454589844e+02 1.351187539100646973e+02 4.926809692382812500e+02 1.393878722190856934e+02 4.913582229614257812e+02 1.498520636558532715e+02 1.000000000000000000e+00
5.076916313171386719e+02 2.891246044635772705e+02 5.231261634826660156e+02 2.956858241558074951e+02 5.364465904235839844e+02 3.083413410186767578e+02 2.000000000000000000e+00
4.498036861419677734e+02 1.458345723152160645e+02 4.506841754913330078e+02 1.503572630882263184e+02 4.485294246673583984e+02 1.611293578147888184e+02 1.000000000000000000e+00
1.465977859497070312e+02 2.347559505701065063e+02 1.637091827392578125e+02 2.425597840547561646e+02 1.786676025390625000e+02 2.569447034597396851e+02 3.000000000000000000e+00
4.442818641662597656e+02 2.441521762311458588e+02 4.593315792083740234e+02 2.507822120189666748e+02 4.722029113769531250e+02 2.634865128993988037e+02 2.000000000000000000e+00
9.124610900878906250e+01 2.790699470043182373e+02 1.086672401428222656e+02 2.870781290531158447e+02 1.239110374450683594e+02 3.017052626609802246e+02 3.000000000000000000e+00
5.367760658264160156e+02 1.896574544906616211e+02 5.402482414245605469e+02 1.944669914245605469e+02 5.408150100708007812e+02 2.054565703868865967e+02 1.000000000000000000e+00
3.031902766227722168e+02 3.183631968498229980e+02 3.184052734076976776e+02 3.259722304344177246e+02 3.341143798828125000e+02 3.398236155509948730e+02 2.000000000000000000e+00
4.226237773895263672e+02 1.357265710830688477e+02 4.228816509246826172e+02 1.402188849449157715e+02 4.198639869689941406e+02 1.507628130912780762e+02 1.000000000000000000e+00
4.148539161682128906e+02 1.087919569015502930e+02 4.151708698272705078e+02 1.127246761322021484e+02 4.123902320861816406e+02 1.227165555953979492e+02 1.000000000000000000e+00
9.225023269653320312e+01 2.119662147760391235e+02 1.089659309387207031e+02 2.198690021038055420e+02 1.235693931579589844e+02 2.345365901291370392e+02 3.000000000000000000e+00
5.258830070495605469e+02 1.733331727981567383e+02 5.285953330993652344e+02 1.781533455848693848e+02 5.283640861511230469e+02 1.893569147586822510e+02 1.000000000000000000e+00
7.130483627319335938e+01 2.155324691534042358e+02 8.854749679565429688e+01 2.235918867588043213e+02 1.035640716552734375e+02 2.383132017776370049e+02 3.000000000000000000e+00
5.272602653503417969e+02 1.667399525642395020e+02 5.299174880981445312e+02 1.714144849777221680e+02 5.296216392517089844e+02 1.823956739902496338e+02 1.000000000000000000e+00
4.086712932586669922e+02 3.340640902519226074e+02 4.259429931640625000e+02 3.411311101913452148e+02 4.411657142639160156e+02 3.546882963180541992e+02 3.000000000000000000e+00
4.849699401855468750e+02 2.491030731797218323e+02 5.005451774597167969e+02 2.556496596336364746e+02 5.138891601562500000e+02 2.683469867706298828e+02 2.000000000000000000e+00
5.219892692565917969e+02 1.673194241523742676e+02 5.246156120300292969e+02 1.719488024711608887e+02 5.243063354492187500e+02 1.829610872268676758e+02 1.000000000000000000e+00
4.235839843750000000e+02 2.345793758332729340e+02 4.386167335510253906e+02 2.413071137666702271e+02 4.514281654357910156e+02 2.542396250367164612e+02 2.000000000000000000e+00
5.271445274353027344e+02 1.582338953018188477e+02 5.297731971740722656e+02 1.628362727165222168e+02 5.293922805786132812e+02 1.737577199935913086e+02 1.000000000000000000e+00
3.873688077926635742e+02 2.973493695259094238e+02 4.025335693359375000e+02 3.045646405220031738e+02 4.153819942474365234e+02 3.179093670845031738e+02 2.000000000000000000e+00
4.784758949279785156e+02 1.414501619338989258e+02 4.798677062988281250e+02 1.457967209815979004e+02 4.782424640655517578e+02 1.563179612159729004e+02 1.000000000000000000e+00
4.113696956634521484e+02 1.433362841606140137e+02 4.115019226074218750e+02 1.478482031822204590e+02 4.085003089904785156e+02 1.585132527351379395e+02 1.000000000000000000e+00
3.429291391372680664e+02 3.169831252098083496e+02 3.579062509536743164e+02 3.242916297912597656e+02 3.695433044433593750e+02 3.379591441154479980e+02 2.000000000000000000e+00
4.447553157806396484e+02 3.472362756729125977e+02 4.621478557586669922e+02 3.541721892356872559e+02 4.776248836517333984e+02 3.673454046249389648e+02 3.000000000000000000e+00
3.852250385284423828e+02 2.445183719694614410e+02 4.001926612854003906e+02 2.515938422083854675e+02 4.128713703155517578e+02 2.647224444150924683e+02 2.000000000000000000e+00
4.441959285736083984e+02 1.363876104354858398e+02 4.448929119110107422e+02 1.406645750999450684e+02 4.426232337951660156e+02 1.513023447990417480e+02 1.000000000000000000e+00
3.456723022460937500e+02 1.166904687881469727e+02 3.445680236816406250e+02 1.212116575241088867e+02 3.403041386604309082e+02 1.316966772079467773e+02 1.000000000000000000e+00
2.962224411964416504e+02 3.042641329765319824e+02 3.109607237577438354e+02 3.116356873512268066e+02 3.255108946561813354e+02 3.255285072326660156e+02 2.000000000000000000e+00
2.791225576400756836e+02 3.126920199394226074e+02 2.938459467887878418e+02 3.202214384078979492e+02 3.071070253849029541e+02 3.341806697845458984e+02 2.000000000000000000e+00
2.603608083724975586e+02 3.053653264045715332e+02 2.749293184280395508e+02 3.128039002418518066e+02 2.874934077262878418e+02 3.267349004745483398e+02 2.000000000000000000e+00
4.261023235321044922e+02 1.433103418350219727e+02 4.264347267150878906e+02 1.478665709495544434e+02 4.235392189025878906e+02 1.586096119880676270e+02 1.000000000000000000e+00
6.311273574829101562e+01 2.060680997371673584e+02 8.038633346557617188e+01 2.141195976734161377e+02 9.542165756225585938e+01 2.291098013520240784e+02 3.000000000000000000e+00
3.424565744400024414e+02 3.091456317901611328e+02 3.573676753044128418e+02 3.164764451980590820e+02 3.748511648178100586e+02 3.299522137641906738e+02 2.000000000000000000e+00
3.738941955566406250e+02 1.412829995155334473e+02 3.734151315689086914e+02 1.458267903327941895e+02 3.698860788345336914e+02 1.564211511611938477e+02 1.000000000000000000e+00
4.280673217773437500e+02 2.464532017707824707e+02 4.432371520996093750e+02 2.532381445169448853e+02 4.559809303283691406e+02 2.661777055263519287e+02 2.000000000000000000e+00
3.189673767238855362e+02 3.079750370979309082e+02 3.338031613826751709e+02 3.153522062301635742e+02 3.504477238655090332e+02 3.290986704826354980e+02 2.000000000000000000e+00
4.211721229553222656e+02 1.122736787796020508e+02 4.214696025848388672e+02 1.162019634246826172e+02 4.188086891174316406e+02 1.262465715408325195e+02 1.000000000000000000e+00
5.177430534362792969e+02 1.106367015838623047e+02 5.198684692382812500e+02 1.140490865707397461e+02 5.193078613281250000e+02 1.241582107543945312e+02 1.000000000000000000e+00
4.749188232421875000e+02 1.346245336532592773e+02 4.763140583038330078e+02 1.388749051094055176e+02 4.746422481536865234e+02 1.493293833732604980e+02 1.000000000000000000e+00
4.245980548858642578e+02 1.162011051177978516e+02 4.248897075653076172e+02 1.201558470726013184e+02 4.221817016601562500e+02 1.304179930686950684e+02 1.000000000000000000e+00
6.896024703979492188e+01 2.906200897693634033e+02 8.627599716186523438e+01 2.987341940402984619e+02 1.017341041564941406e+02 3.134815692901611328e+02 3.000000000000000000e+00
5.496750450134277344e+02 1.703186488151550293e+02 5.533529090881347656e+02 1.750348162651062012e+02 5.540934562683105469e+02 1.860079765319824219e+02 1.000000000000000000e+00
4.219110774993896484e+02 1.419543099403381348e+02 4.221734046936035156e+02 1.464960765838623047e+02 4.190807533264160156e+02 1.572247266769409180e+02 1.000000000000000000e+00
4.023739624023437500e+02 1.294475197792053223e+02 4.024369812011718750e+02 1.335266232490539551e+02 3.992641925811767578e+02 1.441972589492797852e+02 1.000000000000000000e+00
7.602994918823242188e+01 2.968031644821166992e+02 9.348043441772460938e+01 3.048826646804809570e+02 1.087649154663085938e+02 3.196600985527038574e+02 3.000000000000000000e+00
5.148223876953125000e+02 1.624016404151916504e+02 5.174198722839355469e+02 1.670598435401916504e+02 5.169894981384277344e+02 1.779932212829589844e+02 1.000000000000000000e+00
4.074771118164062500e+02 1.111615133285522461e+02 4.072947120666503906e+02 1.151256752014160156e+02 4.039591693878173828e+02 1.251908826828002930e+02 1.000000000000000000e+00
1.374114036560058594e+02 2.697805809974670410e+02 1.547066497802734375e+02 2.776295506954193115e+02 1.698168277740478516e+02 2.922096598148345947e+02 3.000000000000000000e+00
3.724044179916381836e+02 1.353133463859558105e+02 3.718549203872680664e+02 1.397851181030273438e+02 3.683757019042968750e+02 1.502454042434692383e+02 1.000000000000000000e+00
3.836143827438354492e+02 1.444148325920104980e+02 3.832423734664916992e+02 1.490988421440124512e+02 3.797428274154663086e+02 1.598203110694885254e+02 1.000000000000000000e+00
9.427244186401367188e+01 2.709418952465057373e+02 1.116967773437500000e+02 2.789425671100616455e+02 1.269641304016113281e+02 2.936119115352630615e+02 3.000000000000000000e+00
4.113979244232177734e+02 1.364799141883850098e+02 4.115033912658691406e+02 1.408340835571289062e+02 4.083762550354003906e+02 1.514203763008117676e+02 1.000000000000000000e+00
8.073989868164062500e+01 2.079814589023590088e+02 9.772735595703125000e+01 2.159961068630218506e+02 1.124678611755371094e+02 2.305749964714050293e+02 3.000000000000000000e+00
2.798580932617187500e+02 3.115668654441833496e+02 2.946150517463684082e+02 3.190966200828552246e+02 3.078883051872253418e+02 3.329930448532104492e+02 2.000000000000000000e+00
4.803544044494628906e+02 1.252152514457702637e+02 4.816970825195312500e+02 1.293283653259277344e+02 4.803051757812500000e+02 1.397024488449096680e+02 1.000000000000000000e+00
3.992340707778930664e+02 1.101256227493286133e+02 3.989845895767211914e+02 1.140898132324218750e+02 3.956866168975830078e+02 1.241006183624267578e+02 1.000000000000000000e+00
4.519878292083740234e+02 3.006216144561767578e+02 4.670290851593017578e+02 3.075404691696166992e+02 4.800448989868164062e+02 3.206986427307128906e+02 2.000000000000000000e+00
4.466242122650146484e+02 1.295329356193542480e+02 4.473294734954833984e+02 1.336068177223205566e+02 4.448686504364013672e+02 1.439000630378723145e+02 1.000000000000000000e+00
4.559213924407958984e+02 1.345115017890930176e+02 4.567073345184326172e+02 1.387882018089294434e+02 4.543752193450927734e+02 1.492295336723327637e+02 1.000000000000000000e+00
3.553648996353149414e+02 8.418570041656494141e+01 3.542841506004333496e+02 8.762389183044433594e+01 3.508028578758239746e+02 9.729035854339599609e+01 1.000000000000000000e+00
6.446990966796875000e+01 2.394438629038631916e+02 8.180547714233398438e+01 2.474938662350177765e+02 9.702404022216796875e+01 2.623495495319366455e+02 3.000000000000000000e+00
8.235069274902343750e+01 2.747958076000213623e+02 9.978412628173828125e+01 2.827749645709991455e+02 1.150685501098632812e+02 2.975504493713378906e+02 3.000000000000000000e+00
3.382740783691406250e+02 3.063620924949645996e+02 3.531551814079284668e+02 3.136513710021972656e+02 3.641582059860229492e+02 3.272194862365722656e+02 2.000000000000000000e+00
4.246915340423583984e+02 1.295438003540039062e+02 4.249359130859375000e+02 1.337074828147888184e+02 4.221075439453125000e+02 1.444114351272583008e+02 1.000000000000000000e+00
3.097065126895904541e+02 3.072477722167968750e+02 3.245169678330421448e+02 3.146338248252868652e+02 3.412281489372253418e+02 3.283483314514160156e+02 2.000000000000000000e+00
5.135958862304687500e+02 1.184875917434692383e+02 5.157666587829589844e+02 1.220142316818237305e+02 5.151640129089355469e+02 1.325785160064697266e+02 1.000000000000000000e+00
8.621175765991210938e+01 2.937374603748321533e+02 1.036195564270019531e+02 3.018460106849670410e+02 1.189234733581542969e+02 3.165710163116455078e+02 3.000000000000000000e+00
4.208526039123535156e+02 2.270383599400520325e+02 4.358711910247802734e+02 2.337646329402923584e+02 4.486589336395263672e+02 2.466838230192661285e+02 2.000000000000000000e+00
4.675181579589843750e+02 1.352562332153320312e+02 4.685675048828125000e+02 1.395389842987060547e+02 4.667219543457031250e+02 1.499463486671447754e+02 1.000000000000000000e+00
1.294458198547363281e+02 2.986737692356109619e+02 1.468543815612792969e+02 3.065314650535583496e+02 1.621813678741455078e+02 3.210496544837951660e+02 3.000000000000000000e+00
5.095959854125976562e+02 1.411373090744018555e+02 5.115228843688964844e+02 1.455341005325317383e+02 5.104838371276855469e+02 1.562019896507263184e+02 1.000000000000000000e+00
3.929071378707885742e+02 1.301119351387023926e+02 3.926758718490600586e+02 1.342567992210388184e+02 3.891081237792968750e+02 1.447571825981140137e+02 1.000000000000000000e+00
3.780982351303100586e+02 2.372755278646945953e+02 3.929543781280517578e+02 2.442583465576171875e+02 4.055839252471923828e+02 2.572932744026184082e+02 2.000000000000000000e+00
4.239781856536865234e+02 2.994827592372894287e+02 4.391553401947021484e+02 3.065242338180541992e+02 4.519929790496826172e+02 3.198580384254455566e+02 2.000000000000000000e+00
2.660711669921875000e+02 3.053518438339233398e+02 2.806159973144531250e+02 3.128416800498962402e+02 2.932353806495666504e+02 3.267135357856750488e+02 2.000000000000000000e+00
5.020302200317382812e+02 2.577123123407363892e+02 5.173932456970214844e+02 2.643085652589797974e+02 5.304971885681152344e+02 2.768302023410797119e+02 2.000000000000000000e+00
4.125010967254638672e+02 1.115667486190795898e+02 4.126634883880615234e+02 1.155199098587036133e+02 4.094780921936035156e+02 1.255883431434631348e+02 1.000000000000000000e+00
5.439063835144042969e+02 1.650972533226013184e+02 5.471256065368652344e+02 1.697338056564331055e+02 5.474213981628417969e+02 1.806661641597747803e+02 1.000000000000000000e+00
4.089014625549316406e+02 1.088556861877441406e+02 4.088487243652343750e+02 1.128160858154296875e+02 4.056787776947021484e+02 1.228174853324890137e+02 1.000000000000000000e+00
4.170187091827392578e+02 2.319405966997146606e+02 4.320803833007812500e+02 2.386880034953355789e+02 4.447899150848388672e+02 2.515764015913009644e+02 2.000000000000000000e+00
9.360738754272460938e+01 2.399231262132525444e+02 1.109056091308593750e+02 2.478725892305374146e+02 1.260083770751953125e+02 2.625304573774337769e+02 3.000000000000000000e+00
4.700337505340576172e+02 2.510324254631996155e+02 4.853610801696777344e+02 2.577327275276184082e+02 4.985923576354980469e+02 2.704332911968231201e+02 2.000000000000000000e+00
2.597443246841430664e+02 3.327778673171997070e+02 2.772249126434326172e+02 3.405209112167358398e+02 2.925550532341003418e+02 3.545206975936889648e+02 3.000000000000000000e+00
5.028304862976074219e+02 2.506404733657836914e+02 5.182584953308105469e+02 2.571326905488967896e+02 5.312731361389160156e+02 2.696678781509399414e+02 2.000000000000000000e+00
5.213978385925292969e+02 1.892085242271423340e+02 5.241044425964355469e+02 1.944602930545806885e+02 5.240542030334472656e+02 2.061154317855834961e+02 1.000000000000000000e+00
4.113037395477294922e+02 1.295714807510375977e+02 4.113740539550781250e+02 1.337278389930725098e+02 4.082411861419677734e+02 1.444003987312316895e+02 1.000000000000000000e+00
5.025724220275878906e+02 1.869674205780029297e+02 5.049297904968261719e+02 1.921245110034942627e+02 5.048329162597656250e+02 2.032938230037689209e+02 1.000000000000000000e+00
5.116540908813476562e+02 2.022903871536254883e+02 5.142421340942382812e+02 2.075880575180053711e+02 5.143676185607910156e+02 2.193104839324951172e+02 1.000000000000000000e+00
5.083885765075683594e+02 2.643941974639892578e+02 5.238186073303222656e+02 2.709201049804687500e+02 5.369526481628417969e+02 2.835367155075073242e+02 2.000000000000000000e+00
4.844594383239746094e+02 1.438705086708068848e+02 4.858794021606445312e+02 1.482885718345642090e+02 4.843395042419433594e+02 1.588632130622863770e+02 1.000000000000000000e+00
1.350769233703613281e+02 2.803952980041503906e+02 1.524990081787109375e+02 2.881590592861175537e+02 1.676898956298828125e+02 3.026703214645385742e+02 3.000000000000000000e+00
1.374387359619140625e+02 2.236288440227508545e+02 1.546926689147949219e+02 2.315257260203361511e+02 1.697174835205078125e+02 2.459880222380161285e+02 3.000000000000000000e+00
5.074006462097167969e+02 1.936260652542114258e+02 5.100844764709472656e+02 1.991022920608520508e+02 5.099608421325683594e+02 2.105432868003845215e+02 1.000000000000000000e+00
2.445800447463989258e+02 3.356271386146545410e+02 2.620704317092895508e+02 3.430755972862243652e+02 2.774477529525756836e+02 3.570592117309570312e+02 3.000000000000000000e+00
5.197641563415527344e+02 1.002150535583496094e+02 5.220725822448730469e+02 1.036466073989868164e+02 5.212803459167480469e+02 1.134653091430664062e+02 1.000000000000000000e+00
3.974615478515625000e+02 3.033667659759521484e+02 4.126806068420410156e+02 3.105277132987976074e+02 4.257701778411865234e+02 3.237564110755920410e+02 2.000000000000000000e+00
2.720934438705444336e+02 3.125317454338073730e+02 2.867247009277343750e+02 3.201530814170837402e+02 2.996660757064819336e+02 3.340744042396545410e+02 2.000000000000000000e+00
3.309464418888092041e+02 3.052496981620788574e+02 3.458169555664062500e+02 3.125151729583740234e+02 3.569968867301940918e+02 3.262044382095336914e+02 2.000000000000000000e+00
5.212762451171875000e+02 1.389380407333374023e+02 5.235054969787597656e+02 1.433624982833862305e+02 5.229142570495605469e+02 1.540367531776428223e+02 1.000000000000000000e+00
4.333259296417236328e+02 3.336641621589660645e+02 4.506678485870361328e+02 3.406335496902465820e+02 4.659714984893798828e+02 3.537491512298583984e+02 3.000000000000000000e+00
4.398171138763427734e+02 3.005308270454406738e+02 4.550264263153076172e+02 3.075027823448181152e+02 4.680057430267333984e+02 3.207789015769958496e+02 2.000000000000000000e+00
4.905640602111816406e+02 1.420686578750610352e+02 4.922209548950195312e+02 1.464480257034301758e+02 4.908621788024902344e+02 1.570088911056518555e+02 1.000000000000000000e+00
1.214928627014160156e+02 2.705759596824645996e+02 1.386804008483886719e+02 2.783203768730163574e+02 1.540120124816894531e+02 2.929404938220977783e+02 3.000000000000000000e+00
4.999005699157714844e+02 1.416507840156555176e+02 5.017013931274414062e+02 1.460177564620971680e+02 5.005628395080566406e+02 1.566308856010437012e+02 1.000000000000000000e+00
4.176912212371826172e+02 2.844950294494628906e+02 4.329931640625000000e+02 2.915764796733856201e+02 4.458607196807861328e+02 3.046467947959899902e+02 2.000000000000000000e+00
3.518216872215270996e+02 8.367427825927734375e+01 3.507303476333618164e+02 8.712371349334716797e+01 3.472756361961364746e+02 9.682665824890136719e+01 1.000000000000000000e+00
5.578320312500000000e+02 1.556068825721740723e+02 5.618302726745605469e+02 1.601180505752563477e+02 5.631525993347167969e+02 1.708390617370605469e+02 1.000000000000000000e+00
4.998105239868164062e+02 2.946878063678741455e+02 5.152472496032714844e+02 3.012987685203552246e+02 5.285469436645507812e+02 3.138591027259826660e+02 2.000000000000000000e+00
4.212112712860107422e+02 3.345586895942687988e+02 4.382132911682128906e+02 3.415457510948181152e+02 4.533327674865722656e+02 3.547013926506042480e+02 3.000000000000000000e+00
4.675228309631347656e+02 2.387128295749425888e+02 4.827442359924316406e+02 2.452814792096614838e+02 4.957439994812011719e+02 2.579990547895431519e+02 2.000000000000000000e+00
2.856860947608947754e+02 3.141740155220031738e+02 3.005119621753692627e+02 3.215341830253601074e+02 3.140782469511032104e+02 3.355043363571166992e+02 2.000000000000000000e+00
4.054890727996826172e+02 1.153049468994140625e+02 4.053060913085937500e+02 1.193421649932861328e+02 4.020122718811035156e+02 1.295523905754089355e+02 1.000000000000000000e+00
4.689263057708740234e+02 3.155159926414489746e+02 4.844975280761718750e+02 3.223958802223205566e+02 4.975350952148437500e+02 3.354154372215270996e+02 2.000000000000000000e+00
1.435980796813964844e+02 2.587747210264205933e+02 1.608578777313232422e+02 2.666875326633453369e+02 1.760509300231933594e+02 2.811543595790863037e+02 3.000000000000000000e+00
5.290345573425292969e+02 1.786725711822509766e+02 5.318450927734375000e+02 1.835390460491180420e+02 5.317409706115722656e+02 1.947377443313598633e+02 1.000000000000000000e+00
5.576365470886230469e+02 1.176899528503417969e+02 5.616046714782714844e+02 1.220448231697082520e+02 5.624434852600097656e+02 1.318362665176391602e+02 1.000000000000000000e+00
5.063870620727539062e+02 2.954684185981750488e+02 5.217959594726562500e+02 3.021374273300170898e+02 5.352077102661132812e+02 3.150117802619934082e+02 2.000000000000000000e+00
2.957430100440979004e+02 3.418940448760986328e+02 3.132035213708877563e+02 3.493286204338073730e+02 3.285640257596969604e+02 3.629185581207275391e+02 3.000000000000000000e+00
4.397012329101562500e+02 1.374923658370971680e+02 4.404490947723388672e+02 1.418347549438476562e+02 4.381409931182861328e+02 1.525098681449890137e+02 1.000000000000000000e+00
4.613824462890625000e+02 1.374279856681823730e+02 4.621799373626708984e+02 1.416862607002258301e+02 4.598835754394531250e+02 1.521866226196289062e+02 1.000000000000000000e+00
4.494728088378906250e+02 1.715184473991394043e+02 4.511478614807128906e+02 1.764205169677734375e+02 4.502723407745361328e+02 1.875364816188812256e+02 1.000000000000000000e+00
3.790286254882812500e+02 2.532133644819259644e+02 3.939794921875000000e+02 2.602786570787429810e+02 4.066682147979736328e+02 2.733574855327606201e+02 2.000000000000000000e+00
4.581012916564941406e+02 2.436875154823064804e+02 4.733213233947753906e+02 2.504969027638435364e+02 4.862536048889160156e+02 2.632193917036056519e+02 2.000000000000000000e+00
4.966873168945312500e+02 1.360522699356079102e+02 4.984359741210937500e+02 1.403256797790527344e+02 4.972550392150878906e+02 1.508569264411926270e+02 1.000000000000000000e+00
5.135914421081542969e+02 1.660766386985778809e+02 5.161916542053222656e+02 1.707452988624572754e+02 5.157393264770507812e+02 1.817333042621612549e+02 1.000000000000000000e+00
4.957427787780761719e+02 1.403699254989624023e+02 4.974956321716308594e+02 1.446957778930664062e+02 4.963062477111816406e+02 1.553512072563171387e+02 1.000000000000000000e+00
4.209781551361083984e+02 2.616666573286056519e+02 4.359951210021972656e+02 2.686055928468704224e+02 4.488801860809326172e+02 2.816175556182861328e+02 2.000000000000000000e+00
9.415056228637695312e+01 3.303450393676757812e+02 1.119123268127441406e+02 3.384243822097778320e+02 1.273660087585449219e+02 3.530237817764282227e+02 3.000000000000000000e+00
4.986066627502441406e+02 1.231668376922607422e+02 5.004925346374511719e+02 1.273667907714843750e+02 4.992945289611816406e+02 1.377108120918273926e+02 1.000000000000000000e+00
4.196192646026611328e+02 2.167800128459930420e+02 4.346879291534423828e+02 2.236273795366287231e+02 4.474473571777343750e+02 2.365793149173259735e+02 2.000000000000000000e+00
3.854452848434448242e+02 2.544512790441513062e+02 4.004528808593750000e+02 2.616419076919555664e+02 4.131845760345458984e+02 2.748146975040435791e+02 2.000000000000000000e+00
4.359604549407958984e+02 1.380840253829956055e+02 4.366178321838378906e+02 1.425101280212402344e+02 4.343043231964111328e+02 1.532110404968261719e+02 1.000000000000000000e+00
1.461447715759277344e+02 2.467132115364074707e+02 1.633718109130859375e+02 2.545620426535606384e+02 1.785704803466796875e+02 2.689647531509399414e+02 3.000000000000000000e+00
3.700356769561767578e+02 1.414960885047912598e+02 3.694812345504760742e+02 1.460744404792785645e+02 3.659921884536743164e+02 1.565985488891601562e+02 1.000000000000000000e+00
4.702423763275146484e+02 1.359220218658447266e+02 4.714620971679687500e+02 1.402665638923645020e+02 4.697616291046142578e+02 1.506575703620910645e+02 1.000000000000000000e+00
4.948213195800781250e+02 1.044047212600708008e+02 4.958597183227539062e+02 1.076942396163940430e+02 4.951129150390625000e+02 1.181630802154541016e+02 1.000000000000000000e+00
4.380271339416503906e+02 2.480116429924964905e+02 4.529847431182861328e+02 2.547340705990791321e+02 4.658034420013427734e+02 2.676727616786956787e+02 2.000000000000000000e+00
4.413690185546875000e+02 1.323591685295104980e+02 4.419803524017333984e+02 1.364395093917846680e+02 4.395322322845458984e+02 1.467908906936645508e+02 1.000000000000000000e+00
4.672084045410156250e+02 3.006236600875854492e+02 4.824929809570312500e+02 3.074715900421142578e+02 4.955884742736816406e+02 3.205356502532958984e+02 2.000000000000000000e+00
4.850188064575195312e+02 1.309412169456481934e+02 4.864277458190917969e+02 1.350880694389343262e+02 4.849239540100097656e+02 1.454585194587707520e+02 1.000000000000000000e+00
2.294874668121337891e+02 3.390269494056701660e+02 2.468314361572265625e+02 3.464726614952087402e+02 2.623143291473388672e+02 3.605368709564208984e+02 3.000000000000000000e+00
5.503117752075195312e+02 1.722894716262817383e+02 5.540667152404785156e+02 1.770200943946838379e+02 5.549608230590820312e+02 1.880389380455017090e+02 1.000000000000000000e+00
2.235267734527587891e+02 3.378872752189636230e+02 2.409468698501586914e+02 3.454581999778747559e+02 2.563568401336669922e+02 3.595517921447753906e+02 3.000000000000000000e+00
3.837889719009399414e+02 2.339247281849384308e+02 3.986546659469604492e+02 2.408777008764445782e+02 4.113844299316406250e+02 2.539468386769294739e+02 2.000000000000000000e+00
1.216109275817871094e+02 3.165670824050903320e+02 1.390920066833496094e+02 3.243772959709167480e+02 1.545071029663085938e+02 3.389738202095031738e+02 3.000000000000000000e+00
1.211790657043457031e+02 3.035988163948059082e+02 1.385840988159179688e+02 3.114602994918823242e+02 1.538672065734863281e+02 3.260383629798889160e+02 3.000000000000000000e+00
9.329633712768554688e+01 2.569266360998153687e+02 1.106946754455566406e+02 2.648866581916809082e+02 1.258836555480957031e+02 2.796178007125854492e+02 3.000000000000000000e+00
5.274099731445312500e+02 1.322413301467895508e+02 5.297843742370605469e+02 1.363243174552917480e+02 5.293588256835937500e+02 1.467170834541320801e+02 1.000000000000000000e+00
7.457714080810546875e+01 2.337109373509883881e+02 9.193910598754882812e+01 2.416633912548422813e+02 1.070895385742187500e+02 2.564783334732055664e+02 3.000000000000000000e+00
1.214921569824218750e+02 3.286081266403198242e+02 1.389592742919921875e+02 3.365020823478698730e+02 1.545032310485839844e+02 3.510311007499694824e+02 3.000000000000000000e+00
3.491753840446472168e+02 1.050936985015869141e+02 3.482009887695312500e+02 1.099762487411499023e+02 3.443468928337097168e+02 1.199512767791748047e+02 1.000000000000000000e+00
2.706949138641357422e+02 3.319988465309143066e+02 2.881000661849975586e+02 3.397433209419250488e+02 3.034405815601348877e+02 3.537069725990295410e+02 3.000000000000000000e+00
3.776317453384399414e+02 8.710317134857177734e+01 3.777376413345336914e+02 9.042290210723876953e+01 3.744876098632812500e+02 9.973061084747314453e+01 1.000000000000000000e+00
3.090305483341217041e+02 3.044712567329406738e+02 3.237622070312500000e+02 3.118930363655090332e+02 3.355824887752532959e+02 3.255974149703979492e+02 2.000000000000000000e+00
3.826037311553955078e+02 2.266903370618820190e+02 3.974903249740600586e+02 2.336776578426361084e+02 4.101665019989013672e+02 2.467579194903373718e+02 2.000000000000000000e+00
8.747442245483398438e+01 2.428986818343400955e+02 1.048541069030761719e+02 2.508661812543869019e+02 1.200059700012207031e+02 2.655690318346023560e+02 3.000000000000000000e+00
4.159046363830566406e+02 1.146325349807739258e+02 4.162140560150146484e+02 1.186078691482543945e+02 4.134929847717285156e+02 1.288191032409667969e+02 1.000000000000000000e+00
1.405031013488769531e+02 2.746312272548675537e+02 1.578026008605957031e+02 2.825073873996734619e+02 1.730667686462402344e+02 2.969683241844177246e+02 3.000000000000000000e+00
4.617484474182128906e+02 1.413738369941711426e+02 4.627236652374267578e+02 1.457050395011901855e+02 4.605597209930419922e+02 1.562855958938598633e+02 1.000000000000000000e+00
9.021265029907226562e+01 2.228486627340316772e+02 1.073662185668945312e+02 2.308000025153160095e+02 1.224372673034667969e+02 2.455048222839832306e+02 3.000000000000000000e+00
1.386225700378417969e+02 2.976957428455352783e+02 1.559887504577636719e+02 3.055735802650451660e+02 1.713428783416748047e+02 3.200563073158264160e+02 3.000000000000000000e+00
3.969667053222656250e+02 1.418063306808471680e+02 3.970363473892211914e+02 1.463625311851501465e+02 3.939273405075073242e+02 1.569677209854125977e+02 1.000000000000000000e+00
2.642565298080444336e+02 3.109675955772399902e+02 2.788040781021118164e+02 3.183733248710632324e+02 2.913744807243347168e+02 3.324416542053222656e+02 2.000000000000000000e+00
4.162872314453125000e+02 2.605761122703552246e+02 4.314463233947753906e+02 2.675231033563613892e+02 4.442249774932861328e+02 2.805224025249481201e+02 2.000000000000000000e+00
5.410305213928222656e+02 1.698445558547973633e+02 5.443246459960937500e+02 1.746200823783874512e+02 5.446668052673339844e+02 1.856021869182586670e+02 1.000000000000000000e+00
5.659770011901855469e+02 9.406826019287109375e+01 5.699263954162597656e+02 9.747413635253906250e+01 5.709187126159667969e+02 1.068004560470581055e+02 1.000000000000000000e+00
3.067276918888092041e+02 3.357995653152465820e+02 3.241047975420951843e+02 3.432255578041076660e+02 3.394673764705657959e+02 3.569416880607604980e+02 3.000000000000000000e+00
4.309745502471923828e+02 1.378653645515441895e+02 4.314808940887451172e+02 1.422854876518249512e+02 4.288274574279785156e+02 1.528962492942810059e+02 1.000000000000000000e+00
4.749610900878906250e+02 2.948331034183502197e+02 4.903898429870605469e+02 3.015300321578979492e+02 5.036247062683105469e+02 3.142664837837219238e+02 2.000000000000000000e+00
5.202363967895507812e+02 1.724909448623657227e+02 5.229155921936035156e+02 1.772655129432678223e+02 5.226572227478027344e+02 1.885369992256164551e+02 1.000000000000000000e+00
4.087812805175781250e+02 2.585444337129592896e+02 4.239853191375732422e+02 2.654685080051422119e+02 4.367223262786865234e+02 2.785800504684448242e+02 2.000000000000000000e+00
3.924027109146118164e+02 1.418467497825622559e+02 3.920810842514038086e+02 1.464319252967834473e+02 3.885691833496093750e+02 1.571607613563537598e+02 1.000000000000000000e+00
4.996323204040527344e+02 2.977491796016693115e+02 5.150591468811035156e+02 3.044225835800170898e+02 5.284461021423339844e+02 3.173142099380493164e+02 2.000000000000000000e+00
1.284384346008300781e+02 2.835664093494415283e+02 1.458077621459960938e+02 2.913496434688568115e+02 1.611261749267578125e+02 3.059183049201965332e+02 3.000000000000000000e+00
4.674646663665771484e+02 1.399944233894348145e+02 4.686379432678222656e+02 1.443463540077209473e+02 4.668616008758544922e+02 1.548303937911987305e+02 1.000000000000000000e+00
6.443471908569335938e+01 2.485571900010108948e+02 8.175891876220703125e+01 2.565518814325332642e+02 9.705217361450195312e+01 2.714265167713165283e+02 3.000000000000000000e+00
5.453651809692382812e+02 1.344511198997497559e+02 5.495993614196777344e+02 1.389172911643981934e+02 5.521062660217285156e+02 1.498861670494079590e+02 1.000000000000000000e+00
3.946512746810913086e+02 1.364825391769409180e+02 3.943816518783569336e+02 1.407776713371276855e+02 3.908308410644531250e+02 1.514283585548400879e+02 1.000000000000000000e+00
3.766859436035156250e+02 2.566238415241241455e+02 3.916594266891479492e+02 2.637993174791336060e+02 4.044259929656982422e+02 2.770189225673675537e+02 2.000000000000000000e+00
2.721494150161743164e+02 3.151332163810729980e+02 2.869987177848815918e+02 3.226814889907836914e+02 3.002953791618347168e+02 3.365621709823608398e+02 2.000000000000000000e+00
4.268934059143066406e+02 1.391996884346008301e+02 4.273400592803955078e+02 1.435969519615173340e+02 4.244694232940673828e+02 1.542666721343994141e+02 1.000000000000000000e+00
3.695171213150024414e+02 2.490822610259056091e+02 3.844110727310180664e+02 2.560964673757553101e+02 3.970509958267211914e+02 2.691176158189773560e+02 2.000000000000000000e+00
8.275522232055664062e+01 2.348672939836978912e+02 1.000617599487304688e+02 2.427990113943815231e+02 1.151997947692871094e+02 2.575298166275024414e+02 3.000000000000000000e+00
4.031814289093017578e+02 2.156862938404083252e+02 4.182040119171142578e+02 2.224791401624679565e+02 4.314683246612548828e+02 2.366868437826633453e+02 2.000000000000000000e+00
3.954030752182006836e+02 9.694208621978759766e+01 3.955306720733642578e+02 1.005575037002563477e+02 3.921716928482055664e+02 1.104090356826782227e+02 1.000000000000000000e+00
1.622112560272216797e+02 3.332797265052795410e+02 1.796781730651855469e+02 3.409025931358337402e+02 1.951511859893798828e+02 3.553794336318969727e+02 3.000000000000000000e+00
3.448369145393371582e+02 1.048729419708251953e+02 3.438058161735534668e+02 1.099719572067260742e+02 3.399164128303527832e+02 1.200901436805725098e+02 1.000000000000000000e+00
7.944639205932617188e+01 3.317015719413757324e+02 9.697052001953125000e+01 3.398165631294250488e+02 1.125074958801269531e+02 3.545253682136535645e+02 3.000000000000000000e+00
4.161754131317138672e+02 3.132693243026733398e+02 4.315135860443115234e+02 3.203415870666503906e+02 4.445481014251708984e+02 3.336317825317382812e+02 2.000000000000000000e+00
5.601924514770507812e+02 1.720531868934631348e+02 5.640606117248535156e+02 1.767172837257385254e+02 5.652205276489257812e+02 1.876427292823791504e+02 1.000000000000000000e+00
4.096220397949218750e+02 2.785872817039489746e+02 4.250501728057861328e+02 2.856669330596923828e+02 4.380470275878906250e+02 2.987579083442687988e+02 2.000000000000000000e+00
4.128792095184326172e+02 1.518073654174804688e+02 4.134579753875732422e+02 1.564256072044372559e+02 4.108862304687500000e+02 1.672031664848327637e+02 1.000000000000000000e+00
5.128801345825195312e+02 1.247374534606933594e+02 5.150477981567382812e+02 1.286753296852111816e+02 5.143697547912597656e+02 1.392649912834167480e+02 1.000000000000000000e+00
4.700387573242187500e+02 1.545578384399414062e+02 4.715289306640625000e+02 1.592049193382263184e+02 4.700559425354003906e+02 1.699763774871826172e+02 1.000000000000000000e+00
7.361209869384765625e+01 2.265505054593086243e+02 9.098882675170898438e+01 2.345969541370868683e+02 1.061253929138183594e+02 2.493591159582138062e+02 3.000000000000000000e+00
8.107973098754882812e+01 3.110175848007202148e+02 9.847013473510742188e+01 3.188810777664184570e+02 1.138994216918945312e+02 3.337213182449340820e+02 3.000000000000000000e+00
4.165191364288330078e+02 1.413976836204528809e+02 4.167685890197753906e+02 1.459177637100219727e+02 4.137811279296875000e+02 1.566265654563903809e+02 1.000000000000000000e+00
3.939429616928100586e+02 1.420433592796325684e+02 3.937781667709350586e+02 1.465748834609985352e+02 3.905342102050781250e+02 1.572878050804138184e+02 1.000000000000000000e+00
4.526388549804687500e+02 1.513475131988525391e+02 4.535904598236083984e+02 1.558879637718200684e+02 4.514564228057861328e+02 1.666283369064331055e+02 1.000000000000000000e+00
3.879067993164062500e+02 1.354479002952575684e+02 3.874245309829711914e+02 1.398226690292358398e+02 3.837786579132080078e+02 1.504505395889282227e+02 1.000000000000000000e+00
5.087181472778320312e+02 1.872417569160461426e+02 5.113014602661132812e+02 1.925482606887817383e+02 5.112397575378417969e+02 2.037158811092376709e+02 1.000000000000000000e+00
4.943121337890625000e+02 3.013273072242736816e+02 5.097350502014160156e+02 3.080220651626586914e+02 5.231342124938964844e+02 3.209355497360229492e+02 2.000000000000000000e+00
4.807011985778808594e+02 1.476308369636535645e+02 4.821363830566406250e+02 1.521502017974853516e+02 4.805265808105468750e+02 1.627083563804626465e+02 1.000000000000000000e+00
3.775132131576538086e+02 2.664612740278244019e+02 3.924878549575805664e+02 2.736295187473297119e+02 4.053686523437500000e+02 2.869019794464111328e+02 2.000000000000000000e+00
3.604736948013305664e+02 3.063552618026733398e+02 3.755256652832031250e+02 3.135378742218017578e+02 3.923463773727416992e+02 3.272747826576232910e+02 2.000000000000000000e+00
1.391686439514160156e+02 2.457584233582019806e+02 1.563759231567382812e+02 2.536311346292495728e+02 1.715216636657714844e+02 2.681288766860961914e+02 3.000000000000000000e+00
5.111180686950683594e+02 1.012057828903198242e+02 5.132861900329589844e+02 1.045958518981933594e+02 5.124782180786132812e+02 1.146100902557373047e+02 1.000000000000000000e+00
1.293633270263671875e+02 2.305360561609268188e+02 1.465703010559082031e+02 2.384596251323819160e+02 1.616372013092041016e+02 2.529179540276527405e+02 3.000000000000000000e+00
4.060809040069580078e+02 1.076514816284179688e+02 4.058741760253906250e+02 1.115265369415283203e+02 4.026072406768798828e+02 1.214884042739868164e+02 1.000000000000000000e+00
3.715239572525024414e+02 3.220773983001708984e+02 3.870620441436767578e+02 3.294715046882629395e+02 4.000243854522705078e+02 3.429462003707885742e+02 2.000000000000000000e+00
4.629945373535156250e+02 9.730237483978271484e+01 4.638555335998535156e+02 1.011536121368408203e+02 4.626830768585205078e+02 1.106335830688476562e+02 1.000000000000000000e+00
2.516044139862060547e+02 3.382793641090393066e+02 2.690708923339843750e+02 3.456878685951232910e+02 2.844549250602722168e+02 3.596852803230285645e+02 3.000000000000000000e+00
