5.193980216979980469e+02 1.731520056724548340e+02 5.160506057739257812e+02 1.651330232620239258e+02 5.135515785217285156e+02 1.588372635841369629e+02 2.000000000000000000e+00
5.490667724609375000e+02 1.757690691947937012e+02 5.461296463012695312e+02 1.679015636444091797e+02 5.439542961120605469e+02 1.617734026908874512e+02 2.000000000000000000e+00
5.362310791015625000e+02 1.777165675163269043e+02 5.332351684570312500e+02 1.698428750038146973e+02 5.309419059753417969e+02 1.636944365501403809e+02 2.000000000000000000e+00
4.059613323211669922e+02 1.285037040710449219e+02 4.011535930633544922e+02 1.195316362380981445e+02 3.969885873794555664e+02 1.126306056976318359e+02 2.000000000000000000e+00
5.631887245178222656e+02 1.715620708465576172e+02 5.600605583190917969e+02 1.633886218070983887e+02 5.579417800903320312e+02 1.572375726699829102e+02 2.000000000000000000e+00
5.028846549987792969e+02 1.451254105567932129e+02 4.995183753967285156e+02 1.365991616249084473e+02 4.970819473266601562e+02 1.300668597221374512e+02 2.000000000000000000e+00
5.368707847595214844e+02 1.681163763999938965e+02 5.338794517517089844e+02 1.601436996459960938e+02 5.315942955017089844e+02 1.540870928764343262e+02 2.000000000000000000e+00
7.990327835083007812e+01 3.054780292510986328e+02 8.622741699218750000e+01 2.965964698791503906e+02 9.369384765625000000e+01 2.898513507843017578e+02 1.000000000000000000e+00
5.169944572448730469e+02 1.652669334411621094e+02 5.137691688537597656e+02 1.572027397155761719e+02 5.113350486755371094e+02 1.509317708015441895e+02 2.000000000000000000e+00
4.759454059600830078e+02 1.468229341506958008e+02 4.722388648986816406e+02 1.382774734497070312e+02 4.692999267578125000e+02 1.315803909301757812e+02 2.000000000000000000e+00
3.920035409927368164e+02 2.220889270305633545e+02 3.982988882064819336e+02 2.142665541172027588e+02 4.057537555694580078e+02 2.081042611598968506e+02 1.000000000000000000e+00
4.034006404876708984e+02 2.221220237016677856e+02 4.097575092315673828e+02 2.142572003602981567e+02 4.172574806213378906e+02 2.081697213649749756e+02 1.000000000000000000e+00
1.887208938598632812e+01 3.140712904930114746e+02 2.531978607177734375e+01 3.050479745864868164e+02 3.295780181884765625e+01 2.981922018527984619e+02 1.000000000000000000e+00
5.925031089782714844e+02 1.215184235572814941e+02 5.897334098815917969e+02 1.141020298004150391e+02 5.880632400512695312e+02 1.080435705184936523e+02 2.000000000000000000e+00
4.068619060516357422e+02 1.345428729057312012e+02 4.020125484466552734e+02 1.257018756866455078e+02 3.978624582290649414e+02 1.188188982009887695e+02 2.000000000000000000e+00
5.950702476501464844e+02 1.042927551269531250e+02 5.924086952209472656e+02 9.544548511505126953e+01 5.907212638854980469e+02 8.823479175567626953e+01 2.000000000000000000e+00
4.090101909637451172e+02 1.490593385696411133e+02 4.040808105468750000e+02 1.406406927108764648e+02 3.998217153549194336e+02 1.341053724288940430e+02 2.000000000000000000e+00
4.111630916595458984e+02 1.256109952926635742e+02 4.064045715332031250e+02 1.164849472045898438e+02 4.022747802734375000e+02 1.094824504852294922e+02 2.000000000000000000e+00
3.924806547164916992e+02 2.448434297740459442e+02 3.987103891372680664e+02 2.371042784303426743e+02 4.061715984344482422e+02 2.309114223718643188e+02 1.000000000000000000e+00
5.518872070312500000e+02 1.848288846015930176e+02 5.490361976623535156e+02 1.769588470458984375e+02 5.468535804748535156e+02 1.708282113075256348e+02 2.000000000000000000e+00
4.748253154754638672e+02 1.298340082168579102e+02 4.712326717376708984e+02 1.210954856872558594e+02 4.683554077148437500e+02 1.144820308685302734e+02 2.000000000000000000e+00
5.629961013793945312e+02 1.804698622226715088e+02 5.598161697387695312e+02 1.722997999191284180e+02 5.577252197265625000e+02 1.661274504661560059e+02 2.000000000000000000e+00
3.902919769287109375e+01 3.175452589988708496e+02 4.537042617797851562e+01 3.084886193275451660e+02 5.288066864013671875e+01 3.018124151229858398e+02 1.000000000000000000e+00
1.106329154968261719e+02 2.961639726161956787e+02 1.167575645446777344e+02 2.873626434803009033e+02 1.243997573852539062e+02 2.807160651683807373e+02 1.000000000000000000e+00
4.029602050781250000e+02 2.448370823264122009e+02 4.093257141113281250e+02 2.370807339996099472e+02 4.167865657806396484e+02 2.308872520923614502e+02 1.000000000000000000e+00
4.844817924499511719e+02 1.336482810974121094e+02 4.808733940124511719e+02 1.249640607833862305e+02 4.780166625976562500e+02 1.183236408233642578e+02 2.000000000000000000e+00
5.023919486999511719e+02 1.374494719505310059e+02 4.990517616271972656e+02 1.288895845413208008e+02 4.965509414672851562e+02 1.222775459289550781e+02 2.000000000000000000e+00
5.665737342834472656e+02 1.347302055358886719e+02 5.638967323303222656e+02 1.262541389465332031e+02 5.620618247985839844e+02 1.194277954101562500e+02 2.000000000000000000e+00
4.963949966430664062e+02 1.383374905586242676e+02 4.929832839965820312e+02 1.297805714607238770e+02 4.903907203674316406e+02 1.231557083129882812e+02 2.000000000000000000e+00
1.086217498779296875e+02 2.753093290328979492e+02 1.148881340026855469e+02 2.666540533304214478e+02 1.224701309204101562e+02 2.600018620491027832e+02 1.000000000000000000e+00
1.637607574462890625e+01 2.701877474784851074e+02 2.284038543701171875e+01 2.611419993638992310e+02 3.044033050537109375e+01 2.543907326459884644e+02 1.000000000000000000e+00
4.091341304779052734e+02 1.460586619377136230e+02 4.041407775878906250e+02 1.375174641609191895e+02 3.999727773666381836e+02 1.308590626716613770e+02 2.000000000000000000e+00
4.473434448242187500e+02 1.085555791854858398e+02 4.433597755432128906e+02 9.931829452514648438e+01 4.399832153320312500e+02 9.238110065460205078e+01 2.000000000000000000e+00
5.237485885620117188e+01 2.967975175380706787e+02 5.857906341552734375e+01 2.877767658233642578e+02 6.621217727661132812e+01 2.810329306125640869e+02 1.000000000000000000e+00
5.102680397033691406e+02 1.752560377120971680e+02 5.066849136352539062e+02 1.672050118446350098e+02 5.040859794616699219e+02 1.609967923164367676e+02 2.000000000000000000e+00
1.885852336883544922e+02 3.276147222518920898e+02 1.947309589385986328e+02 3.190211820602416992e+02 2.022280216217041016e+02 3.126455140113830566e+02 1.000000000000000000e+00
4.479495525360107422e+02 1.077728605270385742e+02 4.439484882354736328e+02 9.853766441345214844e+01 4.405864906311035156e+02 9.162395954132080078e+01 2.000000000000000000e+00
4.696608257293701172e+02 1.925910472869873047e+02 4.654949951171875000e+02 1.850173759460449219e+02 4.622801208496093750e+02 1.791318798065185547e+02 2.000000000000000000e+00
1.277153968811035156e+02 2.964862382411956787e+02 1.339730262756347656e+02 2.876624786853790283e+02 1.415976333618164062e+02 2.811870145797729492e+02 1.000000000000000000e+00
3.090166091918945312e+01 2.564378982782363892e+02 3.738557815551757812e+01 2.474088290333747864e+02 4.508136749267578125e+01 2.406334381364285946e+02 1.000000000000000000e+00
3.945502948760986328e+02 2.290977323055267334e+02 4.008621215820312500e+02 2.212435895204544067e+02 4.083772563934326172e+02 2.151357096433639526e+02 1.000000000000000000e+00
4.878612327575683594e+02 1.741610383987426758e+02 4.838885879516601562e+02 1.660709023475646973e+02 4.812076759338378906e+02 1.598843193054199219e+02 2.000000000000000000e+00
4.838588905334472656e+02 1.465258097648620605e+02 4.802945518493652344e+02 1.379493999481201172e+02 4.775030803680419922e+02 1.314090514183044434e+02 2.000000000000000000e+00
1.430555915832519531e+02 2.729169952869415283e+02 1.493669319152832031e+02 2.641928422451019287e+02 1.570179557800292969e+02 2.576169741153717041e+02 1.000000000000000000e+00
4.014597511291503906e+02 2.290986013412475586e+02 4.077540874481201172e+02 2.212430405616760254e+02 4.152877521514892578e+02 2.151369470357894897e+02 1.000000000000000000e+00
4.487990474700927734e+02 1.117495536804199219e+02 4.448175716400146484e+02 1.025316095352172852e+02 4.414870643615722656e+02 9.558671951293945312e+01 2.000000000000000000e+00
3.930386686325073242e+02 1.406396770477294922e+02 3.879362201690673828e+02 1.322914195060729980e+02 3.835733032226562500e+02 1.254152512550354004e+02 2.000000000000000000e+00
4.331679725646972656e+02 1.363378071784973145e+02 4.287565612792968750e+02 1.279316926002502441e+02 4.253424358367919922e+02 1.213805079460144043e+02 2.000000000000000000e+00
4.155471801757812500e+01 2.856369352340698242e+02 4.789218902587890625e+01 2.766571354866027832e+02 5.545965194702148438e+01 2.698659682273864746e+02 1.000000000000000000e+00
4.263543415069580078e+02 1.130043554306030273e+02 4.219481849670410156e+02 1.037840795516967773e+02 4.182414245605468750e+02 9.676239967346191406e+01 2.000000000000000000e+00
5.443709754943847656e+02 2.034691143035888672e+02 5.413759803771972656e+02 1.959116506576538086e+02 5.395736694335937500e+02 1.901842474937438965e+02 2.000000000000000000e+00
3.987226581573486328e+02 1.117024612426757812e+02 3.936207580566406250e+02 1.023386192321777344e+02 3.892964506149291992e+02 9.514386177062988281e+01 2.000000000000000000e+00
1.601923179626464844e+02 3.347336196899414062e+02 1.664894676208496094e+02 3.263140296936035156e+02 1.738966464996337891e+02 3.197685599327087402e+02 1.000000000000000000e+00
5.379281997680664062e+01 3.298941993713378906e+02 6.020793914794921875e+01 3.208826637268066406e+02 6.769674301147460938e+01 3.141522288322448730e+02 1.000000000000000000e+00
4.055963420867919922e+02 1.075597858428955078e+02 4.006278705596923828e+02 9.813041210174560547e+01 3.964036273956298828e+02 9.096333503723144531e+01 2.000000000000000000e+00
2.143311405181884766e+02 3.063357853889465332e+02 2.204538059234619141e+02 2.977652013301849365e+02 2.279080677032470703e+02 2.915509057044982910e+02 1.000000000000000000e+00
1.987680339813232422e+02 3.187178993225097656e+02 2.048504734039306641e+02 3.101517963409423828e+02 2.123817729949951172e+02 3.037550067901611328e+02 1.000000000000000000e+00
4.968433189392089844e+02 1.449397087097167969e+02 4.935073280334472656e+02 1.364453101158142090e+02 4.910982131958007812e+02 1.298441863059997559e+02 2.000000000000000000e+00
5.017248153686523438e+01 3.168356680870056152e+02 5.647634506225585938e+01 3.077699947357177734e+02 6.399784088134765625e+01 3.011337018013000488e+02 1.000000000000000000e+00
8.977678298950195312e+01 2.636758124828338623e+02 9.633201599121093750e+01 2.548791208863258362e+02 1.038995552062988281e+02 2.482547307014465332e+02 1.000000000000000000e+00
4.258859539031982422e+02 1.731562185287475586e+02 4.209842586517333984e+02 1.650591087341308594e+02 4.168534278869628906e+02 1.586974167823791504e+02 2.000000000000000000e+00
1.003955078125000000e+02 3.038305377960205078e+02 1.065409469604492188e+02 2.950324416160583496e+02 1.142184066772460938e+02 2.884654855728149414e+02 1.000000000000000000e+00
4.453660297393798828e+02 1.390107822418212891e+02 4.414975929260253906e+02 1.304027223587036133e+02 4.378977966308593750e+02 1.238278985023498535e+02 2.000000000000000000e+00
5.353194046020507812e+02 1.961605954170227051e+02 5.321137809753417969e+02 1.885736060142517090e+02 5.297827148437500000e+02 1.828630328178405762e+02 2.000000000000000000e+00
1.522413253784179688e+02 3.296626639366149902e+02 1.584608459472656250e+02 3.212192416191101074e+02 1.658904838562011719e+02 3.146310782432556152e+02 1.000000000000000000e+00
6.012849807739257812e+01 3.250986671447753906e+02 6.646514892578125000e+01 3.160408687591552734e+02 7.402248382568359375e+01 3.093449449539184570e+02 1.000000000000000000e+00
3.582124710083007812e+01 2.615080887079238892e+02 4.236042022705078125e+01 2.524828192591667175e+02 5.004922866821289062e+01 2.457439273595809937e+02 1.000000000000000000e+00
4.372801208496093750e+02 1.990760171413421631e+02 4.325034523010253906e+02 1.913940095901489258e+02 4.290111732482910156e+02 1.857376384735107422e+02 2.000000000000000000e+00
4.389874553680419922e+02 1.751947474479675293e+02 4.341851520538330078e+02 1.670701718330383301e+02 4.301983642578125000e+02 1.608361315727233887e+02 2.000000000000000000e+00
4.779537391662597656e+02 1.054055500030517578e+02 4.739609050750732422e+02 9.613264560699462891e+01 4.702844238281250000e+02 8.911339759826660156e+01 2.000000000000000000e+00
1.762002563476562500e+02 3.014605450630187988e+02 1.824230289459228516e+02 2.928266322612762451e+02 1.898426055908203125e+02 2.864446735382080078e+02 1.000000000000000000e+00
2.321208477020263672e+02 2.740423607826232910e+02 2.383637237548828125e+02 2.656139230728149414e+02 2.457875204086303711e+02 2.592966628074645996e+02 1.000000000000000000e+00
1.077615737915039062e+01 2.920158720016479492e+02 1.720735549926757812e+01 2.829775714874267578e+02 2.484685897827148438e+01 2.762337040901184082e+02 1.000000000000000000e+00
4.356980037689208984e+02 1.784307646751403809e+02 4.308702087402343750e+02 1.703415155410766602e+02 4.268796443939208984e+02 1.641114163398742676e+02 2.000000000000000000e+00
9.655967712402343750e+01 2.858198261260986328e+02 1.029520225524902344e+02 2.770982980728149414e+02 1.104856872558593750e+02 2.704220902919769287e+02 1.000000000000000000e+00
5.823585891723632812e+02 1.382267403602600098e+02 5.795538330078125000e+02 1.297215199470520020e+02 5.777185630798339844e+02 1.229258823394775391e+02 2.000000000000000000e+00
4.014196205139160156e+02 1.489665484428405762e+02 3.962245178222656250e+02 1.405574440956115723e+02 3.917609548568725586e+02 1.339446330070495605e+02 2.000000000000000000e+00
4.548296546936035156e+02 3.415316820144653320e+02 4.606397151947021484e+02 3.337808561325073242e+02 4.679910564422607422e+02 3.277791166305541992e+02 1.000000000000000000e+00
4.598670387268066406e+02 1.924092686176300049e+02 4.555762386322021484e+02 1.848309767246246338e+02 4.521790504455566406e+02 1.788603472709655762e+02 2.000000000000000000e+00
5.449993896484375000e+02 1.759861564636230469e+02 5.420342445373535156e+02 1.681052327156066895e+02 5.397761344909667969e+02 1.619760847091674805e+02 2.000000000000000000e+00
4.409713745117187500e+02 1.142971801757812500e+02 4.368904399871826172e+02 1.051900291442871094e+02 4.335416316986083984e+02 9.807274818420410156e+01 2.000000000000000000e+00
2.055363559722900391e+02 2.542920693755149841e+02 2.117043399810791016e+02 2.457874605059623718e+02 2.192418956756591797e+02 2.394416656158864498e+02 1.000000000000000000e+00
9.322328567504882812e+01 2.785169398784637451e+02 9.959924697875976562e+01 2.697875082492828369e+02 1.071501731872558594e+02 2.630932331085205078e+02 1.000000000000000000e+00
3.988379812240600586e+02 1.211506104469299316e+02 3.937282705307006836e+02 1.119850444793701172e+02 3.895394611358642578e+02 1.049454689025878906e+02 2.000000000000000000e+00
5.419147300720214844e+02 1.702308583259582520e+02 5.389497184753417969e+02 1.623379468917846680e+02 5.366898155212402344e+02 1.562217807769775391e+02 2.000000000000000000e+00
5.091386985778808594e+02 1.188790655136108398e+02 5.059399795532226562e+02 1.099044370651245117e+02 5.036337661743164062e+02 1.028086853027343750e+02 2.000000000000000000e+00
4.956928443908691406e+02 1.135550451278686523e+02 4.923124694824218750e+02 1.044619274139404297e+02 4.896094131469726562e+02 9.753381729125976562e+01 2.000000000000000000e+00
4.594379329681396484e+02 1.729243898391723633e+02 4.548899841308593750e+02 1.648624205589294434e+02 4.511022663116455078e+02 1.586482214927673340e+02 2.000000000000000000e+00
5.346898269653320312e+02 1.305090880393981934e+02 5.315874099731445312e+02 1.217840051651000977e+02 5.293596839904785156e+02 1.149136018753051758e+02 2.000000000000000000e+00
1.044566154479980469e+02 3.307602596282958984e+02 1.106326675415039062e+02 3.221551537513732910e+02 1.182616233825683594e+02 3.154381442070007324e+02 1.000000000000000000e+00
5.555044555664062500e+02 1.337412071228027344e+02 5.518963050842285156e+02 1.250521159172058105e+02 5.494704627990722656e+02 1.181903600692749023e+02 2.000000000000000000e+00
7.144945144653320312e+01 3.172371840476989746e+02 7.770515441894531250e+01 3.082475924491882324e+02 8.533781051635742188e+01 3.015739774703979492e+02 1.000000000000000000e+00
1.647166252136230469e+02 3.143171453475952148e+02 1.709097003936767578e+02 3.056100225448608398e+02 1.784660625457763672e+02 2.991935455799102783e+02 1.000000000000000000e+00
8.489971160888671875e+00 3.047395348548889160e+02 1.485082626342773438e+01 2.956008017063140869e+02 2.249887466430664062e+01 2.887754559516906738e+02 1.000000000000000000e+00
1.196445274353027344e+02 3.361245203018188477e+02 1.257333374023437500e+02 3.273104596138000488e+02 1.332567214965820312e+02 3.206901884078979492e+02 1.000000000000000000e+00
4.872875022888183594e+02 1.466120696067810059e+02 4.837064170837402344e+02 1.380865430831909180e+02 4.810096168518066406e+02 1.315668869018554688e+02 2.000000000000000000e+00
8.232093811035156250e+01 2.904527020454406738e+02 8.862100601196289062e+01 2.815791642665863037e+02 9.618703842163085938e+01 2.748932504653930664e+02 1.000000000000000000e+00
1.691506958007812500e+02 3.014095473289489746e+02 1.753875064849853516e+02 2.927566266059875488e+02 1.828026580810546875e+02 2.863329184055328369e+02 1.000000000000000000e+00
1.907672977447509766e+02 3.096936964988708496e+02 1.968920421600341797e+02 3.010532569885253906e+02 2.043182849884033203e+02 2.946781325340270996e+02 1.000000000000000000e+00
1.231130027770996094e+02 3.161530780792236328e+02 1.293480873107910156e+02 3.074903297424316406e+02 1.367971229553222656e+02 3.007774686813354492e+02 1.000000000000000000e+00
3.371902465820312500e+01 2.695087605714797974e+02 4.022064208984375000e+01 2.604335331916809082e+02 4.794387817382812500e+01 2.536049509048461914e+02 1.000000000000000000e+00
4.911298751831054688e+01 2.597216802835464478e+02 5.564254760742187500e+01 2.508336800336837769e+02 6.332843780517578125e+01 2.441445314884185791e+02 1.000000000000000000e+00
2.202718830108642578e+02 2.678334063291549683e+02 2.265074443817138672e+02 2.594362199306488037e+02 2.339549541473388672e+02 2.530017247796058655e+02 1.000000000000000000e+00
4.194550514221191406e+02 1.273360204696655273e+02 4.146860694885253906e+02 1.184118032455444336e+02 4.100442218780517578e+02 1.115182256698608398e+02 2.000000000000000000e+00
1.371829986572265625e+02 2.778421354293823242e+02 1.434747505187988281e+02 2.691721808910369873e+02 1.511474800109863281e+02 2.625697338581085205e+02 1.000000000000000000e+00
4.422204971313476562e+01 3.115921998023986816e+02 5.050724029541015625e+01 3.025610661506652832e+02 5.806531906127929688e+01 2.958192765712738037e+02 1.000000000000000000e+00
2.434547424316406250e+02 2.591989749670028687e+02 2.496263742446899414e+02 2.508353278040885925e+02 2.571273469924926758e+02 2.444676513969898224e+02 1.000000000000000000e+00
1.972659587860107422e+02 2.989765048027038574e+02 2.034495067596435547e+02 2.904445838928222656e+02 2.109708118438720703e+02 2.840950334072113037e+02 1.000000000000000000e+00
8.955728530883789062e+01 3.277062392234802246e+02 9.574598312377929688e+01 3.188016986846923828e+02 1.033655548095703125e+02 3.122442984580993652e+02 1.000000000000000000e+00
1.539987564086914062e+01 2.562363588809967041e+02 2.184890747070312500e+01 2.471841587126255035e+02 2.954357147216796875e+01 2.404180298186838627e+02 1.000000000000000000e+00
9.584693908691406250e+00 3.148514127731323242e+02 1.596109390258789062e+01 3.057195138931274414e+02 2.366117477416992188e+01 2.988749742507934570e+02 1.000000000000000000e+00
1.954246520996093750e+01 2.778975856304168701e+02 2.603675842285156250e+01 2.688347786664962769e+02 3.357965469360351562e+01 2.621818256378173828e+02 1.000000000000000000e+00
4.496998882293701172e+02 1.711988496780395508e+02 4.449372005462646484e+02 1.630996656417846680e+02 4.410332965850830078e+02 1.568437886238098145e+02 2.000000000000000000e+00
5.352245330810546875e+01 2.967119765281677246e+02 5.971839904785156250e+01 2.877063024044036865e+02 6.736162185668945312e+01 2.809591984748840332e+02 1.000000000000000000e+00
2.213904094696044922e+02 2.984119892120361328e+02 2.274615955352783203e+02 2.898961508274078369e+02 2.348884868621826172e+02 2.836759650707244873e+02 1.000000000000000000e+00
3.724128723144531250e+01 3.074101281166076660e+02 4.355169296264648438e+01 2.983581268787384033e+02 5.115646362304687500e+01 2.916570460796356201e+02 1.000000000000000000e+00
1.783548450469970703e+02 3.274293565750122070e+02 1.845410442352294922e+02 3.188157391548156738e+02 1.920209503173828125e+02 3.123940801620483398e+02 1.000000000000000000e+00
4.423532104492187500e+02 1.766301727294921875e+02 4.375468158721923828e+02 1.685580253601074219e+02 4.335893535614013672e+02 1.623508572578430176e+02 2.000000000000000000e+00
2.862857818603515625e+01 2.781453251838684082e+02 3.497646331787109375e+01 2.690984201431274414e+02 4.268020629882812500e+01 2.623680424690246582e+02 1.000000000000000000e+00
2.401886606216430664e+02 2.731345224380493164e+02 2.464331960678100586e+02 2.646935445070266724e+02 2.538500976562500000e+02 2.583951419591903687e+02 1.000000000000000000e+00
4.320189857482910156e+02 1.733906364440917969e+02 4.270811176300048828e+02 1.652593159675598145e+02 4.230498981475830078e+02 1.589906430244445801e+02 2.000000000000000000e+00
4.978743934631347656e+02 1.773470091819763184e+02 4.940713882446289062e+02 1.692392992973327637e+02 4.912254905700683594e+02 1.631337547302246094e+02 2.000000000000000000e+00
1.337798309326171875e+02 3.342159175872802734e+02 1.398867607116699219e+02 3.255632686614990234e+02 1.475098228454589844e+02 3.190049171447753906e+02 1.000000000000000000e+00
2.574590158462524414e+02 2.685824292898178101e+02 2.636029338836669922e+02 2.604017955064773560e+02 2.710494995117187500e+02 2.541500705480575562e+02 1.000000000000000000e+00
4.884810829162597656e+02 1.825830817222595215e+02 4.843543434143066406e+02 1.745451450347900391e+02 4.815895652770996094e+02 1.684464097023010254e+02 2.000000000000000000e+00
2.253187370300292969e+02 2.619142162799835205e+02 2.315374088287353516e+02 2.534893655776977539e+02 2.390781211853027344e+02 2.471171419322490692e+02 1.000000000000000000e+00
1.299175834655761719e+02 3.212417364120483398e+02 1.360743141174316406e+02 3.125422382354736328e+02 1.436145210266113281e+02 3.059528517723083496e+02 1.000000000000000000e+00
9.314477920532226562e+01 2.977516222000122070e+02 9.950868606567382812e+01 2.888717687129974365e+02 1.069203567504882812e+02 2.823054814338684082e+02 1.000000000000000000e+00
4.022636413574218750e+02 2.368066710233688354e+02 4.085801982879638672e+02 2.290345296263694763e+02 4.160934734344482422e+02 2.228809046745300293e+02 1.000000000000000000e+00
4.887122154235839844e+02 1.558198928833007812e+02 4.851468467712402344e+02 1.474883222579956055e+02 4.820410728454589844e+02 1.410868048667907715e+02 2.000000000000000000e+00
9.985509872436523438e+01 3.198620009422302246e+02 1.060315704345703125e+02 3.111132860183715820e+02 1.136550712585449219e+02 3.044546842575073242e+02 1.000000000000000000e+00
1.197849655151367188e+02 3.269802618026733398e+02 1.259464073181152344e+02 3.182328200340270996e+02 1.334625625610351562e+02 3.115393996238708496e+02 1.000000000000000000e+00
1.316525840759277344e+02 2.646897894144058228e+02 1.379057502746582031e+02 2.558337557315826416e+02 1.454186630249023438e+02 2.493916171789169312e+02 1.000000000000000000e+00
2.063187408447265625e+02 3.011489868164062500e+02 2.124687767028808594e+02 2.925456261634826660e+02 2.198839092254638672e+02 2.862479567527770996e+02 1.000000000000000000e+00
5.261009025573730469e+02 1.951812708377838135e+02 5.227927970886230469e+02 1.875791287422180176e+02 5.203930664062500000e+02 1.818086206912994385e+02 2.000000000000000000e+00
3.537014007568359375e+01 2.945815765857696533e+02 4.167270660400390625e+01 2.855592370033264160e+02 4.931156158447265625e+01 2.787438082695007324e+02 1.000000000000000000e+00
4.380593872070312500e+02 1.109499549865722656e+02 4.337849426269531250e+02 1.018853616714477539e+02 4.302835083007812500e+02 9.471319198608398438e+01 2.000000000000000000e+00
4.936713600158691406e+02 1.311064267158508301e+02 4.901945495605468750e+02 1.225119924545288086e+02 4.874285888671875000e+02 1.157562160491943359e+02 2.000000000000000000e+00
5.172008705139160156e+02 1.894627368450164795e+02 5.137316322326660156e+02 1.817226076126098633e+02 5.113735389709472656e+02 1.760819649696350098e+02 2.000000000000000000e+00
1.784550189971923828e+02 2.902587318420410156e+02 1.846883392333984375e+02 2.816911017894744873e+02 1.921832275390625000e+02 2.753913295269012451e+02 1.000000000000000000e+00
2.604976177215576172e+02 2.615188604593276978e+02 2.666254568099975586e+02 2.532502904534339905e+02 2.741560029983520508e+02 2.469994358718395233e+02 1.000000000000000000e+00
5.644083976745605469e+02 1.653531289100646973e+02 5.616436195373535156e+02 1.573061513900756836e+02 5.592933464050292969e+02 1.509424066543579102e+02 2.000000000000000000e+00
1.784697723388671875e+02 3.163635563850402832e+02 1.846586608886718750e+02 3.076932120323181152e+02 1.921396732330322266e+02 3.012951421737670898e+02 1.000000000000000000e+00
4.381244564056396484e+02 1.357240533828735352e+02 4.340358257293701172e+02 1.272176170349121094e+02 4.305527019500732422e+02 1.206635928153991699e+02 2.000000000000000000e+00
5.249419593811035156e+02 1.608539199829101562e+02 5.219087600708007812e+02 1.529411387443542480e+02 5.194194412231445312e+02 1.464732027053833008e+02 2.000000000000000000e+00
1.425224494934082031e+02 3.197376108169555664e+02 1.487082862854003906e+02 3.110846900939941406e+02 1.562773895263671875e+02 3.044648194313049316e+02 1.000000000000000000e+00
4.918668174743652344e+02 1.464485764503479004e+02 4.885145378112792969e+02 1.378939175605773926e+02 4.857566642761230469e+02 1.314256525039672852e+02 2.000000000000000000e+00
1.779384136199951172e+02 3.084192252159118652e+02 1.842360496520996094e+02 2.997762465476989746e+02 1.916048240661621094e+02 2.933939230442047119e+02 1.000000000000000000e+00
4.495618820190429688e+01 3.238676476478576660e+02 5.127897262573242188e+01 3.147395038604736328e+02 5.881130218505859375e+01 3.081157851219177246e+02 1.000000000000000000e+00
1.864068317413330078e+02 2.527664950489997864e+02 1.925364971160888672e+02 2.443108217418193817e+02 1.999832630157470703e+02 2.378709563612937927e+02 1.000000000000000000e+00
2.802968978881835938e+01 2.953927624225616455e+02 3.447692871093750000e+01 2.863977384567260742e+02 4.211658477783203125e+01 2.795806002616882324e+02 1.000000000000000000e+00
6.716939926147460938e+01 3.271419095993041992e+02 7.351776123046875000e+01 3.181524395942687988e+02 8.104475021362304688e+01 3.114180350303649902e+02 1.000000000000000000e+00
4.834171104431152344e+02 1.259735512733459473e+02 4.797886371612548828e+02 1.171589326858520508e+02 4.769182777404785156e+02 1.103528881072998047e+02 2.000000000000000000e+00
3.532793045043945312e+01 3.276979136466979980e+02 4.160331726074218750e+01 3.186232638359069824e+02 4.928659439086914062e+01 3.119242572784423828e+02 1.000000000000000000e+00
2.678226470947265625e+01 3.120988512039184570e+02 3.314819335937500000e+01 3.031531691551208496e+02 4.082237243652343750e+01 2.962955975532531738e+02 1.000000000000000000e+00
2.272876739501953125e+01 2.602268385887145996e+02 2.920251846313476562e+01 2.511421671509742737e+02 3.681320190429687500e+01 2.444055636227130890e+02 1.000000000000000000e+00
8.322275161743164062e+01 2.663449108600616455e+02 8.961019515991210938e+01 2.575516372919082642e+02 9.728040695190429688e+01 2.507638245820999146e+02 1.000000000000000000e+00
5.162411499023437500e+02 1.984338498115539551e+02 5.128795242309570312e+02 1.909147024154663086e+02 5.104177856445312500e+02 1.851901817321777344e+02 2.000000000000000000e+00
4.832612991333007812e+01 2.568457031250000000e+02 5.481025695800781250e+01 2.481336674094200134e+02 6.241584777832031250e+01 2.412809601053595543e+02 1.000000000000000000e+00
1.903217601776123047e+02 2.967799115180969238e+02 1.964632987976074219e+02 2.882923293113708496e+02 2.039802551269531250e+02 2.819201087951660156e+02 1.000000000000000000e+00
2.606057739257812500e+02 2.514682468771934509e+02 2.667457580566406250e+02 2.431849671900272369e+02 2.743370962142944336e+02 2.368319548666477203e+02 1.000000000000000000e+00
3.069801628589630127e+02 2.478174751996994019e+02 3.133133846521377563e+02 2.396836395096033812e+02 3.208325500786304474e+02 2.334763790667057037e+02 1.000000000000000000e+00
3.934331655502319336e+02 2.368344877660274506e+02 3.997981882095336914e+02 2.290776970982551575e+02 4.072083187103271484e+02 2.229136794805526733e+02 1.000000000000000000e+00
4.410233497619628906e+02 1.945716512203216553e+02 4.363495540618896484e+02 1.869491851329803467e+02 4.326945781707763672e+02 1.812020838260650635e+02 2.000000000000000000e+00
1.414593315124511719e+02 3.076838994026184082e+02 1.477973556518554688e+02 2.989990568161010742e+02 1.552820968627929688e+02 2.924233102798461914e+02 1.000000000000000000e+00
1.152718925476074219e+02 3.070911598205566406e+02 1.214643669128417969e+02 2.982798492908477783e+02 1.290548324584960938e+02 2.917067599296569824e+02 1.000000000000000000e+00
2.795914888381958008e+02 2.608914506435394287e+02 2.857392883300781250e+02 2.526726078987121582e+02 2.932899475097656250e+02 2.464665073156356812e+02 1.000000000000000000e+00
7.674177169799804688e+01 2.642136543989181519e+02 8.298263549804687500e+01 2.553776872158050537e+02 9.069509506225585938e+01 2.486330571770668030e+02 1.000000000000000000e+00
3.907123708724975586e+02 1.109989356994628906e+02 3.856068754196166992e+02 1.019979143142700195e+02 3.812313556671142578e+02 9.501133918762207031e+01 2.000000000000000000e+00
3.114033508300781250e+02 2.207106471061706543e+02 3.177436828613281250e+02 2.126483291387557983e+02 3.253307497501373291e+02 2.064209425449371338e+02 1.000000000000000000e+00
5.504804801940917969e+02 1.671035599708557129e+02 5.475787353515625000e+02 1.591266775131225586e+02 5.453828811645507812e+02 1.531205821037292480e+02 2.000000000000000000e+00
2.343240451812744141e+02 2.660323798656463623e+02 2.405447673797607422e+02 2.576285415887832642e+02 2.480262613296508789e+02 2.512651526927947998e+02 1.000000000000000000e+00
4.979689407348632812e+02 1.508486437797546387e+02 4.944927024841308594e+02 1.424666976928710938e+02 4.918417739868164062e+02 1.361165142059326172e+02 2.000000000000000000e+00
3.123812866210937500e+02 2.291309505701065063e+02 3.187215881049633026e+02 2.210425561666488647e+02 3.262925416231155396e+02 2.148142683506011963e+02 1.000000000000000000e+00
4.329328346252441406e+02 1.154196882247924805e+02 4.284862422943115234e+02 1.063576412200927734e+02 4.247287940979003906e+02 9.925633907318115234e+01 2.000000000000000000e+00
2.409986400604248047e+02 2.430529940128326416e+02 2.471384859085083008e+02 2.345168910920619965e+02 2.546803569793701172e+02 2.282842093706130981e+02 1.000000000000000000e+00
4.205299091339111328e+02 1.682637906074523926e+02 4.154520320892333984e+02 1.599539422988891602e+02 4.113167476654052734e+02 1.535737752914428711e+02 2.000000000000000000e+00
5.865192413330078125e+01 2.803286755084991455e+02 6.482080459594726562e+01 2.715126049518585205e+02 7.254632949829101562e+01 2.647096270322799683e+02 1.000000000000000000e+00
1.665201187133789062e+01 3.211013817787170410e+02 2.315643310546875000e+01 3.120702552795410156e+02 3.079589843750000000e+01 3.051886653900146484e+02 1.000000000000000000e+00
1.896896934509277344e+02 3.175975370407104492e+02 1.958139801025390625e+02 3.089943909645080566e+02 2.033167552947998047e+02 3.026163983345031738e+02 1.000000000000000000e+00
2.348707199096679688e+01 2.691508501768112183e+02 2.986778259277343750e+01 2.601256728172302246e+02 3.756216049194335938e+01 2.533372351527214050e+02 1.000000000000000000e+00
1.591287612915039062e+01 2.989492213726043701e+02 2.236614227294921875e+01 2.898609638214111328e+02 3.001520156860351562e+01 2.831725502014160156e+02 1.000000000000000000e+00
4.181907081604003906e+02 1.436345171928405762e+02 4.131567382812500000e+02 1.352706384658813477e+02 4.089607524871826172e+02 1.287467122077941895e+02 2.000000000000000000e+00
2.329908752441406250e+02 2.809480011463165283e+02 2.392629718780517578e+02 2.725888395309448242e+02 2.466674661636352539e+02 2.662408465147018433e+02 1.000000000000000000e+00
4.869402503967285156e+02 1.199620914459228516e+02 4.834674453735351562e+02 1.108118391036987305e+02 4.807496643066406250e+02 1.040601682662963867e+02 2.000000000000000000e+00
3.132213133573532104e+02 2.381688078492879868e+02 3.195499878004193306e+02 2.300547024607658386e+02 3.271105349063873291e+02 2.238515013456344604e+02 1.000000000000000000e+00
2.644920349121093750e+02 2.685607624053955078e+02 2.706089448928833008e+02 2.603516542911529541e+02 2.780698251724243164e+02 2.541930243372917175e+02 1.000000000000000000e+00
5.314682579040527344e+02 1.607342791557312012e+02 5.283838462829589844e+02 1.527164840698242188e+02 5.262088584899902344e+02 1.465376830101013184e+02 2.000000000000000000e+00
1.051688194274902344e+02 3.129411649703979492e+02 1.112774467468261719e+02 3.041315674781799316e+02 1.189132118225097656e+02 2.975351607799530029e+02 1.000000000000000000e+00
2.209553241729736328e+02 2.474914553761482239e+02 2.271889591217041016e+02 2.390340118110179901e+02 2.346968173980712891e+02 2.327366481721401215e+02 1.000000000000000000e+00
1.036395072937011719e+02 2.850021994113922119e+02 1.099022483825683594e+02 2.761971151828765869e+02 1.175374794006347656e+02 2.695929282903671265e+02 1.000000000000000000e+00
1.346981048583984375e+02 2.954302382469177246e+02 1.409819221496582031e+02 2.866590607166290283e+02 1.486276054382324219e+02 2.801868903636932373e+02 1.000000000000000000e+00
