3.581171584129333496e+02 2.711310732364654541e+02 3.393731689453125000e+02 2.716369342803955078e+02 3.219682922959327698e+02 2.781770360469818115e+02 2.000000000000000000e+00
4.013863849639892578e+02 2.759043288230895996e+02 3.841716003417968750e+02 2.765587484836578369e+02 3.684194946289062500e+02 2.833485138416290283e+02 2.000000000000000000e+00
3.832045602798461914e+02 2.775112617015838623e+02 3.654152536392211914e+02 2.782956862449645996e+02 3.487001347541809082e+02 2.851457548141479492e+02 2.000000000000000000e+00
1.842011260986328125e+02 2.136624580621719360e+02 1.599015426635742188e+02 2.131868273019790649e+02 1.367827796936035156e+02 2.186184078454971313e+02 2.000000000000000000e+00
4.356251525878906250e+02 2.683251357078552246e+02 4.217551898956298828e+02 2.687129527330398560e+02 4.091460895538330078e+02 2.753717958927154541e+02 2.000000000000000000e+00
3.220598144829273224e+02 2.312333366274833679e+02 3.006046450138092041e+02 2.305278772115707397e+02 2.804241633415222168e+02 2.360556793212890625e+02 2.000000000000000000e+00
3.839687824249267578e+02 2.667323631048202515e+02 3.662535429000854492e+02 2.671936655044555664e+02 3.495587778091430664e+02 2.736286318302154541e+02 2.000000000000000000e+00
2.133040904998779297e+02 4.177834510803222656e+02 2.207006168365478516e+02 4.189769124984741211e+02 2.308158397674560547e+02 4.261389255523681641e+02 1.000000000000000000e+00
3.564434814453125000e+02 2.625243544578552246e+02 3.376367187500000000e+02 2.629149788618087769e+02 3.201817932166159153e+02 2.693879413604736328e+02 2.000000000000000000e+00
2.839958500862121582e+02 2.341987301409244537e+02 2.617284250259399414e+02 2.338169096410274506e+02 2.401968383789062500e+02 2.395672454684972763e+02 2.000000000000000000e+00
5.222634315490722656e+02 3.278214454650878906e+02 5.295978355407714844e+02 3.288020396232604980e+02 5.398550415039062500e+02 3.358431172370910645e+02 1.000000000000000000e+00
5.339933586120605469e+02 3.278063392639160156e+02 5.414041709899902344e+02 3.287715196609497070e+02 5.518338012695312500e+02 3.358109164237976074e+02 1.000000000000000000e+00
1.531633186340332031e+02 4.275182247161865234e+02 1.605714416503906250e+02 4.288609170913696289e+02 1.708876132965087891e+02 4.359973239898681641e+02 1.000000000000000000e+00
4.892077064514160156e+02 2.095091092586517334e+02 4.781079101562500000e+02 2.085384213924407959e+02 4.688651752471923828e+02 2.133096456527709961e+02 2.000000000000000000e+00
1.849693584442138672e+02 2.212753129005432129e+02 1.607110691070556641e+02 2.208228439092636108e+02 1.376442909240722656e+02 2.264250174164772034e+02 2.000000000000000000e+00
4.897311782836914062e+02 1.782072114944458008e+02 4.787108516693115234e+02 1.773207521438598633e+02 4.694484615325927734e+02 1.822327244281768799e+02 2.000000000000000000e+00
1.869466876983642578e+02 2.444227145612239838e+02 1.628789520263671875e+02 2.445412293076515198e+02 1.395926475524902344e+02 2.508609625697135925e+02 2.000000000000000000e+00
1.890633964538574219e+02 2.082856285572052002e+02 1.645145416259765625e+02 2.075864410400390625e+02 1.413181114196777344e+02 2.128639215230941772e+02 2.000000000000000000e+00
5.230208206176757812e+02 3.507434749603271484e+02 5.305031776428222656e+02 3.514405846595764160e+02 5.406106567382812500e+02 3.585553050041198730e+02 1.000000000000000000e+00
4.053185749053955078e+02 2.851009833812713623e+02 3.887282419204711914e+02 2.855389416217803955e+02 3.734581613540649414e+02 2.922639191150665283e+02 2.000000000000000000e+00
2.803170156478881836e+02 2.127725207805633545e+02 2.576172780990600586e+02 2.120266395807266235e+02 2.362007617950439453e+02 2.173405605554580688e+02 2.000000000000000000e+00
4.349882221221923828e+02 2.772714865207672119e+02 4.205501747131347656e+02 2.776308596134185791e+02 4.077783203125000000e+02 2.844566059112548828e+02 2.000000000000000000e+00
1.731113243103027344e+02 4.305871438980102539e+02 1.806288909912109375e+02 4.318624305725097656e+02 1.909753513336181641e+02 4.389673233032226562e+02 1.000000000000000000e+00
2.431436920166015625e+02 4.078621673583984375e+02 2.507487344741821289e+02 4.090320825576782227e+02 2.609256267547607422e+02 4.161449718475341797e+02 1.000000000000000000e+00
5.340433311462402344e+02 3.507390832901000977e+02 5.414287185668945312e+02 3.514358854293823242e+02 5.517304801940917969e+02 3.585478305816650391e+02 1.000000000000000000e+00
2.929006648063659668e+02 2.169843739271163940e+02 2.707433748245239258e+02 2.161775797605514526e+02 2.494982433319091797e+02 2.214600974321365356e+02 2.000000000000000000e+00
3.218074035644531250e+02 2.225408166646957397e+02 3.004443967342376709e+02 2.218084090948104858e+02 2.802991032600402832e+02 2.272632443904876709e+02 2.000000000000000000e+00
4.405600643157958984e+02 2.168740224838256836e+02 4.263097572326660156e+02 2.163325488567352295e+02 4.134508419036865234e+02 2.215882551670074463e+02 2.000000000000000000e+00
3.150447693467140198e+02 2.234989160299301147e+02 2.935941767692565918e+02 2.227587872743606567e+02 2.734221172332763672e+02 2.282180625200271606e+02 2.000000000000000000e+00
2.408939218521118164e+02 3.871724939346313477e+02 2.484862661361694336e+02 3.882599258422851562e+02 2.586377239227294922e+02 3.953912973403930664e+02 1.000000000000000000e+00
1.501806640625000000e+02 3.837534570693969727e+02 1.575139808654785156e+02 3.849724531173706055e+02 1.679463768005371094e+02 3.920901632308959961e+02 1.000000000000000000e+00
1.869100666046142578e+02 2.382535094395279884e+02 1.628283691406250000e+02 2.382664488628506660e+02 1.395961952209472656e+02 2.444148865342140198e+02 2.000000000000000000e+00
2.381509685516357422e+02 1.815555381774902344e+02 2.145261955261230469e+02 1.804732632637023926e+02 1.917281627655029297e+02 1.848044550418853760e+02 2.000000000000000000e+00
1.856996154785156250e+02 4.097677659988403320e+02 1.934171772003173828e+02 4.109577655792236328e+02 2.036464691162109375e+02 4.181154012680053711e+02 1.000000000000000000e+00
3.485404372215270996e+02 2.740404367446899414e+02 3.299544376134872437e+02 2.745701014995574951e+02 3.126521301269531250e+02 2.811739540100097656e+02 2.000000000000000000e+00
3.211429138481616974e+02 4.380651998519897461e+02 3.286842960119247437e+02 4.391153097152709961e+02 3.388564145565032959e+02 4.462691402435302734e+02 1.000000000000000000e+00
2.386863994598388672e+02 1.805057358741760254e+02 2.151223087310791016e+02 1.794365215301513672e+02 1.923535919189453125e+02 1.837498462200164795e+02 2.000000000000000000e+00
2.964024353027343750e+02 3.046822857856750488e+02 2.774029207229614258e+02 3.063286185264587402e+02 2.598183298110961914e+02 3.138278245925903320e+02 2.000000000000000000e+00
2.601698589324951172e+02 4.077965211868286133e+02 2.677882051467895508e+02 4.089725446701049805e+02 2.779140329360961914e+02 4.160940599441528320e+02 1.000000000000000000e+00
1.641384983062744141e+02 3.696962928771972656e+02 1.715839958190917969e+02 3.709587192535400391e+02 1.819674491882324219e+02 3.780730104446411133e+02 1.000000000000000000e+00
5.250985145568847656e+02 3.348279762268066406e+02 5.324864578247070312e+02 3.357831501960754395e+02 5.427617835998535156e+02 3.428243494033813477e+02 1.000000000000000000e+00
3.205219421535730362e+02 2.741329658031463623e+02 3.018056023120880127e+02 2.746361410617828369e+02 2.848911738395690918e+02 2.811171591281890869e+02 2.000000000000000000e+00
2.937604665756225586e+02 2.343189387023448944e+02 2.716195964813232422e+02 2.338775476813316345e+02 2.501469707489013672e+02 2.395076751708984375e+02 2.000000000000000000e+00
2.750831890106201172e+02 3.841485357284545898e+02 2.825810241699218750e+02 3.852776527404785156e+02 2.928764033317565918e+02 3.923731756210327148e+02 1.000000000000000000e+00
5.320644569396972656e+02 3.348214173316955566e+02 5.394558715820312500e+02 3.357807683944702148e+02 5.497910881042480469e+02 3.428165674209594727e+02 1.000000000000000000e+00
2.399561309814453125e+02 1.877904474735260010e+02 2.164065074920654297e+02 1.867243945598602295e+02 1.936886310577392578e+02 1.914152204990386963e+02 2.000000000000000000e+00
1.685919952392578125e+02 2.345578913390636444e+02 1.445397186279296875e+02 2.350176237523555756e+02 1.212457084655761719e+02 2.415283508598804474e+02 2.000000000000000000e+00
2.174367523193359375e+02 2.241556853055953979e+02 1.934335422515869141e+02 2.236799919605255127e+02 1.710393524169921875e+02 2.293672022223472595e+02 2.000000000000000000e+00
1.750412082672119141e+02 3.988135099411010742e+02 1.825364017486572266e+02 3.999344301223754883e+02 1.928191089630126953e+02 4.071348381042480469e+02 1.000000000000000000e+00
2.096667575836181641e+02 1.886329329013824463e+02 1.860035419464111328e+02 1.874221014976501465e+02 1.627403545379638672e+02 1.922084033489227295e+02 2.000000000000000000e+00
4.171456623077392578e+02 3.132565927505493164e+02 4.038421058654785156e+02 3.143615484237670898e+02 3.912549448013305664e+02 3.217326092720031738e+02 2.000000000000000000e+00
1.702622985839843750e+02 1.875687825679779053e+02 1.448303604125976562e+02 1.862619745731353760e+02 1.222694206237792969e+02 1.909053003787994385e+02 2.000000000000000000e+00
2.930438828468322754e+02 4.459085798263549805e+02 3.005750429630279541e+02 4.469667720794677734e+02 3.107439881563186646e+02 4.540533828735351562e+02 1.000000000000000000e+00
1.879253101348876953e+02 4.428243827819824219e+02 1.954786968231201172e+02 4.439191675186157227e+02 2.058365631103515625e+02 4.510439586639404297e+02 1.000000000000000000e+00
1.809020996093750000e+02 1.838114905357360840e+02 1.564153861999511719e+02 1.824739515781402588e+02 1.335908317565917969e+02 1.872069811820983887e+02 2.000000000000000000e+00
3.460974740982055664e+02 4.161244297027587891e+02 3.536003422737121582e+02 4.171471309661865234e+02 3.637658071517944336e+02 4.242898893356323242e+02 1.000000000000000000e+00
3.311464846134185791e+02 4.289892625808715820e+02 3.386424255371093750e+02 4.301023006439208984e+02 3.488095712661743164e+02 4.372527551651000977e+02 1.000000000000000000e+00
3.153898620605468750e+02 2.310549920797348022e+02 2.938684082031250000e+02 2.303985741734504700e+02 2.735908508300781250e+02 2.359591975808143616e+02 2.000000000000000000e+00
1.839912986755371094e+02 4.297958707809448242e+02 1.916993808746337891e+02 4.309727811813354492e+02 2.018970489501953125e+02 4.380680894851684570e+02 1.000000000000000000e+00
2.220975780487060547e+02 3.757256269454956055e+02 2.297247409820556641e+02 3.770744419097900391e+02 2.399729442596435547e+02 3.841827535629272461e+02 1.000000000000000000e+00
2.276234149932861328e+02 2.767472863197326660e+02 2.067368316650390625e+02 2.777909553050994873e+02 1.871660709381103516e+02 2.848573923110961914e+02 2.000000000000000000e+00
2.331495380401611328e+02 4.158094882965087891e+02 2.407235574722290039e+02 4.169957113265991211e+02 2.509669160842895508e+02 4.241337919235229492e+02 1.000000000000000000e+00
2.378368663787841797e+02 2.262879627943038940e+02 2.145116233825683594e+02 2.258143150806427002e+02 1.921400737762451172e+02 2.315641629695892334e+02 2.000000000000000000e+00
3.744041156768798828e+02 2.901245141029357910e+02 3.564069533348083496e+02 2.920548748970031738e+02 3.404024052619934082e+02 3.017145109176635742e+02 2.000000000000000000e+00
2.850570368766784668e+02 4.409492540359497070e+02 2.926574707031250000e+02 4.420247268676757812e+02 3.028359985351562500e+02 4.491163158416748047e+02 1.000000000000000000e+00
1.940294647216796875e+02 4.379067134857177734e+02 2.016427612304687500e+02 4.390540552139282227e+02 2.118723773956298828e+02 4.461453294754028320e+02 1.000000000000000000e+00
1.691260528564453125e+02 3.747977399826049805e+02 1.765738201141357422e+02 3.760362339019775391e+02 1.868420219421386719e+02 3.831981611251831055e+02 1.000000000000000000e+00
2.522326803207397461e+02 3.141178035736083984e+02 2.324429607391357422e+02 3.156721830368041992e+02 2.141332054138183594e+02 3.235331439971923828e+02 2.000000000000000000e+00
2.523199748992919922e+02 2.781374537944793701e+02 2.337804508209228516e+02 2.786791384220123291e+02 2.155517292022705078e+02 2.854161107540130615e+02 2.000000000000000000e+00
2.833628225326538086e+02 1.766518664360046387e+02 2.606320810317993164e+02 1.750510382652282715e+02 2.394537639617919922e+02 1.794562339782714844e+02 2.000000000000000000e+00
3.081860351562500000e+02 4.119636583328247070e+02 3.157139891386032104e+02 4.130584430694580078e+02 3.259389346837997437e+02 4.201906871795654297e+02 1.000000000000000000e+00
3.633513212203979492e+02 3.832331371307373047e+02 3.706867074966430664e+02 3.843165063858032227e+02 3.809205961227416992e+02 3.913896846771240234e+02 1.000000000000000000e+00
1.450481033325195312e+02 4.057194900512695312e+02 1.525126647949218750e+02 4.069243812561035156e+02 1.628158378601074219e+02 4.139837980270385742e+02 1.000000000000000000e+00
2.451665353775024414e+02 2.823354220390319824e+02 2.250973510742187500e+02 2.831886613368988037e+02 2.057169055938720703e+02 2.901027238368988037e+02 2.000000000000000000e+00
2.292588138580322266e+02 3.979506969451904297e+02 2.367066478729248047e+02 3.990516757965087891e+02 2.468906688690185547e+02 4.061838769912719727e+02 1.000000000000000000e+00
4.678228759765625000e+02 2.216084736585617065e+02 4.551928138732910156e+02 2.212762141227722168e+02 4.442933368682861328e+02 2.266041558980941772e+02 2.000000000000000000e+00
1.777613925933837891e+02 2.444047853350639343e+02 1.536941719055175781e+02 2.445603333413600922e+02 1.303942680358886719e+02 2.508217781782150269e+02 2.000000000000000000e+00
5.887437248229980469e+02 4.475041866302490234e+02 5.965657997131347656e+02 4.482571506500244141e+02 6.069701004028320312e+02 4.554536819458007812e+02 1.000000000000000000e+00
2.872589421272277832e+02 3.054194068908691406e+02 2.681401348114013672e+02 3.070471215248107910e+02 2.506955099105834961e+02 3.147026109695434570e+02 2.000000000000000000e+00
3.936348581314086914e+02 2.758311796188354492e+02 3.760863065719604492e+02 2.765082120895385742e+02 3.599591994285583496e+02 2.832948946952819824e+02 2.000000000000000000e+00
2.310802745819091797e+02 1.908449685573577881e+02 2.075381946563720703e+02 1.896030235290527344e+02 1.847590351104736328e+02 1.943583047389984131e+02 2.000000000000000000e+00
3.364026486873626709e+02 3.642255020141601562e+02 3.439147949218750000e+02 3.652759838104248047e+02 3.540259718894958496e+02 3.723377466201782227e+02 1.000000000000000000e+00
2.262297534942626953e+02 3.909265279769897461e+02 2.337410068511962891e+02 3.920970582962036133e+02 2.439367341995239258e+02 3.991955709457397461e+02 1.000000000000000000e+00
1.670685577392578125e+02 2.033913087844848633e+02 1.422855377197265625e+02 2.025105714797973633e+02 1.194847679138183594e+02 2.075517261028289795e+02 2.000000000000000000e+00
3.899394226074218750e+02 2.700965881347656250e+02 3.722335195541381836e+02 2.706610429286956787e+02 3.556019282341003418e+02 2.773560512065887451e+02 2.000000000000000000e+00
3.303646850585937500e+02 1.937636554241180420e+02 3.089873349666595459e+02 1.921908545494079590e+02 2.888916325569152832e+02 1.968668818473815918e+02 2.000000000000000000e+00
3.161997678875923157e+02 1.879689145088195801e+02 2.945779728889465332e+02 1.864588737487792969e+02 2.736990022659301758e+02 1.911019420623779297e+02 2.000000000000000000e+00
2.771897268295288086e+02 2.736628139019012451e+02 2.573723125457763672e+02 2.745936298370361328e+02 2.386189270019531250e+02 2.813561439514160156e+02 2.000000000000000000e+00
3.758900165557861328e+02 2.098054325580596924e+02 3.574499821662902832e+02 2.087699711322784424e+02 3.399751591682434082e+02 2.137619304656982422e+02 2.000000000000000000e+00
2.380027103424072266e+02 4.428447961807250977e+02 2.455174684524536133e+02 4.440058708190917969e+02 2.557976961135864258e+02 4.511376714706420898e+02 1.000000000000000000e+00
4.175741577148437500e+02 2.151602768898010254e+02 4.015195369720458984e+02 2.144188213348388672e+02 3.867545175552368164e+02 2.195838761329650879e+02 2.000000000000000000e+00
2.050781536102294922e+02 4.298158407211303711e+02 2.125887870788574219e+02 4.310825300216674805e+02 2.227944278717041016e+02 4.381651067733764648e+02 1.000000000000000000e+00
2.970595097541809082e+02 4.250279045104980469e+02 3.045939934253692627e+02 4.261403846740722656e+02 3.148927611112594604e+02 4.332821416854858398e+02 1.000000000000000000e+00
1.429428100585937500e+02 4.185523796081542969e+02 1.504689979553222656e+02 4.199264860153198242e+02 1.608281230926513672e+02 4.270169734954833984e+02 1.000000000000000000e+00
2.529317140579223633e+02 4.478401565551757812e+02 2.605136728286743164e+02 4.490010452270507812e+02 2.707567739486694336e+02 4.560977840423583984e+02 1.000000000000000000e+00
2.990232539176940918e+02 2.344887690246105194e+02 2.772446870803833008e+02 2.340430448949337006e+02 2.560986948013305664e+02 2.396307067573070526e+02 2.000000000000000000e+00
2.153354930877685547e+02 4.027775287628173828e+02 2.226071166992187500e+02 4.038338041305541992e+02 2.328817272186279297e+02 4.109548473358154297e+02 1.000000000000000000e+00
3.011836850643157959e+02 4.120237541198730469e+02 3.087585747241973877e+02 4.131357192993164062e+02 3.189893798530101776e+02 4.202682638168334961e+02 1.000000000000000000e+00
3.231156921386718750e+02 4.200774908065795898e+02 3.306060492992401123e+02 4.211091756820678711e+02 3.408238220214843750e+02 4.282469272613525391e+02 1.000000000000000000e+00
2.559503030776977539e+02 4.278056430816650391e+02 2.635859346389770508e+02 4.288996124267578125e+02 2.737598848342895508e+02 4.360319995880126953e+02 1.000000000000000000e+00
1.671344757080078125e+02 3.827392673492431641e+02 1.745061492919921875e+02 3.839739704132080078e+02 1.850176048278808594e+02 3.910900926589965820e+02 1.000000000000000000e+00
1.822791385650634766e+02 3.727910470962524414e+02 1.897224521636962891e+02 3.739878273010253906e+02 1.998992919921875000e+02 3.811038637161254883e+02 1.000000000000000000e+00
3.514134836196899414e+02 3.773231649398803711e+02 3.587999892234802246e+02 3.783556222915649414e+02 3.689398813247680664e+02 3.854255819320678711e+02 1.000000000000000000e+00
1.991236877441406250e+02 2.079124438762664795e+02 1.752855205535888672e+02 2.069492769241333008e+02 1.542320823669433594e+02 2.118856805562973022e+02 2.000000000000000000e+00
2.690579509735107422e+02 3.891578149795532227e+02 2.765787363052368164e+02 3.902472639083862305e+02 2.868512558937072754e+02 3.973504400253295898e+02 1.000000000000000000e+00
1.780714130401611328e+02 4.246856832504272461e+02 1.857160663604736328e+02 4.259089422225952148e+02 1.959346103668212891e+02 4.330507850646972656e+02 1.000000000000000000e+00
3.743128347396850586e+02 3.682400894165039062e+02 3.816774606704711914e+02 3.692804288864135742e+02 3.919245290756225586e+02 3.763853216171264648e+02 1.000000000000000000e+00
3.291824036836624146e+02 4.091589117050170898e+02 3.366076052188873291e+02 4.102196502685546875e+02 3.468208932876586914e+02 4.173810482025146484e+02 1.000000000000000000e+00
2.229456806182861328e+02 4.398242568969726562e+02 2.306062126159667969e+02 4.409898519515991211e+02 2.409196138381958008e+02 4.481159448623657227e+02 1.000000000000000000e+00
1.490367889404296875e+02 3.697442722320556641e+02 1.564686775207519531e+02 3.710081577301025391e+02 1.669020843505859375e+02 3.780751419067382812e+02 1.000000000000000000e+00
1.440563964843750000e+02 4.285890054702758789e+02 1.515321350097656250e+02 4.299003410339355469e+02 1.618727684020996094e+02 4.369932031631469727e+02 1.000000000000000000e+00
1.533376884460449219e+02 3.917006635665893555e+02 1.606343364715576172e+02 3.929291725158691406e+02 1.709910678863525391e+02 4.000198459625244141e+02 1.000000000000000000e+00
2.653271484375000000e+02 2.722159445285797119e+02 2.454035043716430664e+02 2.728470790386199951e+02 2.261098003387451172e+02 2.795851778984069824e+02 2.000000000000000000e+00
1.868846702575683594e+02 4.096890592575073242e+02 1.946157932281494141e+02 4.108787870407104492e+02 2.048473644256591797e+02 4.180011320114135742e+02 1.000000000000000000e+00
3.530602431297302246e+02 4.081637620925903320e+02 3.606071805953979492e+02 4.091593122482299805e+02 3.707781076431274414e+02 4.162861490249633789e+02 1.000000000000000000e+00
1.712006664276123047e+02 4.204855728149414062e+02 1.786986637115478516e+02 4.218168497085571289e+02 1.889311695098876953e+02 4.289043331146240234e+02 1.000000000000000000e+00
3.110549312829971313e+02 4.380168628692626953e+02 3.185484619438648224e+02 4.390917778015136719e+02 3.287737733125686646e+02 4.462270975112915039e+02 1.000000000000000000e+00
2.576206970214843750e+02 2.794591069221496582e+02 2.390586376190185547e+02 2.799978339672088623e+02 2.215002918243408203e+02 2.865314948558807373e+02 2.000000000000000000e+00
1.622175407409667969e+02 3.917127513885498047e+02 1.696117115020751953e+02 3.929129362106323242e+02 1.800829315185546875e+02 4.000705003738403320e+02 1.000000000000000000e+00
3.713214731216430664e+02 3.822266292572021484e+02 3.786906766891479492e+02 3.833145475387573242e+02 3.889401245117187500e+02 3.903900861740112305e+02 1.000000000000000000e+00
2.357707977294921875e+02 2.767337679862976074e+02 2.150259399414062500e+02 2.777502751350402832e+02 1.956406211853027344e+02 2.847357201576232910e+02 2.000000000000000000e+00
3.326512455940246582e+02 2.766729140281677246e+02 3.152206724882125854e+02 2.772419750690460205e+02 2.987536931037902832e+02 2.838466823101043701e+02 2.000000000000000000e+00
2.669222688674926758e+02 4.458976221084594727e+02 2.744976806640625000e+02 4.469394063949584961e+02 2.847701406478881836e+02 4.541338062286376953e+02 1.000000000000000000e+00
3.882320547103881836e+02 3.772898626327514648e+02 3.956442260742187500e+02 3.783377695083618164e+02 4.058858394622802734e+02 3.854633617401123047e+02 1.000000000000000000e+00
3.316491091251373291e+02 2.847531473636627197e+02 3.156654050946235657e+02 2.857327902317047119e+02 3.004311215877532959e+02 2.925393998622894287e+02 2.000000000000000000e+00
3.564083552360534668e+02 3.712897109985351562e+02 3.637431335449218750e+02 3.723174762725830078e+02 3.739014005661010742e+02 3.794159603118896484e+02 1.000000000000000000e+00
2.629862070083618164e+02 4.329021978378295898e+02 2.706012248992919922e+02 4.339646959304809570e+02 2.807862234115600586e+02 4.410043144226074219e+02 1.000000000000000000e+00
2.262792491912841797e+02 4.098646259307861328e+02 2.337432861328125000e+02 4.110132837295532227e+02 2.439640474319458008e+02 4.181702613830566406e+02 1.000000000000000000e+00
5.331312370300292969e+02 3.427314805984497070e+02 5.405119705200195312e+02 3.434838581085205078e+02 5.508714675903320312e+02 3.505835938453674316e+02 1.000000000000000000e+00
2.977036428451538086e+02 2.485339969396591187e+02 2.754815673828125000e+02 2.484978184103965759e+02 2.539091634750366211e+02 2.546103063225746155e+02 2.000000000000000000e+00
2.330990409851074219e+02 4.318724441528320312e+02 2.406696176528930664e+02 4.330446910858154297e+02 2.509453582763671875e+02 4.401732015609741211e+02 1.000000000000000000e+00
2.529782247543334961e+02 4.387479972839355469e+02 2.604938030242919922e+02 4.398978996276855469e+02 2.707559204101562500e+02 4.470025062561035156e+02 1.000000000000000000e+00
2.634057903289794922e+02 3.759216642379760742e+02 2.708495759963989258e+02 3.770690917968750000e+02 2.810649108886718750e+02 3.842540645599365234e+02 1.000000000000000000e+00
3.381722104549407959e+02 4.110642814636230469e+02 3.456428217887878418e+02 4.121554613113403320e+02 3.558407592773437500e+02 4.193206930160522461e+02 1.000000000000000000e+00
3.987271738052368164e+02 3.067060589790344238e+02 3.879070138931274414e+02 3.080637574195861816e+02 3.727881479263305664e+02 3.159337162971496582e+02 2.000000000000000000e+00
1.688971042633056641e+02 4.077236080169677734e+02 1.764459514617919922e+02 4.089016771316528320e+02 1.868374443054199219e+02 4.160588407516479492e+02 1.000000000000000000e+00
2.231184864044189453e+02 1.874038517475128174e+02 1.993880748748779297e+02 1.859670853614807129e+02 1.763315677642822266e+02 1.905959308147430420e+02 2.000000000000000000e+00
3.046644282341003418e+02 2.150629252195358276e+02 2.825251460075378418e+02 2.143109732866287231e+02 2.618020629882812500e+02 2.194897449016571045e+02 2.000000000000000000e+00
3.623604154586791992e+02 2.991233539581298828e+02 3.446579599380493164e+02 3.006084322929382324e+02 3.282858276367187500e+02 3.082376146316528320e+02 2.000000000000000000e+00
3.102384948730468750e+02 4.008464384078979492e+02 3.177429504692554474e+02 4.019746112823486328e+02 3.279768067598342896e+02 4.091023063659667969e+02 1.000000000000000000e+00
3.912409353256225586e+02 3.703346014022827148e+02 3.986191415786743164e+02 3.712906265258789062e+02 4.088877868652343750e+02 3.784567022323608398e+02 1.000000000000000000e+00
4.363184261322021484e+02 2.614286506175994873e+02 4.225182533264160156e+02 2.618266314268112183e+02 4.098212337493896484e+02 2.683580946922302246e+02 2.000000000000000000e+00
3.110484009981155396e+02 4.270008659362792969e+02 3.185778503119945526e+02 4.280571413040161133e+02 3.288712465763092041e+02 4.351940345764160156e+02 1.000000000000000000e+00
2.268552684783935547e+02 2.232204437255859375e+02 2.032102966308593750e+02 2.227956837415695190e+02 1.805578613281250000e+02 2.284078824520111084e+02 2.000000000000000000e+00
3.649788522720336914e+02 2.571589976549148560e+02 3.461496281623840332e+02 2.574349379539489746e+02 3.284752196073532104e+02 2.636931467056274414e+02 2.000000000000000000e+00
2.759352111816406250e+02 4.310421609878540039e+02 2.836295771598815918e+02 4.321559286117553711e+02 2.937889695167541504e+02 4.392036581039428711e+02 1.000000000000000000e+00
3.080451357364654541e+02 2.338085782527923584e+02 2.864649653434753418e+02 2.332842555642127991e+02 2.660137939453125000e+02 2.388082884997129440e+02 2.000000000000000000e+00
3.101529842615127563e+02 4.189922618865966797e+02 3.177237547934055328e+02 4.200366353988647461e+02 3.279614257812500000e+02 4.272249841690063477e+02 1.000000000000000000e+00
1.790095329284667969e+02 4.367967081069946289e+02 1.866232585906982422e+02 4.379693126678466797e+02 1.969363880157470703e+02 4.450914144515991211e+02 1.000000000000000000e+00
3.171934202313423157e+02 3.631723022460937500e+02 3.246899721026420593e+02 3.642111539840698242e+02 3.348951721191406250e+02 3.713001108169555664e+02 1.000000000000000000e+00
1.619042205810546875e+02 4.086748409271240234e+02 1.694893932342529297e+02 4.099108600616455078e+02 1.796790122985839844e+02 4.169784021377563477e+02 1.000000000000000000e+00
2.008805942535400391e+02 4.398121404647827148e+02 2.085730266571044922e+02 4.410286045074462891e+02 2.187874698638916016e+02 4.481148147583007812e+02 1.000000000000000000e+00
2.910164785385131836e+02 2.063169836997985840e+02 2.688111257553100586e+02 2.052839505672454834e+02 2.475206422805786133e+02 2.106393867731094360e+02 2.000000000000000000e+00
1.697154235839843750e+02 4.406765556335449219e+02 1.774234771728515625e+02 4.419645452499389648e+02 1.879112529754638672e+02 4.490725135803222656e+02 1.000000000000000000e+00
1.610747051239013672e+02 4.254757547378540039e+02 1.685652732849121094e+02 4.268110084533691406e+02 1.788731861114501953e+02 4.339267015457153320e+02 1.000000000000000000e+00
1.561037063598632812e+02 3.736885499954223633e+02 1.635423564910888672e+02 3.749791288375854492e+02 1.739583110809326172e+02 3.820610761642456055e+02 1.000000000000000000e+00
2.154622745513916016e+02 3.785044956207275391e+02 2.234462261199951172e+02 3.797128343582153320e+02 2.336040496826171875e+02 3.868258380889892578e+02 1.000000000000000000e+00
3.627164602279663086e+02 3.112423753738403320e+02 3.452957153320312500e+02 3.129717779159545898e+02 3.288400882482528687e+02 3.208148574829101562e+02 2.000000000000000000e+00
1.811474609375000000e+02 3.698672533035278320e+02 1.886792755126953125e+02 3.710711145401000977e+02 1.988984775543212891e+02 3.781656503677368164e+02 1.000000000000000000e+00
3.221517029404640198e+02 4.071948623657226562e+02 3.295378112792968750e+02 4.082077789306640625e+02 3.397224128246307373e+02 4.153163909912109375e+02 1.000000000000000000e+00
3.912554931640625000e+02 3.603793430328369141e+02 3.986128234863281250e+02 3.612369489669799805e+02 4.089000892639160156e+02 3.684158134460449219e+02 1.000000000000000000e+00
4.374197101593017578e+02 3.554618310928344727e+02 4.447687721252441406e+02 3.564638113975524902e+02 4.549171733856201172e+02 3.635463666915893555e+02 1.000000000000000000e+00
5.240535926818847656e+02 3.427443265914916992e+02 5.315153312683105469e+02 3.434966754913330078e+02 5.416565513610839844e+02 3.505986356735229492e+02 1.000000000000000000e+00
2.575466918945312500e+02 3.098462533950805664e+02 2.381141948699951172e+02 3.115523099899291992e+02 2.200031757354736328e+02 3.194961261749267578e+02 2.000000000000000000e+00
2.742010784149169922e+02 4.189590311050415039e+02 2.816441941261291504e+02 4.201082611083984375e+02 2.918571472167968750e+02 4.271946144104003906e+02 1.000000000000000000e+00
2.480532693862915039e+02 4.189797449111938477e+02 2.556300210952758789e+02 4.200749588012695312e+02 2.657599496841430664e+02 4.272138118743896484e+02 1.000000000000000000e+00
4.102743816375732422e+02 3.694099473953247070e+02 4.176474952697753906e+02 3.703545856475830078e+02 4.278003597259521484e+02 3.774600648880004883e+02 1.000000000000000000e+00
2.090401935577392578e+02 3.768168067932128906e+02 2.166812229156494141e+02 3.780558586120605469e+02 2.267784214019775391e+02 3.851357746124267578e+02 1.000000000000000000e+00
1.608505821228027344e+02 1.925860583782196045e+02 1.357891464233398438e+02 1.921417808532714844e+02 1.126931190490722656e+02 1.970545184612274170e+02 2.000000000000000000e+00
4.343697834014892578e+02 3.355348849296569824e+02 4.417563819885253906e+02 3.364761686325073242e+02 4.519360065460205078e+02 3.434915828704833984e+02 1.000000000000000000e+00
4.044546222686767578e+02 2.667173480987548828e+02 3.874581909179687500e+02 2.670013439655303955e+02 3.714906930923461914e+02 2.735787355899810791e+02 2.000000000000000000e+00
3.653257131576538086e+02 3.752209854125976562e+02 3.727001667022705078e+02 3.762941980361938477e+02 3.829225158691406250e+02 3.834009218215942383e+02 1.000000000000000000e+00
3.134544676542282104e+02 2.416695252433419228e+02 2.917115473747253418e+02 2.413657532259821892e+02 2.710867595672607422e+02 2.473012241721153259e+02 2.000000000000000000e+00
4.423633098602294922e+02 3.365726351737976074e+02 4.496683979034423828e+02 3.374856591224670410e+02 4.598488140106201172e+02 3.445155715942382812e+02 1.000000000000000000e+00
2.165105247497558594e+02 1.918365454673767090e+02 1.928854084014892578e+02 1.905449044704437256e+02 1.696766471862792969e+02 1.953284275531768799e+02 2.000000000000000000e+00
3.713619995117187500e+02 3.521808242797851562e+02 3.788833951950073242e+02 3.532758879661560059e+02 3.891041564941406250e+02 3.602883625030517578e+02 1.000000000000000000e+00
2.196091461181640625e+02 2.693758857250213623e+02 1.986585330963134766e+02 2.704419279098510742e+02 1.791449069976806641e+02 2.775804769992828369e+02 2.000000000000000000e+00
1.921275615692138672e+02 3.929218769073486328e+02 1.994777202606201172e+02 3.941331195831298828e+02 2.098110675811767578e+02 4.011528968811035156e+02 1.000000000000000000e+00
1.511293983459472656e+02 4.345655965805053711e+02 1.585217475891113281e+02 4.358724403381347656e+02 1.687754917144775391e+02 4.430113077163696289e+02 1.000000000000000000e+00
3.221276549994945526e+02 4.279827976226806641e+02 3.296207582950592041e+02 4.290214061737060547e+02 3.398211061954498291e+02 4.361745357513427734e+02 1.000000000000000000e+00
1.571107673645019531e+02 3.826537227630615234e+02 1.645008659362792969e+02 3.839101266860961914e+02 1.749660015106201172e+02 3.910527992248535156e+02 1.000000000000000000e+00
1.500285911560058594e+02 4.126738071441650391e+02 1.574822807312011719e+02 4.139246034622192383e+02 1.678196716308593750e+02 4.210092830657958984e+02 1.000000000000000000e+00
1.952592182159423828e+02 2.341206966340541840e+02 1.710665416717529297e+02 2.338533018529415131e+02 1.478592300415039062e+02 2.396962280105799437e+02 2.000000000000000000e+00
3.643390226364135742e+02 3.902393531799316406e+02 3.717029142379760742e+02 3.913499879837036133e+02 3.819444274902343750e+02 3.984071159362792969e+02 1.000000000000000000e+00
3.073077392578125000e+02 1.940162193775177002e+02 2.857835388183593750e+02 1.924336230754852295e+02 2.647702312469482422e+02 1.970433640480041504e+02 2.000000000000000000e+00
4.434162616729736328e+02 3.455793213844299316e+02 4.506630229949951172e+02 3.464848995208740234e+02 4.608195495605468750e+02 3.535167002677917480e+02 1.000000000000000000e+00
3.952372455596923828e+02 3.772825670242309570e+02 4.026297283172607422e+02 3.783099174499511719e+02 4.128432941436767578e+02 3.854636335372924805e+02 1.000000000000000000e+00
3.783515930175781250e+02 2.568998730182647705e+02 3.603418874740600586e+02 2.573315441608428955e+02 3.437943124771118164e+02 2.637160044908523560e+02 2.000000000000000000e+00
2.382146167755126953e+02 4.248580169677734375e+02 2.457120370864868164e+02 4.260102081298828125e+02 2.559704113006591797e+02 4.331348705291748047e+02 1.000000000000000000e+00
3.516337895393371582e+02 3.571946454048156738e+02 3.589226078987121582e+02 3.582708477973937988e+02 3.691332101821899414e+02 3.653461074829101562e+02 1.000000000000000000e+00
2.362674427032470703e+02 3.969292974472045898e+02 2.437782430648803711e+02 3.980717611312866211e+02 2.540174245834350586e+02 4.052124452590942383e+02 1.000000000000000000e+00
2.672522878646850586e+02 4.068381500244140625e+02 2.747541475296020508e+02 4.079932308197021484e+02 2.849695730209350586e+02 4.150818872451782227e+02 1.000000000000000000e+00
