1.096919775009155273e+02 1.072661510109901428e+02 1.163394403457641602e+02 1.070450431108474731e+02 1.210922932624816895e+02 1.068647834658622742e+02 1.000000000000000000e+00
8.927471637725830078e+01 1.073792946338653564e+02 9.506905078887939453e+01 1.071795344352722168e+02 9.890964984893798828e+01 1.069834202527999878e+02 1.000000000000000000e+00
7.290696144104003906e+01 9.766317665576934814e+01 7.732317924499511719e+01 9.734833359718322754e+01 8.011859893798828125e+01 9.691243708133697510e+01 1.000000000000000000e+00
1.184371042251586914e+02 1.069286566972732544e+02 1.250361847877502441e+02 1.066968145966529846e+02 1.297449326515197754e+02 1.065450435876846313e+02 1.000000000000000000e+00
1.117306375503540039e+02 9.837521195411682129e+01 1.181421566009521484e+02 9.810123324394226074e+01 1.225607609748840332e+02 9.781734287738800049e+01 1.000000000000000000e+00
7.569060325622558594e+01 1.159602583944797516e+02 8.124343872070312500e+01 1.158389358222484589e+02 8.473114013671875000e+01 1.157558284699916840e+02 1.000000000000000000e+00
1.220962977409362793e+02 1.203470459114760160e+02 1.287522578239440918e+02 1.201950531173497438e+02 1.336335444450378418e+02 1.201587371947243810e+02 1.000000000000000000e+00
8.802158355712890625e+01 1.143832701444625854e+02 9.392358303070068359e+01 1.142397840321063995e+02 9.789907932281494141e+01 1.141767270863056183e+02 1.000000000000000000e+00
7.555994987487792969e+01 1.069497066736221313e+02 8.095928192138671875e+01 1.067279809713363647e+02 8.430586814880371094e+01 1.065460503101348877e+02 1.000000000000000000e+00
9.780896663665771484e+01 8.889825224876403809e+01 1.011300039291381836e+02 8.854831695556640625e+01 1.041641139984130859e+02 8.819286346435546875e+01 1.000000000000000000e+00
1.125163269042968750e+02 1.142818754911422729e+02 1.192199945449829102e+02 1.140616451203823090e+02 1.240910482406616211e+02 1.139767760038375854e+02 1.000000000000000000e+00
1.014303255081176758e+02 1.074070733785629272e+02 1.079287481307983398e+02 1.072223201394081116e+02 1.125790262222290039e+02 1.070628654956817627e+02 1.000000000000000000e+00
1.172522497177124023e+02 1.024553900957107544e+02 1.236436605453491211e+02 1.022313523292541504e+02 1.284134674072265625e+02 1.019843655824661255e+02 1.000000000000000000e+00
1.194608068466186523e+02 1.110855710506439209e+02 1.261384797096252441e+02 1.108209756016731262e+02 1.309456944465637207e+02 1.107149121165275574e+02 1.000000000000000000e+00
7.631608009338378906e+01 1.203386535868048668e+02 8.189069271087646484e+01 1.202835617121309042e+02 8.548713684082031250e+01 1.202435989491641521e+02 1.000000000000000000e+00
8.316126346588134766e+01 1.141859507560729980e+02 8.880593776702880859e+01 1.140057979524135590e+02 9.260694026947021484e+01 1.139229275286197662e+02 1.000000000000000000e+00
1.153522157669067383e+02 1.142005307972431183e+02 1.220427250862121582e+02 1.139528958499431610e+02 1.268886256217956543e+02 1.138572460412979126e+02 1.000000000000000000e+00
7.962878227233886719e+01 1.121721419692039490e+02 8.528038501739501953e+01 1.120275413990020752e+02 8.891970634460449219e+01 1.118926307559013367e+02 1.000000000000000000e+00
8.139237880706787109e+01 1.173295439779758453e+02 8.708840847015380859e+01 1.172445523738861084e+02 9.083395481109619141e+01 1.172304075211286545e+02 1.000000000000000000e+00
2.392505788803100586e+02 1.103760293126106262e+02 2.381477975845336914e+02 1.093292838335037231e+02 2.352071523666381836e+02 1.082826071977615356e+02 2.000000000000000000e+00
2.388996458053588867e+02 9.703423976898193359e+01 2.379401540756225586e+02 9.606095016002655029e+01 2.351033926010131836e+02 9.512184083461761475e+01 2.000000000000000000e+00
2.334011554718017578e+02 1.069736856222152710e+02 2.326424551010131836e+02 1.059120932221412659e+02 2.299584960937500000e+02 1.048646378517150879e+02 2.000000000000000000e+00
2.255699157714843750e+02 9.663348197937011719e+01 2.248429107666015625e+02 9.571692466735839844e+01 2.221803760528564453e+02 9.476946830749511719e+01 2.000000000000000000e+00
2.437649536132812500e+02 1.053638756275177002e+02 2.425938320159912109e+02 1.043181610107421875e+02 2.396063089370727539e+02 1.033241790533065796e+02 2.000000000000000000e+00
2.247827625274658203e+02 1.156090468168258667e+02 2.240962553024291992e+02 1.146400755643844604e+02 2.214198446273803711e+02 1.136323240399360657e+02 2.000000000000000000e+00
2.628794860839843750e+02 1.174159772694110870e+02 2.611023616790771484e+02 1.163864819705486298e+02 2.574452209472656250e+02 1.153597636520862579e+02 2.000000000000000000e+00
2.566324520111083984e+02 1.044701689481735229e+02 2.547474193572998047e+02 1.034588849544525146e+02 2.511211585998535156e+02 1.024997699260711670e+02 2.000000000000000000e+00
2.456593036651611328e+02 9.251064240932464600e+01 2.444235134124755859e+02 9.156053781509399414e+01 2.413393306732177734e+02 9.066901266574859619e+01 2.000000000000000000e+00
2.502242279052734375e+02 1.171967008709907532e+02 2.486785888671875000e+02 1.161398237943649292e+02 2.453742218017578125e+02 1.150885923206806183e+02 2.000000000000000000e+00
2.313434600830078125e+02 9.568127274513244629e+01 2.306007242202758789e+02 9.472241878509521484e+01 2.279088449478149414e+02 9.377267360687255859e+01 2.000000000000000000e+00
2.365018320083618164e+02 1.180129927396774292e+02 2.355793619155883789e+02 1.169360885024070740e+02 2.328045225143432617e+02 1.158587948977947235e+02 2.000000000000000000e+00
2.518560791015625000e+02 1.026878035068511963e+02 2.505025005340576172e+02 1.016972869634628296e+02 2.472131061553955078e+02 1.007632201910018921e+02 2.000000000000000000e+00
2.457979774475097656e+02 9.890738546848297119e+01 2.445813274383544922e+02 9.793155491352081299e+01 2.414951515197753906e+02 9.703603327274322510e+01 2.000000000000000000e+00
2.432289791107177734e+02 1.172103345394134521e+02 2.418984699249267578e+02 1.161459043622016907e+02 2.387673521041870117e+02 1.150730207562446594e+02 2.000000000000000000e+00
2.328551340103149414e+02 1.091329488158226013e+02 2.321304464340209961e+02 1.080731579661369324e+02 2.294403219223022461e+02 1.070202550292015076e+02 2.000000000000000000e+00
2.465679836273193359e+02 1.018398123979568481e+02 2.453341102600097656e+02 1.008545529842376709e+02 2.422029304504394531e+02 9.993655264377593994e+01 2.000000000000000000e+00
2.288262510299682617e+02 9.950643002986907959e+01 2.281434488296508789e+02 9.853807032108306885e+01 2.254583311080932617e+02 9.755839347839355469e+01 2.000000000000000000e+00
2.461813354492187500e+02 1.094132611155509949e+02 2.448082637786865234e+02 1.083673855662345886e+02 2.416168498992919922e+02 1.073487693071365356e+02 2.000000000000000000e+00
2.508597087860107422e+02 9.250858247280120850e+01 2.494900703430175781e+02 9.156168937683105469e+01 2.462320709228515625e+02 9.067452907562255859e+01 2.000000000000000000e+00
2.332052755355834961e+02 1.122852015495300293e+02 2.324220275878906250e+02 1.112641596794128418e+02 2.297310638427734375e+02 1.102358624339103699e+02 2.000000000000000000e+00
2.342165994644165039e+02 9.958453953266143799e+01 2.334887266159057617e+02 9.860403299331665039e+01 2.307890653610229492e+02 9.763639748096466064e+01 2.000000000000000000e+00
