5.068203735351562500e+02 4.203097915649414062e+02 5.238613891601562500e+02 4.212390804290771484e+02 5.444502067565917969e+02 4.265870761871337891e+02 2.000000000000000000e+00
1.715186119079589844e+02 4.320809698104858398e+02 1.881908512115478516e+02 4.312584257125854492e+02 2.077232360839843750e+02 4.335638809204101562e+02 2.000000000000000000e+00
1.541037368774414062e+02 4.239817285537719727e+02 1.709075641632080078e+02 4.230885744094848633e+02 1.906123828887939453e+02 4.253066825866699219e+02 2.000000000000000000e+00
1.618280887603759766e+02 4.310007047653198242e+02 1.786553478240966797e+02 4.301838541030883789e+02 1.982766437530517578e+02 4.324262237548828125e+02 2.000000000000000000e+00
1.722482776641845703e+02 4.183574867248535156e+02 1.889457511901855469e+02 4.175326967239379883e+02 2.085165214538574219e+02 4.198482513427734375e+02 2.000000000000000000e+00
1.932358551025390625e+02 4.048832845687866211e+02 2.096656799316406250e+02 4.043687152862548828e+02 2.292490196228027344e+02 4.068429994583129883e+02 2.000000000000000000e+00
3.356705319881439209e+02 1.623017835617065430e+02 3.219692993164062500e+02 1.599606871604919434e+02 3.119344478845596313e+02 1.610411667823791504e+02 1.000000000000000000e+00
5.108840751647949219e+02 4.303607225418090820e+02 5.279501342773437500e+02 4.313933515548706055e+02 5.485635948181152344e+02 4.367347240447998047e+02 2.000000000000000000e+00
2.699869680404663086e+02 1.465226554870605469e+02 2.566529226303100586e+02 1.452500581741333008e+02 2.471572732925415039e+02 1.474604129791259766e+02 1.000000000000000000e+00
2.541173839569091797e+02 1.532704138755798340e+02 2.407253265380859375e+02 1.513352036476135254e+02 2.310474872589111328e+02 1.526103901863098145e+02 1.000000000000000000e+00
2.028655052185058594e+02 4.119163227081298828e+02 2.193233013153076172e+02 4.113763761520385742e+02 2.388052368164062500e+02 4.140109348297119141e+02 2.000000000000000000e+00
1.635736846923828125e+02 4.232325553894042969e+02 1.803238010406494141e+02 4.223560523986816406e+02 1.998866081237792969e+02 4.245913124084472656e+02 2.000000000000000000e+00
1.893365192413330078e+02 4.177306938171386719e+02 2.058674716949462891e+02 4.171419095993041992e+02 2.254297924041748047e+02 4.196083116531372070e+02 2.000000000000000000e+00
1.683548450469970703e+02 4.115051364898681641e+02 1.850134754180908203e+02 4.107088136672973633e+02 2.045825290679931641e+02 4.130964374542236328e+02 2.000000000000000000e+00
1.825112247467041016e+02 4.097532463073730469e+02 1.991317558288574219e+02 4.091876363754272461e+02 2.185753917694091797e+02 4.115800523757934570e+02 2.000000000000000000e+00
2.006301689147949219e+02 3.645083713531494141e+02 2.172445774078369141e+02 3.641593408584594727e+02 2.369236469268798828e+02 3.667199134826660156e+02 2.000000000000000000e+00
1.849638175964355469e+02 4.491264724731445312e+02 2.014637565612792969e+02 4.483038711547851562e+02 2.208605957031250000e+02 4.506316995620727539e+02 2.000000000000000000e+00
2.135245227813720703e+02 4.100170612335205078e+02 2.299268627166748047e+02 4.095135211944580078e+02 2.493901968002319336e+02 4.122558689117431641e+02 2.000000000000000000e+00
2.621615886688232422e+02 1.329075837135314941e+02 2.495607614517211914e+02 1.314223265647888184e+02 2.409295654296875000e+02 1.335059452056884766e+02 1.000000000000000000e+00
2.046660137176513672e+02 4.227506446838378906e+02 2.210773468017578125e+02 4.221644926071166992e+02 2.405783224105834961e+02 4.247912406921386719e+02 2.000000000000000000e+00
2.536504030227661133e+02 1.625826859474182129e+02 2.402283143997192383e+02 1.605775880813598633e+02 2.304383563995361328e+02 1.619120764732360840e+02 1.000000000000000000e+00
2.690080261230468750e+02 1.596896195411682129e+02 2.554615449905395508e+02 1.581836843490600586e+02 2.456179189682006836e+02 1.601275563240051270e+02 1.000000000000000000e+00
2.170998477935791016e+02 1.507363557815551758e+02 2.045301055908203125e+02 1.488301348686218262e+02 1.958421325683593750e+02 1.498562407493591309e+02 1.000000000000000000e+00
2.620429992675781250e+02 1.616911268234252930e+02 2.485662221908569336e+02 1.599124073982238770e+02 2.387950706481933594e+02 1.616023492813110352e+02 1.000000000000000000e+00
1.373743820190429688e+02 4.130575704574584961e+02 1.543199348449707031e+02 4.120695304870605469e+02 1.741556835174560547e+02 4.141023588180541992e+02 2.000000000000000000e+00
2.464270162582397461e+02 1.573018598556518555e+02 2.332291126251220703e+02 1.552094650268554688e+02 2.236623668670654297e+02 1.563601040840148926e+02 1.000000000000000000e+00
2.974414658546447754e+02 3.692569684982299805e+02 3.136841124296188354e+02 3.691107845306396484e+02 3.331618654727935791e+02 3.723807191848754883e+02 2.000000000000000000e+00
2.653036165237426758e+02 1.263958954811096191e+02 2.526622772216796875e+02 1.249923276901245117e+02 2.437609529495239258e+02 1.271269440650939941e+02 1.000000000000000000e+00
1.913890361785888672e+02 3.743521213531494141e+02 2.079247283935546875e+02 3.738636589050292969e+02 2.276254367828369141e+02 3.764426279067993164e+02 2.000000000000000000e+00
1.344029426574707031e+02 4.284546232223510742e+02 1.513747024536132812e+02 4.274340677261352539e+02 1.712231159210205078e+02 4.294544219970703125e+02 2.000000000000000000e+00
2.626736116409301758e+02 1.536340570449829102e+02 2.492709970474243164e+02 1.520309686660766602e+02 2.395588493347167969e+02 1.538826727867126465e+02 1.000000000000000000e+00
3.472090458869934082e+02 4.236624240875244141e+02 3.634097909927368164e+02 4.237898683547973633e+02 3.826603078842163086e+02 4.276045560836791992e+02 2.000000000000000000e+00
2.414102315902709961e+02 1.409975695610046387e+02 2.287271118164062500e+02 1.389477181434631348e+02 2.200074577331542969e+02 1.400260734558105469e+02 1.000000000000000000e+00
3.236595764756202698e+02 1.895155298709869385e+02 3.099667966365814209e+02 1.872646915912628174e+02 2.998017263412475586e+02 1.881690359115600586e+02 1.000000000000000000e+00
2.417019939422607422e+02 1.512293529510498047e+02 2.287659263610839844e+02 1.490182614326477051e+02 2.196224784851074219e+02 1.498829627037048340e+02 1.000000000000000000e+00
3.290286868810653687e+02 3.642669439315795898e+02 3.453951120376586914e+02 3.643125915527343750e+02 3.648086261749267578e+02 3.677827835083007812e+02 2.000000000000000000e+00
2.077416992187500000e+02 4.336476230621337891e+02 2.241845703125000000e+02 4.329955244064331055e+02 2.435245943069458008e+02 4.356593370437622070e+02 2.000000000000000000e+00
2.082191562652587891e+02 2.012373340129852295e+02 1.958197593688964844e+02 1.988163435459136963e+02 1.872220420837402344e+02 1.992868781089782715e+02 1.000000000000000000e+00
2.756415414810180664e+02 1.373928022384643555e+02 2.625748872756958008e+02 1.360940194129943848e+02 2.532806396484375000e+02 1.383129644393920898e+02 1.000000000000000000e+00
2.750817251205444336e+02 4.189206075668334961e+02 2.913282465934753418e+02 4.186863470077514648e+02 3.106541138887405396e+02 4.218741559982299805e+02 2.000000000000000000e+00
2.556998586654663086e+02 1.266151499748229980e+02 2.432262277603149414e+02 1.249830865859985352e+02 2.345934772491455078e+02 1.269029688835144043e+02 1.000000000000000000e+00
2.905146789550781250e+02 3.741737079620361328e+02 3.067572021484375000e+02 3.740183830261230469e+02 3.262511599063873291e+02 3.772856569290161133e+02 2.000000000000000000e+00
2.261821269989013672e+02 4.250114536285400391e+02 2.426256561279296875e+02 4.245215892791748047e+02 2.619740915298461914e+02 4.273536443710327148e+02 2.000000000000000000e+00
2.044405841827392578e+02 1.687144875526428223e+02 1.919764709472656250e+02 1.666056632995605469e+02 1.833683109283447266e+02 1.673127079010009766e+02 1.000000000000000000e+00
3.221189270913600922e+02 3.683085107803344727e+02 3.384193730354309082e+02 3.683347892761230469e+02 3.578981637954711914e+02 3.717216253280639648e+02 2.000000000000000000e+00
1.455539894104003906e+02 2.436697085201740265e+02 1.339753723144531250e+02 2.413050690293312073e+02 1.253206062316894531e+02 2.420288392156362534e+02 1.000000000000000000e+00
2.508169698715209961e+02 1.454070711135864258e+02 2.377216339111328125e+02 1.434382152557373047e+02 2.284938144683837891e+02 1.445935750007629395e+02 1.000000000000000000e+00
6.737821578979492188e+01 1.597583413124084473e+02 5.678546905517578125e+01 1.576850724220275879e+02 5.036367416381835938e+01 1.584019732475280762e+02 1.000000000000000000e+00
7.343976974487304688e+01 2.048414576053619385e+02 6.268913269042968750e+01 2.024450361728668213e+02 5.586397171020507812e+01 2.024334383010864258e+02 1.000000000000000000e+00
1.016297340393066406e+02 2.366205594688653946e+02 9.126470565795898438e+01 2.343616940081119537e+02 8.572591781616210938e+01 2.356224364042282104e+02 1.000000000000000000e+00
1.801949310302734375e+02 4.312700843811035156e+02 1.967331790924072266e+02 4.305142593383789062e+02 2.162820434570312500e+02 4.328665637969970703e+02 2.000000000000000000e+00
2.692527770996093750e+02 4.008908414840698242e+02 2.854685974121093750e+02 4.006343507766723633e+02 3.048367917537689209e+02 4.037389326095581055e+02 2.000000000000000000e+00
2.388957691192626953e+02 4.382160758972167969e+02 2.553073549270629883e+02 4.377932882308959961e+02 2.745270967483520508e+02 4.406584310531616211e+02 2.000000000000000000e+00
1.825078296661376953e+02 3.997518968582153320e+02 1.991891288757324219e+02 3.992205333709716797e+02 2.186661338806152344e+02 4.016156959533691406e+02 2.000000000000000000e+00
2.732180452346801758e+02 1.551756691932678223e+02 2.597352266311645508e+02 1.537617731094360352e+02 2.499290323257446289e+02 1.558628940582275391e+02 1.000000000000000000e+00
1.355704689025878906e+02 1.996062612533569336e+02 1.240988349914550781e+02 1.972877955436706543e+02 1.163744354248046875e+02 1.975805354118347168e+02 1.000000000000000000e+00
3.378480839729309082e+02 3.643075990676879883e+02 3.542239069938659668e+02 3.643735170364379883e+02 3.737058401107788086e+02 3.678929471969604492e+02 2.000000000000000000e+00
2.652458810806274414e+02 4.138197469711303711e+02 2.815397334098815918e+02 4.135554027557373047e+02 3.008883666992187500e+02 4.166446638107299805e+02 2.000000000000000000e+00
2.423239135742187500e+02 1.349141764640808105e+02 2.297807788848876953e+02 1.328831291198730469e+02 2.213694858551025391e+02 1.339618492126464844e+02 1.000000000000000000e+00
2.171304130554199219e+02 2.364657439291477203e+02 2.044489097595214844e+02 2.346842189133167267e+02 1.954255962371826172e+02 2.354719997942447662e+02 1.000000000000000000e+00
2.995738816261291504e+02 4.290814018249511719e+02 3.158094176650047302e+02 4.289528274536132812e+02 3.351466977596282959e+02 4.323842811584472656e+02 2.000000000000000000e+00
2.770595693588256836e+02 4.329019546508789062e+02 2.932712101936340332e+02 4.326454639434814453e+02 3.124932557344436646e+02 4.359076881408691406e+02 2.000000000000000000e+00
2.600648164749145508e+02 1.476571583747863770e+02 2.467279195785522461e+02 1.460615658760070801e+02 2.371902179718017578e+02 1.478056883811950684e+02 1.000000000000000000e+00
3.314738166332244873e+02 4.395691967010498047e+02 3.475668954849243164e+02 4.396411800384521484e+02 3.668880939483642578e+02 4.434390735626220703e+02 2.000000000000000000e+00
2.280630493164062500e+02 2.612422800064086914e+02 2.157422161102294922e+02 2.582822889089584351e+02 2.068794059753417969e+02 2.583267223834991455e+02 1.000000000000000000e+00
4.560751056671142578e+02 4.111493682861328125e+02 4.726300716400146484e+02 4.117180252075195312e+02 4.925144767761230469e+02 4.165037584304809570e+02 2.000000000000000000e+00
2.132499027252197266e+02 3.421535682678222656e+02 2.298143005371093750e+02 3.417709064483642578e+02 2.494966554641723633e+02 3.445973253250122070e+02 2.000000000000000000e+00
1.600338459014892578e+02 1.646337246894836426e+02 1.477757072448730469e+02 1.626079988479614258e+02 1.398418807983398438e+02 1.632389974594116211e+02 1.000000000000000000e+00
2.196456146240234375e+02 1.793392896652221680e+02 2.070374774932861328e+02 1.771536040306091309e+02 1.983289813995361328e+02 1.779129481315612793e+02 1.000000000000000000e+00
3.438562941551208496e+02 3.713052177429199219e+02 3.601405048370361328e+02 3.714015626907348633e+02 3.796691608428955078e+02 3.749658536911010742e+02 2.000000000000000000e+00
2.362282371520996094e+02 2.450448609888553619e+02 2.236780643463134766e+02 2.424638977646827698e+02 2.144247722625732422e+02 2.431777498126029968e+02 1.000000000000000000e+00
2.747907686233520508e+02 3.720466089248657227e+02 2.911213064193725586e+02 3.719006109237670898e+02 3.105664366483688354e+02 3.751049566268920898e+02 2.000000000000000000e+00
2.497370767593383789e+02 1.282646870613098145e+02 2.372983264923095703e+02 1.264498543739318848e+02 2.285819530487060547e+02 1.282370853424072266e+02 1.000000000000000000e+00
2.223547935485839844e+02 2.225919789075851440e+02 2.098590564727783203e+02 2.200800919532775879e+02 2.009696769714355469e+02 2.203761434555053711e+02 1.000000000000000000e+00
2.436722421646118164e+02 4.174985504150390625e+02 2.600652742385864258e+02 4.171153020858764648e+02 2.793324279785156250e+02 4.199959230422973633e+02 2.000000000000000000e+00
2.700700998306274414e+02 4.278435516357421875e+02 2.863792419433593750e+02 4.275691080093383789e+02 3.055856931209564209e+02 4.307404947280883789e+02 2.000000000000000000e+00
3.185383911430835724e+02 4.423924970626831055e+02 3.346551513671875000e+02 4.423788928985595703e+02 3.536842656135559082e+02 4.460258245468139648e+02 2.000000000000000000e+00
2.237601947784423828e+02 1.373940253257751465e+02 2.111446475982666016e+02 1.355588293075561523e+02 2.025635814666748047e+02 1.366026735305786133e+02 1.000000000000000000e+00
2.174218273162841797e+02 4.288357686996459961e+02 2.338422870635986328e+02 4.281974601745605469e+02 2.531946849822998047e+02 4.309016847610473633e+02 2.000000000000000000e+00
3.082927238941192627e+02 3.743063163757324219e+02 3.245086669921875000e+02 3.742904376983642578e+02 3.440188002586364746e+02 3.776198816299438477e+02 2.000000000000000000e+00
3.626607656478881836e+02 3.724718427658081055e+02 3.789922809600830078e+02 3.725651979446411133e+02 3.984949970245361328e+02 3.763429069519042969e+02 2.000000000000000000e+00
3.541912531852722168e+02 4.277089977264404297e+02 3.703758573532104492e+02 4.278874969482421875e+02 3.896273803710937500e+02 4.316906547546386719e+02 2.000000000000000000e+00
3.812922382354736328e+02 4.401977348327636719e+02 3.974792480468750000e+02 4.405531454086303711e+02 4.169486141204833984e+02 4.447240734100341797e+02 2.000000000000000000e+00
2.887853693962097168e+02 4.051380729675292969e+02 3.050929868221282959e+02 4.049846935272216797e+02 3.244365236163139343e+02 4.082974004745483398e+02 2.000000000000000000e+00
6.593790054321289062e+01 1.360574913024902344e+02 5.538818359375000000e+01 1.344844937324523926e+02 4.931074142456054688e+01 1.353493022918701172e+02 1.000000000000000000e+00
3.523937988281250000e+02 4.429030323028564453e+02 3.684350919723510742e+02 4.431031894683837891e+02 3.876729154586791992e+02 4.470559215545654297e+02 2.000000000000000000e+00
2.990537714958190918e+02 3.420637249946594238e+02 3.153724974393844604e+02 3.419892311096191406e+02 3.348843085765838623e+02 3.453738141059875488e+02 2.000000000000000000e+00
2.966375732421875000e+02 4.211088609695434570e+02 3.128739625215530396e+02 4.209434652328491211e+02 3.321630251407623291e+02 4.243723583221435547e+02 2.000000000000000000e+00
3.172335508465766907e+02 3.892877340316772461e+02 3.335393071174621582e+02 3.892811965942382812e+02 3.529928278923034668e+02 3.926950407028198242e+02 2.000000000000000000e+00
2.477569103240966797e+02 4.353510904312133789e+02 2.641551494598388672e+02 4.349861812591552734e+02 2.833829951286315918e+02 4.379099893569946289e+02 2.000000000000000000e+00
3.281524962186813354e+02 3.832722616195678711e+02 3.444542241096496582e+02 3.833532142639160156e+02 3.639868783950805664e+02 3.867617225646972656e+02 2.000000000000000000e+00
1.637298870086669922e+02 2.144228500127792358e+02 1.521691894531250000e+02 2.120061171054840088e+02 1.441485023498535156e+02 2.122184121608734131e+02 1.000000000000000000e+00
3.251700443029403687e+02 2.084393906593322754e+02 3.114430844783782959e+02 2.060052609443664551e+02 3.013029170036315918e+02 2.066760098934173584e+02 1.000000000000000000e+00
1.022518348693847656e+02 2.081308579444885254e+02 9.252990722656250000e+01 2.057549428939819336e+02 8.590433120727539062e+01 2.060335814952850342e+02 1.000000000000000000e+00
1.752383708953857422e+02 3.918678045272827148e+02 1.917549133300781250e+02 3.911745357513427734e+02 2.114952564239501953e+02 3.935697412490844727e+02 2.000000000000000000e+00
2.419575643539428711e+02 2.357717894017696381e+02 2.293375873565673828e+02 2.331784205138683319e+02 2.201255607604980469e+02 2.336748044192790985e+02 1.000000000000000000e+00
6.098934173583984375e+01 2.078784298896789551e+02 5.120845794677734375e+01 2.064075314998626709e+02 4.650163650512695312e+01 2.085509169101715088e+02 1.000000000000000000e+00
3.323231816291809082e+02 4.194186830520629883e+02 3.485733962059020996e+02 4.194624137878417969e+02 3.678641986846923828e+02 4.231713008880615234e+02 2.000000000000000000e+00
2.212559509277343750e+02 2.020194375514984131e+02 2.086486530303955078e+02 1.996045517921447754e+02 1.996699237823486328e+02 2.000055527687072754e+02 1.000000000000000000e+00
3.569690871238708496e+02 3.503122901916503906e+02 3.731663846969604492e+02 3.503900170326232910e+02 3.925794363021850586e+02 3.543106126785278320e+02 2.000000000000000000e+00
2.904874873161315918e+02 3.642106103897094727e+02 3.067420959472656250e+02 3.640872001647949219e+02 3.262352293729782104e+02 3.673075675964355469e+02 2.000000000000000000e+00
1.496196174621582031e+02 1.963964653015136719e+02 1.378465461730957031e+02 1.940539526939392090e+02 1.300011062622070312e+02 1.943952906131744385e+02 1.000000000000000000e+00
2.141599082946777344e+02 2.457155916094779968e+02 2.017132377624511719e+02 2.433913117647171021e+02 1.925568675994873047e+02 2.442528381943702698e+02 1.000000000000000000e+00
1.471039581298828125e+02 2.127767783403396606e+02 1.356482887268066406e+02 2.103936749696731567e+02 1.277987670898437500e+02 2.105977159738540649e+02 1.000000000000000000e+00
2.594111013412475586e+02 4.077935600280761719e+02 2.756582021713256836e+02 4.075113058090209961e+02 2.950449204444885254e+02 4.105616569519042969e+02 2.000000000000000000e+00
1.982369041442871094e+02 4.474387550354003906e+02 2.146368694305419922e+02 4.466866493225097656e+02 2.339634799957275391e+02 4.492856597900390625e+02 2.000000000000000000e+00
5.275615692138671875e+01 1.638852381706237793e+02 4.232931137084960938e+01 1.618656277656555176e+02 3.603122711181640625e+01 1.623138999938964844e+02 1.000000000000000000e+00
2.104137134552001953e+02 3.548031377792358398e+02 2.269186210632324219e+02 3.544931387901306152e+02 2.466548442840576172e+02 3.571850323677062988e+02 2.000000000000000000e+00
1.739899730682373047e+02 4.055688858032226562e+02 1.905910587310791016e+02 4.048997640609741211e+02 2.102384185791015625e+02 4.073199605941772461e+02 2.000000000000000000e+00
2.475428438186645508e+02 3.768646001815795898e+02 2.639042043685913086e+02 3.765374565124511719e+02 2.834332585334777832e+02 3.795003747940063477e+02 2.000000000000000000e+00
1.641111278533935547e+02 2.539689490199089050e+02 1.525708007812500000e+02 2.512207192182540894e+02 1.447228622436523438e+02 2.512491613626480103e+02 1.000000000000000000e+00
2.144422149658203125e+02 3.706313896179199219e+02 2.309948730468750000e+02 3.702782106399536133e+02 2.505569744110107422e+02 3.729441547393798828e+02 2.000000000000000000e+00
2.190422630310058594e+02 3.135301280021667480e+02 2.356291770935058594e+02 3.133632230758666992e+02 2.553983926773071289e+02 3.161828041076660156e+02 2.000000000000000000e+00
2.872176194190979004e+02 3.531919312477111816e+02 3.035461723804473877e+02 3.530700731277465820e+02 3.230216979980468750e+02 3.562591338157653809e+02 2.000000000000000000e+00
3.436943674087524414e+02 1.867624032497406006e+02 3.303648376464843750e+02 1.845841813087463379e+02 3.204568481445312500e+02 1.856112349033355713e+02 1.000000000000000000e+00
2.757771587371826172e+02 1.280713891983032227e+02 2.629116487503051758e+02 1.267502188682556152e+02 2.537569093704223633e+02 1.289737629890441895e+02 1.000000000000000000e+00
3.276871645450592041e+02 3.502130198478698730e+02 3.440224003791809082e+02 3.502489042282104492e+02 3.635360717773437500e+02 3.536700797080993652e+02 2.000000000000000000e+00
8.876234054565429688e+01 2.043491041660308838e+02 7.813528060913085938e+01 2.020245480537414551e+02 7.133588790893554688e+01 2.021138727664947510e+02 1.000000000000000000e+00
3.461245417594909668e+02 3.994355535507202148e+02 3.623659992218017578e+02 3.995580196380615234e+02 3.818620300292968750e+02 4.032316017150878906e+02 2.000000000000000000e+00
3.015078127384185791e+02 4.051961803436279297e+02 3.177811278402805328e+02 4.050749588012695312e+02 3.371177065372467041e+02 4.084813356399536133e+02 2.000000000000000000e+00
1.375922584533691406e+02 4.480920839309692383e+02 1.544861412048339844e+02 4.470103311538696289e+02 1.741603946685791016e+02 4.489621639251708984e+02 2.000000000000000000e+00
2.058708000183105469e+02 3.951707553863525391e+02 2.223458099365234375e+02 3.946569013595581055e+02 2.418465709686279297e+02 3.973189830780029297e+02 2.000000000000000000e+00
2.308281803131103516e+02 3.590118169784545898e+02 2.473516845703125000e+02 3.586957454681396484e+02 2.668352651596069336e+02 3.614966154098510742e+02 2.000000000000000000e+00
2.155725193023681641e+02 3.971889495849609375e+02 2.321319866180419922e+02 3.967289257049560547e+02 2.515214061737060547e+02 3.994232511520385742e+02 2.000000000000000000e+00
2.868518376350402832e+02 4.260225963592529297e+02 3.031258845329284668e+02 4.258425664901733398e+02 3.223506470024585724e+02 4.292352104187011719e+02 2.000000000000000000e+00
3.349853515625000000e+02 3.732996654510498047e+02 3.513419508934020996e+02 3.733857250213623047e+02 3.708358144760131836e+02 3.768905067443847656e+02 2.000000000000000000e+00
1.478769111633300781e+02 4.079864645004272461e+02 1.647021198272705078e+02 4.070411396026611328e+02 1.845242595672607422e+02 4.091810703277587891e+02 2.000000000000000000e+00
3.082721865177154541e+02 3.852331924438476562e+02 3.246161803603172302e+02 3.851878738403320312e+02 3.440625929832458496e+02 3.885774564743041992e+02 2.000000000000000000e+00
4.065639019012451172e+02 4.425436878204345703e+02 4.228802776336669922e+02 4.431362342834472656e+02 4.424194049835205078e+02 4.474490118026733398e+02 2.000000000000000000e+00
2.011428356170654297e+02 4.375877809524536133e+02 2.176035022735595703e+02 4.369064140319824219e+02 2.369083976745605469e+02 4.395390701293945312e+02 2.000000000000000000e+00
3.075247490406036377e+02 4.422972822189331055e+02 3.236961364746093750e+02 4.422221803665161133e+02 3.427889704704284668e+02 4.456681251525878906e+02 2.000000000000000000e+00
2.201962375640869141e+02 3.491504859924316406e+02 2.367219829559326172e+02 3.488130569458007812e+02 2.564019775390625000e+02 3.516050148010253906e+02 2.000000000000000000e+00
3.396083068847656250e+02 1.782346916198730469e+02 3.259743958711624146e+02 1.760430407524108887e+02 3.157822266221046448e+02 1.768854618072509766e+02 1.000000000000000000e+00
1.754779815673828125e+02 4.400648260116577148e+02 1.919740581512451172e+02 4.392598056793212891e+02 2.114862918853759766e+02 4.415977621078491211e+02 2.000000000000000000e+00
2.014589023590087891e+02 3.321671175956726074e+02 2.181474399566650391e+02 3.316874098777770996e+02 2.377942180633544922e+02 3.345394635200500488e+02 2.000000000000000000e+00
2.436742687225341797e+02 4.253722572326660156e+02 2.600553274154663086e+02 4.250540828704833984e+02 2.792803955078125000e+02 4.278892278671264648e+02 2.000000000000000000e+00
3.733541584014892578e+02 4.118418073654174805e+02 3.895295715332031250e+02 4.120544528961181641e+02 4.090432739257812500e+02 4.159977149963378906e+02 2.000000000000000000e+00
1.675880432128906250e+02 4.428646373748779297e+02 1.842153453826904297e+02 4.420028543472290039e+02 2.036977195739746094e+02 4.442533636093139648e+02 2.000000000000000000e+00
2.038854503631591797e+02 3.753988695144653320e+02 2.204949760437011719e+02 3.749536228179931641e+02 2.400372457504272461e+02 3.775465106964111328e+02 2.000000000000000000e+00
2.630001211166381836e+02 3.690063571929931641e+02 2.794261455535888672e+02 3.688296318054199219e+02 2.988353276252746582e+02 3.719428539276123047e+02 2.000000000000000000e+00
2.653935241699218750e+02 4.416145420074462891e+02 2.816506958007812500e+02 4.412975549697875977e+02 3.008237302303314209e+02 4.444744348526000977e+02 2.000000000000000000e+00
2.064056205749511719e+02 1.767535829544067383e+02 1.939706707000732422e+02 1.745947694778442383e+02 1.853368377685546875e+02 1.753405737876892090e+02 1.000000000000000000e+00
1.895583438873291016e+02 4.372737836837768555e+02 2.060534381866455078e+02 4.365612030029296875e+02 2.254989147186279297e+02 4.390310525894165039e+02 2.000000000000000000e+00
2.802361130714416504e+02 1.453380060195922852e+02 2.668737792968750000e+02 1.442682480812072754e+02 2.573258352279663086e+02 1.466194224357604980e+02 1.000000000000000000e+00
1.489093208312988281e+02 4.492290687561035156e+02 1.657418060302734375e+02 4.481472587585449219e+02 1.853961467742919922e+02 4.502073097229003906e+02 2.000000000000000000e+00
2.154485130310058594e+02 1.418280744552612305e+02 2.030202579498291016e+02 1.399731874465942383e+02 1.944617271423339844e+02 1.410324525833129883e+02 1.000000000000000000e+00
8.462171554565429688e+01 2.167038559913635254e+02 7.400794982910156250e+01 2.145316761732101440e+02 6.730058670043945312e+01 2.146889787912368774e+02 1.000000000000000000e+00
2.850020742416381836e+02 4.390149307250976562e+02 3.012387084960937500e+02 4.388375902175903320e+02 3.203925781324505806e+02 4.421891641616821289e+02 2.000000000000000000e+00
2.193058300018310547e+02 3.893613624572753906e+02 2.358561515808105469e+02 3.888902664184570312e+02 2.553309774398803711e+02 3.916258335113525391e+02 2.000000000000000000e+00
2.141040515899658203e+02 3.253814721107482910e+02 2.306934356689453125e+02 3.251240873336791992e+02 2.503556823730468750e+02 3.278441834449768066e+02 2.000000000000000000e+00
3.124028015136718750e+02 1.977133297920227051e+02 2.988509511947631836e+02 1.954361557960510254e+02 2.886585998535156250e+02 1.964199364185333252e+02 1.000000000000000000e+00
2.584503173828125000e+02 4.485213661193847656e+02 2.747302865982055664e+02 4.482566642761230469e+02 2.938578486442565918e+02 4.513226366043090820e+02 2.000000000000000000e+00
1.816664600372314453e+02 4.176857757568359375e+02 1.983241367340087891e+02 4.170635747909545898e+02 2.177861499786376953e+02 4.194416856765747070e+02 2.000000000000000000e+00
1.560070228576660156e+02 3.701157331466674805e+02 1.727567577362060547e+02 3.694562816619873047e+02 1.926438617706298828e+02 3.717592191696166992e+02 2.000000000000000000e+00
2.889060974121093750e+02 1.848629736900329590e+02 2.755855417251586914e+02 1.826293909549713135e+02 2.657784414291381836e+02 1.835665118694305420e+02 1.000000000000000000e+00
3.558701181411743164e+02 3.864182567596435547e+02 3.721829223632812500e+02 3.865441703796386719e+02 3.917749357223510742e+02 3.902498245239257812e+02 2.000000000000000000e+00
1.589015197753906250e+02 3.789857625961303711e+02 1.756182575225830078e+02 3.783110475540161133e+02 1.955156421661376953e+02 3.805964469909667969e+02 2.000000000000000000e+00
2.937968134880065918e+02 4.410734653472900391e+02 3.100046688318252563e+02 4.409387683868408203e+02 3.291977232694625854e+02 4.443610954284667969e+02 2.000000000000000000e+00
2.291351795196533203e+02 4.004398584365844727e+02 2.455794811248779297e+02 4.000006771087646484e+02 2.649829101562500000e+02 4.028395414352416992e+02 2.000000000000000000e+00
2.515732240676879883e+02 4.186125612258911133e+02 2.679019165039062500e+02 4.182615995407104492e+02 2.871816396713256836e+02 4.212243461608886719e+02 2.000000000000000000e+00
1.533128547668457031e+02 4.150499725341796875e+02 1.700424289703369141e+02 4.141977882385253906e+02 1.898367595672607422e+02 4.163872146606445312e+02 2.000000000000000000e+00
3.769129657745361328e+02 3.896119451522827148e+02 3.932190561294555664e+02 3.898687219619750977e+02 4.127500057220458984e+02 3.937712144851684570e+02 2.000000000000000000e+00
3.201618957519531250e+02 3.812644100189208984e+02 3.364549255371093750e+02 3.812821483612060547e+02 3.559628295898437500e+02 3.846746635437011719e+02 2.000000000000000000e+00
2.300780487060546875e+02 4.182321596145629883e+02 2.464724111557006836e+02 4.176721286773681641e+02 2.658792400360107422e+02 4.205727910995483398e+02 2.000000000000000000e+00
3.284023135900497437e+02 4.294078731536865234e+02 3.445999145507812500e+02 4.294492578506469727e+02 3.639078092575073242e+02 4.332001447677612305e+02 2.000000000000000000e+00
3.497486281394958496e+02 3.793674373626708984e+02 3.659843158721923828e+02 3.794679307937622070e+02 3.856120300292968750e+02 3.831326436996459961e+02 2.000000000000000000e+00
2.769878244400024414e+02 3.908908224105834961e+02 2.933170461654663086e+02 3.906791210174560547e+02 3.126535642147064209e+02 3.938132715225219727e+02 2.000000000000000000e+00
2.523119354248046875e+02 3.927092027664184570e+02 2.685151672363281250e+02 3.924208402633666992e+02 2.879361557960510254e+02 3.954013395309448242e+02 2.000000000000000000e+00
2.887153625488281250e+02 3.971023035049438477e+02 3.050419306755065918e+02 3.969840717315673828e+02 3.243844604492187500e+02 4.002823019027709961e+02 2.000000000000000000e+00
1.439684486389160156e+02 2.518854376673698425e+02 1.324151992797851562e+02 2.492723849415779114e+02 1.235824584960937500e+02 2.492839363217353821e+02 1.000000000000000000e+00
2.392387199401855469e+02 3.234014296531677246e+02 2.557722473144531250e+02 3.233102774620056152e+02 2.754635000228881836e+02 3.262459731101989746e+02 2.000000000000000000e+00
1.438234901428222656e+02 4.217577552795410156e+02 1.607392978668212891e+02 4.207955360412597656e+02 1.805113029479980469e+02 4.228894186019897461e+02 2.000000000000000000e+00
2.076968860626220703e+02 4.031260728836059570e+02 2.241668987274169922e+02 4.026213169097900391e+02 2.435845804214477539e+02 4.053151988983154297e+02 2.000000000000000000e+00
2.567277812957763672e+02 3.529498672485351562e+02 2.731180715560913086e+02 3.527677059173583984e+02 2.927027273178100586e+02 3.558323764801025391e+02 2.000000000000000000e+00
3.613816213607788086e+02 4.410210084915161133e+02 3.774509906768798828e+02 4.412378025054931641e+02 3.966471862792968750e+02 4.452579116821289062e+02 2.000000000000000000e+00
2.833586716651916504e+02 3.401374268531799316e+02 2.995283198356628418e+02 3.400314974784851074e+02 3.190825805813074112e+02 3.431811547279357910e+02 2.000000000000000000e+00
1.644743633270263672e+02 3.966952943801879883e+02 1.811104393005371094e+02 3.960213661193847656e+02 2.009006786346435547e+02 3.983626556396484375e+02 2.000000000000000000e+00
2.885905456542968750e+02 3.860366964340209961e+02 3.048580622673034668e+02 3.858908128738403320e+02 3.243154603242874146e+02 3.891662979125976562e+02 2.000000000000000000e+00
2.571825838088989258e+02 3.808613348007202148e+02 2.735592317581176758e+02 3.805644321441650391e+02 2.930191040039062500e+02 3.835736417770385742e+02 2.000000000000000000e+00
2.155464267730712891e+02 4.396582174301147461e+02 2.321972465515136719e+02 4.391356945037841797e+02 2.513930940628051758e+02 4.417242479324340820e+02 2.000000000000000000e+00
1.989882659912109375e+02 3.989482212066650391e+02 2.154648685455322266e+02 3.984405612945556641e+02 2.349807262420654297e+02 4.010129785537719727e+02 2.000000000000000000e+00
1.573830604553222656e+02 4.485796594619750977e+02 1.741071033477783203e+02 4.474798393249511719e+02 1.936711978912353516e+02 4.496814966201782227e+02 2.000000000000000000e+00
3.279043275117874146e+02 2.171345812082290649e+02 3.142134094238281250e+02 2.146187728643417358e+02 3.041340935230255127e+02 2.152607256174087524e+02 1.000000000000000000e+00
1.992187786102294922e+02 3.834234666824340820e+02 2.157190513610839844e+02 3.829203844070434570e+02 2.353873443603515625e+02 3.855595207214355469e+02 2.000000000000000000e+00
1.829753684997558594e+02 3.889879846572875977e+02 1.996700096130371094e+02 3.884109592437744141e+02 2.194391441345214844e+02 3.908663463592529297e+02 2.000000000000000000e+00
3.468458247184753418e+02 3.482045316696166992e+02 3.630480957031250000e+02 3.482756423950195312e+02 3.824059152603149414e+02 3.518611192703247070e+02 2.000000000000000000e+00
2.347110843658447266e+02 3.481344366073608398e+02 2.512095308303833008e+02 3.477923655509948730e+02 2.707563161849975586e+02 3.506269884109497070e+02 2.000000000000000000e+00
2.294113922119140625e+02 3.292739009857177734e+02 2.460502767562866211e+02 3.290310430526733398e+02 2.655922555923461914e+02 3.318581557273864746e+02 2.000000000000000000e+00
2.232817554473876953e+02 4.092257738113403320e+02 2.396616172790527344e+02 4.086357450485229492e+02 2.590936279296875000e+02 4.115114593505859375e+02 2.000000000000000000e+00
3.421507883071899414e+02 4.103909397125244141e+02 3.584071969985961914e+02 4.104701614379882812e+02 3.778023672103881836e+02 4.142100048065185547e+02 2.000000000000000000e+00
3.763603830337524414e+02 4.228721094131469727e+02 3.925697326660156250e+02 4.231319046020507812e+02 4.120385169982910156e+02 4.271416139602661133e+02 2.000000000000000000e+00
2.642299175262451172e+02 3.918371057510375977e+02 2.804940795898437500e+02 3.915887832641601562e+02 2.998314809799194336e+02 3.946384334564208984e+02 2.000000000000000000e+00
2.567596101760864258e+02 3.353265094757080078e+02 2.732752084732055664e+02 3.351633024215698242e+02 2.927055358886718750e+02 3.382814669609069824e+02 2.000000000000000000e+00
2.251481437683105469e+02 3.826191473007202148e+02 2.416318798065185547e+02 3.823171520233154297e+02 2.611404418945312500e+02 3.850784969329833984e+02 2.000000000000000000e+00
3.302224123477935791e+02 3.973103427886962891e+02 3.464594435691833496e+02 3.973747587203979492e+02 3.659381723403930664e+02 4.008977079391479492e+02 2.000000000000000000e+00
3.366287231445312500e+02 3.492068552970886230e+02 3.529725956916809082e+02 3.492395710945129395e+02 3.724794912338256836e+02 3.526621770858764648e+02 2.000000000000000000e+00
4.195376014709472656e+02 4.141981887817382812e+02 4.359980773925781250e+02 4.146715736389160156e+02 4.557753658294677734e+02 4.190112733840942383e+02 2.000000000000000000e+00
2.516833925247192383e+02 4.443309402465820312e+02 2.680308198928833008e+02 4.439890480041503906e+02 2.872636723518371582e+02 4.469154167175292969e+02 2.000000000000000000e+00
2.116078281402587891e+02 3.863463163375854492e+02 2.281595611572265625e+02 3.858650636672973633e+02 2.476277160644531250e+02 3.885313224792480469e+02 2.000000000000000000e+00
2.370367431640625000e+02 3.985411405563354492e+02 2.534986257553100586e+02 3.982217502593994141e+02 2.728402376174926758e+02 4.011104536056518555e+02 2.000000000000000000e+00
2.218608665466308594e+02 3.253707289695739746e+02 2.384999942779541016e+02 3.251456952095031738e+02 2.581556987762451172e+02 3.278948736190795898e+02 2.000000000000000000e+00
1.377049636840820312e+02 4.401815557479858398e+02 1.545334815979003906e+02 4.391126489639282227e+02 1.743383026123046875e+02 4.410972976684570312e+02 2.000000000000000000e+00
1.494851112365722656e+02 4.337043571472167969e+02 1.664759063720703125e+02 4.327142143249511719e+02 1.861898517608642578e+02 4.348569774627685547e+02 2.000000000000000000e+00
3.351906740665435791e+02 4.044026613235473633e+02 3.514559030532836914e+02 4.044798946380615234e+02 3.709194660186767578e+02 4.081330060958862305e+02 2.000000000000000000e+00
7.062860488891601562e+01 1.280741214752197266e+02 6.033189773559570312e+01 1.264711761474609375e+02 5.434133529663085938e+01 1.275640225410461426e+02 1.000000000000000000e+00
1.913614654541015625e+02 3.958811473846435547e+02 2.078014659881591797e+02 3.953546476364135742e+02 2.273979282379150391e+02 3.978321361541748047e+02 2.000000000000000000e+00
2.164428234100341797e+02 4.189559698104858398e+02 2.327831840515136719e+02 4.183469009399414062e+02 2.522364950180053711e+02 4.211148834228515625e+02 2.000000000000000000e+00
3.944922780990600586e+02 4.282687425613403320e+02 4.106787776947021484e+02 4.286671829223632812e+02 4.302420997619628906e+02 4.328879785537719727e+02 2.000000000000000000e+00
2.455747985839843750e+02 3.966368150711059570e+02 2.618595886230468750e+02 3.963439178466796875e+02 2.812868046760559082e+02 3.992909288406372070e+02 2.000000000000000000e+00
2.694147634506225586e+02 3.391947412490844727e+02 2.857937002182006836e+02 3.390232872962951660e+02 3.052989494800567627e+02 3.421622657775878906e+02 2.000000000000000000e+00
2.263064289093017578e+02 4.459769725799560547e+02 2.427384042739868164e+02 4.454895687103271484e+02 2.618595552444458008e+02 4.482371950149536133e+02 2.000000000000000000e+00
2.346455669403076172e+02 3.777165555953979492e+02 2.511828136444091797e+02 3.774343013763427734e+02 2.706012582778930664e+02 3.802982568740844727e+02 2.000000000000000000e+00
2.202381229400634766e+02 3.638716506958007812e+02 2.367914867401123047e+02 3.635484981536865234e+02 2.563579416275024414e+02 3.663154649734497070e+02 2.000000000000000000e+00
2.613648080825805664e+02 4.276586723327636719e+02 2.776179170608520508e+02 4.273682928085327148e+02 2.968034052848815918e+02 4.304572248458862305e+02 2.000000000000000000e+00
2.611865520477294922e+02 1.406601190567016602e+02 2.482178020477294922e+02 1.391942238807678223e+02 2.390208530426025391e+02 1.411325454711914062e+02 1.000000000000000000e+00
3.004498898983001709e+02 1.559406852722167969e+02 2.880336594581604004e+02 1.531983590126037598e+02 2.789056396484375000e+02 1.538345718383789062e+02 1.000000000000000000e+00
1.531306076049804688e+02 3.534131813049316406e+02 1.701064395904541016e+02 3.527822899818420410e+02 1.900840091705322266e+02 3.551366043090820312e+02 2.000000000000000000e+00
2.760927438735961914e+02 3.026004981994628906e+02 2.924044179916381836e+02 3.024668598175048828e+02 3.120886230468750000e+02 3.055932068824768066e+02 2.000000000000000000e+00
2.350134372711181641e+02 4.451628828048706055e+02 2.513797616958618164e+02 4.446810722351074219e+02 2.705886220932006836e+02 4.475372457504272461e+02 2.000000000000000000e+00
2.918544912338256836e+02 3.262644052505493164e+02 3.081029963493347168e+02 3.262120699882507324e+02 3.277020263671875000e+02 3.294262719154357910e+02 2.000000000000000000e+00
2.404182291030883789e+02 3.687239170074462891e+02 2.567995309829711914e+02 3.684434509277343750e+02 2.764205312728881836e+02 3.713607788085937500e+02 2.000000000000000000e+00
3.065224909782409668e+02 4.230581188201904297e+02 3.227247619628906250e+02 4.229600286483764648e+02 3.420733952522277832e+02 4.264553260803222656e+02 2.000000000000000000e+00
3.006481933593750000e+02 3.153652095794677734e+02 3.170239868760108948e+02 3.152971816062927246e+02 3.365830385684967041e+02 3.185900902748107910e+02 2.000000000000000000e+00
2.452796602249145508e+02 2.274447628855705261e+02 2.325791645050048828e+02 2.248563677072525024e+02 2.233762836456298828e+02 2.253480523824691772e+02 1.000000000000000000e+00
2.790623140335083008e+02 1.575251913070678711e+02 2.655159902572631836e+02 1.562326312065124512e+02 2.556503438949584961e+02 1.583514547348022461e+02 1.000000000000000000e+00
2.545807790756225586e+02 3.095519757270812988e+02 2.709809541702270508e+02 3.094040894508361816e+02 2.907188415527343750e+02 3.124683880805969238e+02 2.000000000000000000e+00
3.103005063533782959e+02 3.992746925354003906e+02 3.266153872013092041e+02 3.992319488525390625e+02 3.460505986213684082e+02 4.026018762588500977e+02 2.000000000000000000e+00
2.186942768096923828e+02 3.056775212287902832e+02 2.352839946746826172e+02 3.055298781394958496e+02 2.550979900360107422e+02 3.083539438247680664e+02 2.000000000000000000e+00
2.593498516082763672e+02 3.987894630432128906e+02 2.755610036849975586e+02 3.984823036193847656e+02 2.949750661849975586e+02 4.015364170074462891e+02 2.000000000000000000e+00
3.098496091365814209e+02 2.462061466276645660e+02 2.971770930290222168e+02 2.435379792004823685e+02 2.871798086166381836e+02 2.441475677490234375e+02 1.000000000000000000e+00
3.084002077579498291e+02 2.570982974767684937e+02 2.952861022949218750e+02 2.543465280532836914e+02 2.851824021339416504e+02 2.546851202845573425e+02 1.000000000000000000e+00
1.633777332305908203e+02 2.448852847516536713e+02 1.517376899719238281e+02 2.422844392061233521e+02 1.438748741149902344e+02 2.425264893472194672e+02 1.000000000000000000e+00
2.835872793197631836e+02 3.030039381980895996e+02 2.999203181266784668e+02 3.028901124000549316e+02 3.195532226562500000e+02 3.060597538948059082e+02 2.000000000000000000e+00
1.516136932373046875e+02 4.414093494415283203e+02 1.684785461425781250e+02 4.403495836257934570e+02 1.881770610809326172e+02 4.424512195587158203e+02 2.000000000000000000e+00
1.709099578857421875e+02 3.077015447616577148e+02 1.876894187927246094e+02 3.073491525650024414e+02 2.077615833282470703e+02 3.099205040931701660e+02 2.000000000000000000e+00
3.490052795410156250e+02 3.914999198913574219e+02 3.653238821029663086e+02 3.916180801391601562e+02 3.848365497589111328e+02 3.953032636642456055e+02 2.000000000000000000e+00
1.511459541320800781e+02 3.916800642013549805e+02 1.679620838165283203e+02 3.909069585800170898e+02 1.878059482574462891e+02 3.931514310836791992e+02 2.000000000000000000e+00
2.277455615997314453e+02 3.431006526947021484e+02 2.443227052688598633e+02 3.427409434318542480e+02 2.638895273208618164e+02 3.455987334251403809e+02 2.000000000000000000e+00
1.587736701965332031e+02 4.054637289047241211e+02 1.754471302032470703e+02 4.046100854873657227e+02 1.951558685302734375e+02 4.069512176513671875e+02 2.000000000000000000e+00
2.089158153533935547e+02 4.436099624633789062e+02 2.254519748687744141e+02 4.429194688796997070e+02 2.446669149398803711e+02 4.455835962295532227e+02 2.000000000000000000e+00
2.242083835601806641e+02 3.217755460739135742e+02 2.408097839355468750e+02 3.215825271606445312e+02 2.604584646224975586e+02 3.243824529647827148e+02 2.000000000000000000e+00
2.350320720672607422e+02 4.084399509429931641e+02 2.513744497299194336e+02 4.079824304580688477e+02 2.707718515396118164e+02 4.108358860015869141e+02 2.000000000000000000e+00
3.482819819450378418e+02 4.336731004714965820e+02 3.644043302536010742e+02 4.338446474075317383e+02 3.836584472656250000e+02 4.376407527923583984e+02 2.000000000000000000e+00
2.738289785385131836e+02 3.819364356994628906e+02 2.901974487304687500e+02 3.817546749114990234e+02 3.095785212516784668e+02 3.848975229263305664e+02 2.000000000000000000e+00
2.796316528320312500e+02 3.039606642723083496e+02 2.959132981300354004e+02 3.038011479377746582e+02 3.156040647625923157e+02 3.069528508186340332e+02 2.000000000000000000e+00
3.446945810317993164e+02 3.582151579856872559e+02 3.610169076919555664e+02 3.583067393302917480e+02 3.804828500747680664e+02 3.618382358551025391e+02 2.000000000000000000e+00
2.654967927932739258e+02 3.469983887672424316e+02 2.818727707862854004e+02 3.467623972892761230e+02 3.014197385311126709e+02 3.498938012123107910e+02 2.000000000000000000e+00
3.102889096736907959e+02 3.643601417541503906e+02 3.264453125000000000e+02 3.643612432479858398e+02 3.459791874885559082e+02 3.676546096801757812e+02 2.000000000000000000e+00
1.704136466979980469e+02 3.849710798263549805e+02 1.870077037811279297e+02 3.842478132247924805e+02 2.068334197998046875e+02 3.866426467895507812e+02 2.000000000000000000e+00
2.828343796730041504e+02 4.130570697784423828e+02 2.991956162452697754e+02 4.128317928314208984e+02 3.185032653808593750e+02 4.161421251296997070e+02 2.000000000000000000e+00
4.385076618194580078e+02 3.766833829879760742e+02 4.550253963470458984e+02 3.771948623657226562e+02 4.750959777832031250e+02 3.815142917633056641e+02 2.000000000000000000e+00
3.014324641227722168e+02 3.138347482681274414e+02 3.177799376845359802e+02 3.137652039527893066e+02 3.374196469783782959e+02 3.171417260169982910e+02 2.000000000000000000e+00
1.392036437988281250e+02 3.535284447669982910e+02 1.561348152160644531e+02 3.528849864006042480e+02 1.762357616424560547e+02 3.551521682739257812e+02 2.000000000000000000e+00
3.045237421989440918e+02 4.141591644287109375e+02 3.207439575344324112e+02 4.140815591812133789e+02 3.400659489631652832e+02 4.174517011642456055e+02 2.000000000000000000e+00
2.437486124038696289e+02 1.248353576660156250e+02 2.313287830352783203e+02 1.229759860038757324e+02 2.226835632324218750e+02 1.245915484428405762e+02 1.000000000000000000e+00
2.480375194549560547e+02 3.539475131034851074e+02 2.644731760025024414e+02 3.537175655364990234e+02 2.840182495117187500e+02 3.566585755348205566e+02 2.000000000000000000e+00
2.466842651367187500e+02 4.095708703994750977e+02 2.630069255828857422e+02 4.092161035537719727e+02 2.823139333724975586e+02 4.121347188949584961e+02 2.000000000000000000e+00
1.429036903381347656e+02 3.974772977828979492e+02 1.598393630981445312e+02 3.965883207321166992e+02 1.796935367584228516e+02 3.987268209457397461e+02 2.000000000000000000e+00
3.080519402027130127e+02 3.552579402923583984e+02 3.243930360674858093e+02 3.551208257675170898e+02 3.438731694221496582e+02 3.584633874893188477e+02 2.000000000000000000e+00
2.377285099029541016e+02 3.877464437484741211e+02 2.542345714569091797e+02 3.874772787094116211e+02 2.735405254364013672e+02 3.903983831405639648e+02 2.000000000000000000e+00
2.964686894416809082e+02 3.889390611648559570e+02 3.127554625272750854e+02 3.888493394851684570e+02 3.322203671932220459e+02 3.921947050094604492e+02 2.000000000000000000e+00
3.600284433364868164e+02 4.097757911682128906e+02 3.762481069564819336e+02 4.099060106277465820e+02 3.956855773925781250e+02 4.137472629547119141e+02 2.000000000000000000e+00
2.736163616180419922e+02 3.581303787231445312e+02 2.899581599235534668e+02 3.579893589019775391e+02 3.094118654727935791e+02 3.612031316757202148e+02 2.000000000000000000e+00
1.799346446990966797e+02 3.691823244094848633e+02 1.964544391632080078e+02 3.686214351654052734e+02 2.162276935577392578e+02 3.711071205139160156e+02 2.000000000000000000e+00
2.384829044342041016e+02 3.608540439605712891e+02 2.549723339080810547e+02 3.605849647521972656e+02 2.744834566116333008e+02 3.634390640258789062e+02 2.000000000000000000e+00
4.174806213378906250e+02 4.223513889312744141e+02 4.339001464843750000e+02 4.228236722946166992e+02 4.536558818817138672e+02 4.272117948532104492e+02 2.000000000000000000e+00
1.463506698608398438e+02 3.671588802337646484e+02 1.633413791656494141e+02 3.664744377136230469e+02 1.833342742919921875e+02 3.687216854095458984e+02 2.000000000000000000e+00
2.773861074447631836e+02 3.342260456085205078e+02 2.935947251319885254e+02 3.340991878509521484e+02 3.131611633300781250e+02 3.371764612197875977e+02 2.000000000000000000e+00
2.917259526252746582e+02 4.131662034988403320e+02 3.079836118221282959e+02 4.130084609985351562e+02 3.273188781738281250e+02 4.163784027099609375e+02 2.000000000000000000e+00
4.383924293518066406e+02 3.665475511550903320e+02 4.550251770019531250e+02 3.670057153701782227e+02 4.750723552703857422e+02 3.712596559524536133e+02 2.000000000000000000e+00
2.360457897186279297e+02 3.123760128021240234e+02 2.525278615951538086e+02 3.122698402404785156e+02 2.723624277114868164e+02 3.151834130287170410e+02 2.000000000000000000e+00
2.531262636184692383e+02 1.388005471229553223e+02 2.404582357406616211e+02 1.369482493400573730e+02 2.317657566070556641e+02 1.383663296699523926e+02 1.000000000000000000e+00
2.262796592712402344e+02 1.857347381114959717e+02 2.135894489288330078e+02 1.834920001029968262e+02 2.048569297790527344e+02 1.842737996578216553e+02 1.000000000000000000e+00
2.110206604003906250e+02 2.536450508236885071e+02 1.986267852783203125e+02 2.511210483312606812e+02 1.894430541992187500e+02 2.516508945822715759e+02 1.000000000000000000e+00
4.499841690063476562e+01 1.706098723411560059e+02 3.458372116088867188e+01 1.685651993751525879e+02 2.835081100463867188e+01 1.689270257949829102e+02 1.000000000000000000e+00
3.893143320083618164e+02 3.927310895919799805e+02 4.056895446777343750e+02 3.929524898529052734e+02 4.252959918975830078e+02 3.970725202560424805e+02 2.000000000000000000e+00
2.804472661018371582e+02 1.903891575336456299e+02 2.672671508789062500e+02 1.880470561981201172e+02 2.575153779983520508e+02 1.888409543037414551e+02 1.000000000000000000e+00
3.004205930233001709e+02 3.782499504089355469e+02 3.166546934843063354e+02 3.781520748138427734e+02 3.361273801326751709e+02 3.814893293380737305e+02 2.000000000000000000e+00
1.903350639343261719e+02 4.293355751037597656e+02 2.067950916290283203e+02 4.286463117599487305e+02 2.263339042663574219e+02 4.311981582641601562e+02 2.000000000000000000e+00
1.674003696441650391e+02 3.574823069572448730e+02 1.841971874237060547e+02 3.569130635261535645e+02 2.041400718688964844e+02 3.593367362022399902e+02 2.000000000000000000e+00
2.681904888153076172e+02 3.124887442588806152e+02 2.845693349838256836e+02 3.123483610153198242e+02 3.041951596736907959e+02 3.154072308540344238e+02 2.000000000000000000e+00
1.588423538208007812e+02 3.907964515686035156e+02 1.755430698394775391e+02 3.899830055236816406e+02 1.954172229766845703e+02 3.923044538497924805e+02 2.000000000000000000e+00
3.283053284883499146e+02 4.112806463241577148e+02 3.445653390884399414e+02 4.113183689117431641e+02 3.639349699020385742e+02 4.149223709106445312e+02 2.000000000000000000e+00
2.536517190933227539e+02 4.265033912658691406e+02 2.700336599349975586e+02 4.261974620819091797e+02 2.892542719841003418e+02 4.291614532470703125e+02 2.000000000000000000e+00
1.586537361145019531e+02 1.514122295379638672e+02 1.467386817932128906e+02 1.495784711837768555e+02 1.390315437316894531e+02 1.504991698265075684e+02 1.000000000000000000e+00
4.135064411163330078e+02 4.323915195465087891e+02 4.298305988311767578e+02 4.328794097900390625e+02 4.494683551788330078e+02 4.373436355590820312e+02 2.000000000000000000e+00
2.756015920639038086e+02 1.224308538436889648e+02 2.627230834960937500e+02 1.210270714759826660e+02 2.535733318328857422e+02 1.232088732719421387e+02 1.000000000000000000e+00
1.742299652099609375e+02 3.781641626358032227e+02 1.906948566436767578e+02 3.775060558319091797e+02 2.105266571044921875e+02 3.799243211746215820e+02 2.000000000000000000e+00
4.988809204101562500e+02 4.346762180328369141e+02 5.156533241271972656e+02 4.357015514373779297e+02 5.362452507019042969e+02 4.410196065902709961e+02 2.000000000000000000e+00
1.501842498779296875e+02 3.839341449737548828e+02 1.670196533203125000e+02 3.832680702209472656e+02 1.868927097320556641e+02 3.855226278305053711e+02 2.000000000000000000e+00
4.275373840332031250e+02 3.948167753219604492e+02 4.440480041503906250e+02 3.953435468673706055e+02 4.637766456604003906e+02 3.997461318969726562e+02 2.000000000000000000e+00
4.004551410675048828e+02 4.343734502792358398e+02 4.167701435089111328e+02 4.348029613494873047e+02 4.363121032714843750e+02 4.391307449340820312e+02 2.000000000000000000e+00
6.199369430541992188e+01 1.679886746406555176e+02 5.154378890991210938e+01 1.658474564552307129e+02 4.511447906494140625e+01 1.665094900131225586e+02 1.000000000000000000e+00
3.670285034179687500e+02 3.904335165023803711e+02 3.833010578155517578e+02 3.906244325637817383e+02 4.028641700744628906e+02 3.945687675476074219e+02 2.000000000000000000e+00
3.892540597915649414e+02 4.058890771865844727e+02 4.055418109893798828e+02 4.061785697937011719e+02 4.250795650482177734e+02 4.103596258163452148e+02 2.000000000000000000e+00
3.193312988430261612e+02 4.103098583221435547e+02 3.355814516544342041e+02 4.103062248229980469e+02 3.549174809455871582e+02 4.137538862228393555e+02 2.000000000000000000e+00
4.895796012878417969e+02 4.323368024826049805e+02 5.063628196716308594e+02 4.334152078628540039e+02 5.267227745056152344e+02 4.384842681884765625e+02 2.000000000000000000e+00
2.253297901153564453e+02 4.359149551391601562e+02 2.418868875503540039e+02 4.354966878890991211e+02 2.611143493652343750e+02 4.382509803771972656e+02 2.000000000000000000e+00
1.586000251770019531e+02 3.292412781715393066e+02 1.753084850311279297e+02 3.286879920959472656e+02 1.954183006286621094e+02 3.312046265602111816e+02 2.000000000000000000e+00
3.735324096679687500e+02 3.563701558113098145e+02 3.898762845993041992e+02 3.564256381988525391e+02 4.097040748596191406e+02 3.599783420562744141e+02 2.000000000000000000e+00
2.426105642318725586e+02 3.063189125061035156e+02 2.590724182128906250e+02 3.062006592750549316e+02 2.788162517547607422e+02 3.091445374488830566e+02 2.000000000000000000e+00
3.410691237449645996e+02 3.904387235641479492e+02 3.573446655273437500e+02 3.905450248718261719e+02 3.768262624740600586e+02 3.942476320266723633e+02 2.000000000000000000e+00
1.500068092346191406e+02 1.658187818527221680e+02 1.377093696594238281e+02 1.636915254592895508e+02 1.298114013671875000e+02 1.642871689796447754e+02 1.000000000000000000e+00
1.615820598602294922e+02 3.515506052970886230e+02 1.784953403472900391e+02 3.509477305412292480e+02 1.984405803680419922e+02 3.533602380752563477e+02 2.000000000000000000e+00
4.204057312011718750e+02 8.056280136108398438e+01 4.374922847747802734e+02 8.026599884033203125e+01 4.589251136779785156e+02 8.358962059020996094e+01 2.000000000000000000e+00
2.763280630111694336e+02 3.490697693824768066e+02 2.926492905616760254e+02 3.488860201835632324e+02 3.122326356172561646e+02 3.521041345596313477e+02 2.000000000000000000e+00
2.269505596160888672e+02 3.727091503143310547e+02 2.435522460937500000e+02 3.724091863632202148e+02 2.630516958236694336e+02 3.752328872680664062e+02 2.000000000000000000e+00
