4.543697834014892578e+02 1.988752269744873047e+02 4.399305438995361328e+02 2.014018392562866211e+02 4.256954383850097656e+02 2.101239448785781860e+02 2.000000000000000000e+00
4.909667396545410156e+02 2.028952145576477051e+02 4.771553993225097656e+02 2.056053900718688965e+02 4.639538860321044922e+02 2.145211923122406006e+02 2.000000000000000000e+00
4.757747554779052734e+02 2.046235799789428711e+02 4.617258930206298828e+02 2.072783803939819336e+02 4.482781410217285156e+02 2.162020397186279297e+02 2.000000000000000000e+00
3.122232663631439209e+02 1.466565799713134766e+02 2.939327383041381836e+02 1.483697605133056641e+02 2.760585308074951172e+02 1.563819837570190430e+02 2.000000000000000000e+00
5.105790710449218750e+02 1.962453746795654297e+02 4.979994773864746094e+02 1.986891746520996094e+02 4.865466690063476562e+02 2.076207733154296875e+02 2.000000000000000000e+00
4.319959163665771484e+02 1.646483087539672852e+02 4.161608600616455078e+02 1.663633990287780762e+02 4.006359577178955078e+02 1.742512464523315430e+02 2.000000000000000000e+00
4.764881896972656250e+02 1.949068880081176758e+02 4.624621009826660156e+02 1.974264979362487793e+02 4.489961242675781250e+02 2.062643873691558838e+02 2.000000000000000000e+00
1.663788414001464844e+02 3.389763236045837402e+02 1.688010883331298828e+02 3.424088501930236816e+02 1.727917194366455078e+02 3.520725774765014648e+02 1.000000000000000000e+00
4.530657100677490234e+02 1.906500685214996338e+02 4.387369060516357422e+02 1.931264305114746094e+02 4.244624042510986328e+02 2.017385387420654297e+02 2.000000000000000000e+00
4.000351905822753906e+02 1.668059992790222168e+02 3.835414123535156250e+02 1.686242008209228516e+02 3.673742389678955078e+02 1.766296792030334473e+02 2.000000000000000000e+00
4.762776470184326172e+02 2.530326086282730103e+02 4.786300659179687500e+02 2.560985112190246582e+02 4.824099159240722656e+02 2.654120188951492310e+02 1.000000000000000000e+00
4.878419303894042969e+02 2.530875706672668457e+02 4.904047584533691406e+02 2.561384278535842896e+02 4.940170860290527344e+02 2.654173904657363892e+02 1.000000000000000000e+00
1.062923622131347656e+02 3.478245592117309570e+02 1.086237525939941406e+02 3.514399194717407227e+02 1.126148414611816406e+02 3.611102056503295898e+02 1.000000000000000000e+00
5.494815063476562500e+02 1.462167191505432129e+02 5.387756919860839844e+02 1.477761483192443848e+02 5.292545127868652344e+02 1.559508919715881348e+02 2.000000000000000000e+00
3.129947203397750854e+02 1.536367750167846680e+02 2.946726989746093750e+02 1.554705619812011719e+02 2.767904663085937500e+02 1.634940934181213379e+02 2.000000000000000000e+00
5.511657714843750000e+02 1.162203454971313477e+02 5.403521156311035156e+02 1.176346778869628906e+02 5.305639648437500000e+02 1.255368590354919434e+02 2.000000000000000000e+00
3.152550047636032104e+02 1.730263924598693848e+02 2.966702866554260254e+02 1.752768659591674805e+02 2.789500713348388672e+02 1.838074922561645508e+02 2.000000000000000000e+00
3.174571228027343750e+02 1.423257422447204590e+02 2.991419053077697754e+02 1.437951922416687012e+02 2.813443899154663086e+02 1.516132450103759766e+02 2.000000000000000000e+00
4.769313335418701172e+02 2.756345844268798828e+02 4.791875648498535156e+02 2.789139103889465332e+02 4.831554985046386719e+02 2.881999540328979492e+02 1.000000000000000000e+00
4.947332572937011719e+02 2.119949179887771606e+02 4.808573913574218750e+02 2.147328168153762817e+02 4.676900672912597656e+02 2.235912162065505981e+02 2.000000000000000000e+00
3.973803091049194336e+02 1.475338268280029297e+02 3.806693410873413086e+02 1.491712617874145508e+02 3.640512990951538086e+02 1.567968392372131348e+02 2.000000000000000000e+00
5.103851890563964844e+02 2.051199316978454590e+02 4.975615882873535156e+02 2.075958395004272461e+02 4.863218498229980469e+02 2.165397173166275024e+02 2.000000000000000000e+00
1.261787223815917969e+02 3.512992930412292480e+02 1.286310195922851562e+02 3.547452449798583984e+02 1.325302124023437500e+02 3.644431829452514648e+02 1.000000000000000000e+00
1.966905975341796875e+02 3.293665194511413574e+02 1.990551757812500000e+02 3.327888822555541992e+02 2.029640960693359375e+02 3.424043011665344238e+02 1.000000000000000000e+00
4.875466728210449219e+02 2.756216454505920410e+02 4.901536941528320312e+02 2.789105844497680664e+02 4.937414932250976562e+02 2.881871652603149414e+02 1.000000000000000000e+00
4.081837749481201172e+02 1.516760802268981934e+02 3.917236948013305664e+02 1.533013272285461426e+02 3.754584074020385742e+02 1.609396934509277344e+02 2.000000000000000000e+00
4.315869808197021484e+02 1.564577722549438477e+02 4.157518959045410156e+02 1.580821180343627930e+02 4.003047847747802734e+02 1.659018516540527344e+02 2.000000000000000000e+00
5.161310386657714844e+02 1.517779827117919922e+02 5.037352943420410156e+02 1.534395217895507812e+02 4.923737144470214844e+02 1.614219903945922852e+02 2.000000000000000000e+00
4.251472187042236328e+02 1.574278664588928223e+02 4.092935180664062500e+02 1.590087819099426270e+02 3.937354421615600586e+02 1.668149256706237793e+02 2.000000000000000000e+00
1.947017192840576172e+02 3.089526128768920898e+02 1.969619464874267578e+02 3.122477173805236816e+02 2.008795166015625000e+02 3.218757390975952148e+02 1.000000000000000000e+00
1.035982894897460938e+02 3.041416025161743164e+02 1.060736656188964844e+02 3.076295471191406250e+02 1.098795127868652344e+02 3.173843407630920410e+02 1.000000000000000000e+00
3.151074218750000000e+02 1.677906775474548340e+02 2.966761779785156250e+02 1.698103451728820801e+02 2.787884187698364258e+02 1.783407711982727051e+02 2.000000000000000000e+00
3.618930053710937500e+02 1.217231512069702148e+02 3.444099116325378418e+02 1.222594499588012695e+02 3.270505064725875854e+02 1.286666178703308105e+02 2.000000000000000000e+00
1.390781593322753906e+02 3.305849647521972656e+02 1.415827369689941406e+02 3.339523959159851074e+02 1.453691101074218750e+02 3.437153077125549316e+02 1.000000000000000000e+00
4.445632076263427734e+02 2.014063096046447754e+02 4.302112483978271484e+02 2.039143216609954834e+02 4.161313533782958984e+02 2.125096732378005981e+02 2.000000000000000000e+00
2.743885183334350586e+02 3.603653669357299805e+02 2.767587900161743164e+02 3.635664081573486328e+02 2.806668090820312500e+02 3.731872987747192383e+02 1.000000000000000000e+00
3.624579477310180664e+02 1.208067226409912109e+02 3.448847961425781250e+02 1.213019514083862305e+02 3.275212401151657104e+02 1.276420712471008301e+02 2.000000000000000000e+00
3.960231637954711914e+02 2.255723869800567627e+02 3.809770822525024414e+02 2.288156273961067200e+02 3.665098285675048828e+02 2.388904418796300888e+02 2.000000000000000000e+00
2.136853504180908203e+02 3.296023321151733398e+02 2.161685752868652344e+02 3.329916143417358398e+02 2.199535846710205078e+02 3.426694107055664062e+02 1.000000000000000000e+00
1.176700592041015625e+02 2.904243814945220947e+02 1.201095008850097656e+02 2.939288341999053955e+02 1.239719581604003906e+02 3.035469388961791992e+02 1.000000000000000000e+00
4.789679622650146484e+02 2.600546586513519287e+02 4.813596153259277344e+02 2.631591510772705078e+02 4.851360511779785156e+02 2.724493718147277832e+02 1.000000000000000000e+00
4.192901039123535156e+02 2.007105839252471924e+02 4.038135051727294922e+02 2.032751441001892090e+02 3.905841970443725586e+02 2.120405405759811401e+02 2.000000000000000000e+00
4.093348979949951172e+02 1.668357038497924805e+02 3.929313659667968750e+02 1.686410808563232422e+02 3.767878103256225586e+02 1.766318964958190918e+02 2.000000000000000000e+00
2.288033294677734375e+02 3.061010742187500000e+02 2.312392997741699219e+02 3.093632268905639648e+02 2.351418876647949219e+02 3.189395213127136230e+02 1.000000000000000000e+00
4.858901977539062500e+02 2.600559085607528687e+02 4.883919334411621094e+02 2.631590580940246582e+02 4.920645713806152344e+02 2.724448549747467041e+02 1.000000000000000000e+00
3.635645771026611328e+02 1.257700681686401367e+02 3.461194777488708496e+02 1.269354772567749023e+02 3.286852723360061646e+02 1.340025401115417480e+02 2.000000000000000000e+00
2.956556081771850586e+02 1.620286703109741211e+02 2.776367187500000000e+02 1.644449114799499512e+02 2.595246553421020508e+02 1.726845073699951172e+02 2.000000000000000000e+00
3.409649062156677246e+02 1.567307424545288086e+02 3.233223572373390198e+02 1.584295034408569336e+02 3.056396782398223877e+02 1.664451527595520020e+02 2.000000000000000000e+00
1.284974861145019531e+02 3.196093797683715820e+02 1.309922218322753906e+02 3.230749583244323730e+02 1.346245956420898438e+02 3.326832032203674316e+02 1.000000000000000000e+00
3.362736821174621582e+02 1.268787360191345215e+02 3.183828124403953552e+02 1.278652167320251465e+02 3.006192624568939209e+02 1.348774838447570801e+02 2.000000000000000000e+00
4.924609947204589844e+02 2.354488219320774078e+02 4.798881816864013672e+02 2.388381804898381233e+02 4.682844543457031250e+02 2.484706574678421021e+02 2.000000000000000000e+00
2.998837280273437500e+02 1.256549906730651855e+02 2.813384699821472168e+02 1.266146922111511230e+02 2.630900239944458008e+02 1.337067818641662598e+02 2.000000000000000000e+00
2.461291170120239258e+02 3.676048278808593750e+02 2.486953592300415039e+02 3.711369752883911133e+02 2.525288391113281250e+02 3.807348060607910156e+02 1.000000000000000000e+00
1.408880043029785156e+02 3.634465026855468750e+02 1.433802223205566406e+02 3.668835210800170898e+02 1.472163391113281250e+02 3.765697431564331055e+02 1.000000000000000000e+00
3.095553278923034668e+02 1.213490438461303711e+02 2.907343435287475586e+02 1.225915789604187012e+02 2.731887197494506836e+02 1.297814869880676270e+02 2.000000000000000000e+00
2.994626164436340332e+02 3.388051199913024902e+02 3.019802546501159668e+02 3.420826792716979980e+02 3.059079277515411377e+02 3.516007161140441895e+02 1.000000000000000000e+00
2.843977665901184082e+02 3.513807749748229980e+02 2.868167114257812500e+02 3.546537566184997559e+02 2.906675410270690918e+02 3.642517089843750000e+02 1.000000000000000000e+00
4.257403278350830078e+02 1.644886136054992676e+02 4.098417377471923828e+02 1.661573767662048340e+02 3.942952871322631836e+02 1.740325427055358887e+02 2.000000000000000000e+00
1.371293067932128906e+02 3.504645109176635742e+02 1.395911788940429688e+02 3.540155696868896484e+02 1.434722900390625000e+02 3.636078929901123047e+02 1.000000000000000000e+00
1.759817981719970703e+02 2.972974884510040283e+02 1.784649467468261719e+02 3.005473637580871582e+02 1.822799015045166016e+02 3.102736544609069824e+02 1.000000000000000000e+00
3.400359201431274414e+02 2.010660374164581299e+02 3.230558776855468750e+02 2.038903784751892090e+02 3.071793818473815918e+02 2.127991318702697754e+02 2.000000000000000000e+00
1.866119956970214844e+02 3.372597742080688477e+02 1.888656425476074219e+02 3.406047749519348145e+02 1.928330707550048828e+02 3.502819561958312988e+02 1.000000000000000000e+00
3.604880380630493164e+02 1.587959861755371094e+02 3.427484440803527832e+02 1.605314111709594727e+02 3.254319459199905396e+02 1.686663508415222168e+02 2.000000000000000000e+00
4.761190509796142578e+02 2.285106807947158813e+02 4.625181007385253906e+02 2.318324428796768188e+02 4.496749591827392578e+02 2.415068817883729935e+02 2.000000000000000000e+00
2.381344413757324219e+02 3.625815868377685547e+02 2.406575632095336914e+02 3.661058378219604492e+02 2.445023488998413086e+02 3.756834840774536133e+02 1.000000000000000000e+00
1.471164703369140625e+02 3.585542678833007812e+02 1.494827270507812500e+02 3.620546007156372070e+02 1.533605766296386719e+02 3.717192077636718750e+02 1.000000000000000000e+00
1.226639556884765625e+02 2.954651212692260742e+02 1.250438880920410156e+02 2.990124249458312988e+02 1.289299774169921875e+02 3.086452388763427734e+02 1.000000000000000000e+00
3.567419743537902832e+02 2.327629083395004272e+02 3.416402888298034668e+02 2.368456571549177170e+02 3.259484863281250000e+02 2.464925234019756317e+02 2.000000000000000000e+00
3.555540466308593750e+02 2.032528352737426758e+02 3.398837280273437500e+02 2.059557187557220459e+02 3.242705383896827698e+02 2.150122368335723877e+02 2.000000000000000000e+00
4.017003536224365234e+02 1.172543621063232422e+02 3.840559101104736328e+02 1.178294420242309570e+02 3.676975727081298828e+02 1.247297286987304688e+02 2.000000000000000000e+00
2.617016887664794922e+02 3.342487835884094238e+02 2.641104125976562500e+02 3.375730919837951660e+02 2.679657888412475586e+02 3.471169781684875488e+02 1.000000000000000000e+00
3.170566710829734802e+02 3.064534664154052734e+02 3.194602661207318306e+02 3.096033668518066406e+02 3.233270874619483948e+02 3.191387343406677246e+02 1.000000000000000000e+00
9.833295822143554688e+01 3.260074210166931152e+02 1.007596206665039062e+02 3.294799518585205078e+02 1.044734001159667969e+02 3.392651438713073730e+02 1.000000000000000000e+00
3.516345834732055664e+02 2.067701554298400879e+02 3.356606137752532959e+02 2.096160578727722168e+02 3.196695251390337944e+02 2.187444287538528442e+02 2.000000000000000000e+00
1.829112529754638672e+02 3.194081497192382812e+02 1.852732086181640625e+02 3.228606319427490234e+02 1.891089344024658203e+02 3.324305176734924316e+02 1.000000000000000000e+00
5.354932975769042969e+02 1.556772851943969727e+02 5.241275596618652344e+02 1.576187109947204590e+02 5.135029411315917969e+02 1.656963443756103516e+02 2.000000000000000000e+00
3.057279360294342041e+02 1.727848291397094727e+02 2.874526667594909668e+02 1.751124572753906250e+02 2.695165395736694336e+02 1.836374795436859131e+02 2.000000000000000000e+00
5.405613517761230469e+02 3.724519157409667969e+02 5.431725502014160156e+02 3.754847717285156250e+02 5.471101188659667969e+02 3.848555946350097656e+02 1.000000000000000000e+00
3.864682626724243164e+02 2.259164115786552429e+02 3.714188241958618164e+02 2.292417901754379272e+02 3.574582529067993164e+02 2.393593596853315830e+02 2.000000000000000000e+00
4.853295326232910156e+02 2.029281735420227051e+02 4.713578224182128906e+02 2.055914139747619629e+02 4.578842163085937500e+02 2.144988387823104858e+02 2.000000000000000000e+00
3.549897766113281250e+02 1.286270999908447266e+02 3.374866640567779541e+02 1.296948981285095215e+02 3.201069946307688951e+02 1.368874168395996094e+02 2.000000000000000000e+00
2.905041503906250000e+02 2.871024191379547119e+02 2.929056096076965332e+02 2.903247106075286865e+02 2.966111135482788086e+02 2.997611725330352783e+02 1.000000000000000000e+00
1.795908164978027344e+02 3.122567796707153320e+02 1.820069217681884766e+02 3.156939768791198730e+02 1.858157348632812500e+02 3.252929735183715820e+02 1.000000000000000000e+00
2.976754140853881836e+02 1.383566522598266602e+02 2.790387248992919922e+02 1.398186421394348145e+02 2.605996990203857422e+02 1.470640039443969727e+02 2.000000000000000000e+00
4.821462440490722656e+02 1.971619856357574463e+02 4.681481647491455078e+02 1.997885119915008545e+02 4.546837139129638672e+02 2.086911141872406006e+02 2.000000000000000000e+00
4.395971679687500000e+02 1.321614503860473633e+02 4.235607624053955078e+02 1.333097791671752930e+02 4.080639076232910156e+02 1.405567574501037598e+02 2.000000000000000000e+00
4.266504859924316406e+02 1.266691017150878906e+02 4.111478614807128906e+02 1.277291321754455566e+02 3.959290790557861328e+02 1.349552536010742188e+02 2.000000000000000000e+00
3.820895719528198242e+02 1.996341991424560547e+02 3.666774892807006836e+02 2.022336244583129883e+02 3.511473083496093750e+02 2.113012683391571045e+02 2.000000000000000000e+00
4.726852130889892578e+02 1.463190579414367676e+02 4.584485149383544922e+02 1.477868270874023438e+02 4.443823909759521484e+02 1.554350066184997559e+02 2.000000000000000000e+00
1.910180187225341797e+02 3.641867065429687500e+02 1.936387729644775391e+02 3.675295543670654297e+02 1.973851585388183594e+02 3.772131443023681641e+02 1.000000000000000000e+00
4.993311500549316406e+02 1.502660965919494629e+02 4.870551872253417969e+02 1.519265413284301758e+02 4.747635173797607422e+02 1.598134231567382812e+02 2.000000000000000000e+00
1.583362007141113281e+02 3.507121324539184570e+02 1.606863975524902344e+02 3.542116785049438477e+02 1.646760272979736328e+02 3.639014339447021484e+02 1.000000000000000000e+00
2.503962087631225586e+02 3.470952200889587402e+02 2.528577423095703125e+02 3.504478812217712402e+02 2.567218017578125000e+02 3.599851155281066895e+02 1.000000000000000000e+00
9.614936828613281250e+01 3.387630701065063477e+02 9.853866577148437500e+01 3.423681664466857910e+02 1.023125267028808594e+02 3.520102286338806152e+02 1.000000000000000000e+00
2.059598636627197266e+02 3.692798280715942383e+02 2.083595561981201172e+02 3.726990365982055664e+02 2.122465324401855469e+02 3.823574924468994141e+02 1.000000000000000000e+00
4.133479595184326172e+02 1.671984243392944336e+02 3.969931364059448242e+02 1.689714002609252930e+02 3.810711383819580078e+02 1.769618654251098633e+02 2.000000000000000000e+00
1.685577487945556641e+02 3.238903570175170898e+02 1.710323619842529297e+02 3.274458646774291992e+02 1.749041461944580078e+02 3.371342539787292480e+02 1.000000000000000000e+00
2.547021770477294922e+02 3.342284560203552246e+02 2.571249389648437500e+02 3.375528645515441895e+02 2.609655141830444336e+02 3.471077299118041992e+02 1.000000000000000000e+00
2.763652658462524414e+02 3.424455285072326660e+02 2.787937927246093750e+02 3.457369136810302734e+02 2.827159118652343750e+02 3.552696275711059570e+02 1.000000000000000000e+00
2.092415428161621094e+02 3.493638396263122559e+02 2.116251373291015625e+02 3.527594017982482910e+02 2.154919528961181641e+02 3.624393081665039062e+02 1.000000000000000000e+00
1.206032943725585938e+02 3.033964276313781738e+02 1.229753684997558594e+02 3.069872188568115234e+02 1.268467712402343750e+02 3.166084027290344238e+02 1.000000000000000000e+00
1.357573890686035156e+02 2.937474095821380615e+02 1.381986999511718750e+02 2.971509718894958496e+02 1.419461059570312500e+02 3.067990779876708984e+02 1.000000000000000000e+00
3.051883542537689209e+02 3.003298687934875488e+02 3.074999392032623291e+02 3.036213684082031250e+02 3.114126890897750854e+02 3.132196354866027832e+02 1.000000000000000000e+00
3.257911682128906250e+02 1.431875395774841309e+02 3.074968874454498291e+02 1.446602869033813477e+02 2.906040024757385254e+02 1.521511816978454590e+02 2.000000000000000000e+00
2.229591083526611328e+02 3.110928368568420410e+02 2.253729343414306641e+02 3.143299627304077148e+02 2.292758941650390625e+02 3.239553880691528320e+02 1.000000000000000000e+00
1.312404060363769531e+02 3.452979826927185059e+02 1.336618423461914062e+02 3.488147306442260742e+02 1.375762939453125000e+02 3.584696102142333984e+02 1.000000000000000000e+00
3.282020568847656250e+02 2.915416896343231201e+02 3.306097722053527832e+02 2.947539997100830078e+02 3.344385075569152832e+02 3.042325472831726074e+02 1.000000000000000000e+00
2.826312255859375000e+02 3.317026734352111816e+02 2.850440049171447754e+02 3.350203013420104980e+02 2.888782048225402832e+02 3.445546030998229980e+02 1.000000000000000000e+00
1.760381031036376953e+02 3.610139179229736328e+02 1.784711551666259766e+02 3.643928289413452148e+02 1.824632549285888672e+02 3.740560340881347656e+02 1.000000000000000000e+00
1.025182914733886719e+02 2.903083527088165283e+02 1.049675941467285156e+02 2.937269318103790283e+02 1.087506675720214844e+02 3.034185791015625000e+02 1.000000000000000000e+00
9.717475891113281250e+01 3.487822937965393066e+02 9.954786300659179688e+01 3.523984766006469727e+02 1.034073066711425781e+02 3.619976520538330078e+02 1.000000000000000000e+00
1.067421722412109375e+02 3.121204876899719238e+02 1.091511535644531250e+02 3.155864596366882324e+02 1.129646301269531250e+02 3.253323984146118164e+02 1.000000000000000000e+00
3.713251352310180664e+02 1.980392432212829590e+02 3.558966684341430664e+02 2.005556166172027588e+02 3.403381657600402832e+02 2.095630002021789551e+02 2.000000000000000000e+00
1.402392005920410156e+02 3.305284166336059570e+02 1.427379035949707031e+02 3.339041519165039062e+02 1.465321540832519531e+02 3.436558556556701660e+02 1.000000000000000000e+00
3.065099787712097168e+02 3.308388733863830566e+02 3.090068662166595459e+02 3.341283345222473145e+02 3.129270631074905396e+02 3.436343765258789062e+02 1.000000000000000000e+00
1.243524360656738281e+02 3.412121343612670898e+02 1.268234443664550781e+02 3.446629714965820312e+02 1.307049751281738281e+02 3.543415904045104980e+02 1.000000000000000000e+00
2.642953491210937500e+02 3.602284240722656250e+02 2.666504526138305664e+02 3.634932374954223633e+02 2.706029939651489258e+02 3.731219530105590820e+02 1.000000000000000000e+00
3.606575918197631836e+02 2.047284686565399170e+02 3.447877192497253418e+02 2.074435257911682129e+02 3.294593507051467896e+02 2.165373373031616211e+02 2.000000000000000000e+00
1.157511901855468750e+02 3.122405719757080078e+02 1.181406211853027344e+02 3.156588149070739746e+02 1.219465637207031250e+02 3.253711867332458496e+02 1.000000000000000000e+00
3.251213991641998291e+02 3.055104088783264160e+02 3.275383299589157104e+02 3.086450242996215820e+02 3.313727724552154541e+02 3.181732249259948730e+02 1.000000000000000000e+00
3.463052678108215332e+02 2.012752497196197510e+02 3.294285887479782104e+02 2.040663886070251465e+02 3.137808227539062500e+02 2.130341327190399170e+02 2.000000000000000000e+00
4.302584266662597656e+02 2.037281012535095215e+02 4.147053527832031250e+02 2.061907625198364258e+02 4.016563701629638672e+02 2.148315882682800293e+02 2.000000000000000000e+00
2.201192760467529297e+02 3.673893213272094727e+02 2.224638366699218750e+02 3.707862854003906250e+02 2.263673973083496094e+02 3.804293346405029297e+02 1.000000000000000000e+00
3.421641230583190918e+02 3.008307552337646484e+02 3.445021057128906250e+02 3.040364742279052734e+02 3.483410644531250000e+02 3.134212660789489746e+02 1.000000000000000000e+00
4.195926856994628906e+02 2.097720623016357422e+02 4.048970699310302734e+02 2.126173692941665649e+02 3.913486051559448242e+02 2.215055233240127563e+02 2.000000000000000000e+00
3.102035522460937500e+02 2.943993544578552246e+02 3.125178527832031250e+02 2.976449632644653320e+02 3.164161986112594604e+02 3.072473788261413574e+02 1.000000000000000000e+00
2.160932254791259766e+02 3.544843196868896484e+02 2.185569286346435547e+02 3.578205013275146484e+02 2.223962688446044922e+02 3.675242614746093750e+02 1.000000000000000000e+00
1.794980907440185547e+02 3.311892414093017578e+02 1.818952941894531250e+02 3.345705342292785645e+02 1.857872486114501953e+02 3.443333172798156738e+02 1.000000000000000000e+00
4.868070030212402344e+02 2.676681536436080933e+02 4.893827247619628906e+02 2.708758270740509033e+02 4.929905128479003906e+02 2.801876842975616455e+02 1.000000000000000000e+00
4.127316284179687500e+02 1.788702821731567383e+02 3.962656259536743164e+02 1.808967697620391846e+02 3.802609872817993164e+02 1.893129229545593262e+02 2.000000000000000000e+00
1.862401390075683594e+02 3.532753658294677734e+02 1.886996936798095703e+02 3.566145658493041992e+02 1.925110721588134766e+02 3.662343263626098633e+02 1.000000000000000000e+00
2.060358905792236328e+02 3.602589511871337891e+02 2.084876537322998047e+02 3.636950683593750000e+02 2.123064994812011719e+02 3.733508062362670898e+02 1.000000000000000000e+00
2.173873424530029297e+02 2.978231835365295410e+02 2.195710754394531250e+02 3.012774968147277832e+02 2.234598541259765625e+02 3.107701778411865234e+02 1.000000000000000000e+00
2.915677475929260254e+02 3.337077355384826660e+02 2.939892888069152832e+02 3.369891071319580078e+02 2.979187917709350586e+02 3.465102910995483398e+02 1.000000000000000000e+00
4.648740863800048828e+02 2.271485432982444763e+02 4.509973430633544922e+02 2.304190975427627563e+02 4.377817726135253906e+02 2.401748047024011612e+02 2.000000000000000000e+00
1.223142051696777344e+02 3.284862399101257324e+02 1.247571563720703125e+02 3.319220924377441406e+02 1.285306739807128906e+02 3.416241788864135742e+02 1.000000000000000000e+00
3.488562011718750000e+02 1.252875208854675293e+02 3.312243044376373291e+02 1.262989425659179688e+02 3.135614317655563354e+02 1.335168099403381348e+02 2.000000000000000000e+00
4.187781429290771484e+02 1.496170878410339355e+02 4.025684261322021484e+02 1.511284589767456055e+02 3.864288663864135742e+02 1.588423705101013184e+02 2.000000000000000000e+00
4.547098731994628906e+02 2.209553360939025879e+02 4.405902767181396484e+02 2.242251276969909668e+02 4.270466613769531250e+02 2.338394924998283386e+02 2.000000000000000000e+00
2.639390230178833008e+02 3.232150340080261230e+02 2.662940359115600586e+02 3.265209388732910156e+02 2.701893901824951172e+02 3.361365437507629395e+02 1.000000000000000000e+00
3.452014160156250000e+02 2.937305331230163574e+02 3.474999403953552246e+02 2.969973170757293701e+02 3.513423156738281250e+02 3.063832426071166992e+02 1.000000000000000000e+00
5.121690177917480469e+02 1.897957134246826172e+02 4.993220329284667969e+02 1.922993767261505127e+02 4.877169227600097656e+02 2.011065959930419922e+02 2.000000000000000000e+00
2.643144512176513672e+02 3.492107319831848145e+02 2.666534423828125000e+02 3.524886202812194824e+02 2.706539011001586914e+02 3.621013927459716797e+02 1.000000000000000000e+00
3.514393615722656250e+02 1.557832145690917969e+02 3.336640930175781250e+02 1.574663186073303223e+02 3.160971069335937500e+02 1.655834770202636719e+02 2.000000000000000000e+00
4.622152137756347656e+02 1.858519577980041504e+02 4.477232646942138672e+02 1.882332587242126465e+02 4.335561561584472656e+02 1.968974447250366211e+02 2.000000000000000000e+00
2.285491466522216797e+02 3.527726483345031738e+02 2.311324119567871094e+02 3.561045312881469727e+02 2.350073337554931641e+02 3.656998729705810547e+02 1.000000000000000000e+00
4.197258281707763672e+02 1.667772030830383301e+02 4.037847328186035156e+02 1.685249304771423340e+02 3.880637502670288086e+02 1.764846754074096680e+02 2.000000000000000000e+00
2.635526704788208008e+02 3.412291646003723145e+02 2.660072946548461914e+02 3.445581078529357910e+02 2.698560190200805664e+02 3.540831685066223145e+02 1.000000000000000000e+00
1.320387458801269531e+02 3.574293279647827148e+02 1.344808387756347656e+02 3.609227371215820312e+02 1.383926010131835938e+02 3.706136798858642578e+02 1.000000000000000000e+00
2.713436889648437500e+02 2.856551527976989746e+02 2.737043762207031250e+02 2.890361344814300537e+02 2.774023723602294922e+02 2.985755646228790283e+02 1.000000000000000000e+00
1.153082656860351562e+02 3.293501043319702148e+02 1.175948143005371094e+02 3.327320623397827148e+02 1.214220619201660156e+02 3.424174547195434570e+02 1.000000000000000000e+00
1.540889739990234375e+02 3.605920743942260742e+02 1.564642143249511719e+02 3.640704345703125000e+02 1.603547191619873047e+02 3.737342834472656250e+02 1.000000000000000000e+00
4.068547725677490234e+02 1.420315217971801758e+02 3.903526020050048828e+02 1.435111784934997559e+02 3.739530324935913086e+02 1.510122299194335938e+02 2.000000000000000000e+00
1.226445770263671875e+02 3.613603019714355469e+02 1.252308845520019531e+02 3.648175764083862305e+02 1.290573883056640625e+02 3.745893287658691406e+02 1.000000000000000000e+00
1.142079162597656250e+02 3.458855366706848145e+02 1.164996910095214844e+02 3.494740033149719238e+02 1.205370903015136719e+02 3.591443538665771484e+02 1.000000000000000000e+00
1.095953559875488281e+02 2.942329752445220947e+02 1.120488548278808594e+02 2.976787126064300537e+02 1.158537673950195312e+02 3.073637723922729492e+02 1.000000000000000000e+00
1.693665599822998047e+02 2.999261820316314697e+02 1.719795703887939453e+02 3.032381629943847656e+02 1.757943725585937500e+02 3.128594684600830078e+02 1.000000000000000000e+00
4.543454933166503906e+02 2.315247184038162231e+02 4.404674434661865234e+02 2.350605162978172302e+02 4.269736003875732422e+02 2.448760834336280823e+02 2.000000000000000000e+00
1.348722457885742188e+02 2.908581554889678955e+02 1.373189163208007812e+02 2.943189418315887451e+02 1.411434745788574219e+02 3.039242863655090332e+02 1.000000000000000000e+00
2.757247924804687500e+02 3.295864892005920410e+02 2.780475473403930664e+02 3.328829097747802734e+02 2.818520498275756836e+02 3.424624085426330566e+02 1.000000000000000000e+00
3.453322148323059082e+02 2.837088024616241455e+02 3.475816035270690918e+02 2.870039999485015869e+02 3.514142465591430664e+02 2.963984692096710205e+02 1.000000000000000000e+00
3.915502309799194336e+02 2.796328461170196533e+02 3.937870168685913086e+02 2.827573871612548828e+02 3.975665283203125000e+02 2.921209144592285156e+02 1.000000000000000000e+00
4.780123329162597656e+02 2.677020889520645142e+02 4.802774620056152344e+02 2.709007573127746582e+02 4.841342735290527344e+02 2.802112126350402832e+02 1.000000000000000000e+00
3.605915832519531250e+02 2.282727956771850586e+02 3.457954716682434082e+02 2.323759764432907104e+02 3.299684756994247437e+02 2.419545898586511612e+02 2.000000000000000000e+00
2.274973869323730469e+02 3.407707858085632324e+02 2.299770069122314453e+02 3.441099286079406738e+02 2.338612651824951172e+02 3.537041044235229492e+02 1.000000000000000000e+00
2.014155292510986328e+02 3.404058265686035156e+02 2.038871574401855469e+02 3.438583087921142578e+02 2.076700305938720703e+02 3.534462046623229980e+02 1.000000000000000000e+00
3.642178678512573242e+02 2.930989086627960205e+02 3.664671945571899414e+02 2.963160109519958496e+02 3.704045438766479492e+02 3.056342840194702148e+02 1.000000000000000000e+00
1.627104473114013672e+02 2.979202902317047119e+02 1.654021549224853516e+02 3.014010071754455566e+02 1.692661857604980469e+02 3.110591197013854980e+02 1.000000000000000000e+00
2.911290287971496582e+02 1.276816034317016602e+02 2.725563669204711914e+02 1.290493583679199219e+02 2.541927337646484375e+02 1.362849497795104980e+02 2.000000000000000000e+00
3.886747455596923828e+02 2.597883921861648560e+02 3.909541654586791992e+02 2.628855907917022705e+02 3.946931791305541992e+02 2.723037135601043701e+02 1.000000000000000000e+00
4.928439903259277344e+02 1.941317403316497803e+02 4.790600872039794922e+02 1.968779718875885010e+02 4.658038616180419922e+02 2.057316255569458008e+02 2.000000000000000000e+00
3.191662292182445526e+02 2.984425699710845947e+02 3.215232239663600922e+02 3.016309547424316406e+02 3.254052430391311646e+02 3.111974215507507324e+02 1.000000000000000000e+00
4.254132080078125000e+02 1.730884838104248047e+02 4.092344951629638672e+02 1.749544000625610352e+02 3.934981393814086914e+02 1.832561016082763672e+02 2.000000000000000000e+00
3.967073059082031250e+02 2.609105837345123291e+02 3.989714670181274414e+02 2.640179461240768433e+02 4.027644062042236328e+02 2.734312140941619873e+02 1.000000000000000000e+00
3.431338810920715332e+02 1.297528195381164551e+02 3.252329713106155396e+02 1.307269692420959473e+02 3.074982297420501709e+02 1.379573464393615723e+02 2.000000000000000000e+00
3.255094301700592041e+02 2.754458320140838623e+02 3.278217166662216187e+02 2.786524987220764160e+02 3.316330873966217041e+02 2.881557047367095947e+02 1.000000000000000000e+00
3.329426884651184082e+02 1.944083368778228760e+02 3.161054992675781250e+02 1.971655261516571045e+02 3.001876223087310791e+02 2.059497499465942383e+02 2.000000000000000000e+00
1.452363014221191406e+02 3.140553617477416992e+02 1.477542495727539062e+02 3.176104187965393066e+02 1.515388679504394531e+02 3.272478103637695312e+02 1.000000000000000000e+00
1.041653442382812500e+02 3.548222136497497559e+02 1.065211868286132812e+02 3.584315872192382812e+02 1.105615425109863281e+02 3.681093263626098633e+02 1.000000000000000000e+00
2.753867197036743164e+02 3.503034138679504395e+02 2.777697753906250000e+02 3.535995841026306152e+02 2.816655278205871582e+02 3.631580829620361328e+02 1.000000000000000000e+00
1.105751037597656250e+02 3.031924796104431152e+02 1.129644775390625000e+02 3.066433453559875488e+02 1.167868804931640625e+02 3.163418626785278320e+02 1.000000000000000000e+00
1.033312034606933594e+02 3.329874944686889648e+02 1.056751823425292969e+02 3.365380311012268066e+02 1.095200538635253906e+02 3.462467980384826660e+02 1.000000000000000000e+00
3.233663636445999146e+02 1.652237033843994141e+02 3.049825441837310791e+02 1.671542787551879883e+02 2.871380925178527832e+02 1.753295087814331055e+02 2.000000000000000000e+00
3.180640868842601776e+02 3.134148931503295898e+02 3.204935302957892418e+02 3.165690064430236816e+02 3.243453675508499146e+02 3.261110258102416992e+02 1.000000000000000000e+00
4.185577392578125000e+02 1.332773709297180176e+02 4.030128192901611328e+02 1.341387104988098145e+02 3.878473234176635742e+02 1.412815189361572266e+02 2.000000000000000000e+00
3.975956726074218750e+02 2.698656016588211060e+02 3.998481464385986328e+02 2.730122709274291992e+02 4.036373329162597656e+02 2.823575770854949951e+02 1.000000000000000000e+00
3.491433119773864746e+02 3.007934331893920898e+02 3.514694523811340332e+02 3.039975643157958984e+02 3.553071594238281250e+02 3.133851385116577148e+02 1.000000000000000000e+00
4.708805847167968750e+02 1.858359646797180176e+02 4.569354915618896484e+02 1.882491445541381836e+02 4.433279418945312500e+02 1.968914008140563965e+02 2.000000000000000000e+00
1.913411998748779297e+02 3.463619112968444824e+02 1.938374423980712891e+02 3.496951961517333984e+02 1.976080036163330078e+02 3.593297481536865234e+02 1.000000000000000000e+00
3.055600273609161377e+02 2.802644991874694824e+02 3.079388427734375000e+02 2.835533165931701660e+02 3.117573851346969604e+02 2.930096161365509033e+02 1.000000000000000000e+00
1.899055767059326172e+02 3.184354019165039062e+02 1.921964073181152344e+02 3.218712472915649414e+02 1.961423778533935547e+02 3.314569115638732910e+02 1.000000000000000000e+00
2.207279491424560547e+02 3.286441683769226074e+02 2.231515502929687500e+02 3.320297598838806152e+02 2.269575309753417969e+02 3.416929364204406738e+02 1.000000000000000000e+00
