3.802471303939819336e+02 2.541469886898994446e+02 3.722045278549194336e+02 2.657915049791336060e+02 3.581171584129333496e+02 2.711310732364654541e+02 2.000000000000000000e+00
4.210623836517333984e+02 2.584323137998580933e+02 4.142222023010253906e+02 2.702562260627746582e+02 4.013863849639892578e+02 2.759043288230895996e+02 2.000000000000000000e+00
4.038549232482910156e+02 2.599961864948272705e+02 3.965804147720336914e+02 2.717908036708831787e+02 3.832045602798461914e+02 2.775112617015838623e+02 2.000000000000000000e+00
2.163451480865478516e+02 1.988650488853454590e+02 2.034516429901123047e+02 2.094912850856781006e+02 1.842011260986328125e+02 2.136624580621719360e+02 2.000000000000000000e+00
4.496170330047607422e+02 2.510312506556510925e+02 4.455889320373535156e+02 2.627653205394744873e+02 4.356251525878906250e+02 2.683251357078552246e+02 2.000000000000000000e+00
3.486343693733215332e+02 2.160088795423507690e+02 3.383110654354095459e+02 2.266417381167411804e+02 3.220598144829273224e+02 2.312333366274833679e+02 2.000000000000000000e+00
4.045828247070312500e+02 2.499161079525947571e+02 3.973506498336791992e+02 2.614077472686767578e+02 3.839687824249267578e+02 2.667323631048202515e+02 2.000000000000000000e+00
1.877035045623779297e+02 3.995898485183715820e+02 2.026439189910888672e+02 4.117902660369873047e+02 2.133040904998779297e+02 4.177834510803222656e+02 1.000000000000000000e+00
3.786770009994506836e+02 2.456219333410263062e+02 3.706116056442260742e+02 2.572785955667495728e+02 3.564434814453125000e+02 2.625243544578552246e+02 2.000000000000000000e+00
3.128128963708877563e+02 2.188602894544601440e+02 3.015439450740814209e+02 2.296746513247489929e+02 2.839958500862121582e+02 2.341987301409244537e+02 2.000000000000000000e+00
4.971263504028320312e+02 3.102565670013427734e+02 5.117601013183593750e+02 3.222038340568542480e+02 5.222634315490722656e+02 3.278214454650878906e+02 1.000000000000000000e+00
5.086352539062500000e+02 3.102634906768798828e+02 5.236613273620605469e+02 3.222242760658264160e+02 5.339933586120605469e+02 3.278063392639160156e+02 1.000000000000000000e+00
1.274251747131347656e+02 4.092652416229248047e+02 1.425028610229492188e+02 4.215477991104125977e+02 1.531633186340332031e+02 4.275182247161865234e+02 1.000000000000000000e+00
4.979437828063964844e+02 1.954690217971801758e+02 4.963553810119628906e+02 2.056016993522644043e+02 4.892077064514160156e+02 2.095091092586517334e+02 2.000000000000000000e+00
2.170930957794189453e+02 2.063130319118499756e+02 2.042584037780761719e+02 2.169644916057586670e+02 1.849693584442138672e+02 2.212753129005432129e+02 2.000000000000000000e+00
4.988158607482910156e+02 1.648595881462097168e+02 4.969800376892089844e+02 1.745077943801879883e+02 4.897311782836914062e+02 1.782072114944458008e+02 2.000000000000000000e+00
2.192581653594970703e+02 2.283538511395454407e+02 2.063967990875244141e+02 2.394956817291676998e+02 1.869466876983642578e+02 2.444227145612239838e+02 2.000000000000000000e+00
2.213831806182861328e+02 1.937586486339569092e+02 2.084014892578125000e+02 2.042613673210144043e+02 1.890633964538574219e+02 2.082856285572052002e+02 2.000000000000000000e+00
4.977437210083007812e+02 3.331280851364135742e+02 5.125292968750000000e+02 3.451543664932250977e+02 5.230208206176757812e+02 3.507434749603271484e+02 1.000000000000000000e+00
4.250693988800048828e+02 2.675324106216430664e+02 4.181934261322021484e+02 2.793884003162384033e+02 4.053185749053955078e+02 2.851009833812713623e+02 2.000000000000000000e+00
3.091060173511505127e+02 1.981431877613067627e+02 2.977423405647277832e+02 2.086045503616333008e+02 2.803170156478881836e+02 2.127725207805633545e+02 2.000000000000000000e+00
4.493080425262451172e+02 2.599294137954711914e+02 4.452798175811767578e+02 2.717006564140319824e+02 4.349882221221923828e+02 2.772714865207672119e+02 2.000000000000000000e+00
1.475623321533203125e+02 4.124245405197143555e+02 1.625751972198486328e+02 4.246147584915161133e+02 1.731113243103027344e+02 4.305871438980102539e+02 1.000000000000000000e+00
2.178434753417968750e+02 3.896972751617431641e+02 2.327591419219970703e+02 4.018179702758789062e+02 2.431436920166015625e+02 4.078621673583984375e+02 1.000000000000000000e+00
5.086667251586914062e+02 3.331196951866149902e+02 5.235029411315917969e+02 3.451644659042358398e+02 5.340433311462402344e+02 3.507390832901000977e+02 1.000000000000000000e+00
3.213170166313648224e+02 2.022636258602142334e+02 3.102477109432220459e+02 2.127536755800247192e+02 2.929006648063659668e+02 2.169843739271163940e+02 2.000000000000000000e+00
3.483065795898437500e+02 2.075336122512817383e+02 3.380477905273437500e+02 2.180778944492340088e+02 3.218074035644531250e+02 2.225408166646957397e+02 2.000000000000000000e+00
4.549565792083740234e+02 2.019444108009338379e+02 4.505737972259521484e+02 2.125021648406982422e+02 4.405600643157958984e+02 2.168740224838256836e+02 2.000000000000000000e+00
3.416251540184020996e+02 2.084223318099975586e+02 3.313310551643371582e+02 2.189812302589416504e+02 3.150447693467140198e+02 2.234989160299301147e+02 2.000000000000000000e+00
2.156891727447509766e+02 3.691344022750854492e+02 2.304357910156250000e+02 3.810362291336059570e+02 2.408939218521118164e+02 3.871724939346313477e+02 1.000000000000000000e+00
1.245724296569824219e+02 3.654465436935424805e+02 1.395814895629882812e+02 3.776435279846191406e+02 1.501806640625000000e+02 3.837534570693969727e+02 1.000000000000000000e+00
2.192346477508544922e+02 2.223900139331817627e+02 2.063121032714843750e+02 2.333979181945323944e+02 1.869100666046142578e+02 2.382535094395279884e+02 2.000000000000000000e+00
2.690280151367187500e+02 1.684302949905395508e+02 2.566619873046875000e+02 1.781344270706176758e+02 2.381509685516357422e+02 1.815555381774902344e+02 2.000000000000000000e+00
1.603109550476074219e+02 3.915294885635375977e+02 1.753563404083251953e+02 4.037330389022827148e+02 1.856996154785156250e+02 4.097677659988403320e+02 1.000000000000000000e+00
3.703624868392944336e+02 2.569202882051467896e+02 3.625200223922729492e+02 2.686086130142211914e+02 3.485404372215270996e+02 2.740404367446899414e+02 2.000000000000000000e+00
2.957587885856628418e+02 4.199468851089477539e+02 3.106679075956344604e+02 4.321222686767578125e+02 3.211429138481616974e+02 4.380651998519897461e+02 1.000000000000000000e+00
2.695818758010864258e+02 1.673777103424072266e+02 2.572486877441406250e+02 1.770844101905822754e+02 2.386863994598388672e+02 1.805057358741760254e+02 2.000000000000000000e+00
3.193058166652917862e+02 2.857806122303009033e+02 3.108079528808593750e+02 2.983435714244842529e+02 2.964024353027343750e+02 3.046822857856750488e+02 2.000000000000000000e+00
2.348476409912109375e+02 3.897816896438598633e+02 2.498184061050415039e+02 4.019352436065673828e+02 2.601698589324951172e+02 4.077965211868286133e+02 1.000000000000000000e+00
1.386591339111328125e+02 3.514749813079833984e+02 1.536153221130371094e+02 3.636474609375000000e+02 1.641384983062744141e+02 3.696962928771972656e+02 1.000000000000000000e+00
4.997994422912597656e+02 3.173074650764465332e+02 5.146146202087402344e+02 3.292402410507202148e+02 5.250985145568847656e+02 3.348279762268066406e+02 1.000000000000000000e+00
3.432416987419128418e+02 2.567857986688613892e+02 3.353701782226562500e+02 2.684660661220550537e+02 3.205219421535730362e+02 2.741329658031463623e+02 2.000000000000000000e+00
3.225024110078811646e+02 2.188381648063659668e+02 3.112873536348342896e+02 2.296923056244850159e+02 2.937604665756225586e+02 2.343189387023448944e+02 2.000000000000000000e+00
2.499809408187866211e+02 3.659334182739257812e+02 2.647906160354614258e+02 3.781952905654907227e+02 2.750831890106201172e+02 3.841485357284545898e+02 1.000000000000000000e+00
5.067233276367187500e+02 3.173014569282531738e+02 5.216561889648437500e+02 3.292351126670837402e+02 5.320644569396972656e+02 3.348214173316955566e+02 1.000000000000000000e+00
2.708022451400756836e+02 1.742609667778015137e+02 2.584985017776489258e+02 1.842363703250885010e+02 2.399561309814453125e+02 1.877904474735260010e+02 2.000000000000000000e+00
2.003737735748291016e+02 2.177668136358261108e+02 1.877937316894531250e+02 2.291966092586517334e+02 1.685919952392578125e+02 2.345578913390636444e+02 2.000000000000000000e+00
2.477065134048461914e+02 2.090936708450317383e+02 2.359635925292968750e+02 2.196269363164901733e+02 2.174367523193359375e+02 2.241556853055953979e+02 2.000000000000000000e+00
1.495455932617187500e+02 3.805516719818115234e+02 1.645442962646484375e+02 3.927301740646362305e+02 1.750412082672119141e+02 3.988135099411010742e+02 1.000000000000000000e+00
2.414717531204223633e+02 1.751805710792541504e+02 2.288983917236328125e+02 1.851282620429992676e+02 2.096667575836181641e+02 1.886329329013824463e+02 2.000000000000000000e+00
4.308049964904785156e+02 2.946144747734069824e+02 4.263873577117919922e+02 3.071504545211791992e+02 4.171456623077392578e+02 3.132565927505493164e+02 2.000000000000000000e+00
2.027951049804687500e+02 1.738315057754516602e+02 1.897561740875244141e+02 1.837500107288360596e+02 1.702622985839843750e+02 1.875687825679779053e+02 2.000000000000000000e+00
2.676550579071044922e+02 4.277193689346313477e+02 2.825556945800781250e+02 4.399026918411254883e+02 2.930438828468322754e+02 4.459085798263549805e+02 1.000000000000000000e+00
1.624511051177978516e+02 4.244332408905029297e+02 1.774618244171142578e+02 4.366387081146240234e+02 1.879253101348876953e+02 4.428243827819824219e+02 1.000000000000000000e+00
2.132324790954589844e+02 1.702533960342407227e+02 2.004118442535400391e+02 1.802134215831756592e+02 1.809020996093750000e+02 1.838114905357360840e+02 2.000000000000000000e+00
3.208441467583179474e+02 3.981139612197875977e+02 3.356621098518371582e+02 4.101658058166503906e+02 3.460974740982055664e+02 4.161244297027587891e+02 1.000000000000000000e+00
3.058026731014251709e+02 4.109758043289184570e+02 3.206693115085363388e+02 4.231163692474365234e+02 3.311464846134185791e+02 4.289892625808715820e+02 1.000000000000000000e+00
3.420890808105468750e+02 2.157614421844482422e+02 3.317039799690246582e+02 2.264581140875816345e+02 3.153898620605468750e+02 2.310549920797348022e+02 2.000000000000000000e+00
1.585400199890136719e+02 4.114723920822143555e+02 1.734967327117919922e+02 4.236751842498779297e+02 1.839912986755371094e+02 4.297958707809448242e+02 1.000000000000000000e+00
1.968968009948730469e+02 3.577151870727539062e+02 2.118404197692871094e+02 3.697773742675781250e+02 2.220975780487060547e+02 3.757256269454956055e+02 1.000000000000000000e+00
2.542340373992919922e+02 2.592984938621520996e+02 2.439785623550415039e+02 2.711347675323486328e+02 2.276234149932861328e+02 2.767472863197326660e+02 2.000000000000000000e+00
2.077545642852783203e+02 3.976532649993896484e+02 2.226434421539306641e+02 4.097615432739257812e+02 2.331495380401611328e+02 4.158094882965087891e+02 1.000000000000000000e+00
2.684103393554687500e+02 2.111354666948318481e+02 2.564065217971801758e+02 2.217854154109954834e+02 2.378368663787841797e+02 2.262879627943038940e+02 2.000000000000000000e+00
4.098902034759521484e+02 2.879476046562194824e+02 3.884823942184448242e+02 2.862481391429901123e+02 3.744041156768798828e+02 2.901245141029357910e+02 2.000000000000000000e+00
2.596532297134399414e+02 4.227271842956542969e+02 2.746434926986694336e+02 4.349532222747802734e+02 2.850570368766784668e+02 4.409492540359497070e+02 1.000000000000000000e+00
1.685435009002685547e+02 4.195035552978515625e+02 1.834668254852294922e+02 4.316782665252685547e+02 1.940294647216796875e+02 4.379067134857177734e+02 1.000000000000000000e+00
1.436407279968261719e+02 3.564816641807556152e+02 1.586091041564941406e+02 3.686032104492187500e+02 1.691260528564453125e+02 3.747977399826049805e+02 1.000000000000000000e+00
2.759734201431274414e+02 2.945498979091644287e+02 2.672235107421875000e+02 3.075262498855590820e+02 2.522326803207397461e+02 3.141178035736083984e+02 2.000000000000000000e+00
2.750627756118774414e+02 2.607879352569580078e+02 2.664495849609375000e+02 2.725481271743774414e+02 2.523199748992919922e+02 2.781374537944793701e+02 2.000000000000000000e+00
3.119847106933593750e+02 1.635374736785888672e+02 3.007869565486907959e+02 1.732320213317871094e+02 2.833628225326538086e+02 1.766518664360046387e+02 2.000000000000000000e+00
2.829788804054260254e+02 3.939890527725219727e+02 2.977786254882812500e+02 4.060244178771972656e+02 3.081860351562500000e+02 4.119636583328247070e+02 1.000000000000000000e+00
3.380620729923248291e+02 3.654054021835327148e+02 3.528937077522277832e+02 3.774073505401611328e+02 3.633513212203979492e+02 3.832331371307373047e+02 1.000000000000000000e+00
1.193898391723632812e+02 3.874666786193847656e+02 1.344515419006347656e+02 3.996342229843139648e+02 1.450481033325195312e+02 4.057194900512695312e+02 1.000000000000000000e+00
2.702544260025024414e+02 2.645432442426681519e+02 2.607077646255493164e+02 2.764268803596496582e+02 2.451665353775024414e+02 2.823354220390319824e+02 2.000000000000000000e+00
2.039475059509277344e+02 3.797174406051635742e+02 2.186967563629150391e+02 3.918290805816650391e+02 2.292588138580322266e+02 3.979506969451904297e+02 1.000000000000000000e+00
4.793086528778076172e+02 2.063928830623626709e+02 4.763667297363281250e+02 2.170770102739334106e+02 4.678228759765625000e+02 2.216084736585617065e+02 2.000000000000000000e+00
2.100354099273681641e+02 2.283342584967613220e+02 1.971023559570312500e+02 2.394554595462977886e+02 1.777613925933837891e+02 2.444047853350639343e+02 2.000000000000000000e+00
5.629677200317382812e+02 4.296593427658081055e+02 5.781742668151855469e+02 4.416421365737915039e+02 5.887437248229980469e+02 4.475041866302490234e+02 1.000000000000000000e+00
3.102278745174407959e+02 2.864764416217803955e+02 3.017709350585937500e+02 2.990802633762359619e+02 2.872589421272277832e+02 3.054194068908691406e+02 2.000000000000000000e+00
4.139542865753173828e+02 2.583732300996780396e+02 4.067583656311035156e+02 2.701750195026397705e+02 3.936348581314086914e+02 2.758311796188354492e+02 2.000000000000000000e+00
2.620597219467163086e+02 1.773228120803833008e+02 2.496947336196899414e+02 1.873174881935119629e+02 2.310802745819091797e+02 1.908449685573577881e+02 2.000000000000000000e+00
3.112340086698532104e+02 3.462752151489257812e+02 3.261113590002059937e+02 3.583143353462219238e+02 3.364026486873626709e+02 3.642255020141601562e+02 1.000000000000000000e+00
2.006402301788330078e+02 3.725830793380737305e+02 2.155420207977294922e+02 3.847612094879150391e+02 2.262297534942626953e+02 3.909265279769897461e+02 1.000000000000000000e+00
1.998698425292968750e+02 1.888031888008117676e+02 1.870753288269042969e+02 1.991457653045654297e+02 1.670685577392578125e+02 2.033913087844848633e+02 2.000000000000000000e+00
4.105264282226562500e+02 2.526584628224372864e+02 4.032889747619628906e+02 2.644523334503173828e+02 3.899394226074218750e+02 2.700965881347656250e+02 2.000000000000000000e+00
3.563773798942565918e+02 1.801189863681793213e+02 3.462488412857055664e+02 1.899245738983154297e+02 3.303646850585937500e+02 1.937636554241180420e+02 2.000000000000000000e+00
3.430777907371520996e+02 1.744447731971740723e+02 3.328109133243560791e+02 1.842543160915374756e+02 3.161997678875923157e+02 1.879689145088195801e+02 2.000000000000000000e+00
3.021842956542968750e+02 2.564043277502059937e+02 2.927320241928100586e+02 2.681706243753433228e+02 2.771897268295288086e+02 2.736628139019012451e+02 2.000000000000000000e+00
3.978903198242187500e+02 1.954703056812286377e+02 3.899444580078125000e+02 2.057701992988586426e+02 3.758900165557861328e+02 2.098054325580596924e+02 2.000000000000000000e+00
2.126432323455810547e+02 4.247027635574340820e+02 2.276012134552001953e+02 4.367802858352661133e+02 2.380027103424072266e+02 4.428447961807250977e+02 1.000000000000000000e+00
4.342576885223388672e+02 2.003428781032562256e+02 4.282900142669677734e+02 2.106904435157775879e+02 4.175741577148437500e+02 2.151602768898010254e+02 2.000000000000000000e+00
1.796818637847900391e+02 4.115939998626708984e+02 1.945960235595703125e+02 4.237331628799438477e+02 2.050781536102294922e+02 4.298158407211303711e+02 1.000000000000000000e+00
2.717687654495239258e+02 4.068661880493164062e+02 2.866726684570312500e+02 4.190733718872070312e+02 2.970595097541809082e+02 4.250279045104980469e+02 1.000000000000000000e+00
1.172402763366699219e+02 4.002776241302490234e+02 1.322761535644531250e+02 4.124529790878295898e+02 1.429428100585937500e+02 4.185523796081542969e+02 1.000000000000000000e+00
2.275489616394042969e+02 4.296417617797851562e+02 2.424600219726562500e+02 4.418689012527465820e+02 2.529317140579223633e+02 4.478401565551757812e+02 1.000000000000000000e+00
3.273885196447372437e+02 2.190658092498779297e+02 3.163570860028266907e+02 2.298703300952911377e+02 2.990232539176940918e+02 2.344887690246105194e+02 2.000000000000000000e+00
1.897465610504150391e+02 3.845754718780517578e+02 2.047171115875244141e+02 3.967073392868041992e+02 2.153354930877685547e+02 4.027775287628173828e+02 1.000000000000000000e+00
2.759916687011718750e+02 3.939750766754150391e+02 2.907957148551940918e+02 4.060527133941650391e+02 3.011836850643157959e+02 4.120237541198730469e+02 1.000000000000000000e+00
2.977697443962097168e+02 4.020358085632324219e+02 3.126351928710937500e+02 4.141366910934448242e+02 3.231156921386718750e+02 4.200774908065795898e+02 1.000000000000000000e+00
2.306412982940673828e+02 4.096549415588378906e+02 2.455321788787841797e+02 4.217751932144165039e+02 2.559503030776977539e+02 4.278056430816650391e+02 1.000000000000000000e+00
1.416124153137207031e+02 3.644127559661865234e+02 1.566193771362304688e+02 3.766154479980468750e+02 1.671344757080078125e+02 3.827392673492431641e+02 1.000000000000000000e+00
1.567481040954589844e+02 3.544194102287292480e+02 1.717587375640869141e+02 3.666997146606445312e+02 1.822791385650634766e+02 3.727910470962524414e+02 1.000000000000000000e+00
3.261272281408309937e+02 3.594042706489562988e+02 3.409170532226562500e+02 3.714352512359619141e+02 3.514134836196899414e+02 3.773231649398803711e+02 1.000000000000000000e+00
2.312837696075439453e+02 1.937198603153228760e+02 2.170734405517578125e+02 2.042368912696838379e+02 1.991236877441406250e+02 2.079124438762664795e+02 2.000000000000000000e+00
2.439125204086303711e+02 3.709001255035400391e+02 2.587581777572631836e+02 3.831684064865112305e+02 2.690579509735107422e+02 3.891578149795532227e+02 1.000000000000000000e+00
1.525720405578613281e+02 4.064054918289184570e+02 1.675349140167236328e+02 4.186288261413574219e+02 1.780714130401611328e+02 4.246856832504272461e+02 1.000000000000000000e+00
3.490908813476562500e+02 3.503705191612243652e+02 3.639754343032836914e+02 3.623987817764282227e+02 3.743128347396850586e+02 3.682400894165039062e+02 1.000000000000000000e+00
3.038562619686126709e+02 3.911150264739990234e+02 3.186719055473804474e+02 4.032932281494140625e+02 3.291824036836624146e+02 4.091589117050170898e+02 1.000000000000000000e+00
1.975133609771728516e+02 4.216682195663452148e+02 2.124575328826904297e+02 4.337502479553222656e+02 2.229456806182861328e+02 4.398242568969726562e+02 1.000000000000000000e+00
1.234781074523925781e+02 3.514198637008666992e+02 1.385203361511230469e+02 3.635848188400268555e+02 1.490367889404296875e+02 3.697442722320556641e+02 1.000000000000000000e+00
1.183216094970703125e+02 4.103357076644897461e+02 1.333740043640136719e+02 4.225285434722900391e+02 1.440563964843750000e+02 4.285890054702758789e+02 1.000000000000000000e+00
1.277037620544433594e+02 3.734544181823730469e+02 1.426719856262207031e+02 3.856392574310302734e+02 1.533376884460449219e+02 3.917006635665893555e+02 1.000000000000000000e+00
2.901069641113281250e+02 2.550559544563293457e+02 2.811405014991760254e+02 2.666893333196640015e+02 2.653271484375000000e+02 2.722159445285797119e+02 2.000000000000000000e+00
1.614829349517822266e+02 3.914653730392456055e+02 1.765509510040283203e+02 4.036335468292236328e+02 1.868846702575683594e+02 4.096890592575073242e+02 1.000000000000000000e+00
3.278564149141311646e+02 3.901258563995361328e+02 3.426748657226562500e+02 4.021576881408691406e+02 3.530602431297302246e+02 4.081637620925903320e+02 1.000000000000000000e+00
1.456324195861816406e+02 4.023065328598022461e+02 1.605798053741455078e+02 4.145849132537841797e+02 1.712006664276123047e+02 4.204855728149414062e+02 1.000000000000000000e+00
2.856449270248413086e+02 4.199095201492309570e+02 3.005535280704498291e+02 4.320826148986816406e+02 3.110549312829971313e+02 4.380168628692626953e+02 1.000000000000000000e+00
2.804475402832031250e+02 2.622639781236648560e+02 2.718747234344482422e+02 2.739402186870574951e+02 2.576206970214843750e+02 2.794591069221496582e+02 2.000000000000000000e+00
1.367755889892578125e+02 3.734390687942504883e+02 1.517336654663085938e+02 3.857097530364990234e+02 1.622175407409667969e+02 3.917127513885498047e+02 1.000000000000000000e+00
3.461085200309753418e+02 3.643906974792480469e+02 3.609158039093017578e+02 3.764114427566528320e+02 3.713214731216430664e+02 3.822266292572021484e+02 1.000000000000000000e+00
2.620659780502319336e+02 2.591979074478149414e+02 2.519563436508178711e+02 2.709966766834259033e+02 2.357707977294921875e+02 2.767337679862976074e+02 2.000000000000000000e+00
3.542680668830871582e+02 2.594762277603149414e+02 3.463884592056274414e+02 2.711842668056488037e+02 3.326512455940246582e+02 2.766729140281677246e+02 2.000000000000000000e+00
2.413725137710571289e+02 4.275947713851928711e+02 2.564931917190551758e+02 4.398319816589355469e+02 2.669222688674926758e+02 4.458976221084594727e+02 1.000000000000000000e+00
3.630646371841430664e+02 3.595242404937744141e+02 3.779328298568725586e+02 3.715302228927612305e+02 3.882320547103881836e+02 3.772898626327514648e+02 1.000000000000000000e+00
3.485806274414062500e+02 2.671309214830398560e+02 3.430411982536315918e+02 2.791093468666076660e+02 3.316491091251373291e+02 2.847531473636627197e+02 2.000000000000000000e+00
3.311454772949218750e+02 3.533814454078674316e+02 3.458929133415222168e+02 3.654313373565673828e+02 3.564083552360534668e+02 3.712897109985351562e+02 1.000000000000000000e+00
2.375385761260986328e+02 4.147244310379028320e+02 2.525264406204223633e+02 4.268273448944091797e+02 2.629862070083618164e+02 4.329021978378295898e+02 1.000000000000000000e+00
2.006580924987792969e+02 3.916576337814331055e+02 2.155458831787109375e+02 4.037682867050170898e+02 2.262792491912841797e+02 4.098646259307861328e+02 1.000000000000000000e+00
5.077675819396972656e+02 3.251032161712646484e+02 5.226821327209472656e+02 3.371225309371948242e+02 5.331312370300292969e+02 3.427314805984497070e+02 1.000000000000000000e+00
3.261813658475875854e+02 2.323718261718750000e+02 3.150552368164062500e+02 2.435429535806179047e+02 2.977036428451538086e+02 2.485339969396591187e+02 2.000000000000000000e+00
2.076038074493408203e+02 4.136774682998657227e+02 2.225183868408203125e+02 4.258018255233764648e+02 2.330990409851074219e+02 4.318724441528320312e+02 1.000000000000000000e+00
2.275448131561279297e+02 4.205909585952758789e+02 2.424921846389770508e+02 4.327539539337158203e+02 2.529782247543334961e+02 4.387479972839355469e+02 1.000000000000000000e+00
2.379138946533203125e+02 3.578872132301330566e+02 2.529475831985473633e+02 3.700214338302612305e+02 2.634057903289794922e+02 3.759216642379760742e+02 1.000000000000000000e+00
3.129011839628219604e+02 3.930724811553955078e+02 3.277049255371093750e+02 4.052128028869628906e+02 3.381722104549407959e+02 4.110642814636230469e+02 1.000000000000000000e+00
3.945615243911743164e+02 2.864802896976470947e+02 4.059217262268066406e+02 3.005210924148559570e+02 3.987271738052368164e+02 3.067060589790344238e+02 2.000000000000000000e+00
1.434299468994140625e+02 3.894951868057250977e+02 1.584035682678222656e+02 4.016956901550292969e+02 1.688971042633056641e+02 4.077236080169677734e+02 1.000000000000000000e+00
2.545259857177734375e+02 1.739609026908874512e+02 2.421469116210937500e+02 1.837781023979187012e+02 2.231184864044189453e+02 1.874038517475128174e+02 2.000000000000000000e+00
3.326615905761718750e+02 2.002593362331390381e+02 3.217213745415210724e+02 2.107540726661682129e+02 3.046644282341003418e+02 2.150629252195358276e+02 2.000000000000000000e+00
3.828148221969604492e+02 2.802452731132507324e+02 3.755586862564086914e+02 2.927178668975830078e+02 3.623604154586791992e+02 2.991233539581298828e+02 2.000000000000000000e+00
2.851183462142944336e+02 3.830131959915161133e+02 2.998848271369934082e+02 3.949880504608154297e+02 3.102384948730468750e+02 4.008464384078979492e+02 1.000000000000000000e+00
3.660833120346069336e+02 3.524842858314514160e+02 3.809463834762573242e+02 3.645170974731445312e+02 3.912409353256225586e+02 3.703346014022827148e+02 1.000000000000000000e+00
4.506644344329833984e+02 2.442762453854084015e+02 4.463453102111816406e+02 2.559257358312606812e+02 4.363184261322021484e+02 2.614286506175994873e+02 2.000000000000000000e+00
2.856526780128479004e+02 4.089251518249511719e+02 3.005830383300781250e+02 4.210234451293945312e+02 3.110484009981155396e+02 4.270008659362792969e+02 1.000000000000000000e+00
2.581755065917968750e+02 2.081698143482208252e+02 2.456140899658203125e+02 2.186461329460144043e+02 2.268552684783935547e+02 2.232204437255859375e+02 2.000000000000000000e+00
3.871949481964111328e+02 2.403482666239142418e+02 3.791021442413330078e+02 2.518884739279747009e+02 3.649788522720336914e+02 2.571589976549148560e+02 2.000000000000000000e+00
2.506345653533935547e+02 4.128388452529907227e+02 2.655894470214843750e+02 4.250460863113403320e+02 2.759352111816406250e+02 4.310421609878540039e+02 1.000000000000000000e+00
3.351918339729309082e+02 2.183975368738174438e+02 3.249407655000686646e+02 2.292061606049537659e+02 3.080451357364654541e+02 2.338085782527923584e+02 2.000000000000000000e+00
2.848994445800781250e+02 4.009515094757080078e+02 2.997452688217163086e+02 4.130365991592407227e+02 3.101529842615127563e+02 4.189922618865966797e+02 1.000000000000000000e+00
1.535227203369140625e+02 4.185136556625366211e+02 1.685102081298828125e+02 4.306715154647827148e+02 1.790095329284667969e+02 4.367967081069946289e+02 1.000000000000000000e+00
2.921147751808166504e+02 3.451037979125976562e+02 3.068698418140411377e+02 3.571680665016174316e+02 3.171934202313423157e+02 3.631723022460937500e+02 1.000000000000000000e+00
1.364042091369628906e+02 3.904282236099243164e+02 1.513937377929687500e+02 4.026457357406616211e+02 1.619042205810546875e+02 4.086748409271240234e+02 1.000000000000000000e+00
1.755436515808105469e+02 4.215058994293212891e+02 1.903949451446533203e+02 4.336654472351074219e+02 2.008805942535400391e+02 4.398121404647827148e+02 1.000000000000000000e+00
3.195504760742187500e+02 1.918236672878265381e+02 3.084145808219909668e+02 2.022071528434753418e+02 2.910164785385131836e+02 2.063169836997985840e+02 2.000000000000000000e+00
1.442398071289062500e+02 4.225704431533813477e+02 1.592879486083984375e+02 4.347038698196411133e+02 1.697154235839843750e+02 4.406765556335449219e+02 1.000000000000000000e+00
1.353937530517578125e+02 4.072381353378295898e+02 1.504869461059570312e+02 4.195336103439331055e+02 1.610747051239013672e+02 4.254757547378540039e+02 1.000000000000000000e+00
1.305746650695800781e+02 3.553917932510375977e+02 1.455565261840820312e+02 3.675611400604248047e+02 1.561037063598632812e+02 3.736885499954223633e+02 1.000000000000000000e+00
1.905827331542968750e+02 3.604032897949218750e+02 2.054016399383544922e+02 3.725136852264404297e+02 2.154622745513916016e+02 3.785044956207275391e+02 1.000000000000000000e+00
3.830820608139038086e+02 2.918360638618469238e+02 3.758844900131225586e+02 3.046249723434448242e+02 3.627164602279663086e+02 3.112423753738403320e+02 2.000000000000000000e+00
1.557771110534667969e+02 3.514625930786132812e+02 1.707724285125732422e+02 3.637670946121215820e+02 1.811474609375000000e+02 3.698672533035278320e+02 1.000000000000000000e+00
2.968663930892944336e+02 3.891031551361083984e+02 3.116047972440719604e+02 4.012502288818359375e+02 3.221517029404640198e+02 4.071948623657226562e+02 1.000000000000000000e+00
3.661360168457031250e+02 3.424271607398986816e+02 3.809996938705444336e+02 3.544881677627563477e+02 3.912554931640625000e+02 3.603793430328369141e+02 1.000000000000000000e+00
4.121097469329833984e+02 3.376527142524719238e+02 4.270764446258544922e+02 3.496962046623229980e+02 4.374197101593017578e+02 3.554618310928344727e+02 1.000000000000000000e+00
4.988151931762695312e+02 3.251226568222045898e+02 5.135442543029785156e+02 3.371354699134826660e+02 5.240535926818847656e+02 3.427443265914916992e+02 1.000000000000000000e+00
2.809519958496093750e+02 2.901977884769439697e+02 2.724196767807006836e+02 3.032765865325927734e+02 2.575466918945312500e+02 3.098462533950805664e+02 2.000000000000000000e+00
2.489464426040649414e+02 4.008538055419921875e+02 2.637136507034301758e+02 4.129895782470703125e+02 2.742010784149169922e+02 4.189590311050415039e+02 1.000000000000000000e+00
2.227436065673828125e+02 4.007143878936767578e+02 2.375834178924560547e+02 4.128733921051025391e+02 2.480532693862915039e+02 4.189797449111938477e+02 1.000000000000000000e+00
3.850207853317260742e+02 3.515776133537292480e+02 3.999040842056274414e+02 3.635774230957031250e+02 4.102743816375732422e+02 3.694099473953247070e+02 1.000000000000000000e+00
1.838951969146728516e+02 3.585974764823913574e+02 1.987417888641357422e+02 3.708120203018188477e+02 2.090401935577392578e+02 3.768168067932128906e+02 1.000000000000000000e+00
1.937542057037353516e+02 1.772734808921813965e+02 1.806660556793212891e+02 1.874830126762390137e+02 1.608505821228027344e+02 1.925860583782196045e+02 2.000000000000000000e+00
4.092493915557861328e+02 3.177645635604858398e+02 4.239990234375000000e+02 3.297071242332458496e+02 4.343697834014892578e+02 3.355348849296569824e+02 1.000000000000000000e+00
4.234829139709472656e+02 2.496369785070419312e+02 4.169390296936035156e+02 2.613238835334777832e+02 4.044546222686767578e+02 2.667173480987548828e+02 2.000000000000000000e+00
3.400899362564086914e+02 3.573645687103271484e+02 3.549253845214843750e+02 3.694003629684448242e+02 3.653257131576538086e+02 3.752209854125976562e+02 1.000000000000000000e+00
3.408325815200805664e+02 2.258172449469566345e+02 3.303399968147277832e+02 2.367646788060665131e+02 3.134544676542282104e+02 2.416695252433419228e+02 2.000000000000000000e+00
4.172537231445312500e+02 3.188410091400146484e+02 4.320305156707763672e+02 3.308189105987548828e+02 4.423633098602294922e+02 3.365726351737976074e+02 1.000000000000000000e+00
2.484006929397583008e+02 1.783575439453125000e+02 2.358216571807861328e+02 1.882971024513244629e+02 2.165105247497558594e+02 1.918365454673767090e+02 2.000000000000000000e+00
3.463314223289489746e+02 3.344264888763427734e+02 3.610936594009399414e+02 3.463215422630310059e+02 3.713619995117187500e+02 3.521808242797851562e+02 1.000000000000000000e+00
2.463273143768310547e+02 2.518857121467590332e+02 2.359813976287841797e+02 2.637367558479309082e+02 2.196091461181640625e+02 2.693758857250213623e+02 2.000000000000000000e+00
1.664112663269042969e+02 3.747880268096923828e+02 1.814978313446044922e+02 3.868323755264282227e+02 1.921275615692138672e+02 3.929218769073486328e+02 1.000000000000000000e+00
1.253707504272460938e+02 4.163006687164306641e+02 1.404779243469238281e+02 4.285691928863525391e+02 1.511293983459472656e+02 4.345655965805053711e+02 1.000000000000000000e+00
2.967344355583190918e+02 4.099704980850219727e+02 3.116491699218750000e+02 4.220336151123046875e+02 3.221276549994945526e+02 4.279827976226806641e+02 1.000000000000000000e+00
1.315535926818847656e+02 3.643888378143310547e+02 1.465929031372070312e+02 3.766289091110229492e+02 1.571107673645019531e+02 3.826537227630615234e+02 1.000000000000000000e+00
1.243833923339843750e+02 3.943644189834594727e+02 1.394538688659667969e+02 4.065899133682250977e+02 1.500285911560058594e+02 4.126738071441650391e+02 1.000000000000000000e+00
2.275398254394531250e+02 2.185497432947158813e+02 2.146304035186767578e+02 2.294759666919708252e+02 1.952592182159423828e+02 2.341206966340541840e+02 2.000000000000000000e+00
3.391061711311340332e+02 3.723816347122192383e+02 3.539227914810180664e+02 3.844302749633789062e+02 3.643390226364135742e+02 3.902393531799316406e+02 1.000000000000000000e+00
3.344635927677154541e+02 1.806563222408294678e+02 3.241628417372703552e+02 1.904122138023376465e+02 3.073077392578125000e+02 1.940162193775177002e+02 2.000000000000000000e+00
4.181787395477294922e+02 3.277632522583007812e+02 4.329729366302490234e+02 3.398039889335632324e+02 4.434162616729736328e+02 3.455793213844299316e+02 1.000000000000000000e+00
3.700551748275756836e+02 3.594998216629028320e+02 3.849102163314819336e+02 3.715024137496948242e+02 3.952372455596923828e+02 3.772825670242309570e+02 1.000000000000000000e+00
3.988484525680541992e+02 2.402304229885339737e+02 3.914785146713256836e+02 2.515893861651420593e+02 3.783515930175781250e+02 2.568998730182647705e+02 2.000000000000000000e+00
2.126666069030761719e+02 4.066882038116455078e+02 2.275910663604736328e+02 4.187919759750366211e+02 2.382146167755126953e+02 4.248580169677734375e+02 1.000000000000000000e+00
3.264409792423248291e+02 3.393726825714111328e+02 3.412346506118774414e+02 3.513256859779357910e+02 3.516337895393371582e+02 3.571946454048156738e+02 1.000000000000000000e+00
2.109044170379638672e+02 3.787406444549560547e+02 2.257282066345214844e+02 3.907621192932128906e+02 2.362674427032470703e+02 3.969292974472045898e+02 1.000000000000000000e+00
2.418587636947631836e+02 3.887980413436889648e+02 2.568245840072631836e+02 4.008940172195434570e+02 2.672522878646850586e+02 4.068381500244140625e+02 1.000000000000000000e+00
