5.634309196472167969e+02 4.327615785598754883e+02 5.833034706115722656e+02 4.406894302368164062e+02 6.063674926757812500e+02 4.511000490188598633e+02 2.000000000000000000e+00
2.253040122985839844e+02 4.373323488235473633e+02 2.428960275650024414e+02 4.433271217346191406e+02 2.630485820770263672e+02 4.514831686019897461e+02 2.000000000000000000e+00
2.081518840789794922e+02 4.289900064468383789e+02 2.258460235595703125e+02 4.348797655105590820e+02 2.459904003143310547e+02 4.430192327499389648e+02 2.000000000000000000e+00
2.157947063446044922e+02 4.361465263366699219e+02 2.334675693511962891e+02 4.420956516265869141e+02 2.536066102981567383e+02 4.502221727371215820e+02 2.000000000000000000e+00
2.260777282714843750e+02 4.235720014572143555e+02 2.437374114990234375e+02 4.296161556243896484e+02 2.638200664520263672e+02 4.376714229583740234e+02 2.000000000000000000e+00
2.467230844497680664e+02 4.107118606567382812e+02 2.644054269790649414e+02 4.168168401718139648e+02 2.844178462028503418e+02 4.250419378280639648e+02 2.000000000000000000e+00
2.995408940315246582e+02 1.631504917144775391e+02 2.871382451057434082e+02 1.672533988952636719e+02 2.770060110092163086e+02 1.735718679428100586e+02 1.000000000000000000e+00
5.675937461853027344e+02 4.429668617248535156e+02 5.874533081054687500e+02 4.509148693084716797e+02 6.106575965881347656e+02 4.613830661773681641e+02 2.000000000000000000e+00
2.353349876403808594e+02 1.505667972564697266e+02 2.232059001922607422e+02 1.561085772514343262e+02 2.133842945098876953e+02 1.638580584526062012e+02 1.000000000000000000e+00
2.191122436523437500e+02 1.546222043037414551e+02 2.068328952789306641e+02 1.588277578353881836e+02 1.972012042999267578e+02 1.652487587928771973e+02 1.000000000000000000e+00
2.562753582000732422e+02 4.179291486740112305e+02 2.738543987274169922e+02 4.240888452529907227e+02 2.938897705078125000e+02 4.323297214508056641e+02 2.000000000000000000e+00
2.174798107147216797e+02 4.283638143539428711e+02 2.351250171661376953e+02 4.343187904357910156e+02 2.552913808822631836e+02 4.424319219589233398e+02 2.000000000000000000e+00
2.428415203094482422e+02 4.234424829483032227e+02 2.606018066406250000e+02 4.295143890380859375e+02 2.805410146713256836e+02 4.376832389831542969e+02 2.000000000000000000e+00
2.221981334686279297e+02 4.168163824081420898e+02 2.398460483551025391e+02 4.228308820724487305e+02 2.599675273895263672e+02 4.309310388565063477e+02 2.000000000000000000e+00
2.361561298370361328e+02 4.154134941101074219e+02 2.538055706024169922e+02 4.215043973922729492e+02 2.738193941116333008e+02 4.296032810211181641e+02 2.000000000000000000e+00
2.545600557327270508e+02 3.707120704650878906e+02 2.720956420898437500e+02 3.767590427398681641e+02 2.923355698585510254e+02 3.849976301193237305e+02 2.000000000000000000e+00
2.382697772979736328e+02 4.544823074340820312e+02 2.558118867874145508e+02 4.605069065093994141e+02 2.758898591995239258e+02 4.688398504257202148e+02 2.000000000000000000e+00
2.667770051956176758e+02 4.162423181533813477e+02 2.843945002555847168e+02 4.223857212066650391e+02 3.044413757324218750e+02 4.307017850875854492e+02 2.000000000000000000e+00
2.302392101287841797e+02 1.363600873947143555e+02 2.192758464813232422e+02 1.417142772674560547e+02 2.107329559326171875e+02 1.493836784362792969e+02 1.000000000000000000e+00
2.578772878646850586e+02 4.287599945068359375e+02 2.755262756347656250e+02 4.350213146209716797e+02 2.954845571517944336e+02 4.432309913635253906e+02 2.000000000000000000e+00
2.184332275390625000e+02 1.639698171615600586e+02 2.060803031921386719e+02 1.682168412208557129e+02 1.962300205230712891e+02 1.746796846389770508e+02 1.000000000000000000e+00
2.333759784698486328e+02 1.628121900558471680e+02 2.208376789093017578e+02 1.678419184684753418e+02 2.106086540222167969e+02 1.750600433349609375e+02 1.000000000000000000e+00
1.851559734344482422e+02 1.519089889526367188e+02 1.742105102539062500e+02 1.562740588188171387e+02 1.657040405273437500e+02 1.631228756904602051e+02 1.000000000000000000e+00
2.266329479217529297e+02 1.640065455436706543e+02 2.140988731384277344e+02 1.686932158470153809e+02 2.039027214050292969e+02 1.755593562126159668e+02 1.000000000000000000e+00
1.918579673767089844e+02 4.176899814605712891e+02 2.096191120147705078e+02 4.234445571899414062e+02 2.297762012481689453e+02 4.314549064636230469e+02 2.000000000000000000e+00
2.119499778747558594e+02 1.582523632049560547e+02 1.999440097808837891e+02 1.622848892211914062e+02 1.904940891265869141e+02 1.684595131874084473e+02 1.000000000000000000e+00
3.507363891601562500e+02 3.768330144882202148e+02 3.685196256637573242e+02 3.833200693130493164e+02 3.887284564971923828e+02 3.918014287948608398e+02 2.000000000000000000e+00
2.328535938262939453e+02 1.298844838142395020e+02 2.216616630554199219e+02 1.351234960556030273e+02 2.130205345153808594e+02 1.426231169700622559e+02 1.000000000000000000e+00
2.452786540985107422e+02 3.803964614868164062e+02 2.630673217773437500e+02 3.864472389221191406e+02 2.831560659408569336e+02 3.946164035797119141e+02 2.000000000000000000e+00
1.890049552917480469e+02 4.328733301162719727e+02 2.066719627380371094e+02 4.386937665939331055e+02 2.268964672088623047e+02 4.466744184494018555e+02 2.000000000000000000e+00
2.274620914459228516e+02 1.564635300636291504e+02 2.150633716583251953e+02 1.613700199127197266e+02 2.050225830078125000e+02 1.684538197517395020e+02 1.000000000000000000e+00
4.002881145477294922e+02 4.325474023818969727e+02 4.181759357452392578e+02 4.394318103790283203e+02 4.387764263153076172e+02 4.485044717788696289e+02 2.000000000000000000e+00
2.091402721405029297e+02 1.419697380065917969e+02 1.980819416046142578e+02 1.459928226470947266e+02 1.894755077362060547e+02 1.524386215209960938e+02 1.000000000000000000e+00
2.875156855583190918e+02 1.899620318412780762e+02 2.750616741180419922e+02 1.936656939983367920e+02 2.650321626663208008e+02 2.001441943645477295e+02 1.000000000000000000e+00
2.084022045135498047e+02 1.515261340141296387e+02 1.968363666534423828e+02 1.553074479103088379e+02 1.878873443603515625e+02 1.613056755065917969e+02 1.000000000000000000e+00
3.824298715591430664e+02 3.724335765838623047e+02 4.003087806701660156e+02 3.789771223068237305e+02 4.206929969787597656e+02 3.875359582901000977e+02 2.000000000000000000e+00
2.608339834213256836e+02 4.396819210052490234e+02 2.784479951858520508e+02 4.458982944488525391e+02 2.984297490119934082e+02 4.542092370986938477e+02 2.000000000000000000e+00
1.763261890411376953e+02 2.005840265750885010e+02 1.653678131103515625e+02 2.043826568126678467e+02 1.571093750000000000e+02 2.106428360939025879e+02 1.000000000000000000e+00
2.419125032424926758e+02 1.414284038543701172e+02 2.302947998046875000e+02 1.471365451812744141e+02 2.210329437255859375e+02 1.549771213531494141e+02 1.000000000000000000e+00
3.280800479650497437e+02 4.263502836227416992e+02 3.456994628906250000e+02 4.327873277664184570e+02 3.659169912338256836e+02 4.414350986480712891e+02 2.000000000000000000e+00
2.240778350830078125e+02 1.293924522399902344e+02 2.133357524871826172e+02 1.341981911659240723e+02 2.050787830352783203e+02 1.413707041740417480e+02 1.000000000000000000e+00
3.438025212287902832e+02 3.817210149765014648e+02 3.615553617477416992e+02 3.881737375259399414e+02 3.817724609375000000e+02 3.966632795333862305e+02 2.000000000000000000e+00
2.793186950683593750e+02 4.314471244812011719e+02 2.968251943588256836e+02 4.376182365417480469e+02 3.169618529081344604e+02 4.460401439666748047e+02 2.000000000000000000e+00
1.726095676422119141e+02 1.690336561203002930e+02 1.617347240447998047e+02 1.730767607688903809e+02 1.533366966247558594e+02 1.795366001129150391e+02 1.000000000000000000e+00
3.754837656021118164e+02 3.763417053222656250e+02 3.933436918258666992e+02 3.828532218933105469e+02 4.137206459045410156e+02 3.914491939544677734e+02 2.000000000000000000e+00
1.146948623657226562e+02 2.442277680337429047e+02 1.045210456848144531e+02 2.483816689252853394e+02 9.712387084960937500e+01 2.542129370570182800e+02 1.000000000000000000e+00
2.170488548278808594e+02 1.465678024291992188e+02 2.053518772125244141e+02 1.507737064361572266e+02 1.961932182312011719e+02 1.572256278991699219e+02 1.000000000000000000e+00
4.156995773315429688e+01 1.598799848556518555e+02 3.271017074584960938e+01 1.642551398277282715e+02 2.664728164672851562e+01 1.711063671112060547e+02 1.000000000000000000e+00
4.661424636840820312e+01 2.035277223587036133e+02 3.722101211547851562e+01 2.074015796184539795e+02 3.086839675903320312e+01 2.136851173639297485e+02 1.000000000000000000e+00
7.756351470947265625e+01 2.375375517457723618e+02 6.915395736694335938e+01 2.417582855746150017e+02 6.223621368408203125e+01 2.475588539242744446e+02 1.000000000000000000e+00
2.337495517730712891e+02 4.366727113723754883e+02 2.513608074188232422e+02 4.426782703399658203e+02 2.714510488510131836e+02 4.509278440475463867e+02 2.000000000000000000e+00
3.223392944037914276e+02 4.081406879425048828e+02 3.399707639217376709e+02 4.145198392868041992e+02 3.601338529586791992e+02 4.230726099014282227e+02 2.000000000000000000e+00
2.918878769874572754e+02 4.448776674270629883e+02 3.094495546817779541e+02 4.512475633621215820e+02 3.296106570959091187e+02 4.597860574722290039e+02 2.000000000000000000e+00
2.362496471405029297e+02 4.054629564285278320e+02 2.539140319824218750e+02 4.115282678604125977e+02 2.739497661590576172e+02 4.196476507186889648e+02 2.000000000000000000e+00
2.378191375732421875e+02 1.587440872192382812e+02 2.254931926727294922e+02 1.639921259880065918e+02 2.154616546630859375e+02 1.713904666900634766e+02 1.000000000000000000e+00
1.064009666442871094e+02 1.990051245689392090e+02 9.642347335815429688e+01 2.028064262866973877e+02 8.902936935424804688e+01 2.090299057960510254e+02 1.000000000000000000e+00
3.913157033920288086e+02 3.725343418121337891e+02 4.091732788085937500e+02 3.791312885284423828e+02 4.296132850646972656e+02 3.876847314834594727e+02 2.000000000000000000e+00
3.183085326850414276e+02 4.210923242568969727e+02 3.359719848632812500e+02 4.274935054779052734e+02 3.561677861213684082e+02 4.360560035705566406e+02 2.000000000000000000e+00
2.106445026397705078e+02 1.360150122642517090e+02 1.999843597412109375e+02 1.401971197128295898e+02 1.917022705078125000e+02 1.467433762550354004e+02 1.000000000000000000e+00
1.839925384521484375e+02 2.376324460655450821e+02 1.726171970367431641e+02 2.420449067652225494e+02 1.641142272949218750e+02 2.482154238224029541e+02 1.000000000000000000e+00
3.525175786018371582e+02 4.369669532775878906e+02 3.702766132354736328e+02 4.435693502426147461e+02 3.905057668685913086e+02 4.523729610443115234e+02 2.000000000000000000e+00
3.298269349336624146e+02 4.404303932189941406e+02 3.475124812126159668e+02 4.469106531143188477e+02 3.677166748046875000e+02 4.556402635574340820e+02 2.000000000000000000e+00
2.252676486968994141e+02 1.503872323036193848e+02 2.129800510406494141e+02 1.552293491363525391e+02 2.031364917755126953e+02 1.622237992286682129e+02 1.000000000000000000e+00
3.843527555465698242e+02 4.483238697052001953e+02 4.021196651458740234e+02 4.552501630783081055e+02 4.225750732421875000e+02 4.643405914306640625e+02 2.000000000000000000e+00
1.958045673370361328e+02 2.595128488540649414e+02 1.848154449462890625e+02 2.628636485338211060e+02 1.764747428894042969e+02 2.684614580869674683e+02 1.000000000000000000e+00
5.108037376403808594e+02 4.220186805725097656e+02 5.296958732604980469e+02 4.293691205978393555e+02 5.515476799011230469e+02 4.390395355224609375e+02 2.000000000000000000e+00
2.672617197036743164e+02 3.486028504371643066e+02 2.849781799316406250e+02 3.547251677513122559e+02 3.050580751895904541e+02 3.629050683975219727e+02 2.000000000000000000e+00
1.297295379638671875e+02 1.650372862815856934e+02 1.196869277954101562e+02 1.689767575263977051e+02 1.124655914306640625e+02 1.757574248313903809e+02 1.000000000000000000e+00
1.872528934478759766e+02 1.796020317077636719e+02 1.761759185791015625e+02 1.834768331050872803e+02 1.674408054351806641e+02 1.899201929569244385e+02 1.000000000000000000e+00
3.972464609146118164e+02 3.796554279327392578e+02 4.150723552703857422e+02 3.863351583480834961e+02 4.356127929687500000e+02 3.949064683914184570e+02 2.000000000000000000e+00
2.027889347076416016e+02 2.453262788057327271e+02 1.913558483123779297e+02 2.492613834142684937e+02 1.828399181365966797e+02 2.549258431792259216e+02 1.000000000000000000e+00
3.280699461698532104e+02 3.794731807708740234e+02 3.457610177993774414e+02 3.857683467864990234e+02 3.659608459472656250e+02 3.942211675643920898e+02 2.000000000000000000e+00
2.178776836395263672e+02 1.305858564376831055e+02 2.072210502624511719e+02 1.351770114898681641e+02 1.989642620086669922e+02 1.420675635337829590e+02 1.000000000000000000e+00
1.897517490386962891e+02 2.216792893409729004e+02 1.786117839813232422e+02 2.252552327513694763e+02 1.701119804382324219e+02 2.313643947243690491e+02 1.000000000000000000e+00
2.966924118995666504e+02 4.243199014663696289e+02 3.144260555505752563e+02 4.306582975387573242e+02 3.344338989257812500e+02 4.390914344787597656e+02 2.000000000000000000e+00
3.229676207900047302e+02 4.352701520919799805e+02 3.406096506118774414e+02 4.417172098159790039e+02 3.607882070541381836e+02 4.504503250122070312e+02 2.000000000000000000e+00
3.710176420211791992e+02 4.507515621185302734e+02 3.888202238082885742e+02 4.576223516464233398e+02 4.092319011688232422e+02 4.666548871994018555e+02 2.000000000000000000e+00
1.917063999176025391e+02 1.386297583580017090e+02 1.804891300201416016e+02 1.431077957153320312e+02 1.717752170562744141e+02 1.500510048866271973e+02 1.000000000000000000e+00
2.705144357681274414e+02 4.349474573135375977e+02 2.880564570426940918e+02 4.412169885635375977e+02 3.080475151538848877e+02 4.494767618179321289e+02 2.000000000000000000e+00
3.615973806381225586e+02 3.821781349182128906e+02 3.793728637695312500e+02 3.886493968963623047e+02 3.996268033981323242e+02 3.972677707672119141e+02 2.000000000000000000e+00
4.163081073760986328e+02 3.811179256439208984e+02 4.343216228485107422e+02 3.877120685577392578e+02 4.548787593841552734e+02 3.964935350418090820e+02 2.000000000000000000e+00
4.072632122039794922e+02 4.366556453704833984e+02 4.251369380950927734e+02 4.435617113113403320e+02 4.457801818847656250e+02 4.526710939407348633e+02 2.000000000000000000e+00
4.345935344696044922e+02 4.500114870071411133e+02 4.527164649963378906e+02 4.572317361831665039e+02 4.736491680145263672e+02 4.666468334197998047e+02 2.000000000000000000e+00
3.417861628532409668e+02 4.127403688430786133e+02 3.595647883415222168e+02 4.193253564834594727e+02 3.797264432907104492e+02 4.278499174118041992e+02 2.000000000000000000e+00
4.083236694335937500e+01 1.373098540306091309e+02 3.214191436767578125e+01 1.418602395057678223e+02 2.618112564086914062e+01 1.489889359474182129e+02 1.000000000000000000e+00
4.052593135833740234e+02 4.520337581634521484e+02 4.232412433624267578e+02 4.591371631622314453e+02 4.438524818420410156e+02 4.683882236480712891e+02 2.000000000000000000e+00
3.525728464126586914e+02 3.497970056533813477e+02 3.703615140914916992e+02 3.561201810836791992e+02 3.905313444137573242e+02 3.645277404785156250e+02 2.000000000000000000e+00
3.495685744285583496e+02 4.289277076721191406e+02 3.673446655273437500e+02 4.355324792861938477e+02 3.875315570831298828e+02 4.442574834823608398e+02 2.000000000000000000e+00
3.705077219009399414e+02 3.973324728012084961e+02 3.883166217803955078e+02 4.038804101943969727e+02 4.086611938476562500e+02 4.126163434982299805e+02 2.000000000000000000e+00
3.007009577751159668e+02 4.422229671478271484e+02 3.183138732612133026e+02 4.485904312133789062e+02 3.384330749511718750e+02 4.572179031372070312e+02 2.000000000000000000e+00
3.815214252471923828e+02 3.914390659332275391e+02 3.993821716308593750e+02 3.981216859817504883e+02 4.197167968750000000e+02 4.067401456832885742e+02 2.000000000000000000e+00
1.337501144409179688e+02 2.136547833681106567e+02 1.234226417541503906e+02 2.172366160154342651e+02 1.158313179016113281e+02 2.234188377857208252e+02 1.000000000000000000e+00
2.889425039291381836e+02 2.083861684799194336e+02 2.765659761428833008e+02 2.119298225641250610e+02 2.665720510482788086e+02 2.181355118751525879e+02 1.000000000000000000e+00
7.661058425903320312e+01 2.074683666229248047e+02 7.416690826416015625e+01 2.122988730669021606e+02 7.411808013916015625e+01 2.192342662811279297e+02 1.000000000000000000e+00
2.291608715057373047e+02 3.974119663238525391e+02 2.468082571029663086e+02 4.034811830520629883e+02 2.669446706771850586e+02 4.115171241760253906e+02 2.000000000000000000e+00
2.088723850250244141e+02 2.348386685550212860e+02 1.974956607818603516e+02 2.384712523967027664e+02 1.887856578826904297e+02 2.444390568137168884e+02 1.000000000000000000e+00
3.718166351318359375e+01 2.095362997055053711e+02 2.776147842407226562e+01 2.134608596563339233e+02 2.120344161987304688e+01 2.195579516887664795e+02 1.000000000000000000e+00
3.854112577438354492e+02 4.279375076293945312e+02 4.032335853576660156e+02 4.347110652923583984e+02 4.237091064453125000e+02 4.436893415451049805e+02 2.000000000000000000e+00
1.884202575683593750e+02 2.013410317897796631e+02 1.772833728790283203e+02 2.050744450092315674e+02 1.685542583465576172e+02 2.113341057300567627e+02 1.000000000000000000e+00
4.103424739837646484e+02 3.590654683113098145e+02 4.282910156250000000e+02 3.656700468063354492e+02 4.491423988342285156e+02 3.741572570800781250e+02 2.000000000000000000e+00
3.437986445426940918e+02 3.717403650283813477e+02 3.615415334701538086e+02 3.781859779357910156e+02 3.817605924606323242e+02 3.866229915618896484e+02 2.000000000000000000e+00
1.199477386474609375e+02 1.957693898677825928e+02 1.096850204467773438e+02 1.996229231357574463e+02 1.022221946716308594e+02 2.058410775661468506e+02 1.000000000000000000e+00
1.810162067413330078e+02 2.463200381398200989e+02 1.696240043640136719e+02 2.502990576624870300e+02 1.613190460205078125e+02 2.559340220689773560e+02 1.000000000000000000e+00
1.176842117309570312e+02 2.118764179944992065e+02 1.077161598205566406e+02 2.156317734718322754e+02 1.003037452697753906e+02 2.217576438188552856e+02 1.000000000000000000e+00
3.124580991268157959e+02 4.149421119689941406e+02 3.301269531250000000e+02 4.213339376449584961e+02 3.502967524528503418e+02 4.298136663436889648e+02 2.000000000000000000e+00
2.513425445556640625e+02 4.531620025634765625e+02 2.688523244857788086e+02 4.593224859237670898e+02 2.889184570312500000e+02 4.676343441009521484e+02 2.000000000000000000e+00
2.737342834472656250e+01 1.638925266265869141e+02 1.860771179199218750e+01 1.681293582916259766e+02 1.269844055175781250e+01 1.748812508583068848e+02 1.000000000000000000e+00
2.642192697525024414e+02 3.612850999832153320e+02 2.818312668800354004e+02 3.673433876037597656e+02 3.019382011890411377e+02 3.755843925476074219e+02 2.000000000000000000e+00
2.277808856964111328e+02 4.110266447067260742e+02 2.455457305908203125e+02 4.171232414245605469e+02 2.655516338348388672e+02 4.251659917831420898e+02 2.000000000000000000e+00
3.009119570255279541e+02 3.837432575225830078e+02 3.185597229003906250e+02 3.900404691696166992e+02 3.386638796329498291e+02 3.983826684951782227e+02 2.000000000000000000e+00
1.346771049499511719e+02 2.523741307854652405e+02 1.243910026550292969e+02 2.557110607624053955e+02 1.168345642089843750e+02 2.613636785745620728e+02 1.000000000000000000e+00
2.681507873535156250e+02 3.770736122131347656e+02 2.856625962257385254e+02 3.831551885604858398e+02 3.058369135856628418e+02 3.914071798324584961e+02 2.000000000000000000e+00
2.731749582290649414e+02 3.203150081634521484e+02 2.908237004280090332e+02 3.263602638244628906e+02 3.109705811738967896e+02 3.344905471801757812e+02 2.000000000000000000e+00
3.405986332893371582e+02 3.606617832183837891e+02 3.583374953269958496e+02 3.670375728607177734e+02 3.784967947006225586e+02 3.754353046417236328e+02 2.000000000000000000e+00
3.083693850040435791e+02 1.876588261127471924e+02 2.962233877182006836e+02 1.916668510437011719e+02 2.863775944709777832e+02 1.980691802501678467e+02 1.000000000000000000e+00
2.426475191116333008e+02 1.321553921699523926e+02 2.313694572448730469e+02 1.378334569931030273e+02 2.224127006530761719e+02 1.456491637229919434e+02 1.000000000000000000e+00
3.812606811523437500e+02 3.583685374259948730e+02 3.990758085250854492e+02 3.648126554489135742e+02 4.194078350067138672e+02 3.733592891693115234e+02 2.000000000000000000e+00
6.216957092285156250e+01 2.032534325122833252e+02 5.299446105957031250e+01 2.071146690845489502e+02 4.651113510131835938e+01 2.133956587314605713e+02 1.000000000000000000e+00
3.994282865524291992e+02 4.079654073715209961e+02 4.173954486846923828e+02 4.147739982604980469e+02 4.379716205596923828e+02 4.236613225936889648e+02 2.000000000000000000e+00
3.545764780044555664e+02 4.130810880661010742e+02 3.723398447036743164e+02 4.196279668807983398e+02 3.925971078872680664e+02 4.282472562789916992e+02 2.000000000000000000e+00
1.917617893218994141e+02 4.524270772933959961e+02 2.095259666442871094e+02 4.583114719390869141e+02 2.296574401855468750e+02 4.662904500961303711e+02 2.000000000000000000e+00
2.593281841278076172e+02 4.013029861450195312e+02 2.769988679885864258e+02 4.073881673812866211e+02 2.970381164550781250e+02 4.156690835952758789e+02 2.000000000000000000e+00
2.844764709472656250e+02 3.656716918945312500e+02 3.021252441406250000e+02 3.718174266815185547e+02 3.222541199624538422e+02 3.800978708267211914e+02 2.000000000000000000e+00
2.689891672134399414e+02 4.034665632247924805e+02 2.866183471679687500e+02 4.095727014541625977e+02 3.067203974723815918e+02 4.179275894165039062e+02 2.000000000000000000e+00
3.397090756893157959e+02 4.337393045425415039e+02 3.574255371093750000e+02 4.403192281723022461e+02 3.776227140426635742e+02 4.490080118179321289e+02 2.000000000000000000e+00
3.884159231185913086e+02 3.815723705291748047e+02 4.062536621093750000e+02 3.882203149795532227e+02 4.266953754425048828e+02 3.967951440811157227e+02 2.000000000000000000e+00
2.022696685791015625e+02 4.128529500961303711e+02 2.199824810028076172e+02 4.185611343383789062e+02 2.401111268997192383e+02 4.266863536834716797e+02 2.000000000000000000e+00
3.615609741210937500e+02 3.931531190872192383e+02 3.793697214126586914e+02 3.996314764022827148e+02 3.996596097946166992e+02 4.083296298980712891e+02 2.000000000000000000e+00
4.602757930755615234e+02 4.529850625991821289e+02 4.786942768096923828e+02 4.603053760528564453e+02 4.999870300292968750e+02 4.698865413665771484e+02 2.000000000000000000e+00
2.542928743362426758e+02 4.434749221801757812e+02 2.718058156967163086e+02 4.496357774734497070e+02 2.918425297737121582e+02 4.579548168182373047e+02 2.000000000000000000e+00
3.601491117477416992e+02 4.503973245620727539e+02 3.778507089614868164e+02 4.571297407150268555e+02 3.982845449447631836e+02 4.661725330352783203e+02 2.000000000000000000e+00
2.740904855728149414e+02 3.556685829162597656e+02 2.918009328842163086e+02 3.617982244491577148e+02 3.118446350097656250e+02 3.700538349151611328e+02 2.000000000000000000e+00
3.033780825138092041e+02 1.787767124176025391e+02 2.909189748764038086e+02 1.827047538757324219e+02 2.807704162597656250e+02 1.891496264934539795e+02 1.000000000000000000e+00
2.289327049255371094e+02 4.454474258422851562e+02 2.465298748016357422e+02 4.514822244644165039e+02 2.666400766372680664e+02 4.597126007080078125e+02 2.000000000000000000e+00
2.555381774902343750e+02 3.384417200088500977e+02 2.732916879653930664e+02 3.445461487770080566e+02 2.933993220329284668e+02 3.525954008102416992e+02 2.000000000000000000e+00
2.966710495948791504e+02 4.322353649139404297e+02 3.143342286348342896e+02 4.385396289825439453e+02 3.344047248363494873e+02 4.470110607147216797e+02 2.000000000000000000e+00
4.267428588867187500e+02 4.211659383773803711e+02 4.447738075256347656e+02 4.280921745300292969e+02 4.656802082061767578e+02 4.372366762161254883e+02 2.000000000000000000e+00
2.211932659149169922e+02 4.479956102371215820e+02 2.388346576690673828e+02 4.540454578399658203e+02 2.589269113540649414e+02 4.622297716140747070e+02 2.000000000000000000e+00
2.576660442352294922e+02 3.815383958816528320e+02 2.753607797622680664e+02 3.876529884338378906e+02 2.954672837257385254e+02 3.958333539962768555e+02 2.000000000000000000e+00
3.163890990614891052e+02 3.762922668457031250e+02 3.341368103027343750e+02 3.825730419158935547e+02 3.542186284065246582e+02 3.909374427795410156e+02 2.000000000000000000e+00
3.181669922173023224e+02 4.488719272613525391e+02 3.357628786563873291e+02 4.554426670074462891e+02 3.559750366210937500e+02 4.642111873626708984e+02 2.000000000000000000e+00
1.745716381072998047e+02 1.770175909996032715e+02 1.636949729919433594e+02 1.811002779006958008e+02 1.552952194213867188e+02 1.875427365303039551e+02 1.000000000000000000e+00
2.428089761734008789e+02 4.427909946441650391e+02 2.603753948211669922e+02 4.488726282119750977e+02 2.804475402832031250e+02 4.571970033645629883e+02 2.000000000000000000e+00
2.455706644058227539e+02 1.499735069274902344e+02 2.334820652008056641e+02 1.558039498329162598e+02 2.238126087188720703e+02 1.637878346443176270e+02 1.000000000000000000e+00
2.029446411132812500e+02 4.537226343154907227e+02 2.206118011474609375e+02 4.595889759063720703e+02 2.407116222381591797e+02 4.676454305648803711e+02 2.000000000000000000e+00
1.837954235076904297e+02 1.430909085273742676e+02 1.729049396514892578e+02 1.475298571586608887e+02 1.644637012481689453e+02 1.544913625717163086e+02 1.000000000000000000e+00
5.805093765258789062e+01 2.158060133457183838e+02 4.899480819702148438e+01 2.197410428524017334e+02 4.247938156127929688e+01 2.255143725872039795e+02 1.000000000000000000e+00
3.376703190803527832e+02 4.466968774795532227e+02 3.553877878189086914e+02 4.533177852630615234e+02 3.756365346908569336e+02 4.620757198333740234e+02 2.000000000000000000e+00
2.728447246551513672e+02 3.956368732452392578e+02 2.904320669174194336e+02 4.017917203903198242e+02 3.105742186307907104e+02 4.101262235641479492e+02 2.000000000000000000e+00
2.681299734115600586e+02 3.319741845130920410e+02 2.858116149902343750e+02 3.380806946754455566e+02 3.059935295581817627e+02 3.462324571609497070e+02 2.000000000000000000e+00
2.762935495376586914e+02 1.981376624107360840e+02 2.640130281448364258e+02 2.019033801555633545e+02 2.540451335906982422e+02 2.084116029739379883e+02 1.000000000000000000e+00
3.111072689294815063e+02 4.556942510604858398e+02 3.287778627872467041e+02 4.622878789901733398e+02 3.489468073844909668e+02 4.709495401382446289e+02 2.000000000000000000e+00
2.353524494171142578e+02 4.232429838180541992e+02 2.530328035354614258e+02 4.293373489379882812e+02 2.730674743652343750e+02 4.374263477325439453e+02 2.000000000000000000e+00
2.103729820251464844e+02 3.754526996612548828e+02 2.281930637359619141e+02 3.814050436019897461e+02 2.483294534683227539e+02 3.893616771697998047e+02 2.000000000000000000e+00
2.540766429901123047e+02 1.852947342395782471e+02 2.420671224594116211e+02 1.891255617141723633e+02 2.324751377105712891e+02 1.956053745746612549e+02 1.000000000000000000e+00
4.092544555664062500e+02 3.950158166885375977e+02 4.272315120697021484e+02 4.017225980758666992e+02 4.477465534210205078e+02 4.105420017242431641e+02 2.000000000000000000e+00
2.132207965850830078e+02 3.842968225479125977e+02 2.310431194305419922e+02 3.902820253372192383e+02 2.511634206771850586e+02 3.982370710372924805e+02 2.000000000000000000e+00
3.465087890625000000e+02 4.488982343673706055e+02 3.642564725875854492e+02 4.555706834793090820e+02 3.845228576660156250e+02 4.644465780258178711e+02 2.000000000000000000e+00
2.823948669433593750e+02 4.069166707992553711e+02 2.999410080909729004e+02 4.132072162628173828e+02 3.201519775390625000e+02 4.215868377685546875e+02 2.000000000000000000e+00
3.045593261718750000e+02 4.255568361282348633e+02 3.222873535752296448e+02 4.319497776031494141e+02 3.422980952262878418e+02 4.404352569580078125e+02 2.000000000000000000e+00
2.073760986328125000e+02 4.201098060607910156e+02 2.250509166717529297e+02 4.259745883941650391e+02 2.452108621597290039e+02 4.340969610214233398e+02 2.000000000000000000e+00
4.304068279266357422e+02 3.987653017044067383e+02 4.486003112792968750e+02 4.056318712234497070e+02 4.693273925781250000e+02 4.145373058319091797e+02 2.000000000000000000e+00
3.735015869140625000e+02 3.892995357513427734e+02 3.913799428939819336e+02 3.958569717407226562e+02 4.116673564910888672e+02 4.045716905593872070e+02 2.000000000000000000e+00
2.831765437126159668e+02 4.246047449111938477e+02 3.006803286075592041e+02 4.308717441558837891e+02 3.208811950683593750e+02 4.393292713165283203e+02 2.000000000000000000e+00
3.814348745346069336e+02 4.380223560333251953e+02 3.991497182846069336e+02 4.447956275939941406e+02 4.196079158782958984e+02 4.537770795822143555e+02 2.000000000000000000e+00
4.031512165069580078e+02 3.878601694107055664e+02 4.209619426727294922e+02 3.945358085632324219e+02 4.414739990234375000e+02 4.033210515975952148e+02 2.000000000000000000e+00
3.301098024845123291e+02 3.982713747024536133e+02 3.477172541618347168e+02 4.046379804611206055e+02 3.679546499252319336e+02 4.132128953933715820e+02 2.000000000000000000e+00
3.053484797477722168e+02 3.996277284622192383e+02 3.229966431856155396e+02 4.059745931625366211e+02 3.431361389160156250e+02 4.143613958358764648e+02 2.000000000000000000e+00
3.417420053482055664e+02 4.047384738922119141e+02 3.595241403579711914e+02 4.112680149078369141e+02 3.796812772750854492e+02 4.197796154022216797e+02 2.000000000000000000e+00
1.133872222900390625e+02 2.503166815638542175e+02 1.034168434143066406e+02 2.538345497846603394e+02 9.612588882446289062e+01 2.594218146800994873e+02 1.000000000000000000e+00
2.930946660041809082e+02 3.303962159156799316e+02 3.107798153162002563e+02 3.365413284301757812e+02 3.308357238769531250e+02 3.446313500404357910e+02 2.000000000000000000e+00
1.982595157623291016e+02 4.264468431472778320e+02 2.159065055847167969e+02 4.322995090484619141e+02 2.361493778228759766e+02 4.402725648880004883e+02 2.000000000000000000e+00
2.610529470443725586e+02 4.093228483200073242e+02 2.786621093750000000e+02 4.154318904876708984e+02 2.987178635597229004e+02 4.237146091461181641e+02 2.000000000000000000e+00
3.101578980684280396e+02 3.601023960113525391e+02 3.279020994901657104e+02 3.664241123199462891e+02 3.479262089729309082e+02 3.745494747161865234e+02 2.000000000000000000e+00
4.143099975585937500e+02 4.502651739120483398e+02 4.322792720794677734e+02 4.573748874664306641e+02 4.529663753509521484e+02 4.666308975219726562e+02 2.000000000000000000e+00
3.366965031623840332e+02 3.475417828559875488e+02 3.544203805923461914e+02 3.538371634483337402e+02 3.745351266860961914e+02 3.621635198593139648e+02 2.000000000000000000e+00
2.185396575927734375e+02 4.021530818939208984e+02 2.363366794586181641e+02 4.081311178207397461e+02 2.563349008560180664e+02 4.161951112747192383e+02 2.000000000000000000e+00
3.417446899414062500e+02 3.936331844329833984e+02 3.594959712028503418e+02 4.000482559204101562e+02 3.796453571319580078e+02 4.085683965682983398e+02 2.000000000000000000e+00
3.105170899629592896e+02 3.879059171676635742e+02 3.281667178869247437e+02 3.942107677459716797e+02 3.482573556900024414e+02 4.025500917434692383e+02 2.000000000000000000e+00
2.687187480926513672e+02 4.457462024688720703e+02 2.861680603027343750e+02 4.519880247116088867e+02 3.063239741325378418e+02 4.603715944290161133e+02 2.000000000000000000e+00
2.524680614471435547e+02 4.049203205108642578e+02 2.701363515853881836e+02 4.109832000732421875e+02 2.901874995231628418e+02 4.192475366592407227e+02 2.000000000000000000e+00
2.111929607391357422e+02 4.533902692794799805e+02 2.287364482879638672e+02 4.592390871047973633e+02 2.488271474838256836e+02 4.674219131469726562e+02 2.000000000000000000e+00
2.917447495460510254e+02 2.169187456369400024e+02 2.793878173828125000e+02 2.204501187801361084e+02 2.694248342514038086e+02 2.265073540806770325e+02 1.000000000000000000e+00
2.530289125442504883e+02 3.895344972610473633e+02 2.707137441635131836e+02 3.956255865097045898e+02 2.907636713981628418e+02 4.037931919097900391e+02 2.000000000000000000e+00
2.370276641845703125e+02 3.946972703933715820e+02 2.546743011474609375e+02 4.007492208480834961e+02 2.748370027542114258e+02 4.088478469848632812e+02 2.000000000000000000e+00
4.000993347167968750e+02 3.565798687934875488e+02 4.181021118164062500e+02 3.631724309921264648e+02 4.385507202148437500e+02 3.716307735443115234e+02 2.000000000000000000e+00
2.884198594093322754e+02 3.548302674293518066e+02 3.060514521598815918e+02 3.609901142120361328e+02 3.262325137853622437e+02 3.692634057998657227e+02 2.000000000000000000e+00
2.834092712402343750e+02 3.360365366935729980e+02 3.011051023006439209e+02 3.421562576293945312e+02 3.211718750000000000e+02 3.502722501754760742e+02 2.000000000000000000e+00
2.764522695541381836e+02 4.155213117599487305e+02 2.940711355209350586e+02 4.217434215545654297e+02 3.140596008300781250e+02 4.301089239120483398e+02 2.000000000000000000e+00
3.953317260742187500e+02 4.190121889114379883e+02 4.132788372039794922e+02 4.258222103118896484e+02 4.337898540496826172e+02 4.348187398910522461e+02 2.000000000000000000e+00
4.296991252899169922e+02 4.322772645950317383e+02 4.477471065521240234e+02 4.392778158187866211e+02 4.686188983917236328e+02 4.484565210342407227e+02 2.000000000000000000e+00
3.173549500107765198e+02 3.989755010604858398e+02 3.349575507640838623e+02 4.053544664382934570e+02 3.551957702636718750e+02 4.137983465194702148e+02 2.000000000000000000e+00
3.103982239961624146e+02 3.425388836860656738e+02 3.280422669649124146e+02 3.486533260345458984e+02 3.481714177131652832e+02 3.570401072502136230e+02 2.000000000000000000e+00
2.786496257781982422e+02 3.891832065582275391e+02 2.962497258186340332e+02 3.953885936737060547e+02 3.163720092177391052e+02 4.036138629913330078e+02 2.000000000000000000e+00
3.835079669952392578e+02 4.056199121475219727e+02 4.014162635803222656e+02 4.123275232315063477e+02 4.219036865234375000e+02 4.212546157836914062e+02 2.000000000000000000e+00
3.902127695083618164e+02 3.573656702041625977e+02 4.080494117736816406e+02 3.638175058364868164e+02 4.284167480468750000e+02 3.723801040649414062e+02 2.000000000000000000e+00
4.737568378448486328e+02 4.244468736648559570e+02 4.922847366333007812e+02 4.316120767593383789e+02 5.136789512634277344e+02 4.409985208511352539e+02 2.000000000000000000e+00
3.045092773437500000e+02 4.512560176849365234e+02 3.221427612006664276e+02 4.577328014373779297e+02 3.422689509391784668e+02 4.663484573364257812e+02 2.000000000000000000e+00
2.652310466766357422e+02 3.925445365905761719e+02 2.827992558479309082e+02 3.986407613754272461e+02 3.029327082633972168e+02 4.069324064254760742e+02 2.000000000000000000e+00
2.902379751205444336e+02 4.052594947814941406e+02 3.077990114688873291e+02 4.115360212326049805e+02 3.279722595214843750e+02 4.199399185180664062e+02 2.000000000000000000e+00
2.759001159667968750e+02 3.320524621009826660e+02 2.936051321029663086e+02 3.381725549697875977e+02 3.137415158748626709e+02 3.463043904304504395e+02 2.000000000000000000e+00
1.919984245300292969e+02 4.445377063751220703e+02 2.097452354431152344e+02 4.504364490509033203e+02 2.298842144012451172e+02 4.584120655059814453e+02 2.000000000000000000e+00
2.037840843200683594e+02 4.385236644744873047e+02 2.215132427215576172e+02 4.444150257110595703e+02 2.416672515869140625e+02 4.525084590911865234e+02 2.000000000000000000e+00
3.884555673599243164e+02 4.128501605987548828e+02 4.063807678222656250e+02 4.196229314804077148e+02 4.268634319305419922e+02 4.285567474365234375e+02 2.000000000000000000e+00
4.600988388061523438e+01 1.295829248428344727e+02 3.743991851806640625e+01 1.341262936592102051e+02 3.164659500122070312e+01 1.411242771148681641e+02 1.000000000000000000e+00
2.449344301223754883e+02 4.017198228836059570e+02 2.625783967971801758e+02 4.077991676330566406e+02 2.826101684570312500e+02 4.160190153121948242e+02 2.000000000000000000e+00
2.696031188964843750e+02 4.251188707351684570e+02 2.872648000717163086e+02 4.313456583023071289e+02 3.071838378906250000e+02 4.395943164825439453e+02 2.000000000000000000e+00
4.480086994171142578e+02 4.382637405395507812e+02 4.663194274902343750e+02 4.453687191009521484e+02 4.873494529724121094e+02 4.548271894454956055e+02 2.000000000000000000e+00
2.986585068702697754e+02 4.035016536712646484e+02 3.163079223036766052e+02 4.098101949691772461e+02 3.364332890510559082e+02 4.182273674011230469e+02 2.000000000000000000e+00
3.229152831435203552e+02 3.464474844932556152e+02 3.405977797508239746e+02 3.525976037979125977e+02 3.606774902343750000e+02 3.608779621124267578e+02 2.000000000000000000e+00
2.792169475555419922e+02 4.523999118804931641e+02 2.966693425178527832e+02 4.587295103073120117e+02 3.168096008896827698e+02 4.672327709197998047e+02 2.000000000000000000e+00
2.881957387924194336e+02 3.844468402862548828e+02 3.057934868335723877e+02 3.906691646575927734e+02 3.258597719669342041e+02 3.989683914184570312e+02 2.000000000000000000e+00
2.739650583267211914e+02 3.704250812530517578e+02 2.916018366813659668e+02 3.765547227859497070e+02 3.116953122615814209e+02 3.847749137878417969e+02 2.000000000000000000e+00
3.142819517850875854e+02 4.348164510726928711e+02 3.319513547420501709e+02 4.413498401641845703e+02 3.521148085594177246e+02 4.499186182022094727e+02 2.000000000000000000e+00
2.277609062194824219e+02 1.438714528083801270e+02 2.163053894042968750e+02 1.490645384788513184e+02 2.072835540771484375e+02 1.565452408790588379e+02 1.000000000000000000e+00
2.674139404296875000e+02 1.556774282455444336e+02 2.554626893997192383e+02 1.598453021049499512e+02 2.461207580566406250e+02 1.664502811431884766e+02 1.000000000000000000e+00
2.078369426727294922e+02 3.588403987884521484e+02 2.256695652008056641e+02 3.647149658203125000e+02 2.458646535873413086e+02 3.727554988861083984e+02 2.000000000000000000e+00
3.297560119628906250e+02 3.099248385429382324e+02 3.474581599235534668e+02 3.161242389678955078e+02 3.676633310317993164e+02 3.243447589874267578e+02 2.000000000000000000e+00
2.879403996467590332e+02 4.517021656036376953e+02 3.054682612419128418e+02 4.581081104278564453e+02 3.256187134981155396e+02 4.666740560531616211e+02 2.000000000000000000e+00
3.454192519187927246e+02 3.338371038436889648e+02 3.631713867187500000e+02 3.401859784126281738e+02 3.833247995376586914e+02 3.484192872047424316e+02 2.000000000000000000e+00
2.938885498046875000e+02 3.755319929122924805e+02 3.116130065917968750e+02 3.817896509170532227e+02 3.316890871524810791e+02 3.900768184661865234e+02 2.000000000000000000e+00
3.594862985610961914e+02 4.310976934432983398e+02 3.772767353057861328e+02 4.376448726654052734e+02 3.974895334243774414e+02 4.464400434494018555e+02 2.000000000000000000e+00
3.544413757324218750e+02 3.230227732658386230e+02 3.721117877960205078e+02 3.292851591110229492e+02 3.922452688217163086e+02 3.375983047485351562e+02 2.000000000000000000e+00
2.120925140380859375e+02 2.265413814783096313e+02 2.006245136260986328e+02 2.302242270112037659e+02 1.918761730194091797e+02 2.361877897381782532e+02 1.000000000000000000e+00
2.434163331985473633e+02 1.613403868675231934e+02 2.310632038116455078e+02 1.666748499870300293e+02 2.209656238555908203e+02 1.742550301551818848e+02 1.000000000000000000e+00
3.083939206600189209e+02 3.167181158065795898e+02 3.261357420682907104e+02 3.228437232971191406e+02 3.461459970474243164e+02 3.310706520080566406e+02 2.000000000000000000e+00
3.634812307357788086e+02 4.072470188140869141e+02 3.812205219268798828e+02 4.138719034194946289e+02 4.016460609436035156e+02 4.225725173950195312e+02 2.000000000000000000e+00
2.728317546844482422e+02 3.125234699249267578e+02 2.905574941635131836e+02 3.185537481307983398e+02 3.106361085176467896e+02 3.267484188079833984e+02 2.000000000000000000e+00
3.124510192871093750e+02 4.058796501159667969e+02 3.300691533088684082e+02 4.122675561904907227e+02 3.502640080451965332e+02 4.207173299789428711e+02 2.000000000000000000e+00
2.753999948501586914e+02 2.459812165796756744e+02 2.630953979492187500e+02 2.495802158117294312e+02 2.534811830520629883e+02 2.551050728559494019e+02 1.000000000000000000e+00
2.731828308105468750e+02 2.563630378246307373e+02 2.609784221649169922e+02 2.598769533634185791e+02 2.514410686492919922e+02 2.653875750303268433e+02 1.000000000000000000e+00
1.337849617004394531e+02 2.438811801373958588e+02 1.234939384460449219e+02 2.475088047981262207e+02 1.159349250793457031e+02 2.532400363683700562e+02 1.000000000000000000e+00
3.372627568244934082e+02 3.104147100448608398e+02 3.551553964614868164e+02 3.166673040390014648e+02 3.751436471939086914e+02 3.247960853576660156e+02 2.000000000000000000e+00
2.056885814666748047e+02 4.460582685470581055e+02 2.234595489501953125e+02 4.519479846954345703e+02 2.435677480697631836e+02 4.600765228271484375e+02 2.000000000000000000e+00
2.255841541290283203e+02 3.138437819480895996e+02 2.435099029541015625e+02 3.198379254341125488e+02 2.635664987564086914e+02 3.278633809089660645e+02 2.000000000000000000e+00
4.024024677276611328e+02 4.000847625732421875e+02 4.203578853607177734e+02 4.068017292022705078e+02 4.409188556671142578e+02 4.156475687026977539e+02 2.000000000000000000e+00
2.055903434753417969e+02 3.967893505096435547e+02 2.233341217041015625e+02 4.026955032348632812e+02 2.434781932830810547e+02 4.106823492050170898e+02 2.000000000000000000e+00
2.815979909896850586e+02 3.496740174293518066e+02 2.992754197120666504e+02 3.558605074882507324e+02 3.193813781812787056e+02 3.640969562530517578e+02 2.000000000000000000e+00
2.127275371551513672e+02 4.106612348556518555e+02 2.305463981628417969e+02 4.166082000732421875e+02 2.505134105682373047e+02 4.246324539184570312e+02 2.000000000000000000e+00
2.620650625228881836e+02 4.495402336120605469e+02 2.795498657226562500e+02 4.556791734695434570e+02 2.996260380744934082e+02 4.640932989120483398e+02 2.000000000000000000e+00
2.782191467285156250e+02 3.284902095794677734e+02 2.958950495719909668e+02 3.345856046676635742e+02 3.160607603192329407e+02 3.427151226997375488e+02 2.000000000000000000e+00
2.881325078010559082e+02 4.150510025024414062e+02 3.057417905330657959e+02 4.213623762130737305e+02 3.258623963594436646e+02 4.297372484207153320e+02 2.000000000000000000e+00
4.012860107421875000e+02 4.426213502883911133e+02 4.192101478576660156e+02 4.495634937286376953e+02 4.398305988311767578e+02 4.586947202682495117e+02 2.000000000000000000e+00
3.271242064237594604e+02 3.893668270111083984e+02 3.447809767723083496e+02 3.956519508361816406e+02 3.650034189224243164e+02 4.041217088699340820e+02 2.000000000000000000e+00
3.332898867130279541e+02 3.113274550437927246e+02 3.511020827293395996e+02 3.175488352775573730e+02 3.712049865722656250e+02 3.257064270973205566e+02 2.000000000000000000e+00
3.981513690948486328e+02 3.665580797195434570e+02 4.160827064514160156e+02 3.731618356704711914e+02 4.365083026885986328e+02 3.816308641433715820e+02 2.000000000000000000e+00
3.189768371731042862e+02 3.542307829856872559e+02 3.366968691349029541e+02 3.604526710510253906e+02 3.567196655273437500e+02 3.686846065521240234e+02 2.000000000000000000e+00
3.635397958755493164e+02 3.722141218185424805e+02 3.813462543487548828e+02 3.787189722061157227e+02 4.016222858428955078e+02 3.873124837875366211e+02 2.000000000000000000e+00
2.244646453857421875e+02 3.904650592803955078e+02 2.422080659866333008e+02 3.965347051620483398e+02 2.623694753646850586e+02 4.045466136932373047e+02 2.000000000000000000e+00
3.358818972110748291e+02 4.205799007415771484e+02 3.535830688476562500e+02 4.271294403076171875e+02 3.737486267089843750e+02 4.356936120986938477e+02 2.000000000000000000e+00
4.933354759216308594e+02 3.867368602752685547e+02 5.118522071838378906e+02 3.938040876388549805e+02 5.332834434509277344e+02 4.029200506210327148e+02 2.000000000000000000e+00
3.552408456802368164e+02 3.215347909927368164e+02 3.728713369369506836e+02 3.277547621726989746e+02 3.930555438995361328e+02 3.361495685577392578e+02 2.000000000000000000e+00
1.941687011718750000e+02 3.587796378135681152e+02 2.119826984405517578e+02 3.646862268447875977e+02 2.322624015808105469e+02 3.726443481445312500e+02 2.000000000000000000e+00
3.575063180923461914e+02 4.220593643188476562e+02 3.752462482452392578e+02 4.286017227172851562e+02 3.954393339157104492e+02 4.373104333877563477e+02 2.000000000000000000e+00
2.120150279998779297e+02 1.268950438499450684e+02 2.014530944824218750e+02 1.313155603408813477e+02 1.932263278961181641e+02 1.380910563468933105e+02 1.000000000000000000e+00
3.015198671817779541e+02 3.608918237686157227e+02 3.193057861179113388e+02 3.672114086151123047e+02 3.393095707893371582e+02 3.753983545303344727e+02 2.000000000000000000e+00
2.997216176986694336e+02 4.164417457580566406e+02 3.174488523602485657e+02 4.227663087844848633e+02 3.374356079101562500e+02 4.312082862854003906e+02 2.000000000000000000e+00
1.974131107330322266e+02 4.023563289642333984e+02 2.152419376373291016e+02 4.081947469711303711e+02 2.352711009979248047e+02 4.161210393905639648e+02 2.000000000000000000e+00
3.614629507064819336e+02 3.630144739151000977e+02 3.792997455596923828e+02 3.694514465332031250e+02 3.995182800292968750e+02 3.779131507873535156e+02 2.000000000000000000e+00
2.911544179916381836e+02 3.945366239547729492e+02 3.086696469783782959e+02 4.008257532119750977e+02 3.288117372989654541e+02 4.092251014709472656e+02 2.000000000000000000e+00
3.496440434455871582e+02 3.966771984100341797e+02 3.674258136749267578e+02 4.031369733810424805e+02 3.876357746124267578e+02 4.117052936553955078e+02 2.000000000000000000e+00
4.132212543487548828e+02 4.187638950347900391e+02 4.312156105041503906e+02 4.256488752365112305e+02 4.518242549896240234e+02 4.346597957611083984e+02 2.000000000000000000e+00
3.269347536563873291e+02 3.654750394821166992e+02 3.446009230613708496e+02 3.717951393127441406e+02 3.647812223434448242e+02 3.802370023727416992e+02 2.000000000000000000e+00
2.337847423553466797e+02 3.747699022293090820e+02 2.515465402603149414e+02 3.808329820632934570e+02 2.716011333465576172e+02 3.888241338729858398e+02 2.000000000000000000e+00
2.920757126808166504e+02 3.676456117630004883e+02 3.097805786132812500e+02 3.738548326492309570e+02 3.298384094238281250e+02 3.821224737167358398e+02 2.000000000000000000e+00
4.715956783294677734e+02 4.326386833190917969e+02 4.900811576843261719e+02 4.398510789871215820e+02 5.114745140075683594e+02 4.493143415451049805e+02 2.000000000000000000e+00
2.011545085906982422e+02 3.724435472488403320e+02 2.189347171783447266e+02 3.783747053146362305e+02 2.390631389617919922e+02 3.863462018966674805e+02 2.000000000000000000e+00
3.307972109317779541e+02 3.415007042884826660e+02 3.484939575195312500e+02 3.477183294296264648e+02 3.685927724838256836e+02 3.559984517097473145e+02 2.000000000000000000e+00
3.447056889533996582e+02 4.208765316009521484e+02 3.624434518814086914e+02 4.274234962463378906e+02 3.825715351104736328e+02 4.360267066955566406e+02 2.000000000000000000e+00
4.933111381530761719e+02 3.765164566040039062e+02 5.118614768981933594e+02 3.835122442245483398e+02 5.333399772644042969e+02 3.925504159927368164e+02 2.000000000000000000e+00
2.899534916877746582e+02 3.194063186645507812e+02 3.076028442382812500e+02 3.254723525047302246e+02 3.276387023925781250e+02 3.335454440116882324e+02 2.000000000000000000e+00
2.209553623199462891e+02 1.405917334556579590e+02 2.100186729431152344e+02 1.451023650169372559e+02 2.016066551208496094e+02 1.519520401954650879e+02 1.000000000000000000e+00
1.936587619781494141e+02 1.858237874507904053e+02 1.825988578796386719e+02 1.897596716880798340e+02 1.738172245025634766e+02 1.961602914333343506e+02 1.000000000000000000e+00
1.778113365173339844e+02 2.534911510348320007e+02 1.663670063018798828e+02 2.572970902919769287e+02 1.580658340454101562e+02 2.629633802175521851e+02 1.000000000000000000e+00
1.983602523803710938e+01 1.703103876113891602e+02 1.115106582641601562e+01 1.744387149810791016e+02 5.265274047851562500e+00 1.811590540409088135e+02 1.000000000000000000e+00
4.430095863342285156e+02 4.021951389312744141e+02 4.612061214447021484e+02 4.090937948226928711e+02 4.822599792480468750e+02 4.180241203308105469e+02 2.000000000000000000e+00
2.458787536621093750e+02 1.904634225368499756e+02 2.337596702575683594e+02 1.943675529956817627e+02 2.242842960357666016e+02 2.007198321819305420e+02 1.000000000000000000e+00
3.536886000633239746e+02 3.859830093383789062e+02 3.714267873764038086e+02 3.924644279479980469e+02 3.917000436782836914e+02 4.009772157669067383e+02 2.000000000000000000e+00
2.436681652069091797e+02 4.349552965164184570e+02 2.613302612304687500e+02 4.410167312622070312e+02 2.813529348373413086e+02 4.492654466629028320e+02 2.000000000000000000e+00
2.218171215057373047e+02 3.631112766265869141e+02 2.395959186553955078e+02 3.690770959854125977e+02 2.597644042968750000e+02 3.771354389190673828e+02 2.000000000000000000e+00
3.218532410264015198e+02 3.197027349472045898e+02 3.396976935863494873e+02 3.259105896949768066e+02 3.597608041763305664e+02 3.341022706031799316e+02 2.000000000000000000e+00
2.131896972656250000e+02 3.960062313079833984e+02 2.309263896942138672e+02 4.019495058059692383e+02 2.510747194290161133e+02 4.099390411376953125e+02 2.000000000000000000e+00
3.814418649673461914e+02 4.196860742568969727e+02 3.992846059799194336e+02 4.264531660079956055e+02 4.197937297821044922e+02 4.354050064086914062e+02 2.000000000000000000e+00
3.066035151481628418e+02 4.334273529052734375e+02 3.243106690049171448e+02 4.398261165618896484e+02 3.443719172477722168e+02 4.483907032012939453e+02 2.000000000000000000e+00
1.292498779296875000e+02 1.524892830848693848e+02 1.194299316406250000e+02 1.569134044647216797e+02 1.119529724121093750e+02 1.638821983337402344e+02 1.000000000000000000e+00
4.673597717285156250e+02 4.428328371047973633e+02 4.857938003540039062e+02 4.501286745071411133e+02 5.071731567382812500e+02 4.596169281005859375e+02 2.000000000000000000e+00
2.424836111068725586e+02 1.263418936729431152e+02 2.312211608886718750e+02 1.319205737113952637e+02 2.222183513641357422e+02 1.395155310630798340e+02 1.000000000000000000e+00
2.281778812408447266e+02 3.836316347122192383e+02 2.459434795379638672e+02 3.897160148620605469e+02 2.660151672363281250e+02 3.976944351196289062e+02 2.000000000000000000e+00
5.552334594726562500e+02 4.471758270263671875e+02 5.746974563598632812e+02 4.553008890151977539e+02 5.976999473571777344e+02 4.656596231460571289e+02 2.000000000000000000e+00
2.045953083038330078e+02 3.891577863693237305e+02 2.224258518218994141e+02 3.951066398620605469e+02 2.425663423538208008e+02 4.030440473556518555e+02 2.000000000000000000e+00
4.819126319885253906e+02 4.048896932601928711e+02 5.004605674743652344e+02 4.119680213928222656e+02 5.218153190612792969e+02 4.212862586975097656e+02 2.000000000000000000e+00
4.541203594207763672e+02 4.444918298721313477e+02 4.724946308135986328e+02 4.517015790939331055e+02 4.936385917663574219e+02 4.612611865997314453e+02 2.000000000000000000e+00
3.646146774291992188e+01 1.680984306335449219e+02 2.759984970092773438e+01 1.724761176109313965e+02 2.159694671630859375e+01 1.792926621437072754e+02 1.000000000000000000e+00
4.204964351654052734e+02 3.994617033004760742e+02 4.385780334472656250e+02 4.063505315780639648e+02 4.592672729492187500e+02 4.152302885055541992e+02 2.000000000000000000e+00
4.428355121612548828e+02 4.154144668579101562e+02 4.610880470275878906e+02 4.224488067626953125e+02 4.820539855957031250e+02 4.316666078567504883e+02 2.000000000000000000e+00
3.723406982421875000e+02 4.184754180908203125e+02 3.900578927993774414e+02 4.251631593704223633e+02 4.105143451690673828e+02 4.339439535140991211e+02 2.000000000000000000e+00
5.455426597595214844e+02 4.444699859619140625e+02 5.648825645446777344e+02 4.526200389862060547e+02 5.875858116149902344e+02 4.626985931396484375e+02 2.000000000000000000e+00
2.784091472625732422e+02 4.424128532409667969e+02 2.959667038917541504e+02 4.486370372772216797e+02 3.161070251464843750e+02 4.570590305328369141e+02 2.000000000000000000e+00
2.131081199645996094e+02 3.350609779357910156e+02 2.310649871826171875e+02 3.410204243659973145e+02 2.510296630859375000e+02 3.489334130287170410e+02 2.000000000000000000e+00
4.274750995635986328e+02 3.648029279708862305e+02 4.454913330078125000e+02 3.714879512786865234e+02 4.662147521972656250e+02 3.801895523071289062e+02 2.000000000000000000e+00
2.964501023292541504e+02 3.133506202697753906e+02 3.139921265840530396e+02 3.194515085220336914e+02 3.341415405273437500e+02 3.275493836402893066e+02 2.000000000000000000e+00
3.944249868392944336e+02 3.989606666564941406e+02 4.123151588439941406e+02 4.056743860244750977e+02 4.328244018554687500e+02 4.144411468505859375e+02 2.000000000000000000e+00
1.195753288269042969e+02 1.659847354888916016e+02 1.094305419921875000e+02 1.700846672058105469e+02 1.022047805786132812e+02 1.767884945869445801e+02 1.000000000000000000e+00
2.161235523223876953e+02 3.571155738830566406e+02 2.339378166198730469e+02 3.630250883102416992e+02 2.540551137924194336e+02 3.710862779617309570e+02 2.000000000000000000e+00
4.771265602111816406e+02 8.772575855255126953e+01 4.957689476013183594e+02 9.363601684570312500e+01 5.162469482421875000e+02 1.012154960632324219e+02 2.000000000000000000e+00
3.298776245117187500e+02 3.564739465713500977e+02 3.475220036506652832e+02 3.627077436447143555e+02 3.676324176788330078e+02 3.711632823944091797e+02 2.000000000000000000e+00
2.806004643440246582e+02 3.793282556533813477e+02 2.982458806037902832e+02 3.855065059661865234e+02 3.183297118544578552e+02 3.937367391586303711e+02 2.000000000000000000e+00
