2.352071523666381836e+02 1.082826071977615356e+02 2.344000387191772461e+02 1.084721365571022034e+02 2.340793943405151367e+02 1.089351797103881836e+02 2.000000000000000000e+00
2.351033926010131836e+02 9.512184083461761475e+01 2.343899869918823242e+02 9.541234374046325684e+01 2.341139841079711914e+02 9.597843110561370850e+01 2.000000000000000000e+00
2.299584960937500000e+02 1.048646378517150879e+02 2.293621540069580078e+02 1.051576226949691772e+02 2.292129659652709961e+02 1.056296762824058533e+02 2.000000000000000000e+00
1.210922932624816895e+02 1.068647834658622742e+02 1.280956101417541504e+02 1.083141776919364929e+02 1.356563711166381836e+02 1.101631155610084534e+02 1.000000000000000000e+00
2.221803760528564453e+02 9.476946830749511719e+01 2.215708160400390625e+02 9.518968820571899414e+01 2.214427328109741211e+02 9.580055952072143555e+01 2.000000000000000000e+00
2.396063089370727539e+02 1.033241790533065796e+02 2.387301969528198242e+02 1.035417705774307251e+02 2.383317136764526367e+02 1.041129595041275024e+02 2.000000000000000000e+00
8.524932861328125000e+01 6.578325390815734863e+01 8.765227317810058594e+01 6.656510710716247559e+01 9.026789665222167969e+01 6.761426925659179688e+01 3.000000000000000000e+00
9.890964984893798828e+01 1.069834202527999878e+02 1.050325441360473633e+02 1.083773875236511230e+02 1.116193532943725586e+02 1.101433789730072021e+02 1.000000000000000000e+00
2.575685119628906250e+02 1.814182448387145996e+02 2.600441265106201172e+02 1.822891259193420410e+02 2.625854206085205078e+02 1.834013271331787109e+02 3.000000000000000000e+00
2.196587228775024414e+02 7.036177396774291992e+01 2.219416189193725586e+02 7.112600326538085938e+01 2.245264577865600586e+02 7.220280289649963379e+01 3.000000000000000000e+00
1.766309821605682373e+02 6.345057606697082520e+01 1.790394902229309082e+02 6.426314949989318848e+01 1.815741586685180664e+02 6.536741495132446289e+01 3.000000000000000000e+00
7.729713439941406250e+01 6.579053878784179688e+01 7.969595909118652344e+01 6.658981919288635254e+01 8.232841491699218750e+01 6.764207839965820312e+01 3.000000000000000000e+00
2.755526733398437500e+02 1.834212040901184082e+02 2.779903602600097656e+02 1.842938446998596191e+02 2.805782794952392578e+02 1.854205942153930664e+02 3.000000000000000000e+00
1.060393142700195312e+02 3.079419851303100586e+01 1.084679794311523438e+02 3.158738851547241211e+01 1.110825014114379883e+02 3.266602277755737305e+01 3.000000000000000000e+00
6.632577896118164062e+01 5.781594514846801758e+01 6.873318672180175781e+01 5.862918376922607422e+01 7.137702941894531250e+01 5.970025062561035156e+01 3.000000000000000000e+00
2.214198446273803711e+02 1.136323240399360657e+02 2.207903146743774414e+02 1.140162196755409241e+02 2.207128286361694336e+02 1.146077495813369751e+02 2.000000000000000000e+00
2.588446044921875000e+02 6.717495560646057129e+01 2.612552547454833984e+02 6.797088503837585449e+01 2.637932777404785156e+02 6.913048982620239258e+01 3.000000000000000000e+00
2.226868295669555664e+02 4.723087549209594727e+01 2.250322723388671875e+02 4.799611330032348633e+01 2.275954437255859375e+02 4.913407802581787109e+01 3.000000000000000000e+00
8.011859893798828125e+01 9.691243708133697510e+01 8.542404174804687500e+01 9.780578434467315674e+01 9.127796649932861328e+01 9.916046082973480225e+01 1.000000000000000000e+00
7.925025939941406250e+01 3.587666273117065430e+01 8.166421413421630859e+01 3.663965463638305664e+01 8.432587146759033203e+01 3.773722171783447266e+01 3.000000000000000000e+00
1.956336832046508789e+02 8.441807985305786133e+01 1.979601597785949707e+02 8.524424672126770020e+01 2.005674457550048828e+02 8.631706953048706055e+01 3.000000000000000000e+00
2.503365039825439453e+02 7.423180818557739258e+01 2.526746082305908203e+02 7.479009747505187988e+01 2.552509021759033203e+02 7.584907293319702148e+01 3.000000000000000000e+00
1.976358485221862793e+02 6.744797229766845703e+01 1.999478006362915039e+02 6.820001721382141113e+01 2.025688314437866211e+02 6.930445432662963867e+01 3.000000000000000000e+00
2.357009458541870117e+02 2.311854600906372070e+01 2.380927610397338867e+02 2.391655683517456055e+01 2.406754970550537109e+02 2.504565238952636719e+01 3.000000000000000000e+00
2.960290813446044922e+02 2.080543756484985352e+01 2.984320068359375000e+02 2.156877279281616211e+01 3.011585712432861328e+02 2.268294811248779297e+01 3.000000000000000000e+00
2.056547260284423828e+02 7.139916658401489258e+01 2.079847574234008789e+02 7.217393875122070312e+01 2.105841398239135742e+02 7.326910972595214844e+01 3.000000000000000000e+00
1.099562597274780273e+02 4.869679212570190430e+01 1.123897027969360352e+02 4.954211711883544922e+01 1.149779272079467773e+02 5.061152458190917969e+01 3.000000000000000000e+00
1.297449326515197754e+02 1.065450435876846313e+02 1.368072819709777832e+02 1.078927758336067200e+02 1.445794832706451416e+02 1.097178876399993896e+02 1.000000000000000000e+00
2.266967630386352539e+02 6.332605719566345215e+01 2.290348815917968750e+02 6.409930944442749023e+01 2.315821218490600586e+02 6.519945859909057617e+01 3.000000000000000000e+00
1.099775075912475586e+02 3.772642850875854492e+01 1.124134206771850586e+02 3.856266260147094727e+01 1.150225734710693359e+02 3.964292049407958984e+01 3.000000000000000000e+00
7.229077339172363281e+01 2.992019176483154297e+01 7.470668792724609375e+01 3.069350481033325195e+01 7.738151550292968750e+01 3.180376768112182617e+01 3.000000000000000000e+00
5.248646736145019531e+01 2.313707828521728516e+01 5.497076988220214844e+01 2.389272451400756836e+01 5.760792732238769531e+01 2.504293441772460938e+01 3.000000000000000000e+00
2.487190437316894531e+02 2.103872537612915039e+01 2.511282348632812500e+02 2.187239885330200195e+01 2.537146663665771484e+02 2.299565792083740234e+01 3.000000000000000000e+00
2.236582326889038086e+02 2.913838148117065430e+01 2.260387277603149414e+02 2.996083974838256836e+01 2.286138486862182617e+02 3.105716228485107422e+01 3.000000000000000000e+00
1.225607609748840332e+02 9.781734287738800049e+01 1.292156815528869629e+02 9.911233484745025635e+01 1.366708064079284668e+02 1.007680964469909668e+02 1.000000000000000000e+00
2.574452209472656250e+02 1.153597636520862579e+02 2.559260272979736328e+02 1.155353468656539917e+02 2.550909900665283203e+02 1.160466000437736511e+02 2.000000000000000000e+00
2.517514801025390625e+02 3.707710504531860352e+01 2.541705989837646484e+02 3.792038440704345703e+01 2.567422771453857422e+02 3.904898643493652344e+01 3.000000000000000000e+00
1.546385192871093750e+02 6.751563906669616699e+01 1.571017760038375854e+02 6.834396958351135254e+01 1.596372528001666069e+02 6.941653132438659668e+01 3.000000000000000000e+00
9.711450099945068359e+01 1.984588623046875000e+01 9.951721191406250000e+01 2.063766002655029297e+01 1.021499156951904297e+02 2.173487663269042969e+01 3.000000000000000000e+00
8.127798557281494141e+01 1.090210676193237305e+01 8.366728305816650391e+01 1.169084787368774414e+01 8.635544300079345703e+01 1.279512405395507812e+01 3.000000000000000000e+00
8.820355892181396484e+01 4.578087329864501953e+01 9.062206745147705078e+01 4.660211563110351562e+01 9.327415466308593750e+01 4.766354084014892578e+01 3.000000000000000000e+00
1.278201675415039062e+02 5.561230659484863281e+01 1.302260279655456543e+02 5.644215345382690430e+01 1.327701878547668457e+02 5.750880718231201172e+01 3.000000000000000000e+00
3.772109031677246094e+01 6.001910448074340820e+01 4.025476455688476562e+01 6.073780417442321777e+01 4.284284591674804688e+01 6.182761788368225098e+01 3.000000000000000000e+00
1.040873193740844727e+02 1.983919143676757812e+01 1.064859437942504883e+02 2.063601493835449219e+01 1.091072463989257812e+02 2.172604322433471680e+01 3.000000000000000000e+00
2.511211585998535156e+02 1.024997699260711670e+02 2.495462799072265625e+02 1.027172613143920898e+02 2.486851024627685547e+02 1.033157193660736084e+02 2.000000000000000000e+00
7.033368110656738281e+01 7.000275850296020508e+01 7.273468017578125000e+01 7.076139450073242188e+01 7.536688804626464844e+01 7.181821346282958984e+01 3.000000000000000000e+00
8.473114013671875000e+01 1.157558284699916840e+02 9.063452243804931641e+01 1.171906355023384094e+02 9.685485839843750000e+01 1.188900985568761826e+02 1.000000000000000000e+00
2.507650279998779297e+02 7.077577114105224609e+00 2.531730651855468750e+02 7.828731536865234375e+00 2.557576179504394531e+02 8.985307216644287109e+00 3.000000000000000000e+00
2.457752895355224609e+02 5.413954496383666992e+01 2.481961250305175781e+02 5.494859218597412109e+01 2.507378578186035156e+02 5.612089633941650391e+01 3.000000000000000000e+00
1.367729330062866211e+02 5.658489704132080078e+01 1.392004537582397461e+02 5.740460157394409180e+01 1.417378532886505127e+02 5.847543954849243164e+01 3.000000000000000000e+00
7.029273033142089844e+01 4.187506198883056641e+01 7.271657943725585938e+01 4.268820762634277344e+01 7.538395881652832031e+01 4.377701997756958008e+01 3.000000000000000000e+00
1.336335444450378418e+02 1.201587371947243810e+02 1.406814265251159668e+02 1.215490265563130379e+02 1.483535301685333252e+02 1.234108659625053406e+02 1.000000000000000000e+00
7.828260421752929688e+01 5.578941106796264648e+01 8.066936969757080078e+01 5.660291433334350586e+01 8.331888675689697266e+01 5.767260789871215820e+01 3.000000000000000000e+00
2.517966365814208984e+02 6.820227384567260742e+01 2.542483997344970703e+02 6.899751663208007812e+01 2.567692852020263672e+02 7.015785098075866699e+01 3.000000000000000000e+00
6.433580398559570312e+01 2.898240566253662109e+01 6.675709724426269531e+01 2.976111173629760742e+01 6.942971229553222656e+01 3.086960077285766602e+01 3.000000000000000000e+00
3.550743103027343750e+01 2.311993932723999023e+02 3.788651466369628906e+01 2.318822407722473145e+02 4.063422203063964844e+01 2.329536223411560059e+02 3.000000000000000000e+00
8.523432731628417969e+01 1.989854335784912109e+01 8.764301300048828125e+01 2.067840099334716797e+01 9.030338764190673828e+01 2.178319215774536133e+01 3.000000000000000000e+00
9.789907932281494141e+01 1.141767270863056183e+02 1.042310190200805664e+02 1.155777892470359802e+02 1.109586191177368164e+02 1.173982085287570953e+02 1.000000000000000000e+00
1.089778518676757812e+02 6.365782499313354492e+01 1.113674402236938477e+02 6.452416777610778809e+01 1.139380168914794922e+02 6.558129429817199707e+01 3.000000000000000000e+00
3.271521568298339844e+01 4.311175346374511719e+01 3.525211334228515625e+01 4.382979869842529297e+01 3.786666870117187500e+01 4.494423151016235352e+01 3.000000000000000000e+00
8.430586814880371094e+01 1.065460503101348877e+02 8.978795528411865234e+01 1.077135309576988220e+02 9.577393054962158203e+01 1.093416970968246460e+02 1.000000000000000000e+00
2.287149953842163086e+02 5.630442380905151367e+01 2.310183286666870117e+02 5.708164930343627930e+01 2.335805654525756836e+02 5.819920063018798828e+01 3.000000000000000000e+00
9.906696796417236328e+01 2.781744003295898438e+01 1.014730358123779297e+02 2.861653804779052734e+01 1.040925884246826172e+02 2.970015048980712891e+01 3.000000000000000000e+00
2.720606708526611328e+02 1.691685676574707031e+01 2.744339275360107422e+02 1.773749828338623047e+01 2.771891498565673828e+02 1.886264562606811523e+01 3.000000000000000000e+00
1.041641139984130859e+02 8.819286346435546875e+01 1.095864868164062500e+02 8.918339967727661133e+01 1.158718538284301758e+02 9.056033849716186523e+01 1.000000000000000000e+00
4.162839889526367188e+01 1.719764471054077148e+01 4.411473274230957031e+01 1.797899007797241211e+01 4.674858093261718750e+01 1.913222551345825195e+01 3.000000000000000000e+00
2.266727924346923828e+02 1.315427541732788086e+01 2.290758657455444336e+02 1.395983219146728516e+01 2.316513967514038086e+02 1.508155345916748047e+01 3.000000000000000000e+00
1.240910482406616211e+02 1.139767760038375854e+02 1.310979604721069336e+02 1.154075999557971954e+02 1.387562704086303711e+02 1.172611311078071594e+02 1.000000000000000000e+00
2.413393306732177734e+02 9.066901266574859619e+01 2.404025936126708984e+02 9.106490135192871094e+01 2.400028896331787109e+02 9.170796096324920654e+01 2.000000000000000000e+00
2.685659217834472656e+02 1.834082794189453125e+02 2.710051918029785156e+02 1.842883801460266113e+02 2.735916805267333984e+02 1.854158377647399902e+02 3.000000000000000000e+00
5.121741294860839844e+01 8.880760073661804199e+01 5.354318618774414062e+01 8.958225131034851074e+01 5.622866630554199219e+01 9.062784433364868164e+01 3.000000000000000000e+00
1.706297147274017334e+02 6.944949030876159668e+01 1.731013643741607666e+02 7.026964902877807617e+01 1.756039273738861084e+02 7.136597156524658203e+01 3.000000000000000000e+00
3.866368293762207031e+01 8.970471739768981934e+01 4.112120628356933594e+01 9.049229979515075684e+01 4.371411323547363281e+01 9.152363419532775879e+01 3.000000000000000000e+00
3.277285575866699219e+01 6.995676755905151367e+01 3.526627540588378906e+01 7.069702506065368652e+01 3.788696289062500000e+01 7.177589893341064453e+01 3.000000000000000000e+00
1.027076387405395508e+02 1.534290933609008789e+02 1.051458978652954102e+02 1.542248404026031494e+02 1.077669000625610352e+02 1.552942836284637451e+02 3.000000000000000000e+00
2.453742218017578125e+02 1.150885923206806183e+02 2.441341114044189453e+02 1.153076246380805969e+02 2.434528636932373047e+02 1.157260054349899292e+02 2.000000000000000000e+00
1.338253331184387207e+02 4.556647539138793945e+01 1.362059473991394043e+02 4.640018463134765625e+01 1.387499380111694336e+02 4.747268915176391602e+01 3.000000000000000000e+00
5.052561759948730469e+01 4.107446193695068359e+01 5.298447608947753906e+01 4.185772418975830078e+01 5.563344001770019531e+01 4.296032667160034180e+01 3.000000000000000000e+00
6.432191848754882812e+01 3.597228527069091797e+01 6.675044059753417969e+01 3.675188541412353516e+01 6.942310333251953125e+01 3.787288427352905273e+01 3.000000000000000000e+00
3.269442558288574219e+01 1.727026462554931641e+01 3.523644447326660156e+01 1.803864955902099609e+01 3.786732673645019531e+01 1.916694402694702148e+01 3.000000000000000000e+00
1.675959473848342896e+02 6.144935846328735352e+01 1.700743412971496582e+02 6.228448033332824707e+01 1.725995945930480957e+02 6.338093876838684082e+01 3.000000000000000000e+00
1.144309139251708984e+02 7.185764908790588379e+01 1.168755245208740234e+02 7.244000673294067383e+01 1.194867086410522461e+02 7.348089337348937988e+01 3.000000000000000000e+00
2.608352661132812500e+02 1.398861408233642578e+01 2.632966899871826172e+02 1.479723215103149414e+01 2.658841228485107422e+02 1.595854282379150391e+01 3.000000000000000000e+00
2.987368774414062500e+02 1.764170265197753906e+02 3.011880779266357422e+02 1.772886979579925537e+02 3.037985229492187500e+02 1.784358108043670654e+02 3.000000000000000000e+00
2.547872829437255859e+02 4.913834810256958008e+01 2.571985530853271484e+02 4.995200157165527344e+01 2.597591876983642578e+02 5.110372066497802734e+01 3.000000000000000000e+00
2.337106466293334961e+02 6.730885863304138184e+01 2.360682058334350586e+02 6.810783863067626953e+01 2.386123991012573242e+02 6.916728615760803223e+01 3.000000000000000000e+00
3.020403766632080078e+02 1.476020336151123047e+01 3.044852924346923828e+02 1.557481527328491211e+01 3.071610164642333984e+02 1.668426275253295898e+01 3.000000000000000000e+00
2.206434011459350586e+02 1.916991233825683594e+01 2.230421447753906250e+02 1.996167898178100586e+01 2.256124877929687500e+02 2.109420061111450195e+01 3.000000000000000000e+00
1.866498422622680664e+02 7.242544412612915039e+01 1.890480041503906250e+02 7.321986794471740723e+01 1.916222071647644043e+02 7.431803584098815918e+01 3.000000000000000000e+00
2.279088449478149414e+02 9.377267360687255859e+01 2.273359394073486328e+02 9.417920529842376709e+01 2.271635913848876953e+02 9.478632152080535889e+01 2.000000000000000000e+00
2.900228881835937500e+02 2.884011983871459961e+01 2.924238014221191406e+02 2.962810277938842773e+01 2.951419067382812500e+02 3.073935985565185547e+01 3.000000000000000000e+00
1.125790262222290039e+02 1.070628654956817627e+02 1.193753576278686523e+02 1.084795448184013367e+02 1.268005895614624023e+02 1.103352427482604980e+02 1.000000000000000000e+00
4.097994804382324219e+01 1.285760352015495300e+02 4.337778091430664062e+01 1.294063264131546021e+02 4.606154441833496094e+01 1.304253548383712769e+02 3.000000000000000000e+00
1.209116435050964355e+02 4.664652585983276367e+01 1.233374476432800293e+02 4.749118566513061523e+01 1.259069514274597168e+02 4.855924844741821289e+01 3.000000000000000000e+00
2.678709411621093750e+02 2.335483145713806152e+02 2.702988910675048828e+02 2.345054697990417480e+02 2.729429912567138672e+02 2.356625247001647949e+02 3.000000000000000000e+00
3.086507797241210938e+01 1.235960009694099426e+02 3.335029602050781250e+01 1.244258500635623932e+02 3.593135833740234375e+01 1.254406969249248505e+02 3.000000000000000000e+00
9.701560974121093750e+01 1.932867336273193359e+02 9.940708160400390625e+01 1.940243411064147949e+02 1.019659852981567383e+02 1.951277947425842285e+02 3.000000000000000000e+00
2.800237178802490234e+02 3.688317775726318359e+01 2.824166011810302734e+02 3.773013353347778320e+01 2.851298522949218750e+02 3.884034633636474609e+01 3.000000000000000000e+00
1.487042999267578125e+02 5.853906154632568359e+01 1.511869657039642334e+02 5.935124874114990234e+01 1.537104338407516479e+02 6.042376756668090820e+01 3.000000000000000000e+00
1.954945540428161621e+02 1.833757066726684570e+02 1.978295898437500000e+02 1.842037868499755859e+02 2.005050802230834961e+02 1.853128266334533691e+02 3.000000000000000000e+00
1.775506293773651123e+02 1.804087114334106445e+02 1.798291015625000000e+02 1.812297534942626953e+02 1.824915480613708496e+02 1.823361539840698242e+02 3.000000000000000000e+00
2.780484962463378906e+02 6.719037294387817383e+01 2.804387187957763672e+02 6.791854619979858398e+01 2.831603145599365234e+02 6.906744718551635742e+01 3.000000000000000000e+00
2.387335348129272461e+02 6.123834371566772461e+01 2.411466884613037109e+02 6.204817771911621094e+01 2.436595821380615234e+02 6.315811157226562500e+01 3.000000000000000000e+00
2.328045225143432617e+02 1.158587948977947235e+02 2.321247243881225586e+02 1.161281812191009521e+02 2.318925189971923828e+02 1.165847546607255936e+02 2.000000000000000000e+00
1.057785654067993164e+02 1.743792128562927246e+02 1.081895828247070312e+02 1.751642775535583496e+02 1.107248735427856445e+02 1.762049746513366699e+02 3.000000000000000000e+00
1.945471954345703125e+02 1.913842034339904785e+02 1.968802189826965332e+02 1.922245502471923828e+02 1.995448470115661621e+02 1.933350419998168945e+02 3.000000000000000000e+00
2.485737514495849609e+02 1.673119676113128662e+02 2.509533214569091797e+02 1.682106792926788330e+02 2.535103034973144531e+02 1.693472170829772949e+02 3.000000000000000000e+00
1.428882753849029541e+02 2.163332891464233398e+02 1.452105557918548584e+02 2.171237397193908691e+02 1.477524101734161377e+02 2.182243394851684570e+02 3.000000000000000000e+00
9.595240592956542969e+01 1.544035649299621582e+02 9.836156368255615234e+01 1.552027916908264160e+02 1.009720277786254883e+02 1.562634444236755371e+02 3.000000000000000000e+00
2.472131061553955078e+02 1.007632201910018921e+02 2.461013031005859375e+02 1.011020117998123169e+02 2.456070423126220703e+02 1.016348630189895630e+02 2.000000000000000000e+00
2.387284994125366211e+02 5.320740938186645508e+01 2.411214733123779297e+02 5.399034976959228516e+01 2.436583709716796875e+02 5.512006044387817383e+01 3.000000000000000000e+00
3.671528816223144531e+01 8.179509401321411133e+01 3.918938636779785156e+01 8.255057930946350098e+01 4.177992820739746094e+01 8.359493136405944824e+01 3.000000000000000000e+00
2.225867176055908203e+02 7.708306074142456055e+01 2.240427255630493164e+02 7.760970711708068848e+01 2.257207345962524414e+02 7.857145428657531738e+01 3.000000000000000000e+00
4.747280120849609375e+01 1.912721872329711914e+02 4.985192298889160156e+01 1.919632601737976074e+02 5.254313468933105469e+01 1.930180120468139648e+02 3.000000000000000000e+00
2.526940822601318359e+02 2.084354782104492188e+02 2.550680828094482422e+02 2.092867040634155273e+02 2.576664161682128906e+02 2.104269576072692871e+02 3.000000000000000000e+00
2.947578716278076172e+02 1.854176688194274902e+02 2.972175025939941406e+02 1.862959599494934082e+02 2.998120403289794922e+02 1.874381446838378906e+02 3.000000000000000000e+00
2.414951515197753906e+02 9.703603327274322510e+01 2.405598640441894531e+02 9.735218703746795654e+01 2.401262664794921875e+02 9.790467739105224609e+01 2.000000000000000000e+00
2.820429706573486328e+02 5.114925384521484375e+01 2.844314575195312500e+02 5.187186956405639648e+01 2.871563434600830078e+02 5.308288335800170898e+01 3.000000000000000000e+00
1.846653604507446289e+02 8.138421535491943359e+01 1.870550990104675293e+02 8.221964120864868164e+01 1.896007537841796875e+02 8.328557252883911133e+01 3.000000000000000000e+00
2.920565223693847656e+02 7.089729666709899902e+01 2.944467830657958984e+02 7.169842958450317383e+01 2.971653461456298828e+02 7.280806660652160645e+01 3.000000000000000000e+00
1.239226460456848145e+02 6.759262561798095703e+01 1.263170242309570312e+02 6.841364622116088867e+01 1.288342881202697754e+02 6.950430750846862793e+01 3.000000000000000000e+00
1.592970886081457138e+02 1.613906407356262207e+02 1.615834808349609375e+02 1.622089862823486328e+02 1.642243042588233948e+02 1.632543647289276123e+02 3.000000000000000000e+00
2.910490131378173828e+02 5.206423044204711914e+01 2.934374427795410156e+02 5.278295516967773438e+01 2.961665630340576172e+02 5.398432731628417969e+01 3.000000000000000000e+00
4.859908103942871094e+01 6.981139183044433594e+01 5.104110717773437500e+01 7.061873316764831543e+01 5.366937637329101562e+01 7.171611428260803223e+01 3.000000000000000000e+00
1.522532653808593750e+02 1.574045133590698242e+02 1.545707243680953979e+02 1.582085895538330078e+02 1.571775358915328979e+02 1.592460179328918457e+02 3.000000000000000000e+00
2.065371274948120117e+02 1.944150424003601074e+02 2.089483022689819336e+02 1.952492237091064453e+02 2.115688467025756836e+02 1.963589787483215332e+02 3.000000000000000000e+00
1.413073265552520752e+02 1.584157598018646240e+02 1.436532592773437500e+02 1.592063462734222412e+02 1.462646019458770752e+02 1.602687871456146240e+02 3.000000000000000000e+00
4.008648872375488281e+01 1.494808208942413330e+02 4.250417709350585938e+01 1.502405118942260742e+02 4.514292716979980469e+01 1.512458825111389160e+02 3.000000000000000000e+00
6.416274070739746094e+01 1.863391900062561035e+02 6.658202171325683594e+01 1.870738720893859863e+02 6.926424026489257812e+01 1.881288170814514160e+02 3.000000000000000000e+00
2.526290798187255859e+02 1.954726910591125488e+02 2.550337886810302734e+02 1.962952280044555664e+02 2.575869464874267578e+02 1.974199533462524414e+02 3.000000000000000000e+00
1.119497346878051758e+02 2.003196787834167480e+02 1.143572902679443359e+02 2.010022616386413574e+02 1.169395685195922852e+02 2.021089982986450195e+02 3.000000000000000000e+00
2.245686674118041992e+02 1.944220805168151855e+02 2.269533872604370117e+02 1.952753663063049316e+02 2.295289611816406250e+02 1.963781762123107910e+02 3.000000000000000000e+00
2.011840820312500000e+02 1.603456592559814453e+02 2.035688781738281250e+02 1.611944890022277832e+02 2.061056661605834961e+02 1.622881793975830078e+02 3.000000000000000000e+00
6.244379043579101562e+01 2.141678023338317871e+02 6.492077827453613281e+01 2.147923779487609863e+02 6.749502182006835938e+01 2.158275961875915527e+02 3.000000000000000000e+00
2.990433406829833984e+02 3.881383180618286133e+01 3.014266967773437500e+02 3.953340768814086914e+01 3.041641521453857422e+02 4.056952714920043945e+01 3.000000000000000000e+00
2.615761470794677734e+02 1.744070470333099365e+02 2.640154457092285156e+02 1.752826416492462158e+02 2.665916442871093750e+02 1.764051389694213867e+02 3.000000000000000000e+00
8.705878257751464844e+01 1.933013677597045898e+02 8.949615478515625000e+01 1.940211367607116699e+02 9.208442687988281250e+01 1.951235103607177734e+02 3.000000000000000000e+00
1.625785216689109802e+02 7.145771384239196777e+01 1.650853425264358521e+02 7.229966640472412109e+01 1.675769042968750000e+02 7.339172244071960449e+01 3.000000000000000000e+00
2.487124156951904297e+02 2.907038927078247070e+01 2.511061000823974609e+02 2.988098144531250000e+01 2.537013149261474609e+02 3.100899696350097656e+01 3.000000000000000000e+00
3.557924270629882812e+01 1.763874828815460205e+02 3.792553901672363281e+01 1.771163356304168701e+02 4.062309265136718750e+01 1.781383860111236572e+02 3.000000000000000000e+00
9.616278171539306641e+01 6.675173521041870117e+01 9.851206779479980469e+01 6.756199479103088379e+01 1.011339712142944336e+02 6.860591769218444824e+01 3.000000000000000000e+00
2.889430904388427734e+02 2.095066881179809570e+02 2.913932228088378906e+02 2.104150271415710449e+02 2.939961528778076172e+02 2.115490150451660156e+02 3.000000000000000000e+00
2.234552335739135742e+02 1.783736157417297363e+02 2.258189249038696289e+02 1.792222774028778076e+02 2.284378051757812500e+02 1.803394174575805664e+02 3.000000000000000000e+00
2.890251827239990234e+02 2.306425237655639648e+02 2.914629554748535156e+02 2.315892076492309570e+02 2.941409015655517578e+02 2.328165650367736816e+02 3.000000000000000000e+00
1.155641841888427734e+02 1.574511122703552246e+02 1.180007696151733398e+02 1.582330334186553955e+02 1.205950093269348145e+02 1.592910325527191162e+02 3.000000000000000000e+00
1.272732305526733398e+02 1.584449172019958496e+02 1.297431015968322754e+02 1.592102515697479248e+02 1.323281693458557129e+02 1.602806425094604492e+02 3.000000000000000000e+00
3.415594100952148438e+01 1.534540271759033203e+02 3.656429290771484375e+01 1.542296147346496582e+02 3.917324066162109375e+01 1.552254366874694824e+02 3.000000000000000000e+00
1.161047887802124023e+02 2.273206400871276855e+02 1.184406948089599609e+02 2.280491566658020020e+02 1.211126160621643066e+02 2.291220617294311523e+02 3.000000000000000000e+00
7.797245979309082031e+01 1.733605670928955078e+02 8.042115688323974609e+01 1.741294419765472412e+02 8.303101062774658203e+01 1.751926767826080322e+02 3.000000000000000000e+00
2.980072021484375000e+02 2.084997725486755371e+02 3.004173564910888672e+02 2.094136977195739746e+02 3.030271339416503906e+02 2.105439519882202148e+02 3.000000000000000000e+00
2.886686134338378906e+02 1.813691139221191406e+02 2.910458374023437500e+02 1.822715806961059570e+02 2.936585426330566406e+02 1.834178781509399414e+02 3.000000000000000000e+00
2.768480205535888672e+02 2.255804514884948730e+02 2.792960834503173828e+02 2.265309691429138184e+02 2.819635295867919922e+02 2.277044248580932617e+02 3.000000000000000000e+00
1.457464134693145752e+02 6.954652190208435059e+01 1.481852567195892334e+02 7.035773992538452148e+01 1.507386624813079834e+02 7.144397377967834473e+01 3.000000000000000000e+00
2.506075954437255859e+02 1.794062697887420654e+02 2.530441284179687500e+02 1.802599525451660156e+02 2.555868434906005859e+02 1.813889980316162109e+02 3.000000000000000000e+00
6.899266242980957031e+01 1.723718905448913574e+02 7.145238876342773438e+01 1.731361126899719238e+02 7.406819343566894531e+01 1.741849851608276367e+02 3.000000000000000000e+00
7.040878295898437500e+01 1.613526320457458496e+02 7.280671119689941406e+01 1.621172797679901123e+02 7.539708137512207031e+01 1.631753575801849365e+02 3.000000000000000000e+00
1.159618377685546875e+02 3.374147415161132812e+01 1.184083175659179688e+02 3.453904867172241211e+01 1.209907364845275879e+02 3.563161611557006836e+01 3.000000000000000000e+00
2.263872098922729492e+02 1.643788003921508789e+02 2.287756490707397461e+02 1.652127707004547119e+02 2.314054727554321289e+02 1.663486647605895996e+02 3.000000000000000000e+00
1.000925493240356445e+02 2.362412023544311523e+02 1.025048065185546875e+02 2.369772577285766602e+02 1.052631235122680664e+02 2.380270171165466309e+02 3.000000000000000000e+00
1.186121416091918945e+02 1.754318261146545410e+02 1.210558319091796875e+02 1.762146949768066406e+02 1.235991740226745605e+02 1.772606384754180908e+02 3.000000000000000000e+00
5.414033889770507812e+01 1.574220442771911621e+02 5.654181480407714844e+01 1.581799793243408203e+02 5.919584274291992188e+01 1.592217135429382324e+02 3.000000000000000000e+00
2.721239948272705078e+02 3.392425775527954102e+01 2.744778156280517578e+02 3.476325988769531250e+01 2.772381305694580078e+02 3.590347766876220703e+01 3.000000000000000000e+00
3.031648254394531250e+02 2.205189728736877441e+02 3.055557250976562500e+02 2.214180350303649902e+02 3.082293987274169922e+02 2.225775504112243652e+02 3.000000000000000000e+00
2.387673521041870117e+02 1.150730207562446594e+02 2.377403259277343750e+02 1.152998198568820953e+02 2.372545003890991211e+02 1.157207487523555756e+02 2.000000000000000000e+00
1.590055541694164276e+02 2.364271116256713867e+02 1.613540649414062500e+02 2.372644400596618652e+02 1.638955840468406677e+02 2.383324170112609863e+02 3.000000000000000000e+00
6.237365722656250000e+01 7.002637267112731934e+01 6.479321479797363281e+01 7.080982804298400879e+01 6.741429328918457031e+01 7.187812685966491699e+01 3.000000000000000000e+00
1.347552490234375000e+02 1.993632888793945312e+02 1.370973968505859375e+02 2.001310801506042480e+02 1.396687150001525879e+02 2.011961889266967773e+02 3.000000000000000000e+00
1.506588894128799438e+02 1.953860807418823242e+02 1.530258786678314209e+02 1.962177157402038574e+02 1.555364379286766052e+02 1.972955989837646484e+02 3.000000000000000000e+00
2.840609169006347656e+02 7.207201123237609863e+01 2.864490413665771484e+02 7.283397316932678223e+01 2.891642761230468750e+02 7.398833870887756348e+01 3.000000000000000000e+00
4.713639259338378906e+01 1.614342963695526123e+02 4.958587646484375000e+01 1.622018301486968994e+02 5.222477912902832031e+01 1.632170283794403076e+02 3.000000000000000000e+00
2.755274677276611328e+02 1.724166584014892578e+02 2.779583454132080078e+02 1.732867777347564697e+02 2.805592346191406250e+02 1.744128441810607910e+02 3.000000000000000000e+00
1.454338371753692627e+02 1.694169330596923828e+02 1.477615809440612793e+02 1.702133524417877197e+02 1.503619229793548584e+02 1.712692129611968994e+02 3.000000000000000000e+00
7.831875801086425781e+01 2.151456356048583984e+02 8.071733951568603516e+01 2.157955241203308105e+02 8.333566188812255859e+01 2.168337464332580566e+02 3.000000000000000000e+00
2.685693645477294922e+02 1.904128932952880859e+02 2.710033321380615234e+02 1.912974286079406738e+02 2.735982990264892578e+02 1.924231266975402832e+02 3.000000000000000000e+00
1.807159876823425293e+02 2.063937091827392578e+02 1.829598546028137207e+02 2.072054171562194824e+02 1.855738687515258789e+02 2.083001303672790527e+02 3.000000000000000000e+00
1.625090485811233521e+02 1.763985157012939453e+02 1.647928771376609802e+02 1.772384226322174072e+02 1.674096530675888062e+02 1.782974123954772949e+02 3.000000000000000000e+00
2.417599010467529297e+02 2.224821853637695312e+02 2.441835308074951172e+02 2.233419227600097656e+02 2.468155860900878906e+02 2.244597816467285156e+02 3.000000000000000000e+00
2.778330707550048828e+02 2.174661755561828613e+02 2.802703571319580078e+02 2.183809089660644531e+02 2.829279232025146484e+02 2.195271492004394531e+02 3.000000000000000000e+00
1.199424409866333008e+02 2.063089656829833984e+02 1.223432540893554688e+02 2.070185136795043945e+02 1.249364781379699707e+02 2.081215095520019531e+02 3.000000000000000000e+00
8.679372310638427734e+01 1.523485887050628662e+02 8.924551486968994141e+01 1.531381380558013916e+02 9.186160087585449219e+01 1.542029571533203125e+02 3.000000000000000000e+00
2.820419311523437500e+02 5.807619094848632812e+01 2.844368934631347656e+02 5.879386425018310547e+01 2.871619892120361328e+02 5.997166156768798828e+01 3.000000000000000000e+00
2.047420835494995117e+02 2.354621171951293945e+02 2.071567678451538086e+02 2.363538122177124023e+02 2.097333669662475586e+02 2.375015330314636230e+02 3.000000000000000000e+00
1.276817250251770020e+02 1.853753399848937988e+02 1.300811457633972168e+02 1.861382174491882324e+02 1.326310873031616211e+02 1.872171950340270996e+02 3.000000000000000000e+00
2.226177358627319336e+02 4.155428409576416016e+00 2.250351858139038086e+02 4.952266216278076172e+00 2.276308012008666992e+02 6.068623065948486328e+00 3.000000000000000000e+00
4.461752891540527344e+01 2.301442623138427734e+02 4.699595451354980469e+01 2.308150362968444824e+02 4.971205711364746094e+01 2.318659400939941406e+02 3.000000000000000000e+00
5.136579513549804688e+01 1.793305528163909912e+02 5.372961997985839844e+01 1.800473642349243164e+02 5.643483161926269531e+01 1.810795640945434570e+02 3.000000000000000000e+00
2.163017272949218750e+02 1.693725013732910156e+02 2.186702299118041992e+02 1.702018904685974121e+02 2.212553882598876953e+02 1.713193702697753906e+02 3.000000000000000000e+00
5.437893867492675781e+01 6.185260891914367676e+01 5.678738594055175781e+01 6.269385695457458496e+01 5.944894790649414062e+01 6.375688791275024414e+01 3.000000000000000000e+00
9.775999546051025391e+01 1.733660781383514404e+02 1.001894521713256836e+02 1.741377604007720947e+02 1.027765130996704102e+02 1.752088665962219238e+02 3.000000000000000000e+00
3.347826004028320312e+01 1.694784736633300781e+02 3.586791038513183594e+01 1.702417016029357910e+02 3.847005844116210938e+01 1.712430131435394287e+02 3.000000000000000000e+00
1.877006530761718750e+02 2.223691177368164062e+02 1.901083993911743164e+02 2.231854319572448730e+02 1.925802302360534668e+02 2.242822194099426270e+02 3.000000000000000000e+00
2.192767667770385742e+02 1.613690221309661865e+02 2.217099905014038086e+02 1.622116863727569580e+02 2.243298816680908203e+02 1.633379852771759033e+02 3.000000000000000000e+00
1.878086543083190918e+02 2.353910923004150391e+02 1.902745366096496582e+02 2.362748336791992188e+02 1.927101898193359375e+02 2.373995447158813477e+02 3.000000000000000000e+00
1.010174846649169922e+02 5.776489019393920898e+01 1.034264659881591797e+02 5.859247684478759766e+01 1.060469198226928711e+02 5.966087579727172852e+01 3.000000000000000000e+00
2.730413246154785156e+02 5.614601612091064453e+01 2.754290485382080078e+02 5.690835714340209961e+01 2.781322383880615234e+02 5.806371688842773438e+01 3.000000000000000000e+00
2.386023712158203125e+02 2.034450387954711914e+02 2.410127544403076172e+02 2.043058204650878906e+02 2.435700988769531250e+02 2.054078435897827148e+02 3.000000000000000000e+00
2.679117774963378906e+02 2.204706501960754395e+02 2.703341674804687500e+02 2.213835954666137695e+02 2.729797077178955078e+02 2.225233483314514160e+02 3.000000000000000000e+00
4.450315475463867188e+01 2.002542614936828613e+02 4.690110206604003906e+01 2.009161233901977539e+02 4.956434249877929688e+01 2.019816184043884277e+02 3.000000000000000000e+00
1.284134674072265625e+02 1.019843655824661255e+02 1.352207326889038086e+02 1.032412254810333252e+02 1.430064845085144043e+02 1.048790270090103149e+02 1.000000000000000000e+00
1.309456944465637207e+02 1.107149121165275574e+02 1.380735325813293457e+02 1.121342620253562927e+02 1.457984459400177002e+02 1.139001461863517761e+02 1.000000000000000000e+00
8.548713684082031250e+01 1.202435989491641521e+02 9.140411376953125000e+01 1.216196290031075478e+02 9.758631706237792969e+01 1.234192811697721481e+02 1.000000000000000000e+00
9.260694026947021484e+01 1.139229275286197662e+02 9.864645481109619141e+01 1.153478774428367615e+02 1.052086687088012695e+02 1.171257171034812927e+02 1.000000000000000000e+00
1.268886256217956543e+02 1.138572460412979126e+02 1.339437413215637207e+02 1.152892300486564636e+02 1.416284787654876709e+02 1.171162185072898865e+02 1.000000000000000000e+00
8.891970634460449219e+01 1.118926307559013367e+02 9.479341030120849609e+01 1.132457426190376282e+02 1.010434007644653320e+02 1.149107435345649719e+02 1.000000000000000000e+00
9.083395481109619141e+01 1.172304075211286545e+02 9.686833858489990234e+01 1.186350630596280098e+02 1.033579301834106445e+02 1.204647674784064293e+02 1.000000000000000000e+00
2.294403219223022461e+02 1.070202550292015076e+02 2.288198089599609375e+02 1.072808682918548584e+02 2.286517047882080078e+02 1.077340766787528992e+02 2.000000000000000000e+00
2.422029304504394531e+02 9.993655264377593994e+01 2.412215423583984375e+02 1.002798074483871460e+02 2.407102108001708984e+02 1.008062589168548584e+02 2.000000000000000000e+00
2.254583311080932617e+02 9.755839347839355469e+01 2.248555135726928711e+02 9.787038981914520264e+01 2.247120666503906250e+02 9.851632654666900635e+01 2.000000000000000000e+00
2.416168498992919922e+02 1.073487693071365356e+02 2.405451679229736328e+02 1.075282055139541626e+02 2.399687957763671875e+02 1.080401524901390076e+02 2.000000000000000000e+00
2.462320709228515625e+02 9.067452907562255859e+01 2.451607513427734375e+02 9.104396581649780273e+01 2.447637367248535156e+02 9.169412791728973389e+01 2.000000000000000000e+00
2.297310638427734375e+02 1.102358624339103699e+02 2.291627502441406250e+02 1.104663160443305969e+02 2.289737415313720703e+02 1.109839090704917908e+02 2.000000000000000000e+00
2.307890653610229492e+02 9.763639748096466064e+01 2.302252197265625000e+02 9.794637858867645264e+01 2.300793027877807617e+02 9.853848874568939209e+01 2.000000000000000000e+00
