2.340793943405151367e+02 1.089351797103881836e+02 2.332121753692626953e+02 1.083801037073135376e+02 2.329516744613647461e+02 1.077673333883285522e+02 2.000000000000000000e+00
2.341139841079711914e+02 9.597843110561370850e+01 2.332704305648803711e+02 9.545268952846527100e+01 2.330586576461791992e+02 9.494275510311126709e+01 2.000000000000000000e+00
2.292129659652709961e+02 1.056296762824058533e+02 2.283266305923461914e+02 1.051067876815795898e+02 2.281395435333251953e+02 1.045357203483581543e+02 2.000000000000000000e+00
1.356563711166381836e+02 1.101631155610084534e+02 1.429097139835357666e+02 1.109823828935623169e+02 1.510570067167282104e+02 1.117264097929000854e+02 1.000000000000000000e+00
2.214427328109741211e+02 9.580055952072143555e+01 2.206224822998046875e+02 9.538140714168548584e+01 2.205140066146850586e+02 9.488274335861206055e+01 2.000000000000000000e+00
2.383317136764526367e+02 1.041129595041275024e+02 2.373074197769165039e+02 1.035035312175750732e+02 2.368873453140258789e+02 1.029810780286788940e+02 2.000000000000000000e+00
9.026789665222167969e+01 6.761426925659179688e+01 9.189334869384765625e+01 6.775536060333251953e+01 9.409140586853027344e+01 6.766267776489257812e+01 3.000000000000000000e+00
1.116193532943725586e+02 1.101433789730072021e+02 1.179420328140258789e+02 1.109504771232604980e+02 1.250228810310363770e+02 1.117165982723236084e+02 1.000000000000000000e+00
2.625854206085205078e+02 1.834013271331787109e+02 2.643653869628906250e+02 1.833934807777404785e+02 2.664485168457031250e+02 1.835516095161437988e+02 3.000000000000000000e+00
2.245264577865600586e+02 7.220280289649963379e+01 2.261530160903930664e+02 7.216605305671691895e+01 2.283090829849243164e+02 7.216191530227661133e+01 3.000000000000000000e+00
1.815741586685180664e+02 6.536741495132446289e+01 1.832134246826171875e+02 6.540098905563354492e+01 1.852857208251953125e+02 6.541671395301818848e+01 3.000000000000000000e+00
8.232841491699218750e+01 6.764207839965820312e+01 8.395492553710937500e+01 6.778086662292480469e+01 8.613554954528808594e+01 6.768945693969726562e+01 3.000000000000000000e+00
2.805782794952392578e+02 1.854205942153930664e+02 2.824113750457763672e+02 1.854224753379821777e+02 2.844417095184326172e+02 1.855714416503906250e+02 3.000000000000000000e+00
1.110825014114379883e+02 3.266602277755737305e+01 1.126947021484375000e+02 3.279021978378295898e+01 1.149244976043701172e+02 3.272282838821411133e+01 3.000000000000000000e+00
7.137702941894531250e+01 5.970025062561035156e+01 7.301042556762695312e+01 5.984832286834716797e+01 7.518880844116210938e+01 5.975026845932006836e+01 3.000000000000000000e+00
2.207128286361694336e+02 1.146077495813369751e+02 2.198909902572631836e+02 1.142141872644424438e+02 2.197167825698852539e+02 1.136815564334392548e+02 2.000000000000000000e+00
2.637932777404785156e+02 6.913048982620239258e+01 2.654781532287597656e+02 6.904809951782226562e+01 2.676506328582763672e+02 6.920233726501464844e+01 3.000000000000000000e+00
2.275954437255859375e+02 4.913407802581787109e+01 2.292305135726928711e+02 4.911398649215698242e+01 2.313756275177001953e+02 4.919733524322509766e+01 3.000000000000000000e+00
9.127796649932861328e+01 9.916046082973480225e+01 9.674529075622558594e+01 9.951647758483886719e+01 1.029521846771240234e+02 9.969392359256744385e+01 1.000000000000000000e+00
8.432587146759033203e+01 3.773722171783447266e+01 8.593356132507324219e+01 3.786123991012573242e+01 8.816174983978271484e+01 3.778850555419921875e+01 3.000000000000000000e+00
2.005674457550048828e+02 8.631706953048706055e+01 2.021961355209350586e+02 8.633507966995239258e+01 2.042905282974243164e+02 8.637617468833923340e+01 3.000000000000000000e+00
2.552509021759033203e+02 7.584907293319702148e+01 2.568072509765625000e+02 7.569588303565979004e+01 2.590242958068847656e+02 7.577602744102478027e+01 3.000000000000000000e+00
2.025688314437866211e+02 6.930445432662963867e+01 2.041980314254760742e+02 6.930833816528320312e+01 2.063100576400756836e+02 6.935479402542114258e+01 3.000000000000000000e+00
2.406754970550537109e+02 2.504565238952636719e+01 2.422832775115966797e+02 2.500335931777954102e+01 2.444887733459472656e+02 2.513998031616210938e+01 3.000000000000000000e+00
3.011585712432861328e+02 2.268294811248779297e+01 3.026745319366455078e+02 2.261529207229614258e+01 3.048409748077392578e+02 2.276810646057128906e+01 3.000000000000000000e+00
2.105841398239135742e+02 7.326910972595214844e+01 2.122194528579711914e+02 7.327310085296630859e+01 2.143012857437133789e+02 7.332394838333129883e+01 3.000000000000000000e+00
1.149779272079467773e+02 5.061152458190917969e+01 1.165948104858398438e+02 5.071681022644042969e+01 1.187886953353881836e+02 5.066097021102905273e+01 3.000000000000000000e+00
1.445794832706451416e+02 1.097178876399993896e+02 1.518450009822845459e+02 1.105519706010818481e+02 1.600755004910752177e+02 1.113158485293388367e+02 1.000000000000000000e+00
2.315821218490600586e+02 6.519945859909057617e+01 2.332259082794189453e+02 6.519763827323913574e+01 2.353571939468383789e+02 6.527833342552185059e+01 3.000000000000000000e+00
1.150225734710693359e+02 3.964292049407958984e+01 1.166377544403076172e+02 3.975274801254272461e+01 1.188465404510498047e+02 3.969449758529663086e+01 3.000000000000000000e+00
7.738151550292968750e+01 3.180376768112182617e+01 7.900868415832519531e+01 3.195610284805297852e+01 8.123451232910156250e+01 3.184679746627807617e+01 3.000000000000000000e+00
5.760792732238769531e+01 2.504293441772460938e+01 5.929095268249511719e+01 2.521033287048339844e+01 6.148435592651367188e+01 2.510462522506713867e+01 3.000000000000000000e+00
2.537146663665771484e+02 2.299565792083740234e+01 2.553250026702880859e+02 2.294848680496215820e+01 2.575284481048583984e+02 2.309538602828979492e+01 3.000000000000000000e+00
2.286138486862182617e+02 3.105716228485107422e+01 2.302295684814453125e+02 3.102068424224853516e+01 2.324177408218383789e+02 3.113538980484008789e+01 3.000000000000000000e+00
1.366708064079284668e+02 1.007680964469909668e+02 1.434687340259552002e+02 1.014403975009918213e+02 1.515188747644424438e+02 1.019367903470993042e+02 1.000000000000000000e+00
2.550909900665283203e+02 1.160466000437736511e+02 2.534317302703857422e+02 1.154238429665565491e+02 2.524666118621826172e+02 1.148203428089618683e+02 2.000000000000000000e+00
2.567422771453857422e+02 3.904898643493652344e+01 2.584032344818115234e+02 3.899101495742797852e+01 2.605672931671142578e+02 3.911147117614746094e+01 3.000000000000000000e+00
1.596372528001666069e+02 6.941653132438659668e+01 1.612846222519874573e+02 6.946473598480224609e+01 1.633888092637062073e+02 6.947189927101135254e+01 3.000000000000000000e+00
1.021499156951904297e+02 2.173487663269042969e+01 1.037581110000610352e+02 2.186247825622558594e+01 1.059938859939575195e+02 2.180061578750610352e+01 3.000000000000000000e+00
8.635544300079345703e+01 1.279512405395507812e+01 8.794965267181396484e+01 1.293773889541625977e+01 9.022209167480468750e+01 1.286421775817871094e+01 3.000000000000000000e+00
9.327415466308593750e+01 4.766354084014892578e+01 9.486315727233886719e+01 4.780185699462890625e+01 9.710438251495361328e+01 4.772253513336181641e+01 3.000000000000000000e+00
1.327701878547668457e+02 5.750880718231201172e+01 1.344195103645324707e+02 5.760593891143798828e+01 1.365588688850402832e+02 5.757043361663818359e+01 3.000000000000000000e+00
4.284284591674804688e+01 6.182761788368225098e+01 4.454952239990234375e+01 6.204192638397216797e+01 4.674908638000488281e+01 6.189350366592407227e+01 3.000000000000000000e+00
1.091072463989257812e+02 2.172604322433471680e+01 1.107168436050415039e+02 2.184788703918457031e+01 1.129502630233764648e+02 2.179434299468994141e+01 3.000000000000000000e+00
2.486851024627685547e+02 1.033157193660736084e+02 2.476592731475830078e+02 1.026535946130752563e+02 2.468362617492675781e+02 1.022229838371276855e+02 2.000000000000000000e+00
7.536688804626464844e+01 7.181821346282958984e+01 7.701745986938476562e+01 7.197424650192260742e+01 7.917704582214355469e+01 7.186874985694885254e+01 3.000000000000000000e+00
9.685485839843750000e+01 1.188900985568761826e+02 1.027342224121093750e+02 1.196459503099322319e+02 1.092291927337646484e+02 1.203708877880126238e+02 1.000000000000000000e+00
2.557576179504394531e+02 8.985307216644287109e+00 2.573656654357910156e+02 8.941125869750976562e+00 2.595738887786865234e+02 9.085249900817871094e+00 3.000000000000000000e+00
2.507378578186035156e+02 5.612089633941650391e+01 2.524209117889404297e+02 5.605667352676391602e+01 2.545704174041748047e+02 5.617983341217041016e+01 3.000000000000000000e+00
1.417378532886505127e+02 5.847543954849243164e+01 1.434138023853302002e+02 5.854310989379882812e+01 1.455523526668548584e+02 5.851706027984619141e+01 3.000000000000000000e+00
7.538395881652832031e+01 4.377701997756958008e+01 7.701243400573730469e+01 4.391555070877075195e+01 7.920640945434570312e+01 4.382944107055664062e+01 3.000000000000000000e+00
1.483535301685333252e+02 1.234108659625053406e+02 1.555864867568016052e+02 1.242515869438648224e+02 1.637387543916702271e+02 1.251239781081676483e+02 1.000000000000000000e+00
8.331888675689697266e+01 5.767260789871215820e+01 8.492777824401855469e+01 5.782610177993774414e+01 8.711905479431152344e+01 5.771739006042480469e+01 3.000000000000000000e+00
2.567692852020263672e+02 7.015785098075866699e+01 2.584564495086669922e+02 7.009281635284423828e+01 2.606107807159423828e+02 7.023582816123962402e+01 3.000000000000000000e+00
6.942971229553222656e+01 3.086960077285766602e+01 7.108731269836425781e+01 3.100894689559936523e+01 7.329190254211425781e+01 3.090609312057495117e+01 3.000000000000000000e+00
4.063422203063964844e+01 2.329536223411560059e+02 4.255004882812500000e+01 2.330856084823608398e+02 4.458478927612304688e+01 2.328742146492004395e+02 3.000000000000000000e+00
9.030338764190673828e+01 2.178319215774536133e+01 9.190006732940673828e+01 2.191670179367065430e+01 9.416954517364501953e+01 2.184307336807250977e+01 3.000000000000000000e+00
1.109586191177368164e+02 1.173982085287570953e+02 1.174524545669555664e+02 1.182728804647922516e+02 1.246218252182006836e+02 1.191319121606647968e+02 1.000000000000000000e+00
1.139380168914794922e+02 6.558129429817199707e+01 1.155972576141357422e+02 6.569569945335388184e+01 1.177293395996093750e+02 6.564895391464233398e+01 3.000000000000000000e+00
3.786666870117187500e+01 4.494423151016235352e+01 3.953373908996582031e+01 4.519527196884155273e+01 4.178019523620605469e+01 4.505970239639282227e+01 3.000000000000000000e+00
9.577393054962158203e+01 1.093416970968246460e+02 1.014556550979614258e+02 1.100430294871330261e+02 1.077727651596069336e+02 1.106242668628692627e+02 1.000000000000000000e+00
2.335805654525756836e+02 5.819920063018798828e+01 2.352182340621948242e+02 5.819407224655151367e+01 2.373681354522705078e+02 5.826943874359130859e+01 3.000000000000000000e+00
1.040925884246826172e+02 2.970015048980712891e+01 1.057123708724975586e+02 2.982783079147338867e+01 1.079345178604125977e+02 2.975888013839721680e+01 3.000000000000000000e+00
2.771891498565673828e+02 1.886264562606811523e+01 2.787365150451660156e+02 1.880124807357788086e+01 2.809674072265625000e+02 1.895127296447753906e+01 3.000000000000000000e+00
1.158718538284301758e+02 9.056033849716186523e+01 1.214986872673034668e+02 9.086039543151855469e+01 1.280275106430053711e+02 9.115081608295440674e+01 1.000000000000000000e+00
4.674858093261718750e+01 1.913222551345825195e+01 4.843122482299804688e+01 1.928378105163574219e+01 5.065117835998535156e+01 1.921271324157714844e+01 3.000000000000000000e+00
2.316513967514038086e+02 1.508155345916748047e+01 2.332410287857055664e+02 1.504575490951538086e+01 2.354649066925048828e+02 1.515813589096069336e+01 3.000000000000000000e+00
1.387562704086303711e+02 1.172611311078071594e+02 1.459724581241607666e+02 1.181067808717489243e+02 1.541182857751846313e+02 1.189283751323819160e+02 1.000000000000000000e+00
2.400028896331787109e+02 9.170796096324920654e+01 2.389543914794921875e+02 9.123945415019989014e+01 2.386739683151245117e+02 9.080544054508209229e+01 2.000000000000000000e+00
2.735916805267333984e+02 1.854158377647399902e+02 2.753827571868896484e+02 1.854093360900878906e+02 2.774491024017333984e+02 1.855608415603637695e+02 3.000000000000000000e+00
5.622866630554199219e+01 9.062784433364868164e+01 5.785074234008789062e+01 9.075034976005554199e+01 6.003213882446289062e+01 9.065749168395996094e+01 3.000000000000000000e+00
1.756039273738861084e+02 7.136597156524658203e+01 1.772339177131652832e+02 7.139973878860473633e+01 1.793229377269744873e+02 7.142123937606811523e+01 3.000000000000000000e+00
4.371411323547363281e+01 9.152363419532775879e+01 4.543346405029296875e+01 9.165137350559234619e+01 4.757202148437500000e+01 9.155458688735961914e+01 3.000000000000000000e+00
3.788696289062500000e+01 7.177589893341064453e+01 3.960638999938964844e+01 7.197450041770935059e+01 4.180597305297851562e+01 7.181131482124328613e+01 3.000000000000000000e+00
1.077669000625610352e+02 1.552942836284637451e+02 1.095272302627563477e+02 1.553737056255340576e+02 1.116495513916015625e+02 1.553089928627014160e+02 3.000000000000000000e+00
2.434528636932373047e+02 1.157260054349899292e+02 2.420350170135498047e+02 1.151869887113571167e+02 2.413693141937255859e+02 1.145409849286079407e+02 2.000000000000000000e+00
1.387499380111694336e+02 4.747268915176391602e+01 1.404177546501159668e+02 4.755381345748901367e+01 1.425412750244140625e+02 4.751484632492065430e+01 3.000000000000000000e+00
5.563344001770019531e+01 4.296032667160034180e+01 5.730296134948730469e+01 4.314687967300415039e+01 5.947791099548339844e+01 4.304575681686401367e+01 3.000000000000000000e+00
6.942310333251953125e+01 3.787288427352905273e+01 7.107622146606445312e+01 3.803218603134155273e+01 7.326069831848144531e+01 3.793049097061157227e+01 3.000000000000000000e+00
3.786732673645019531e+01 1.916694402694702148e+01 3.954218864440917969e+01 1.935956954956054688e+01 4.183135986328125000e+01 1.924697399139404297e+01 3.000000000000000000e+00
1.725995945930480957e+02 6.338093876838684082e+01 1.742366337776184082e+02 6.341568946838378906e+01 1.763073122501373291e+02 6.342987298965454102e+01 3.000000000000000000e+00
1.194867086410522461e+02 7.348089337348937988e+01 1.213585877418518066e+02 7.363130807876586914e+01 1.236259675025939941e+02 7.376242518424987793e+01 3.000000000000000000e+00
2.658841228485107422e+02 1.595854282379150391e+01 2.675212097167968750e+02 1.589061498641967773e+01 2.697303199768066406e+02 1.603778600692749023e+01 3.000000000000000000e+00
3.037985229492187500e+02 1.784358108043670654e+02 3.056603717803955078e+02 1.784164452552795410e+02 3.077699565887451172e+02 1.785841870307922363e+02 3.000000000000000000e+00
2.597591876983642578e+02 5.110372066497802734e+01 2.614424800872802734e+02 5.105112791061401367e+01 2.635993099212646484e+02 5.114441871643066406e+01 3.000000000000000000e+00
2.386123991012573242e+02 6.916728615760803223e+01 2.402624702453613281e+02 6.914714455604553223e+01 2.423950099945068359e+02 6.925322413444519043e+01 3.000000000000000000e+00
3.071610164642333984e+02 1.668426275253295898e+01 3.087356281280517578e+02 1.659072875976562500e+01 3.109093952178955078e+02 1.673786401748657227e+01 3.000000000000000000e+00
2.256124877929687500e+02 2.109420061111450195e+01 2.272046041488647461e+02 2.104307413101196289e+01 2.294254159927368164e+02 2.115829467773437500e+01 3.000000000000000000e+00
1.916222071647644043e+02 7.431803584098815918e+01 1.932557225227355957e+02 7.433754444122314453e+01 1.953572082519531250e+02 7.436741352081298828e+01 3.000000000000000000e+00
2.271635913848876953e+02 9.478632152080535889e+01 2.262985706329345703e+02 9.431949555873870850e+01 2.261550283432006836e+02 9.383747041225433350e+01 2.000000000000000000e+00
2.951419067382812500e+02 3.073935985565185547e+01 2.966796302795410156e+02 3.066939353942871094e+01 2.988301372528076172e+02 3.082213640213012695e+01 3.000000000000000000e+00
1.268005895614624023e+02 1.103352427482604980e+02 1.338993525505065918e+02 1.111944195628166199e+02 1.418677520751953125e+02 1.119551154971122742e+02 1.000000000000000000e+00
4.606154441833496094e+01 1.304253548383712769e+02 4.776713371276855469e+01 1.305513310432434082e+02 4.986374855041503906e+01 1.304335641860961914e+02 3.000000000000000000e+00
1.259069514274597168e+02 4.855924844741821289e+01 1.275503683090209961e+02 4.864991426467895508e+01 1.297221827507019043e+02 4.861636161804199219e+01 3.000000000000000000e+00
2.729429912567138672e+02 2.356625247001647949e+02 2.747291851043701172e+02 2.356647276878356934e+02 2.767258930206298828e+02 2.358068633079528809e+02 3.000000000000000000e+00
3.593135833740234375e+01 1.254406969249248505e+02 3.767966270446777344e+01 1.255709382891654968e+02 3.976015090942382812e+01 1.254504092037677765e+02 3.000000000000000000e+00
1.019659852981567383e+02 1.951277947425842285e+02 1.037992382049560547e+02 1.952555894851684570e+02 1.058647584915161133e+02 1.951596236228942871e+02 3.000000000000000000e+00
2.851298522949218750e+02 3.884034633636474609e+01 2.866866779327392578e+02 3.878032922744750977e+01 2.888218975067138672e+02 3.891365289688110352e+01 3.000000000000000000e+00
1.537104338407516479e+02 6.042376756668090820e+01 1.553577575087547302e+02 6.047847032546997070e+01 1.574753418564796448e+02 6.047053098678588867e+01 3.000000000000000000e+00
2.005050802230834961e+02 1.853128266334533691e+02 2.022812509536743164e+02 1.853188061714172363e+02 2.043449735641479492e+02 1.853658628463745117e+02 3.000000000000000000e+00
1.824915480613708496e+02 1.823361539840698242e+02 1.843002009391784668e+02 1.823614239692687988e+02 1.863298964500427246e+02 1.823997974395751953e+02 3.000000000000000000e+00
2.831603145599365234e+02 6.906744718551635742e+01 2.847431945800781250e+02 6.901087760925292969e+01 2.868572711944580078e+02 6.919289946556091309e+01 3.000000000000000000e+00
2.436595821380615234e+02 6.315811157226562500e+01 2.453326702117919922e+02 6.312069296836853027e+01 2.474695301055908203e+02 6.323349595069885254e+01 3.000000000000000000e+00
2.318925189971923828e+02 1.165847546607255936e+02 2.310050678253173828e+02 1.160365904867649078e+02 2.307192707061767578e+02 1.154468303918838501e+02 2.000000000000000000e+00
1.107248735427856445e+02 1.762049746513366699e+02 1.125242519378662109e+02 1.763119089603424072e+02 1.146304464340209961e+02 1.762565338611602783e+02 3.000000000000000000e+00
1.995448470115661621e+02 1.933350419998168945e+02 2.013385629653930664e+02 1.933594536781311035e+02 2.033811187744140625e+02 1.933910107612609863e+02 3.000000000000000000e+00
2.535103034973144531e+02 1.693472170829772949e+02 2.552628993988037109e+02 1.693290424346923828e+02 2.573600196838378906e+02 1.694673657417297363e+02 3.000000000000000000e+00
1.477524101734161377e+02 2.182243394851684570e+02 1.496532440185546875e+02 2.182932758331298828e+02 1.517057341337203979e+02 2.182485866546630859e+02 3.000000000000000000e+00
1.009720277786254883e+02 1.562634444236755371e+02 1.027184963226318359e+02 1.563527405261993408e+02 1.048410272598266602e+02 1.562832355499267578e+02 3.000000000000000000e+00
2.456070423126220703e+02 1.016348630189895630e+02 2.444346809387207031e+02 1.011200702190399170e+02 2.439808940887451172e+02 1.005757355690002441e+02 2.000000000000000000e+00
2.436583709716796875e+02 5.512006044387817383e+01 2.453210735321044922e+02 5.508378982543945312e+01 2.474681377410888672e+02 5.518499135971069336e+01 3.000000000000000000e+00
4.177992820739746094e+01 8.359493136405944824e+01 4.349797248840332031e+01 8.373932361602783203e+01 4.565736770629882812e+01 8.363298654556274414e+01 3.000000000000000000e+00
2.257207345962524414e+02 7.857145428657531738e+01 2.265087747573852539e+02 7.836478829383850098e+01 2.279346466064453125e+02 7.825132369995117188e+01 3.000000000000000000e+00
5.254313468933105469e+01 1.930180120468139648e+02 5.435708045959472656e+01 1.931838083267211914e+02 5.645019531250000000e+01 1.929935359954833984e+02 3.000000000000000000e+00
2.576664161682128906e+02 2.104269576072692871e+02 2.595054912567138672e+02 2.104357624053955078e+02 2.615919780731201172e+02 2.105420708656311035e+02 3.000000000000000000e+00
2.998120403289794922e+02 1.874381446838378906e+02 3.016665649414062500e+02 1.874100208282470703e+02 3.037644958496093750e+02 1.875729846954345703e+02 3.000000000000000000e+00
2.401262664794921875e+02 9.790467739105224609e+01 2.390128040313720703e+02 9.739419400691986084e+01 2.386272287368774414e+02 9.686266243457794189e+01 2.000000000000000000e+00
2.871563434600830078e+02 5.308288335800170898e+01 2.887210750579833984e+02 5.306438684463500977e+01 2.908334636688232422e+02 5.318049430847167969e+01 3.000000000000000000e+00
1.896007537841796875e+02 8.328557252883911133e+01 1.912665557861328125e+02 8.331652522087097168e+01 1.933479309082031250e+02 8.333845496177673340e+01 3.000000000000000000e+00
2.971653461456298828e+02 7.280806660652160645e+01 2.987522315979003906e+02 7.278250694274902344e+01 3.008599281311035156e+02 7.289191961288452148e+01 3.000000000000000000e+00
1.288342881202697754e+02 6.950430750846862793e+01 1.305226731300354004e+02 6.957997798919677734e+01 1.327071523666381836e+02 6.955080270767211914e+01 3.000000000000000000e+00
1.642243042588233948e+02 1.632543647289276123e+02 1.659500885009765625e+02 1.633302497863769531e+02 1.680572205781936646e+02 1.633329498767852783e+02 3.000000000000000000e+00
2.961665630340576172e+02 5.398432731628417969e+01 2.977287960052490234e+02 5.393095493316650391e+01 2.998389339447021484e+02 5.408882617950439453e+01 3.000000000000000000e+00
5.366937637329101562e+01 7.171611428260803223e+01 5.543733596801757812e+01 7.182455062866210938e+01 5.760114669799804688e+01 7.176472306251525879e+01 3.000000000000000000e+00
1.571775358915328979e+02 1.592460179328918457e+02 1.588959655910730362e+02 1.593304753303527832e+02 1.610307159274816513e+02 1.593262338638305664e+02 3.000000000000000000e+00
2.115688467025756836e+02 1.963589787483215332e+02 2.133623981475830078e+02 1.963764238357543945e+02 2.154315805435180664e+02 1.964170145988464355e+02 3.000000000000000000e+00
1.462646019458770752e+02 1.602687871456146240e+02 1.480525362491607666e+02 1.603537452220916748e+02 1.501799774169921875e+02 1.603345191478729248e+02 3.000000000000000000e+00
4.514292716979980469e+01 1.512458825111389160e+02 4.686502456665039062e+01 1.514079916477203369e+02 4.896162033081054688e+01 1.512325000762939453e+02 3.000000000000000000e+00
6.926424026489257812e+01 1.881288170814514160e+02 7.105190277099609375e+01 1.882459902763366699e+02 7.309737205505371094e+01 1.881147980690002441e+02 3.000000000000000000e+00
2.575869464874267578e+02 1.974199533462524414e+02 2.593757343292236328e+02 1.974141240119934082e+02 2.614905738830566406e+02 1.975714445114135742e+02 3.000000000000000000e+00
1.169395685195922852e+02 2.021089982986450195e+02 1.187886476516723633e+02 2.022419142723083496e+02 1.208066940307617188e+02 2.021604967117309570e+02 3.000000000000000000e+00
2.295289611816406250e+02 1.963781762123107910e+02 2.313482666015625000e+02 1.963972377777099609e+02 2.334211587905883789e+02 1.964659023284912109e+02 3.000000000000000000e+00
2.061056661605834961e+02 1.622881793975830078e+02 2.078482198715209961e+02 1.623124551773071289e+02 2.099191284179687500e+02 1.623769104480743408e+02 3.000000000000000000e+00
6.749502182006835938e+01 2.158275961875915527e+02 6.939731597900390625e+01 2.159982633590698242e+02 7.145058631896972656e+01 2.158559632301330566e+02 3.000000000000000000e+00
3.041641521453857422e+02 4.056952714920043945e+01 3.057131671905517578e+02 4.049708604812622070e+01 3.078319072723388672e+02 4.067120075225830078e+01 3.000000000000000000e+00
2.665916442871093750e+02 1.764051389694213867e+02 2.683890438079833984e+02 1.764001965522766113e+02 2.704470825195312500e+02 1.765516555309295654e+02 3.000000000000000000e+00
9.208442687988281250e+01 1.951235103607177734e+02 9.390608787536621094e+01 1.952427220344543457e+02 9.595083713531494141e+01 1.951564979553222656e+02 3.000000000000000000e+00
1.675769042968750000e+02 7.339172244071960449e+01 1.692216032743453979e+02 7.342183470726013184e+01 1.713063657283782959e+02 7.343585014343261719e+01 3.000000000000000000e+00
2.537013149261474609e+02 3.100899696350097656e+01 2.553155422210693359e+02 3.094970941543579102e+01 2.575177288055419922e+02 3.110142946243286133e+01 3.000000000000000000e+00
4.062309265136718750e+01 1.781383860111236572e+02 4.238535881042480469e+01 1.783340799808502197e+02 4.452978134155273438e+01 1.780945765972137451e+02 3.000000000000000000e+00
1.011339712142944336e+02 6.860591769218444824e+01 1.027401351928710938e+02 6.874199509620666504e+01 1.049428319931030273e+02 6.865021347999572754e+01 3.000000000000000000e+00
2.939961528778076172e+02 2.115490150451660156e+02 2.958629512786865234e+02 2.115358042716979980e+02 2.978974628448486328e+02 2.116994047164916992e+02 3.000000000000000000e+00
2.284378051757812500e+02 1.803394174575805664e+02 2.302507019042968750e+02 1.803430938720703125e+02 2.323060750961303711e+02 1.804291105270385742e+02 3.000000000000000000e+00
2.941409015655517578e+02 2.328165650367736816e+02 2.960279560089111328e+02 2.327717185020446777e+02 2.980631732940673828e+02 2.330939412117004395e+02 3.000000000000000000e+00
1.205950093269348145e+02 1.592910325527191162e+02 1.223796534538269043e+02 1.593801283836364746e+02 1.244896006584167480e+02 1.593273174762725830e+02 3.000000000000000000e+00
1.323281693458557129e+02 1.602806425094604492e+02 1.341274857521057129e+02 1.603759646415710449e+02 1.362261033058166504e+02 1.603329491615295410e+02 3.000000000000000000e+00
3.917324066162109375e+01 1.552254366874694824e+02 4.094149589538574219e+01 1.553940904140472412e+02 4.305624961853027344e+01 1.552022123336791992e+02 3.000000000000000000e+00
1.211126160621643066e+02 2.291220617294311523e+02 1.229654240608215332e+02 2.291967558860778809e+02 1.249667358398437500e+02 2.291897034645080566e+02 3.000000000000000000e+00
8.303101062774658203e+01 1.751926767826080322e+02 8.481244564056396484e+01 1.753111588954925537e+02 8.681411743164062500e+01 1.752109873294830322e+02 3.000000000000000000e+00
3.030271339416503906e+02 2.105439519882202148e+02 3.048643493652343750e+02 2.105364704132080078e+02 3.069632625579833984e+02 2.107205414772033691e+02 3.000000000000000000e+00
2.936585426330566406e+02 1.834178781509399414e+02 2.955026245117187500e+02 1.834081578254699707e+02 2.975404357910156250e+02 1.835424041748046875e+02 3.000000000000000000e+00
2.819635295867919922e+02 2.277044248580932617e+02 2.837612915039062500e+02 2.277066993713378906e+02 2.857522869110107422e+02 2.278609228134155273e+02 3.000000000000000000e+00
1.507386624813079834e+02 7.144397377967834473e+01 1.523845821619033813e+02 7.148890256881713867e+01 1.545407408475875854e+02 7.148979663848876953e+01 3.000000000000000000e+00
2.555868434906005859e+02 1.813889980316162109e+02 2.573573303222656250e+02 1.813742852210998535e+02 2.594478797912597656e+02 1.815160131454467773e+02 3.000000000000000000e+00
7.406819343566894531e+01 1.741849851608276367e+02 7.583631515502929688e+01 1.743039429187774658e+02 7.789408683776855469e+01 1.741926312446594238e+02 3.000000000000000000e+00
7.539708137512207031e+01 1.631753575801849365e+02 7.719473838806152344e+01 1.632902848720550537e+02 7.929561614990234375e+01 1.631858682632446289e+02 3.000000000000000000e+00
1.209907364845275879e+02 3.563161611557006836e+01 1.226210999488830566e+02 3.574592828750610352e+01 1.248229146003723145e+02 3.568528890609741211e+01 3.000000000000000000e+00
2.314054727554321289e+02 1.663486647605895996e+02 2.332029724121093750e+02 1.663427460193634033e+02 2.352320098876953125e+02 1.664362978935241699e+02 3.000000000000000000e+00
1.052631235122680664e+02 2.380270171165466309e+02 1.069835281372070312e+02 2.382040643692016602e+02 1.091817855834960938e+02 2.381196498870849609e+02 3.000000000000000000e+00
1.235991740226745605e+02 1.772606384754180908e+02 1.254203176498413086e+02 1.773674941062927246e+02 1.274636006355285645e+02 1.773146402835845947e+02 3.000000000000000000e+00
5.919584274291992188e+01 1.592217135429382324e+02 6.092268943786621094e+01 1.593658912181854248e+02 6.305823326110839844e+01 1.592277252674102783e+02 3.000000000000000000e+00
2.772381305694580078e+02 3.590347766876220703e+01 2.788273620605468750e+02 3.584876775741577148e+01 2.810027503967285156e+02 3.597973823547363281e+01 3.000000000000000000e+00
3.082293987274169922e+02 2.225775504112243652e+02 3.100584697723388672e+02 2.225650405883789062e+02 3.122076702117919922e+02 2.227662563323974609e+02 3.000000000000000000e+00
2.372545003890991211e+02 1.157207487523555756e+02 2.360597229003906250e+02 1.151954345405101776e+02 2.355057239532470703e+02 1.145417632162570953e+02 2.000000000000000000e+00
1.638955840468406677e+02 2.383324170112609863e+02 1.657094269990921021e+02 2.384018468856811523e+02 1.678590393066406250e+02 2.384022617340087891e+02 3.000000000000000000e+00
6.741429328918457031e+01 7.187812685966491699e+01 6.908071517944335938e+01 7.206303834915161133e+01 7.122784614562988281e+01 7.194051861763000488e+01 3.000000000000000000e+00
1.396687150001525879e+02 2.011961889266967773e+02 1.415442955493927002e+02 2.012961030006408691e+02 1.435597991943359375e+02 2.012379813194274902e+02 3.000000000000000000e+00
1.555364379286766052e+02 1.972955989837646484e+02 1.573804166913032532e+02 1.973357105255126953e+02 1.594506225362420082e+02 1.973194599151611328e+02 3.000000000000000000e+00
2.891642761230468750e+02 7.398833870887756348e+01 2.907511901855468750e+02 7.392577886581420898e+01 2.928648376464843750e+02 7.413190126419067383e+01 3.000000000000000000e+00
5.222477912902832031e+01 1.632170283794403076e+02 5.397448539733886719e+01 1.633688843250274658e+02 5.609433174133300781e+01 1.632066679000854492e+02 3.000000000000000000e+00
2.805592346191406250e+02 1.744128441810607910e+02 2.823808956146240234e+02 1.744150257110595703e+02 2.844095802307128906e+02 1.745636773109436035e+02 3.000000000000000000e+00
1.503619229793548584e+02 1.712692129611968994e+02 1.521454161405563354e+02 1.713479197025299072e+02 1.542417752742767334e+02 1.713279747962951660e+02 3.000000000000000000e+00
8.333566188812255859e+01 2.168337464332580566e+02 8.521111965179443359e+01 2.170051932334899902e+02 8.727664947509765625e+01 2.168495965003967285e+02 3.000000000000000000e+00
2.735982990264892578e+02 1.924231266975402832e+02 2.753942298889160156e+02 1.924163103103637695e+02 2.774473571777343750e+02 1.925666213035583496e+02 3.000000000000000000e+00
1.855738687515258789e+02 2.083001303672790527e+02 1.874552154541015625e+02 2.083593678474426270e+02 1.894716048240661621e+02 2.083646106719970703e+02 3.000000000000000000e+00
1.674096530675888062e+02 1.782974123954772949e+02 1.691879272460937500e+02 1.783557021617889404e+02 1.712595212459564209e+02 1.783747601509094238e+02 3.000000000000000000e+00
2.468155860900878906e+02 2.244597816467285156e+02 2.486469268798828125e+02 2.244735288619995117e+02 2.506879615783691406e+02 2.245762252807617188e+02 3.000000000000000000e+00
2.829279232025146484e+02 2.195271492004394531e+02 2.847676086425781250e+02 2.195167565345764160e+02 2.867819499969482422e+02 2.196684336662292480e+02 3.000000000000000000e+00
1.249364781379699707e+02 2.081215095520019531e+02 1.268151402473449707e+02 2.082299852371215820e+02 1.288460230827331543e+02 2.081680941581726074e+02 3.000000000000000000e+00
9.186160087585449219e+01 1.542029571533203125e+02 9.359872341156005859e+01 1.542939913272857666e+02 9.573768615722656250e+01 1.542164790630340576e+02 3.000000000000000000e+00
2.871619892120361328e+02 5.997166156768798828e+01 2.887331581115722656e+02 5.993840217590332031e+01 2.908469867706298828e+02 6.005562543869018555e+01 3.000000000000000000e+00
2.097333669662475586e+02 2.375015330314636230e+02 2.115499591827392578e+02 2.375318527221679688e+02 2.135489654541015625e+02 2.375912547111511230e+02 3.000000000000000000e+00
1.326310873031616211e+02 1.872171950340270996e+02 1.345139765739440918e+02 1.872995352745056152e+02 1.365069580078125000e+02 1.872530221939086914e+02 3.000000000000000000e+00
2.276308012008666992e+02 6.068623065948486328e+00 2.292231750488281250e+02 6.032817363739013672e+00 2.314433002471923828e+02 6.140313148498535156e+00 3.000000000000000000e+00
4.971205711364746094e+01 2.318659400939941406e+02 5.164530754089355469e+01 2.320051503181457520e+02 5.367850303649902344e+01 2.318098354339599609e+02 3.000000000000000000e+00
5.643483161926269531e+01 1.810795640945434570e+02 5.823150634765625000e+01 1.812359189987182617e+02 6.036278724670410156e+01 1.810464835166931152e+02 3.000000000000000000e+00
2.212553882598876953e+02 1.713193702697753906e+02 2.230337381362915039e+02 1.713277173042297363e+02 2.250878906250000000e+02 1.714082372188568115e+02 3.000000000000000000e+00
5.944894790649414062e+01 6.375688791275024414e+01 6.109843254089355469e+01 6.391232728958129883e+01 6.323972702026367188e+01 6.382058143615722656e+01 3.000000000000000000e+00
1.027765130996704102e+02 1.752088665962219238e+02 1.045404577255249023e+02 1.753208327293395996e+02 1.066291427612304688e+02 1.752547323703765869e+02 3.000000000000000000e+00
3.847005844116210938e+01 1.712430131435394287e+02 4.028798103332519531e+01 1.714177286624908447e+02 4.236483573913574219e+01 1.712191021442413330e+02 3.000000000000000000e+00
1.925802302360534668e+02 2.242822194099426270e+02 1.944410562515258789e+02 2.243350410461425781e+02 1.965456557273864746e+02 2.243774628639221191e+02 3.000000000000000000e+00
2.243298816680908203e+02 1.633379852771759033e+02 2.261454010009765625e+02 1.633496868610382080e+02 2.281742429733276367e+02 1.634349703788757324e+02 3.000000000000000000e+00
1.927101898193359375e+02 2.373995447158813477e+02 1.945292353630065918e+02 2.374398994445800781e+02 1.966349649429321289e+02 2.374986147880554199e+02 3.000000000000000000e+00
1.060469198226928711e+02 5.966087579727172852e+01 1.076621627807617188e+02 5.976885080337524414e+01 1.098709917068481445e+02 5.972064256668090820e+01 3.000000000000000000e+00
2.781322383880615234e+02 5.806371688842773438e+01 2.796832275390625000e+02 5.801493644714355469e+01 2.818286132812500000e+02 5.813372611999511719e+01 3.000000000000000000e+00
2.435700988769531250e+02 2.054078435897827148e+02 2.454163551330566406e+02 2.054327130317687988e+02 2.474747467041015625e+02 2.055144667625427246e+02 3.000000000000000000e+00
2.729797077178955078e+02 2.225233483314514160e+02 2.747699260711669922e+02 2.225145006179809570e+02 2.767799377441406250e+02 2.226390767097473145e+02 3.000000000000000000e+00
4.956434249877929688e+01 2.019816184043884277e+02 5.138106346130371094e+01 2.021532654762268066e+02 5.351841926574707031e+01 2.019583797454833984e+02 3.000000000000000000e+00
1.430064845085144043e+02 1.048790270090103149e+02 1.502857053279876709e+02 1.055623394250869751e+02 1.585310669243335724e+02 1.062120509147644043e+02 1.000000000000000000e+00
1.457984459400177002e+02 1.139001461863517761e+02 1.530088192224502563e+02 1.146294857561588287e+02 1.611518707126379013e+02 1.154419554769992828e+02 1.000000000000000000e+00
9.758631706237792969e+01 1.234192811697721481e+02 1.034670495986938477e+02 1.242174075543880463e+02 1.099277400970458984e+02 1.249230274558067322e+02 1.000000000000000000e+00
1.052086687088012695e+02 1.171257171034812927e+02 1.115326929092407227e+02 1.179592665284872055e+02 1.186027145385742188e+02 1.188009718805551529e+02 1.000000000000000000e+00
1.416284787654876709e+02 1.171162185072898865e+02 1.488487398624420166e+02 1.179216230660676956e+02 1.569723510742187500e+02 1.187654951959848404e+02 1.000000000000000000e+00
1.010434007644653320e+02 1.149107435345649719e+02 1.068866348266601562e+02 1.156560131907463074e+02 1.134526443481445312e+02 1.164215239137411118e+02 1.000000000000000000e+00
1.033579301834106445e+02 1.204647674784064293e+02 1.094784545898437500e+02 1.213200226798653603e+02 1.163852310180664062e+02 1.221856614947319031e+02 1.000000000000000000e+00
2.286517047882080078e+02 1.077340766787528992e+02 2.277825498580932617e+02 1.072331920266151428e+02 2.275958395004272461e+02 1.066309046745300293e+02 2.000000000000000000e+00
2.407102108001708984e+02 1.008062589168548584e+02 2.396166563034057617e+02 1.003122997283935547e+02 2.392366790771484375e+02 9.976115226745605469e+01 2.000000000000000000e+00
2.247120666503906250e+02 9.851632654666900635e+01 2.238639211654663086e+02 9.802345097064971924e+01 2.237292480468750000e+02 9.752660930156707764e+01 2.000000000000000000e+00
2.399687957763671875e+02 1.080401524901390076e+02 2.387938547134399414e+02 1.074286186695098877e+02 2.383753347396850586e+02 1.068378666043281555e+02 2.000000000000000000e+00
2.447637367248535156e+02 9.169412791728973389e+01 2.437832069396972656e+02 9.121858835220336914e+01 2.435188961029052734e+02 9.076223552227020264e+01 2.000000000000000000e+00
2.289737415313720703e+02 1.109839090704917908e+02 2.281799793243408203e+02 1.104450756311416626e+02 2.279297018051147461e+02 1.098615485429763794e+02 2.000000000000000000e+00
2.300793027877807617e+02 9.853848874568939209e+01 2.292249298095703125e+02 9.803170680999755859e+01 2.290429687500000000e+02 9.752184212207794189e+01 2.000000000000000000e+00
