2.344000387191772461e+02 1.084721365571022034e+02 2.340793943405151367e+02 1.089351797103881836e+02 2.332121753692626953e+02 1.083801037073135376e+02 2.000000000000000000e+00
2.343899869918823242e+02 9.541234374046325684e+01 2.341139841079711914e+02 9.597843110561370850e+01 2.332704305648803711e+02 9.545268952846527100e+01 2.000000000000000000e+00
2.293621540069580078e+02 1.051576226949691772e+02 2.292129659652709961e+02 1.056296762824058533e+02 2.283266305923461914e+02 1.051067876815795898e+02 2.000000000000000000e+00
1.280956101417541504e+02 1.083141776919364929e+02 1.356563711166381836e+02 1.101631155610084534e+02 1.429097139835357666e+02 1.109823828935623169e+02 1.000000000000000000e+00
2.215708160400390625e+02 9.518968820571899414e+01 2.214427328109741211e+02 9.580055952072143555e+01 2.206224822998046875e+02 9.538140714168548584e+01 2.000000000000000000e+00
2.387301969528198242e+02 1.035417705774307251e+02 2.383317136764526367e+02 1.041129595041275024e+02 2.373074197769165039e+02 1.035035312175750732e+02 2.000000000000000000e+00
8.765227317810058594e+01 6.656510710716247559e+01 9.026789665222167969e+01 6.761426925659179688e+01 9.189334869384765625e+01 6.775536060333251953e+01 3.000000000000000000e+00
1.050325441360473633e+02 1.083773875236511230e+02 1.116193532943725586e+02 1.101433789730072021e+02 1.179420328140258789e+02 1.109504771232604980e+02 1.000000000000000000e+00
2.600441265106201172e+02 1.822891259193420410e+02 2.625854206085205078e+02 1.834013271331787109e+02 2.643653869628906250e+02 1.833934807777404785e+02 3.000000000000000000e+00
2.219416189193725586e+02 7.112600326538085938e+01 2.245264577865600586e+02 7.220280289649963379e+01 2.261530160903930664e+02 7.216605305671691895e+01 3.000000000000000000e+00
1.790394902229309082e+02 6.426314949989318848e+01 1.815741586685180664e+02 6.536741495132446289e+01 1.832134246826171875e+02 6.540098905563354492e+01 3.000000000000000000e+00
7.969595909118652344e+01 6.658981919288635254e+01 8.232841491699218750e+01 6.764207839965820312e+01 8.395492553710937500e+01 6.778086662292480469e+01 3.000000000000000000e+00
2.779903602600097656e+02 1.842938446998596191e+02 2.805782794952392578e+02 1.854205942153930664e+02 2.824113750457763672e+02 1.854224753379821777e+02 3.000000000000000000e+00
1.084679794311523438e+02 3.158738851547241211e+01 1.110825014114379883e+02 3.266602277755737305e+01 1.126947021484375000e+02 3.279021978378295898e+01 3.000000000000000000e+00
6.873318672180175781e+01 5.862918376922607422e+01 7.137702941894531250e+01 5.970025062561035156e+01 7.301042556762695312e+01 5.984832286834716797e+01 3.000000000000000000e+00
2.207903146743774414e+02 1.140162196755409241e+02 2.207128286361694336e+02 1.146077495813369751e+02 2.198909902572631836e+02 1.142141872644424438e+02 2.000000000000000000e+00
2.612552547454833984e+02 6.797088503837585449e+01 2.637932777404785156e+02 6.913048982620239258e+01 2.654781532287597656e+02 6.904809951782226562e+01 3.000000000000000000e+00
2.250322723388671875e+02 4.799611330032348633e+01 2.275954437255859375e+02 4.913407802581787109e+01 2.292305135726928711e+02 4.911398649215698242e+01 3.000000000000000000e+00
8.542404174804687500e+01 9.780578434467315674e+01 9.127796649932861328e+01 9.916046082973480225e+01 9.674529075622558594e+01 9.951647758483886719e+01 1.000000000000000000e+00
8.166421413421630859e+01 3.663965463638305664e+01 8.432587146759033203e+01 3.773722171783447266e+01 8.593356132507324219e+01 3.786123991012573242e+01 3.000000000000000000e+00
1.979601597785949707e+02 8.524424672126770020e+01 2.005674457550048828e+02 8.631706953048706055e+01 2.021961355209350586e+02 8.633507966995239258e+01 3.000000000000000000e+00
2.526746082305908203e+02 7.479009747505187988e+01 2.552509021759033203e+02 7.584907293319702148e+01 2.568072509765625000e+02 7.569588303565979004e+01 3.000000000000000000e+00
1.999478006362915039e+02 6.820001721382141113e+01 2.025688314437866211e+02 6.930445432662963867e+01 2.041980314254760742e+02 6.930833816528320312e+01 3.000000000000000000e+00
2.380927610397338867e+02 2.391655683517456055e+01 2.406754970550537109e+02 2.504565238952636719e+01 2.422832775115966797e+02 2.500335931777954102e+01 3.000000000000000000e+00
2.984320068359375000e+02 2.156877279281616211e+01 3.011585712432861328e+02 2.268294811248779297e+01 3.026745319366455078e+02 2.261529207229614258e+01 3.000000000000000000e+00
2.079847574234008789e+02 7.217393875122070312e+01 2.105841398239135742e+02 7.326910972595214844e+01 2.122194528579711914e+02 7.327310085296630859e+01 3.000000000000000000e+00
1.123897027969360352e+02 4.954211711883544922e+01 1.149779272079467773e+02 5.061152458190917969e+01 1.165948104858398438e+02 5.071681022644042969e+01 3.000000000000000000e+00
1.368072819709777832e+02 1.078927758336067200e+02 1.445794832706451416e+02 1.097178876399993896e+02 1.518450009822845459e+02 1.105519706010818481e+02 1.000000000000000000e+00
2.290348815917968750e+02 6.409930944442749023e+01 2.315821218490600586e+02 6.519945859909057617e+01 2.332259082794189453e+02 6.519763827323913574e+01 3.000000000000000000e+00
1.124134206771850586e+02 3.856266260147094727e+01 1.150225734710693359e+02 3.964292049407958984e+01 1.166377544403076172e+02 3.975274801254272461e+01 3.000000000000000000e+00
7.470668792724609375e+01 3.069350481033325195e+01 7.738151550292968750e+01 3.180376768112182617e+01 7.900868415832519531e+01 3.195610284805297852e+01 3.000000000000000000e+00
5.497076988220214844e+01 2.389272451400756836e+01 5.760792732238769531e+01 2.504293441772460938e+01 5.929095268249511719e+01 2.521033287048339844e+01 3.000000000000000000e+00
2.511282348632812500e+02 2.187239885330200195e+01 2.537146663665771484e+02 2.299565792083740234e+01 2.553250026702880859e+02 2.294848680496215820e+01 3.000000000000000000e+00
2.260387277603149414e+02 2.996083974838256836e+01 2.286138486862182617e+02 3.105716228485107422e+01 2.302295684814453125e+02 3.102068424224853516e+01 3.000000000000000000e+00
1.292156815528869629e+02 9.911233484745025635e+01 1.366708064079284668e+02 1.007680964469909668e+02 1.434687340259552002e+02 1.014403975009918213e+02 1.000000000000000000e+00
2.559260272979736328e+02 1.155353468656539917e+02 2.550909900665283203e+02 1.160466000437736511e+02 2.534317302703857422e+02 1.154238429665565491e+02 2.000000000000000000e+00
2.541705989837646484e+02 3.792038440704345703e+01 2.567422771453857422e+02 3.904898643493652344e+01 2.584032344818115234e+02 3.899101495742797852e+01 3.000000000000000000e+00
1.571017760038375854e+02 6.834396958351135254e+01 1.596372528001666069e+02 6.941653132438659668e+01 1.612846222519874573e+02 6.946473598480224609e+01 3.000000000000000000e+00
9.951721191406250000e+01 2.063766002655029297e+01 1.021499156951904297e+02 2.173487663269042969e+01 1.037581110000610352e+02 2.186247825622558594e+01 3.000000000000000000e+00
8.366728305816650391e+01 1.169084787368774414e+01 8.635544300079345703e+01 1.279512405395507812e+01 8.794965267181396484e+01 1.293773889541625977e+01 3.000000000000000000e+00
9.062206745147705078e+01 4.660211563110351562e+01 9.327415466308593750e+01 4.766354084014892578e+01 9.486315727233886719e+01 4.780185699462890625e+01 3.000000000000000000e+00
1.302260279655456543e+02 5.644215345382690430e+01 1.327701878547668457e+02 5.750880718231201172e+01 1.344195103645324707e+02 5.760593891143798828e+01 3.000000000000000000e+00
4.025476455688476562e+01 6.073780417442321777e+01 4.284284591674804688e+01 6.182761788368225098e+01 4.454952239990234375e+01 6.204192638397216797e+01 3.000000000000000000e+00
1.064859437942504883e+02 2.063601493835449219e+01 1.091072463989257812e+02 2.172604322433471680e+01 1.107168436050415039e+02 2.184788703918457031e+01 3.000000000000000000e+00
2.495462799072265625e+02 1.027172613143920898e+02 2.486851024627685547e+02 1.033157193660736084e+02 2.476592731475830078e+02 1.026535946130752563e+02 2.000000000000000000e+00
7.273468017578125000e+01 7.076139450073242188e+01 7.536688804626464844e+01 7.181821346282958984e+01 7.701745986938476562e+01 7.197424650192260742e+01 3.000000000000000000e+00
9.063452243804931641e+01 1.171906355023384094e+02 9.685485839843750000e+01 1.188900985568761826e+02 1.027342224121093750e+02 1.196459503099322319e+02 1.000000000000000000e+00
2.531730651855468750e+02 7.828731536865234375e+00 2.557576179504394531e+02 8.985307216644287109e+00 2.573656654357910156e+02 8.941125869750976562e+00 3.000000000000000000e+00
2.481961250305175781e+02 5.494859218597412109e+01 2.507378578186035156e+02 5.612089633941650391e+01 2.524209117889404297e+02 5.605667352676391602e+01 3.000000000000000000e+00
1.392004537582397461e+02 5.740460157394409180e+01 1.417378532886505127e+02 5.847543954849243164e+01 1.434138023853302002e+02 5.854310989379882812e+01 3.000000000000000000e+00
7.271657943725585938e+01 4.268820762634277344e+01 7.538395881652832031e+01 4.377701997756958008e+01 7.701243400573730469e+01 4.391555070877075195e+01 3.000000000000000000e+00
1.406814265251159668e+02 1.215490265563130379e+02 1.483535301685333252e+02 1.234108659625053406e+02 1.555864867568016052e+02 1.242515869438648224e+02 1.000000000000000000e+00
8.066936969757080078e+01 5.660291433334350586e+01 8.331888675689697266e+01 5.767260789871215820e+01 8.492777824401855469e+01 5.782610177993774414e+01 3.000000000000000000e+00
2.542483997344970703e+02 6.899751663208007812e+01 2.567692852020263672e+02 7.015785098075866699e+01 2.584564495086669922e+02 7.009281635284423828e+01 3.000000000000000000e+00
6.675709724426269531e+01 2.976111173629760742e+01 6.942971229553222656e+01 3.086960077285766602e+01 7.108731269836425781e+01 3.100894689559936523e+01 3.000000000000000000e+00
3.788651466369628906e+01 2.318822407722473145e+02 4.063422203063964844e+01 2.329536223411560059e+02 4.255004882812500000e+01 2.330856084823608398e+02 3.000000000000000000e+00
8.764301300048828125e+01 2.067840099334716797e+01 9.030338764190673828e+01 2.178319215774536133e+01 9.190006732940673828e+01 2.191670179367065430e+01 3.000000000000000000e+00
1.042310190200805664e+02 1.155777892470359802e+02 1.109586191177368164e+02 1.173982085287570953e+02 1.174524545669555664e+02 1.182728804647922516e+02 1.000000000000000000e+00
1.113674402236938477e+02 6.452416777610778809e+01 1.139380168914794922e+02 6.558129429817199707e+01 1.155972576141357422e+02 6.569569945335388184e+01 3.000000000000000000e+00
3.525211334228515625e+01 4.382979869842529297e+01 3.786666870117187500e+01 4.494423151016235352e+01 3.953373908996582031e+01 4.519527196884155273e+01 3.000000000000000000e+00
8.978795528411865234e+01 1.077135309576988220e+02 9.577393054962158203e+01 1.093416970968246460e+02 1.014556550979614258e+02 1.100430294871330261e+02 1.000000000000000000e+00
2.310183286666870117e+02 5.708164930343627930e+01 2.335805654525756836e+02 5.819920063018798828e+01 2.352182340621948242e+02 5.819407224655151367e+01 3.000000000000000000e+00
1.014730358123779297e+02 2.861653804779052734e+01 1.040925884246826172e+02 2.970015048980712891e+01 1.057123708724975586e+02 2.982783079147338867e+01 3.000000000000000000e+00
2.744339275360107422e+02 1.773749828338623047e+01 2.771891498565673828e+02 1.886264562606811523e+01 2.787365150451660156e+02 1.880124807357788086e+01 3.000000000000000000e+00
1.095864868164062500e+02 8.918339967727661133e+01 1.158718538284301758e+02 9.056033849716186523e+01 1.214986872673034668e+02 9.086039543151855469e+01 1.000000000000000000e+00
4.411473274230957031e+01 1.797899007797241211e+01 4.674858093261718750e+01 1.913222551345825195e+01 4.843122482299804688e+01 1.928378105163574219e+01 3.000000000000000000e+00
2.290758657455444336e+02 1.395983219146728516e+01 2.316513967514038086e+02 1.508155345916748047e+01 2.332410287857055664e+02 1.504575490951538086e+01 3.000000000000000000e+00
1.310979604721069336e+02 1.154075999557971954e+02 1.387562704086303711e+02 1.172611311078071594e+02 1.459724581241607666e+02 1.181067808717489243e+02 1.000000000000000000e+00
2.404025936126708984e+02 9.106490135192871094e+01 2.400028896331787109e+02 9.170796096324920654e+01 2.389543914794921875e+02 9.123945415019989014e+01 2.000000000000000000e+00
2.710051918029785156e+02 1.842883801460266113e+02 2.735916805267333984e+02 1.854158377647399902e+02 2.753827571868896484e+02 1.854093360900878906e+02 3.000000000000000000e+00
5.354318618774414062e+01 8.958225131034851074e+01 5.622866630554199219e+01 9.062784433364868164e+01 5.785074234008789062e+01 9.075034976005554199e+01 3.000000000000000000e+00
1.731013643741607666e+02 7.026964902877807617e+01 1.756039273738861084e+02 7.136597156524658203e+01 1.772339177131652832e+02 7.139973878860473633e+01 3.000000000000000000e+00
4.112120628356933594e+01 9.049229979515075684e+01 4.371411323547363281e+01 9.152363419532775879e+01 4.543346405029296875e+01 9.165137350559234619e+01 3.000000000000000000e+00
3.526627540588378906e+01 7.069702506065368652e+01 3.788696289062500000e+01 7.177589893341064453e+01 3.960638999938964844e+01 7.197450041770935059e+01 3.000000000000000000e+00
1.051458978652954102e+02 1.542248404026031494e+02 1.077669000625610352e+02 1.552942836284637451e+02 1.095272302627563477e+02 1.553737056255340576e+02 3.000000000000000000e+00
2.441341114044189453e+02 1.153076246380805969e+02 2.434528636932373047e+02 1.157260054349899292e+02 2.420350170135498047e+02 1.151869887113571167e+02 2.000000000000000000e+00
1.362059473991394043e+02 4.640018463134765625e+01 1.387499380111694336e+02 4.747268915176391602e+01 1.404177546501159668e+02 4.755381345748901367e+01 3.000000000000000000e+00
5.298447608947753906e+01 4.185772418975830078e+01 5.563344001770019531e+01 4.296032667160034180e+01 5.730296134948730469e+01 4.314687967300415039e+01 3.000000000000000000e+00
6.675044059753417969e+01 3.675188541412353516e+01 6.942310333251953125e+01 3.787288427352905273e+01 7.107622146606445312e+01 3.803218603134155273e+01 3.000000000000000000e+00
3.523644447326660156e+01 1.803864955902099609e+01 3.786732673645019531e+01 1.916694402694702148e+01 3.954218864440917969e+01 1.935956954956054688e+01 3.000000000000000000e+00
1.700743412971496582e+02 6.228448033332824707e+01 1.725995945930480957e+02 6.338093876838684082e+01 1.742366337776184082e+02 6.341568946838378906e+01 3.000000000000000000e+00
1.168755245208740234e+02 7.244000673294067383e+01 1.194867086410522461e+02 7.348089337348937988e+01 1.213585877418518066e+02 7.363130807876586914e+01 3.000000000000000000e+00
2.632966899871826172e+02 1.479723215103149414e+01 2.658841228485107422e+02 1.595854282379150391e+01 2.675212097167968750e+02 1.589061498641967773e+01 3.000000000000000000e+00
3.011880779266357422e+02 1.772886979579925537e+02 3.037985229492187500e+02 1.784358108043670654e+02 3.056603717803955078e+02 1.784164452552795410e+02 3.000000000000000000e+00
2.571985530853271484e+02 4.995200157165527344e+01 2.597591876983642578e+02 5.110372066497802734e+01 2.614424800872802734e+02 5.105112791061401367e+01 3.000000000000000000e+00
2.360682058334350586e+02 6.810783863067626953e+01 2.386123991012573242e+02 6.916728615760803223e+01 2.402624702453613281e+02 6.914714455604553223e+01 3.000000000000000000e+00
3.044852924346923828e+02 1.557481527328491211e+01 3.071610164642333984e+02 1.668426275253295898e+01 3.087356281280517578e+02 1.659072875976562500e+01 3.000000000000000000e+00
2.230421447753906250e+02 1.996167898178100586e+01 2.256124877929687500e+02 2.109420061111450195e+01 2.272046041488647461e+02 2.104307413101196289e+01 3.000000000000000000e+00
1.890480041503906250e+02 7.321986794471740723e+01 1.916222071647644043e+02 7.431803584098815918e+01 1.932557225227355957e+02 7.433754444122314453e+01 3.000000000000000000e+00
2.273359394073486328e+02 9.417920529842376709e+01 2.271635913848876953e+02 9.478632152080535889e+01 2.262985706329345703e+02 9.431949555873870850e+01 2.000000000000000000e+00
2.924238014221191406e+02 2.962810277938842773e+01 2.951419067382812500e+02 3.073935985565185547e+01 2.966796302795410156e+02 3.066939353942871094e+01 3.000000000000000000e+00
1.193753576278686523e+02 1.084795448184013367e+02 1.268005895614624023e+02 1.103352427482604980e+02 1.338993525505065918e+02 1.111944195628166199e+02 1.000000000000000000e+00
4.337778091430664062e+01 1.294063264131546021e+02 4.606154441833496094e+01 1.304253548383712769e+02 4.776713371276855469e+01 1.305513310432434082e+02 3.000000000000000000e+00
1.233374476432800293e+02 4.749118566513061523e+01 1.259069514274597168e+02 4.855924844741821289e+01 1.275503683090209961e+02 4.864991426467895508e+01 3.000000000000000000e+00
2.702988910675048828e+02 2.345054697990417480e+02 2.729429912567138672e+02 2.356625247001647949e+02 2.747291851043701172e+02 2.356647276878356934e+02 3.000000000000000000e+00
3.335029602050781250e+01 1.244258500635623932e+02 3.593135833740234375e+01 1.254406969249248505e+02 3.767966270446777344e+01 1.255709382891654968e+02 3.000000000000000000e+00
9.940708160400390625e+01 1.940243411064147949e+02 1.019659852981567383e+02 1.951277947425842285e+02 1.037992382049560547e+02 1.952555894851684570e+02 3.000000000000000000e+00
2.824166011810302734e+02 3.773013353347778320e+01 2.851298522949218750e+02 3.884034633636474609e+01 2.866866779327392578e+02 3.878032922744750977e+01 3.000000000000000000e+00
1.511869657039642334e+02 5.935124874114990234e+01 1.537104338407516479e+02 6.042376756668090820e+01 1.553577575087547302e+02 6.047847032546997070e+01 3.000000000000000000e+00
1.978295898437500000e+02 1.842037868499755859e+02 2.005050802230834961e+02 1.853128266334533691e+02 2.022812509536743164e+02 1.853188061714172363e+02 3.000000000000000000e+00
1.798291015625000000e+02 1.812297534942626953e+02 1.824915480613708496e+02 1.823361539840698242e+02 1.843002009391784668e+02 1.823614239692687988e+02 3.000000000000000000e+00
2.804387187957763672e+02 6.791854619979858398e+01 2.831603145599365234e+02 6.906744718551635742e+01 2.847431945800781250e+02 6.901087760925292969e+01 3.000000000000000000e+00
2.411466884613037109e+02 6.204817771911621094e+01 2.436595821380615234e+02 6.315811157226562500e+01 2.453326702117919922e+02 6.312069296836853027e+01 3.000000000000000000e+00
2.321247243881225586e+02 1.161281812191009521e+02 2.318925189971923828e+02 1.165847546607255936e+02 2.310050678253173828e+02 1.160365904867649078e+02 2.000000000000000000e+00
1.081895828247070312e+02 1.751642775535583496e+02 1.107248735427856445e+02 1.762049746513366699e+02 1.125242519378662109e+02 1.763119089603424072e+02 3.000000000000000000e+00
1.968802189826965332e+02 1.922245502471923828e+02 1.995448470115661621e+02 1.933350419998168945e+02 2.013385629653930664e+02 1.933594536781311035e+02 3.000000000000000000e+00
2.509533214569091797e+02 1.682106792926788330e+02 2.535103034973144531e+02 1.693472170829772949e+02 2.552628993988037109e+02 1.693290424346923828e+02 3.000000000000000000e+00
1.452105557918548584e+02 2.171237397193908691e+02 1.477524101734161377e+02 2.182243394851684570e+02 1.496532440185546875e+02 2.182932758331298828e+02 3.000000000000000000e+00
9.836156368255615234e+01 1.552027916908264160e+02 1.009720277786254883e+02 1.562634444236755371e+02 1.027184963226318359e+02 1.563527405261993408e+02 3.000000000000000000e+00
2.461013031005859375e+02 1.011020117998123169e+02 2.456070423126220703e+02 1.016348630189895630e+02 2.444346809387207031e+02 1.011200702190399170e+02 2.000000000000000000e+00
2.411214733123779297e+02 5.399034976959228516e+01 2.436583709716796875e+02 5.512006044387817383e+01 2.453210735321044922e+02 5.508378982543945312e+01 3.000000000000000000e+00
3.918938636779785156e+01 8.255057930946350098e+01 4.177992820739746094e+01 8.359493136405944824e+01 4.349797248840332031e+01 8.373932361602783203e+01 3.000000000000000000e+00
2.240427255630493164e+02 7.760970711708068848e+01 2.257207345962524414e+02 7.857145428657531738e+01 2.265087747573852539e+02 7.836478829383850098e+01 3.000000000000000000e+00
4.985192298889160156e+01 1.919632601737976074e+02 5.254313468933105469e+01 1.930180120468139648e+02 5.435708045959472656e+01 1.931838083267211914e+02 3.000000000000000000e+00
2.550680828094482422e+02 2.092867040634155273e+02 2.576664161682128906e+02 2.104269576072692871e+02 2.595054912567138672e+02 2.104357624053955078e+02 3.000000000000000000e+00
2.972175025939941406e+02 1.862959599494934082e+02 2.998120403289794922e+02 1.874381446838378906e+02 3.016665649414062500e+02 1.874100208282470703e+02 3.000000000000000000e+00
2.405598640441894531e+02 9.735218703746795654e+01 2.401262664794921875e+02 9.790467739105224609e+01 2.390128040313720703e+02 9.739419400691986084e+01 2.000000000000000000e+00
2.844314575195312500e+02 5.187186956405639648e+01 2.871563434600830078e+02 5.308288335800170898e+01 2.887210750579833984e+02 5.306438684463500977e+01 3.000000000000000000e+00
1.870550990104675293e+02 8.221964120864868164e+01 1.896007537841796875e+02 8.328557252883911133e+01 1.912665557861328125e+02 8.331652522087097168e+01 3.000000000000000000e+00
2.944467830657958984e+02 7.169842958450317383e+01 2.971653461456298828e+02 7.280806660652160645e+01 2.987522315979003906e+02 7.278250694274902344e+01 3.000000000000000000e+00
1.263170242309570312e+02 6.841364622116088867e+01 1.288342881202697754e+02 6.950430750846862793e+01 1.305226731300354004e+02 6.957997798919677734e+01 3.000000000000000000e+00
1.615834808349609375e+02 1.622089862823486328e+02 1.642243042588233948e+02 1.632543647289276123e+02 1.659500885009765625e+02 1.633302497863769531e+02 3.000000000000000000e+00
2.934374427795410156e+02 5.278295516967773438e+01 2.961665630340576172e+02 5.398432731628417969e+01 2.977287960052490234e+02 5.393095493316650391e+01 3.000000000000000000e+00
5.104110717773437500e+01 7.061873316764831543e+01 5.366937637329101562e+01 7.171611428260803223e+01 5.543733596801757812e+01 7.182455062866210938e+01 3.000000000000000000e+00
1.545707243680953979e+02 1.582085895538330078e+02 1.571775358915328979e+02 1.592460179328918457e+02 1.588959655910730362e+02 1.593304753303527832e+02 3.000000000000000000e+00
2.089483022689819336e+02 1.952492237091064453e+02 2.115688467025756836e+02 1.963589787483215332e+02 2.133623981475830078e+02 1.963764238357543945e+02 3.000000000000000000e+00
1.436532592773437500e+02 1.592063462734222412e+02 1.462646019458770752e+02 1.602687871456146240e+02 1.480525362491607666e+02 1.603537452220916748e+02 3.000000000000000000e+00
4.250417709350585938e+01 1.502405118942260742e+02 4.514292716979980469e+01 1.512458825111389160e+02 4.686502456665039062e+01 1.514079916477203369e+02 3.000000000000000000e+00
6.658202171325683594e+01 1.870738720893859863e+02 6.926424026489257812e+01 1.881288170814514160e+02 7.105190277099609375e+01 1.882459902763366699e+02 3.000000000000000000e+00
2.550337886810302734e+02 1.962952280044555664e+02 2.575869464874267578e+02 1.974199533462524414e+02 2.593757343292236328e+02 1.974141240119934082e+02 3.000000000000000000e+00
1.143572902679443359e+02 2.010022616386413574e+02 1.169395685195922852e+02 2.021089982986450195e+02 1.187886476516723633e+02 2.022419142723083496e+02 3.000000000000000000e+00
2.269533872604370117e+02 1.952753663063049316e+02 2.295289611816406250e+02 1.963781762123107910e+02 2.313482666015625000e+02 1.963972377777099609e+02 3.000000000000000000e+00
2.035688781738281250e+02 1.611944890022277832e+02 2.061056661605834961e+02 1.622881793975830078e+02 2.078482198715209961e+02 1.623124551773071289e+02 3.000000000000000000e+00
6.492077827453613281e+01 2.147923779487609863e+02 6.749502182006835938e+01 2.158275961875915527e+02 6.939731597900390625e+01 2.159982633590698242e+02 3.000000000000000000e+00
3.014266967773437500e+02 3.953340768814086914e+01 3.041641521453857422e+02 4.056952714920043945e+01 3.057131671905517578e+02 4.049708604812622070e+01 3.000000000000000000e+00
2.640154457092285156e+02 1.752826416492462158e+02 2.665916442871093750e+02 1.764051389694213867e+02 2.683890438079833984e+02 1.764001965522766113e+02 3.000000000000000000e+00
8.949615478515625000e+01 1.940211367607116699e+02 9.208442687988281250e+01 1.951235103607177734e+02 9.390608787536621094e+01 1.952427220344543457e+02 3.000000000000000000e+00
1.650853425264358521e+02 7.229966640472412109e+01 1.675769042968750000e+02 7.339172244071960449e+01 1.692216032743453979e+02 7.342183470726013184e+01 3.000000000000000000e+00
2.511061000823974609e+02 2.988098144531250000e+01 2.537013149261474609e+02 3.100899696350097656e+01 2.553155422210693359e+02 3.094970941543579102e+01 3.000000000000000000e+00
3.792553901672363281e+01 1.771163356304168701e+02 4.062309265136718750e+01 1.781383860111236572e+02 4.238535881042480469e+01 1.783340799808502197e+02 3.000000000000000000e+00
9.851206779479980469e+01 6.756199479103088379e+01 1.011339712142944336e+02 6.860591769218444824e+01 1.027401351928710938e+02 6.874199509620666504e+01 3.000000000000000000e+00
2.913932228088378906e+02 2.104150271415710449e+02 2.939961528778076172e+02 2.115490150451660156e+02 2.958629512786865234e+02 2.115358042716979980e+02 3.000000000000000000e+00
2.258189249038696289e+02 1.792222774028778076e+02 2.284378051757812500e+02 1.803394174575805664e+02 2.302507019042968750e+02 1.803430938720703125e+02 3.000000000000000000e+00
2.914629554748535156e+02 2.315892076492309570e+02 2.941409015655517578e+02 2.328165650367736816e+02 2.960279560089111328e+02 2.327717185020446777e+02 3.000000000000000000e+00
1.180007696151733398e+02 1.582330334186553955e+02 1.205950093269348145e+02 1.592910325527191162e+02 1.223796534538269043e+02 1.593801283836364746e+02 3.000000000000000000e+00
1.297431015968322754e+02 1.592102515697479248e+02 1.323281693458557129e+02 1.602806425094604492e+02 1.341274857521057129e+02 1.603759646415710449e+02 3.000000000000000000e+00
3.656429290771484375e+01 1.542296147346496582e+02 3.917324066162109375e+01 1.552254366874694824e+02 4.094149589538574219e+01 1.553940904140472412e+02 3.000000000000000000e+00
1.184406948089599609e+02 2.280491566658020020e+02 1.211126160621643066e+02 2.291220617294311523e+02 1.229654240608215332e+02 2.291967558860778809e+02 3.000000000000000000e+00
8.042115688323974609e+01 1.741294419765472412e+02 8.303101062774658203e+01 1.751926767826080322e+02 8.481244564056396484e+01 1.753111588954925537e+02 3.000000000000000000e+00
3.004173564910888672e+02 2.094136977195739746e+02 3.030271339416503906e+02 2.105439519882202148e+02 3.048643493652343750e+02 2.105364704132080078e+02 3.000000000000000000e+00
2.910458374023437500e+02 1.822715806961059570e+02 2.936585426330566406e+02 1.834178781509399414e+02 2.955026245117187500e+02 1.834081578254699707e+02 3.000000000000000000e+00
2.792960834503173828e+02 2.265309691429138184e+02 2.819635295867919922e+02 2.277044248580932617e+02 2.837612915039062500e+02 2.277066993713378906e+02 3.000000000000000000e+00
1.481852567195892334e+02 7.035773992538452148e+01 1.507386624813079834e+02 7.144397377967834473e+01 1.523845821619033813e+02 7.148890256881713867e+01 3.000000000000000000e+00
2.530441284179687500e+02 1.802599525451660156e+02 2.555868434906005859e+02 1.813889980316162109e+02 2.573573303222656250e+02 1.813742852210998535e+02 3.000000000000000000e+00
7.145238876342773438e+01 1.731361126899719238e+02 7.406819343566894531e+01 1.741849851608276367e+02 7.583631515502929688e+01 1.743039429187774658e+02 3.000000000000000000e+00
7.280671119689941406e+01 1.621172797679901123e+02 7.539708137512207031e+01 1.631753575801849365e+02 7.719473838806152344e+01 1.632902848720550537e+02 3.000000000000000000e+00
1.184083175659179688e+02 3.453904867172241211e+01 1.209907364845275879e+02 3.563161611557006836e+01 1.226210999488830566e+02 3.574592828750610352e+01 3.000000000000000000e+00
2.287756490707397461e+02 1.652127707004547119e+02 2.314054727554321289e+02 1.663486647605895996e+02 2.332029724121093750e+02 1.663427460193634033e+02 3.000000000000000000e+00
1.025048065185546875e+02 2.369772577285766602e+02 1.052631235122680664e+02 2.380270171165466309e+02 1.069835281372070312e+02 2.382040643692016602e+02 3.000000000000000000e+00
1.210558319091796875e+02 1.762146949768066406e+02 1.235991740226745605e+02 1.772606384754180908e+02 1.254203176498413086e+02 1.773674941062927246e+02 3.000000000000000000e+00
5.654181480407714844e+01 1.581799793243408203e+02 5.919584274291992188e+01 1.592217135429382324e+02 6.092268943786621094e+01 1.593658912181854248e+02 3.000000000000000000e+00
2.744778156280517578e+02 3.476325988769531250e+01 2.772381305694580078e+02 3.590347766876220703e+01 2.788273620605468750e+02 3.584876775741577148e+01 3.000000000000000000e+00
3.055557250976562500e+02 2.214180350303649902e+02 3.082293987274169922e+02 2.225775504112243652e+02 3.100584697723388672e+02 2.225650405883789062e+02 3.000000000000000000e+00
2.377403259277343750e+02 1.152998198568820953e+02 2.372545003890991211e+02 1.157207487523555756e+02 2.360597229003906250e+02 1.151954345405101776e+02 2.000000000000000000e+00
1.613540649414062500e+02 2.372644400596618652e+02 1.638955840468406677e+02 2.383324170112609863e+02 1.657094269990921021e+02 2.384018468856811523e+02 3.000000000000000000e+00
6.479321479797363281e+01 7.080982804298400879e+01 6.741429328918457031e+01 7.187812685966491699e+01 6.908071517944335938e+01 7.206303834915161133e+01 3.000000000000000000e+00
1.370973968505859375e+02 2.001310801506042480e+02 1.396687150001525879e+02 2.011961889266967773e+02 1.415442955493927002e+02 2.012961030006408691e+02 3.000000000000000000e+00
1.530258786678314209e+02 1.962177157402038574e+02 1.555364379286766052e+02 1.972955989837646484e+02 1.573804166913032532e+02 1.973357105255126953e+02 3.000000000000000000e+00
2.864490413665771484e+02 7.283397316932678223e+01 2.891642761230468750e+02 7.398833870887756348e+01 2.907511901855468750e+02 7.392577886581420898e+01 3.000000000000000000e+00
4.958587646484375000e+01 1.622018301486968994e+02 5.222477912902832031e+01 1.632170283794403076e+02 5.397448539733886719e+01 1.633688843250274658e+02 3.000000000000000000e+00
2.779583454132080078e+02 1.732867777347564697e+02 2.805592346191406250e+02 1.744128441810607910e+02 2.823808956146240234e+02 1.744150257110595703e+02 3.000000000000000000e+00
1.477615809440612793e+02 1.702133524417877197e+02 1.503619229793548584e+02 1.712692129611968994e+02 1.521454161405563354e+02 1.713479197025299072e+02 3.000000000000000000e+00
8.071733951568603516e+01 2.157955241203308105e+02 8.333566188812255859e+01 2.168337464332580566e+02 8.521111965179443359e+01 2.170051932334899902e+02 3.000000000000000000e+00
2.710033321380615234e+02 1.912974286079406738e+02 2.735982990264892578e+02 1.924231266975402832e+02 2.753942298889160156e+02 1.924163103103637695e+02 3.000000000000000000e+00
1.829598546028137207e+02 2.072054171562194824e+02 1.855738687515258789e+02 2.083001303672790527e+02 1.874552154541015625e+02 2.083593678474426270e+02 3.000000000000000000e+00
1.647928771376609802e+02 1.772384226322174072e+02 1.674096530675888062e+02 1.782974123954772949e+02 1.691879272460937500e+02 1.783557021617889404e+02 3.000000000000000000e+00
2.441835308074951172e+02 2.233419227600097656e+02 2.468155860900878906e+02 2.244597816467285156e+02 2.486469268798828125e+02 2.244735288619995117e+02 3.000000000000000000e+00
2.802703571319580078e+02 2.183809089660644531e+02 2.829279232025146484e+02 2.195271492004394531e+02 2.847676086425781250e+02 2.195167565345764160e+02 3.000000000000000000e+00
1.223432540893554688e+02 2.070185136795043945e+02 1.249364781379699707e+02 2.081215095520019531e+02 1.268151402473449707e+02 2.082299852371215820e+02 3.000000000000000000e+00
8.924551486968994141e+01 1.531381380558013916e+02 9.186160087585449219e+01 1.542029571533203125e+02 9.359872341156005859e+01 1.542939913272857666e+02 3.000000000000000000e+00
2.844368934631347656e+02 5.879386425018310547e+01 2.871619892120361328e+02 5.997166156768798828e+01 2.887331581115722656e+02 5.993840217590332031e+01 3.000000000000000000e+00
2.071567678451538086e+02 2.363538122177124023e+02 2.097333669662475586e+02 2.375015330314636230e+02 2.115499591827392578e+02 2.375318527221679688e+02 3.000000000000000000e+00
1.300811457633972168e+02 1.861382174491882324e+02 1.326310873031616211e+02 1.872171950340270996e+02 1.345139765739440918e+02 1.872995352745056152e+02 3.000000000000000000e+00
2.250351858139038086e+02 4.952266216278076172e+00 2.276308012008666992e+02 6.068623065948486328e+00 2.292231750488281250e+02 6.032817363739013672e+00 3.000000000000000000e+00
4.699595451354980469e+01 2.308150362968444824e+02 4.971205711364746094e+01 2.318659400939941406e+02 5.164530754089355469e+01 2.320051503181457520e+02 3.000000000000000000e+00
5.372961997985839844e+01 1.800473642349243164e+02 5.643483161926269531e+01 1.810795640945434570e+02 5.823150634765625000e+01 1.812359189987182617e+02 3.000000000000000000e+00
2.186702299118041992e+02 1.702018904685974121e+02 2.212553882598876953e+02 1.713193702697753906e+02 2.230337381362915039e+02 1.713277173042297363e+02 3.000000000000000000e+00
5.678738594055175781e+01 6.269385695457458496e+01 5.944894790649414062e+01 6.375688791275024414e+01 6.109843254089355469e+01 6.391232728958129883e+01 3.000000000000000000e+00
1.001894521713256836e+02 1.741377604007720947e+02 1.027765130996704102e+02 1.752088665962219238e+02 1.045404577255249023e+02 1.753208327293395996e+02 3.000000000000000000e+00
3.586791038513183594e+01 1.702417016029357910e+02 3.847005844116210938e+01 1.712430131435394287e+02 4.028798103332519531e+01 1.714177286624908447e+02 3.000000000000000000e+00
1.901083993911743164e+02 2.231854319572448730e+02 1.925802302360534668e+02 2.242822194099426270e+02 1.944410562515258789e+02 2.243350410461425781e+02 3.000000000000000000e+00
2.217099905014038086e+02 1.622116863727569580e+02 2.243298816680908203e+02 1.633379852771759033e+02 2.261454010009765625e+02 1.633496868610382080e+02 3.000000000000000000e+00
1.902745366096496582e+02 2.362748336791992188e+02 1.927101898193359375e+02 2.373995447158813477e+02 1.945292353630065918e+02 2.374398994445800781e+02 3.000000000000000000e+00
1.034264659881591797e+02 5.859247684478759766e+01 1.060469198226928711e+02 5.966087579727172852e+01 1.076621627807617188e+02 5.976885080337524414e+01 3.000000000000000000e+00
2.754290485382080078e+02 5.690835714340209961e+01 2.781322383880615234e+02 5.806371688842773438e+01 2.796832275390625000e+02 5.801493644714355469e+01 3.000000000000000000e+00
2.410127544403076172e+02 2.043058204650878906e+02 2.435700988769531250e+02 2.054078435897827148e+02 2.454163551330566406e+02 2.054327130317687988e+02 3.000000000000000000e+00
2.703341674804687500e+02 2.213835954666137695e+02 2.729797077178955078e+02 2.225233483314514160e+02 2.747699260711669922e+02 2.225145006179809570e+02 3.000000000000000000e+00
4.690110206604003906e+01 2.009161233901977539e+02 4.956434249877929688e+01 2.019816184043884277e+02 5.138106346130371094e+01 2.021532654762268066e+02 3.000000000000000000e+00
1.352207326889038086e+02 1.032412254810333252e+02 1.430064845085144043e+02 1.048790270090103149e+02 1.502857053279876709e+02 1.055623394250869751e+02 1.000000000000000000e+00
1.380735325813293457e+02 1.121342620253562927e+02 1.457984459400177002e+02 1.139001461863517761e+02 1.530088192224502563e+02 1.146294857561588287e+02 1.000000000000000000e+00
9.140411376953125000e+01 1.216196290031075478e+02 9.758631706237792969e+01 1.234192811697721481e+02 1.034670495986938477e+02 1.242174075543880463e+02 1.000000000000000000e+00
9.864645481109619141e+01 1.153478774428367615e+02 1.052086687088012695e+02 1.171257171034812927e+02 1.115326929092407227e+02 1.179592665284872055e+02 1.000000000000000000e+00
1.339437413215637207e+02 1.152892300486564636e+02 1.416284787654876709e+02 1.171162185072898865e+02 1.488487398624420166e+02 1.179216230660676956e+02 1.000000000000000000e+00
9.479341030120849609e+01 1.132457426190376282e+02 1.010434007644653320e+02 1.149107435345649719e+02 1.068866348266601562e+02 1.156560131907463074e+02 1.000000000000000000e+00
9.686833858489990234e+01 1.186350630596280098e+02 1.033579301834106445e+02 1.204647674784064293e+02 1.094784545898437500e+02 1.213200226798653603e+02 1.000000000000000000e+00
2.288198089599609375e+02 1.072808682918548584e+02 2.286517047882080078e+02 1.077340766787528992e+02 2.277825498580932617e+02 1.072331920266151428e+02 2.000000000000000000e+00
2.412215423583984375e+02 1.002798074483871460e+02 2.407102108001708984e+02 1.008062589168548584e+02 2.396166563034057617e+02 1.003122997283935547e+02 2.000000000000000000e+00
2.248555135726928711e+02 9.787038981914520264e+01 2.247120666503906250e+02 9.851632654666900635e+01 2.238639211654663086e+02 9.802345097064971924e+01 2.000000000000000000e+00
2.405451679229736328e+02 1.075282055139541626e+02 2.399687957763671875e+02 1.080401524901390076e+02 2.387938547134399414e+02 1.074286186695098877e+02 2.000000000000000000e+00
2.451607513427734375e+02 9.104396581649780273e+01 2.447637367248535156e+02 9.169412791728973389e+01 2.437832069396972656e+02 9.121858835220336914e+01 2.000000000000000000e+00
2.291627502441406250e+02 1.104663160443305969e+02 2.289737415313720703e+02 1.109839090704917908e+02 2.281799793243408203e+02 1.104450756311416626e+02 2.000000000000000000e+00
2.302252197265625000e+02 9.794637858867645264e+01 2.300793027877807617e+02 9.853848874568939209e+01 2.292249298095703125e+02 9.803170680999755859e+01 2.000000000000000000e+00
