2.827640080451965332e+02 2.797017860412597656e+02 2.916862487792968750e+02 2.822713637351989746e+02 3.007525026798248291e+02 2.843230319023132324e+02 2.000000000000000000e+00
3.991085815429687500e+02 2.690605491399765015e+02 4.080930805206298828e+02 2.717349565029144287e+02 4.171359539031982422e+02 2.740487694740295410e+02 2.000000000000000000e+00
1.609124755859375000e+02 3.175033020973205566e+02 1.699350070953369141e+02 3.198501920700073242e+02 1.789874553680419922e+02 3.215668988227844238e+02 2.000000000000000000e+00
5.412096023559570312e+02 1.624295639991760254e+02 5.434760093688964844e+02 1.657793354988098145e+02 5.461097526550292969e+02 1.687057471275329590e+02 1.000000000000000000e+00
2.890799260139465332e+02 2.668063974380493164e+02 2.980416560173034668e+02 2.693853163719177246e+02 3.070737910270690918e+02 2.714504706859588623e+02 2.000000000000000000e+00
3.940642690658569336e+02 2.672926032543182373e+02 4.029878234863281250e+02 2.699514484405517578e+02 4.120642375946044922e+02 2.722596144676208496e+02 2.000000000000000000e+00
3.908573293685913086e+02 2.634233719110488892e+02 3.998075866699218750e+02 2.661246049404144287e+02 4.088500118255615234e+02 2.683940756320953369e+02 2.000000000000000000e+00
2.903901362419128418e+02 2.777314782142639160e+02 2.993211364746093750e+02 2.803033483028411865e+02 3.083854973316192627e+02 2.823886120319366455e+02 2.000000000000000000e+00
4.381005001068115234e+02 1.767009258270263672e+02 4.398336791992187500e+02 1.800572490692138672e+02 4.415696716308593750e+02 1.829684436321258545e+02 1.000000000000000000e+00
3.850781869888305664e+02 2.656989455223083496e+02 3.939758300781250000e+02 2.684075331687927246e+02 4.030265235900878906e+02 2.706505751609802246e+02 2.000000000000000000e+00
3.805953693389892578e+02 2.475666511058807373e+02 3.895101928710937500e+02 2.502423861622810364e+02 3.985541391372680664e+02 2.524488839507102966e+02 2.000000000000000000e+00
3.696745920181274414e+02 2.519157564640045166e+02 3.786984586715698242e+02 2.545560917258262634e+02 3.876852750778198242e+02 2.567587602138519287e+02 2.000000000000000000e+00
2.156757831573486328e+02 2.861265599727630615e+02 2.246496677398681641e+02 2.885101640224456787e+02 2.336480998992919922e+02 2.904166281223297119e+02 2.000000000000000000e+00
4.597166442871093750e+02 1.874031794071197510e+02 4.615637493133544922e+02 1.907648456096649170e+02 4.636897563934326172e+02 1.937902057170867920e+02 1.000000000000000000e+00
1.595269584655761719e+02 3.085824894905090332e+02 1.685222625732421875e+02 3.109529757499694824e+02 1.775619792938232422e+02 3.126252508163452148e+02 2.000000000000000000e+00
5.299567985534667969e+02 4.113957023620605469e+02 5.387070274353027344e+02 4.143576765060424805e+02 5.476250648498535156e+02 4.170825862884521484e+02 2.000000000000000000e+00
2.146585178375244141e+02 3.374871253967285156e+02 2.234660434722900391e+02 3.399253606796264648e+02 2.324761772155761719e+02 3.420088219642639160e+02 2.000000000000000000e+00
5.272661781311035156e+02 4.205539655685424805e+02 5.360607337951660156e+02 4.235265970230102539e+02 5.449205398559570312e+02 4.262582445144653320e+02 2.000000000000000000e+00
5.308178138732910156e+02 2.957389247417449951e+02 5.397945022583007812e+02 2.986259508132934570e+02 5.489186477661132812e+02 3.012396240234375000e+02 2.000000000000000000e+00
1.559938812255859375e+02 3.177459454536437988e+02 1.650243949890136719e+02 3.201219248771667480e+02 1.740457248687744141e+02 3.218194627761840820e+02 2.000000000000000000e+00
3.862641286849975586e+02 2.458144994080066681e+02 3.951706266403198242e+02 2.485434570908546448e+02 4.042498779296875000e+02 2.507634437084197998e+02 2.000000000000000000e+00
2.791431570053100586e+02 2.650682383775711060e+02 2.880638432502746582e+02 2.676059889793395996e+02 2.971120285987854004e+02 2.696434342861175537e+02 2.000000000000000000e+00
2.358045196533203125e+02 2.901335155963897705e+02 2.448347330093383789e+02 2.925570094585418701e+02 2.536852693557739258e+02 2.945997941493988037e+02 2.000000000000000000e+00
3.827120971679687500e+02 2.518431705236434937e+02 3.916403532028198242e+02 2.545366984605789185e+02 4.006922626495361328e+02 2.567392891645431519e+02 2.000000000000000000e+00
5.267095375061035156e+02 2.768040168285369873e+02 5.356899452209472656e+02 2.796967506408691406e+02 5.448397827148437500e+02 2.823135101795196533e+02 2.000000000000000000e+00
5.378795814514160156e+02 3.945733737945556641e+02 5.466427040100097656e+02 3.975515842437744141e+02 5.555708122253417969e+02 4.003059196472167969e+02 2.000000000000000000e+00
2.030837059020996094e+02 3.023008489608764648e+02 2.120169353485107422e+02 3.046576237678527832e+02 2.210874938964843750e+02 3.064767765998840332e+02 2.000000000000000000e+00
5.714156532287597656e+02 3.927911138534545898e+02 5.803354454040527344e+02 3.957928276062011719e+02 5.894087600708007812e+02 3.985813093185424805e+02 2.000000000000000000e+00
2.534353923797607422e+02 2.781010150909423828e+02 2.624607515335083008e+02 2.805484628677368164e+02 2.713912630081176758e+02 2.825752294063568115e+02 2.000000000000000000e+00
4.452815246582031250e+02 1.963272821903228760e+02 4.471206951141357422e+02 1.998122978210449219e+02 4.489344787597656250e+02 2.029757523536682129e+02 1.000000000000000000e+00
2.974700307846069336e+02 2.602635812759399414e+02 3.064465022087097168e+02 2.627867138385772705e+02 3.154786375164985657e+02 2.648866581916809082e+02 2.000000000000000000e+00
2.363470268249511719e+02 2.737689220905303955e+02 2.453068065643310547e+02 2.762811291217803955e+02 2.543298959732055664e+02 2.782577526569366455e+02 2.000000000000000000e+00
3.624903869628906250e+02 2.420747834444046021e+02 3.714745807647705078e+02 2.446436615288257599e+02 3.805447387695312500e+02 2.469005589187145233e+02 2.000000000000000000e+00
1.540078926086425781e+02 3.019046044349670410e+02 1.630070018768310547e+02 3.042336130142211914e+02 1.720811748504638672e+02 3.059660696983337402e+02 2.000000000000000000e+00
5.038337135314941406e+02 1.925551271438598633e+02 5.063097953796386719e+02 1.961503279209136963e+02 5.088055992126464844e+02 1.993491804599761963e+02 1.000000000000000000e+00
2.094270801544189453e+02 4.195622348785400391e+02 2.182409763336181641e+02 4.219490146636962891e+02 2.269223594665527344e+02 4.237027072906494141e+02 2.000000000000000000e+00
5.808095741271972656e+02 3.635283851623535156e+02 5.897377967834472656e+02 3.665449047088623047e+02 5.987322425842285156e+02 3.692976379394531250e+02 2.000000000000000000e+00
2.410113525390625000e+02 4.207666969299316406e+02 2.497294282913208008e+02 4.233332061767578125e+02 2.585939931869506836e+02 4.251906824111938477e+02 2.000000000000000000e+00
5.568528556823730469e+02 1.599546432495117188e+02 5.595223426818847656e+02 1.633032345771789551e+02 5.622702598571777344e+02 1.663301038742065430e+02 1.000000000000000000e+00
5.795403480529785156e+02 4.254058885574340820e+02 5.883651161193847656e+02 4.285134315490722656e+02 5.972883987426757812e+02 4.313412237167358398e+02 2.000000000000000000e+00
2.380522918701171875e+02 3.943264532089233398e+02 2.468269491195678711e+02 3.967436313629150391e+02 2.556497192382812500e+02 3.987116718292236328e+02 2.000000000000000000e+00
1.896291923522949219e+02 6.372310638427734375e+01 1.990896129608154297e+02 6.637633323669433594e+01 2.088620567321777344e+02 6.842192173004150391e+01 2.000000000000000000e+00
5.209402465820312500e+02 2.625340586900711060e+02 5.298226928710937500e+02 2.654739081859588623e+02 5.390945434570312500e+02 2.680701005458831787e+02 2.000000000000000000e+00
5.176641845703125000e+02 2.780581390857696533e+02 5.266652870178222656e+02 2.809385991096496582e+02 5.357829666137695312e+02 2.835337257385253906e+02 2.000000000000000000e+00
5.414606285095214844e+02 1.678759860992431641e+02 5.437510490417480469e+02 1.712515997886657715e+02 5.463708496093750000e+02 1.741785550117492676e+02 1.000000000000000000e+00
4.368984985351562500e+02 4.523026800155639648e+02 4.455970478057861328e+02 4.550962686538696289e+02 4.543324947357177734e+02 4.575283956527709961e+02 2.000000000000000000e+00
5.571482658386230469e+02 3.393452811241149902e+02 5.659952354431152344e+02 3.423038363456726074e+02 5.750409507751464844e+02 3.449735140800476074e+02 2.000000000000000000e+00
5.207271766662597656e+02 2.967769789695739746e+02 5.296287345886230469e+02 2.996753883361816406e+02 5.387102699279785156e+02 3.022894048690795898e+02 2.000000000000000000e+00
3.208344727009534836e+02 2.590342104434967041e+02 3.296770328283309937e+02 2.616531693935394287e+02 3.387158203125000000e+02 2.637583333253860474e+02 2.000000000000000000e+00
3.143355709314346313e+02 2.719970726966857910e+02 3.232166442275047302e+02 2.745861232280731201e+02 3.322182309627532959e+02 2.766962599754333496e+02 2.000000000000000000e+00
2.279845523834228516e+02 3.764306116104125977e+02 2.368160343170166016e+02 3.788608503341674805e+02 2.457411050796508789e+02 3.807536029815673828e+02 2.000000000000000000e+00
5.717540931701660156e+02 4.318289566040039062e+02 5.805531692504882812e+02 4.349699878692626953e+02 5.895286369323730469e+02 4.377872085571289062e+02 2.000000000000000000e+00
2.152488231658935547e+02 3.853577041625976562e+02 2.240994262695312500e+02 3.877045011520385742e+02 2.328857231140136719e+02 3.895955228805541992e+02 2.000000000000000000e+00
5.882275962829589844e+02 3.983826398849487305e+02 5.971245765686035156e+02 4.014250230789184570e+02 6.061060905456542969e+02 4.042014312744140625e+02 2.000000000000000000e+00
5.635862541198730469e+02 1.755797052383422852e+02 5.663706779479980469e+02 1.797464847564697266e+02 5.693124389648437500e+02 1.835766112804412842e+02 1.000000000000000000e+00
4.420176696777343750e+02 2.036770319938659668e+02 4.438062191009521484e+02 2.072752368450164795e+02 4.455863666534423828e+02 2.104363989830017090e+02 1.000000000000000000e+00
2.997393798828125000e+02 3.062080121040344238e+02 3.085680544376373291e+02 3.086936688423156738e+02 3.175549621880054474e+02 3.108536124229431152e+02 2.000000000000000000e+00
1.939217376708984375e+02 3.641412162780761719e+02 2.027213382720947266e+02 3.665129470825195312e+02 2.116549968719482422e+02 3.683437585830688477e+02 2.000000000000000000e+00
3.787311124801635742e+02 4.551897096633911133e+02 3.874507474899291992e+02 4.578638362884521484e+02 3.961376047134399414e+02 4.602243804931640625e+02 2.000000000000000000e+00
1.745117282867431641e+02 3.514279246330261230e+02 1.834315299987792969e+02 3.537664246559143066e+02 1.923685550689697266e+02 3.555348587036132812e+02 2.000000000000000000e+00
3.294092714786529541e+02 2.511852273344993591e+02 3.382713317871093750e+02 2.537888038158416748e+02 3.473148798942565918e+02 2.559372407197952271e+02 2.000000000000000000e+00
3.546198725700378418e+02 2.446997836232185364e+02 3.636641263961791992e+02 2.473465427756309509e+02 3.727585458755493164e+02 2.495304572582244873e+02 2.000000000000000000e+00
2.709680795669555664e+02 2.646273815631866455e+02 2.797656250000000000e+02 2.672149676084518433e+02 2.888393855094909668e+02 2.692373675107955933e+02 2.000000000000000000e+00
2.173051548004150391e+02 4.685271263122558594e+01 2.268264865875244141e+02 4.943886280059814453e+01 2.365631103515625000e+02 5.158637523651123047e+01 2.000000000000000000e+00
5.905007362365722656e+02 4.132567262649536133e+02 5.994453239440917969e+02 4.163342714309692383e+02 6.083238601684570312e+02 4.191304779052734375e+02 2.000000000000000000e+00
3.101211243867874146e+02 2.642479258775711060e+02 3.189337768405675888e+02 2.668394476175308228e+02 3.280656433105468750e+02 2.689242267608642578e+02 2.000000000000000000e+00
5.456596755981445312e+02 4.585151481628417969e+02 5.545570755004882812e+02 4.615018701553344727e+02 5.633369827270507812e+02 4.642970323562622070e+02 2.000000000000000000e+00
2.206182098388671875e+02 3.671349620819091797e+02 2.294526672363281250e+02 3.695255756378173828e+02 2.384148883819580078e+02 3.714786386489868164e+02 2.000000000000000000e+00
2.679206848144531250e+02 3.866231203079223633e+02 2.766692495346069336e+02 3.891319656372070312e+02 2.856024765968322754e+02 3.913645076751708984e+02 2.000000000000000000e+00
4.459470272064208984e+02 4.363296604156494141e+02 4.547190570831298828e+02 4.392943525314331055e+02 4.634054279327392578e+02 4.416427373886108398e+02 2.000000000000000000e+00
2.178336811065673828e+02 2.929129958152770996e+02 2.268262577056884766e+02 2.953251993656158447e+02 2.357993602752685547e+02 2.972851288318634033e+02 2.000000000000000000e+00
4.433365535736083984e+02 1.908038306236267090e+02 4.451750183105468750e+02 1.942879915237426758e+02 4.470454692840576172e+02 1.973458063602447510e+02 1.000000000000000000e+00
1.535844993591308594e+02 2.882289469242095947e+02 1.625946807861328125e+02 2.905113565921783447e+02 1.716865825653076172e+02 2.922955942153930664e+02 2.000000000000000000e+00
2.234447288513183594e+02 4.214055204391479492e+02 2.322283458709716797e+02 4.238149452209472656e+02 2.410475778579711914e+02 4.257332181930541992e+02 2.000000000000000000e+00
3.803988981246948242e+02 2.571409302949905396e+02 3.893187570571899414e+02 2.597855240106582642e+02 3.983392667770385742e+02 2.620281386375427246e+02 2.000000000000000000e+00
5.293346023559570312e+02 2.145801383256912231e+02 5.318093872070312500e+02 2.183305191993713379e+02 5.344330406188964844e+02 2.217179560661315918e+02 1.000000000000000000e+00
2.097589206695556641e+02 3.335994887351989746e+02 2.185564517974853516e+02 3.360724568367004395e+02 2.275619506835937500e+02 3.381116366386413574e+02 2.000000000000000000e+00
5.724813270568847656e+02 3.298564839363098145e+02 5.814221763610839844e+02 3.328046321868896484e+02 5.905025100708007812e+02 3.356026339530944824e+02 2.000000000000000000e+00
2.678904724121093750e+02 4.205384302139282227e+02 2.765892028808593750e+02 4.230488634109497070e+02 2.854270315170288086e+02 4.251120042800903320e+02 2.000000000000000000e+00
2.042918968200683594e+02 3.872178411483764648e+02 2.131579875946044922e+02 3.895673847198486328e+02 2.219815635681152344e+02 3.914687919616699219e+02 2.000000000000000000e+00
2.508523988723754883e+02 4.148917007446289062e+02 2.596107149124145508e+02 4.174236202239990234e+02 2.684436321258544922e+02 4.193600606918334961e+02 2.000000000000000000e+00
5.718692016601562500e+02 4.016834735870361328e+02 5.807396316528320312e+02 4.047536945343017578e+02 5.898221397399902344e+02 4.075225353240966797e+02 2.000000000000000000e+00
3.194364013522863388e+02 3.664657974243164062e+02 3.281399840116500854e+02 3.691244888305664062e+02 3.370400393009185791e+02 3.712465524673461914e+02 2.000000000000000000e+00
2.935567021369934082e+02 3.886942148208618164e+02 3.023704826831817627e+02 3.912710094451904297e+02 3.111411434412002563e+02 3.934078073501586914e+02 2.000000000000000000e+00
1.648015308380126953e+02 3.714709854125976562e+02 1.736706542968750000e+02 3.737939500808715820e+02 1.826014709472656250e+02 3.755766391754150391e+02 2.000000000000000000e+00
1.526288604736328125e+02 2.970882296562194824e+02 1.616242694854736328e+02 2.993996000289916992e+02 1.707035350799560547e+02 3.011728549003601074e+02 2.000000000000000000e+00
5.518384361267089844e+02 3.264886236190795898e+02 5.606775474548339844e+02 3.294016456604003906e+02 5.698080444335937500e+02 3.320829534530639648e+02 2.000000000000000000e+00
2.828181767463684082e+02 3.846664237976074219e+02 2.915216064453125000e+02 3.872069120407104492e+02 3.004353332519531250e+02 3.893594455718994141e+02 2.000000000000000000e+00
5.068860816955566406e+02 4.597982025146484375e+02 5.156466674804687500e+02 4.627959394454956055e+02 5.244581985473632812e+02 4.654125738143920898e+02 2.000000000000000000e+00
4.920606994628906250e+02 1.978429841995239258e+02 4.944241142272949219e+02 2.014704251289367676e+02 4.968380165100097656e+02 2.046788299083709717e+02 1.000000000000000000e+00
2.052399921417236328e+02 3.968308496475219727e+02 2.140837860107421875e+02 3.992281579971313477e+02 2.228471946716308594e+02 4.011395931243896484e+02 2.000000000000000000e+00
5.950780105590820312e+02 3.846808576583862305e+02 6.039784049987792969e+02 3.877926063537597656e+02 6.129428672790527344e+02 3.905580854415893555e+02 2.000000000000000000e+00
4.199875164031982422e+02 2.043792092800140381e+02 4.216258525848388672e+02 2.083980560302734375e+02 4.233677959442138672e+02 2.120166760683059692e+02 1.000000000000000000e+00
1.988970756530761719e+02 3.855342721939086914e+02 2.077746677398681641e+02 3.879594755172729492e+02 2.165706157684326172e+02 3.898650312423706055e+02 2.000000000000000000e+00
4.701526165008544922e+02 4.646276950836181641e+02 4.788235187530517578e+02 4.675037670135498047e+02 4.875075721740722656e+02 4.701128911972045898e+02 2.000000000000000000e+00
3.566952204704284668e+02 2.495716255903244019e+02 3.657347726821899414e+02 2.521926882863044739e+02 3.748282194137573242e+02 2.543896794319152832e+02 2.000000000000000000e+00
3.977975463867187500e+02 2.611049813032150269e+02 4.067281246185302734e+02 2.637659007310867310e+02 4.157742023468017578e+02 2.660865801572799683e+02 2.000000000000000000e+00
4.455949687957763672e+02 4.636658191680908203e+02 4.542476844787597656e+02 4.664993762969970703e+02 4.629290485382080078e+02 4.690129852294921875e+02 2.000000000000000000e+00
4.272369098663330078e+02 4.590608596801757812e+02 4.358670711517333984e+02 4.617791604995727539e+02 4.445445251464843750e+02 4.642493677139282227e+02 2.000000000000000000e+00
2.725175762176513672e+02 3.671792078018188477e+02 2.813616943359375000e+02 3.697102975845336914e+02 2.901515793800354004e+02 3.717430114746093750e+02 2.000000000000000000e+00
1.847727203369140625e+02 4.463287782669067383e+02 1.935636425018310547e+02 4.485996437072753906e+02 2.024126720428466797e+02 4.504401397705078125e+02 2.000000000000000000e+00
2.078866863250732422e+02 3.650535964965820312e+02 2.166701984405517578e+02 3.674394893646240234e+02 2.255843830108642578e+02 3.693275499343872070e+02 2.000000000000000000e+00
5.224588012695312500e+02 2.069793391227722168e+02 5.250510215759277344e+02 2.106751084327697754e+02 5.274990844726562500e+02 2.140178507566452026e+02 1.000000000000000000e+00
3.657899808883666992e+02 4.032410717010498047e+02 3.746388578414916992e+02 4.059046411514282227e+02 3.833407306671142578e+02 4.082077074050903320e+02 2.000000000000000000e+00
5.556775474548339844e+02 3.886222028732299805e+02 5.645741081237792969e+02 3.916264057159423828e+02 5.735559654235839844e+02 3.944265890121459961e+02 2.000000000000000000e+00
2.239213848114013672e+02 3.727915763854980469e+02 2.327779197692871094e+02 3.752962446212768555e+02 2.417093801498413086e+02 3.772433280944824219e+02 2.000000000000000000e+00
4.769757366180419922e+02 1.719668269157409668e+02 4.788270282745361328e+02 1.752325272560119629e+02 4.816069412231445312e+02 1.779137992858886719e+02 1.000000000000000000e+00
5.556206703186035156e+02 3.645463943481445312e+02 5.645715904235839844e+02 3.674845361709594727e+02 5.735056877136230469e+02 3.701913785934448242e+02 2.000000000000000000e+00
5.894726562500000000e+02 3.799707412719726562e+02 5.983610343933105469e+02 3.830676698684692383e+02 6.073328208923339844e+02 3.858059406280517578e+02 2.000000000000000000e+00
3.951683378219604492e+02 2.543540811538696289e+02 4.039988708496093750e+02 2.570372933149337769e+02 4.130601787567138672e+02 2.593255019187927246e+02 2.000000000000000000e+00
2.356329441070556641e+02 3.698650932312011719e+02 2.445000457763671875e+02 3.723596906661987305e+02 2.534033346176147461e+02 3.742692947387695312e+02 2.000000000000000000e+00
5.870590209960937500e+02 4.065052556991577148e+02 5.959617424011230469e+02 4.095963478088378906e+02 6.048823928833007812e+02 4.123632574081420898e+02 2.000000000000000000e+00
2.495139169692993164e+02 3.622974586486816406e+02 2.583473491668701172e+02 3.647364234924316406e+02 2.672294616699218750e+02 3.666118812561035156e+02 2.000000000000000000e+00
4.990956687927246094e+02 3.025126361846923828e+02 5.079619789123535156e+02 3.054557561874389648e+02 5.169962882995605469e+02 3.079603600502014160e+02 2.000000000000000000e+00
1.772749423980712891e+02 3.681091403961181641e+02 1.861503410339355469e+02 3.704523754119873047e+02 1.951215648651123047e+02 3.722695398330688477e+02 2.000000000000000000e+00
1.610117816925048828e+02 3.747761249542236328e+02 1.698811054229736328e+02 3.771522045135498047e+02 1.788162040710449219e+02 3.788330698013305664e+02 2.000000000000000000e+00
3.662383127212524414e+02 3.399554157257080078e+02 3.750206613540649414e+02 3.425853967666625977e+02 3.839031696319580078e+02 3.448313069343566895e+02 2.000000000000000000e+00
2.661170625686645508e+02 2.621729135513305664e+02 2.749836111068725586e+02 2.646578085422515869e+02 2.840400385856628418e+02 2.666900038719177246e+02 2.000000000000000000e+00
1.732991790771484375e+02 2.905649149417877197e+02 1.823502445220947266e+02 2.929100990295410156e+02 1.913396549224853516e+02 2.947388935089111328e+02 2.000000000000000000e+00
3.031506347656250000e+02 2.587710267305374146e+02 3.120278316736221313e+02 2.613935244083404541e+02 3.211689148098230362e+02 2.634447026252746582e+02 2.000000000000000000e+00
5.916820144653320312e+02 3.919494724273681641e+02 6.006464195251464844e+02 3.950637960433959961e+02 6.095442008972167969e+02 3.977789354324340820e+02 2.000000000000000000e+00
2.034850597381591797e+02 3.545959854125976562e+02 2.123006248474121094e+02 3.569735455513000488e+02 2.212411594390869141e+02 3.589259719848632812e+02 2.000000000000000000e+00
4.583111858367919922e+02 1.941577291488647461e+02 4.601560115814208984e+02 1.976383781433105469e+02 4.622018718719482422e+02 2.007826960086822510e+02 1.000000000000000000e+00
3.342459714412689209e+02 2.581311661005020142e+02 3.431041574478149414e+02 2.607942813634872437e+02 3.521871948242187500e+02 2.628827226161956787e+02 2.000000000000000000e+00
4.239544105529785156e+02 2.101300799846649170e+02 4.256319618225097656e+02 2.140084522962570190e+02 4.274494075775146484e+02 2.174949485063552856e+02 1.000000000000000000e+00
5.864830398559570312e+02 3.287396621704101562e+02 5.954830932617187500e+02 3.317832112312316895e+02 6.045953941345214844e+02 3.345274114608764648e+02 2.000000000000000000e+00
5.640834999084472656e+02 3.932567453384399414e+02 5.730178260803222656e+02 3.962191200256347656e+02 5.820558547973632812e+02 3.990290021896362305e+02 2.000000000000000000e+00
1.711739921569824219e+02 2.857617223262786865e+02 1.802082824707031250e+02 2.881368756294250488e+02 1.892600727081298828e+02 2.899325895309448242e+02 2.000000000000000000e+00
4.579566955566406250e+02 3.579810261726379395e+02 4.666898822784423828e+02 3.608009147644042969e+02 4.757029151916503906e+02 3.632750988006591797e+02 2.000000000000000000e+00
3.104548031091690063e+02 3.886422157287597656e+02 3.192645263671875000e+02 3.912613248825073242e+02 3.279967957735061646e+02 3.934002828598022461e+02 2.000000000000000000e+00
3.994728422164916992e+02 4.493640232086181641e+02 4.081132221221923828e+02 4.521029233932495117e+02 4.167905330657958984e+02 4.545036363601684570e+02 2.000000000000000000e+00
4.178942584991455078e+02 4.560655689239501953e+02 4.264927387237548828e+02 4.588112926483154297e+02 4.351140785217285156e+02 4.612713718414306641e+02 2.000000000000000000e+00
1.612966442108154297e+02 2.944109845161437988e+02 1.702710533142089844e+02 2.967280590534210205e+02 1.793391513824462891e+02 2.984927701950073242e+02 2.000000000000000000e+00
3.785040903091430664e+02 4.630985498428344727e+02 3.871752023696899414e+02 4.657880401611328125e+02 3.958068847656250000e+02 4.681455516815185547e+02 2.000000000000000000e+00
3.401880812644958496e+02 3.871365737915039062e+02 3.487667536735534668e+02 3.897483015060424805e+02 3.576494145393371582e+02 3.919692134857177734e+02 2.000000000000000000e+00
1.955724048614501953e+02 4.562757110595703125e+02 2.043171024322509766e+02 4.586435651779174805e+02 2.130652332305908203e+02 4.605027008056640625e+02 2.000000000000000000e+00
3.895946979522705078e+02 2.585177618265151978e+02 3.985147094726562500e+02 2.612436532974243164e+02 4.075733947753906250e+02 2.634941411018371582e+02 2.000000000000000000e+00
2.012221622467041016e+02 4.001163768768310547e+02 2.100391483306884766e+02 4.024477672576904297e+02 2.187725162506103516e+02 4.042895936965942383e+02 2.000000000000000000e+00
5.806151771545410156e+02 3.323759508132934570e+02 5.895530509948730469e+02 3.353594398498535156e+02 5.986530876159667969e+02 3.380885052680969238e+02 2.000000000000000000e+00
2.687949800491333008e+02 3.165143179893493652e+02 2.776272869110107422e+02 3.189480972290039062e+02 2.867619323730468750e+02 3.211132550239562988e+02 2.000000000000000000e+00
4.061771583557128906e+02 4.477552843093872070e+02 4.147469234466552734e+02 4.505676412582397461e+02 4.234153175354003906e+02 4.529671812057495117e+02 2.000000000000000000e+00
1.609336376190185547e+02 3.537900781631469727e+02 1.698507404327392578e+02 3.561454868316650391e+02 1.787756061553955078e+02 3.578885865211486816e+02 2.000000000000000000e+00
2.777763986587524414e+02 2.591291213035583496e+02 2.866650390625000000e+02 2.616639107465744019e+02 2.956982731819152832e+02 2.637099623680114746e+02 2.000000000000000000e+00
5.625774002075195312e+02 3.852765512466430664e+02 5.715338134765625000e+02 3.882465934753417969e+02 5.805120849609375000e+02 3.910055351257324219e+02 2.000000000000000000e+00
1.706031131744384766e+02 4.327364587783813477e+02 1.794953632354736328e+02 4.351346254348754883e+02 1.883473014831542969e+02 4.368132162094116211e+02 2.000000000000000000e+00
2.130187702178955078e+02 4.052632284164428711e+02 2.218202781677246094e+02 4.075990962982177734e+02 2.306869220733642578e+02 4.094844388961791992e+02 2.000000000000000000e+00
4.282758522033691406e+02 1.931342732906341553e+02 4.296908283233642578e+02 1.966674184799194336e+02 4.312262916564941406e+02 1.998086822032928467e+02 1.000000000000000000e+00
5.417232131958007812e+02 4.255730438232421875e+02 5.505695915222167969e+02 4.285782909393310547e+02 5.594490432739257812e+02 4.312845611572265625e+02 2.000000000000000000e+00
1.654602050781250000e+02 2.881907665729522705e+02 1.744960498809814453e+02 2.905145609378814697e+02 1.836128044128417969e+02 2.923016381263732910e+02 2.000000000000000000e+00
4.025676250457763672e+02 4.672099971771240234e+02 4.112982463836669922e+02 4.699779796600341797e+02 4.199792766571044922e+02 4.724115657806396484e+02 2.000000000000000000e+00
5.733174514770507812e+02 3.498628020286560059e+02 5.823270225524902344e+02 3.528437876701354980e+02 5.912578201293945312e+02 3.555836820602416992e+02 2.000000000000000000e+00
1.502469825744628906e+02 2.785350966453552246e+02 1.592801094055175781e+02 2.808941352367401123e+02 1.683406543731689453e+02 2.826929640769958496e+02 2.000000000000000000e+00
1.901281547546386719e+02 3.772722530364990234e+02 1.989619922637939453e+02 3.796573305130004883e+02 2.077757740020751953e+02 3.815504264831542969e+02 2.000000000000000000e+00
3.539039015769958496e+02 3.892583942413330078e+02 3.626117563247680664e+02 3.918495798110961914e+02 3.714006662368774414e+02 3.941522598266601562e+02 2.000000000000000000e+00
5.083561706542968750e+02 3.083346891403198242e+02 5.173705482482910156e+02 3.113093876838684082e+02 5.262926101684570312e+02 3.137301063537597656e+02 2.000000000000000000e+00
3.833363676071166992e+02 3.515203928947448730e+02 3.921669912338256836e+02 3.542522978782653809e+02 4.010867309570312500e+02 3.564936876296997070e+02 2.000000000000000000e+00
4.568692684173583984e+02 4.667886114120483398e+02 4.655511474609375000e+02 4.696583747863769531e+02 4.742978191375732422e+02 4.722393321990966797e+02 2.000000000000000000e+00
4.263403034210205078e+02 3.739861822128295898e+02 4.351721858978271484e+02 3.767567825317382812e+02 4.439800739288330078e+02 3.792002964019775391e+02 2.000000000000000000e+00
2.194831848144531250e+02 2.812616908550262451e+02 2.284486865997314453e+02 2.836537206172943115e+02 2.374863147735595703e+02 2.855985116958618164e+02 2.000000000000000000e+00
2.068125152587890625e+02 4.036029767990112305e+02 2.156350708007812500e+02 4.059628629684448242e+02 2.244995212554931641e+02 4.078138875961303711e+02 2.000000000000000000e+00
1.855686473846435547e+02 2.990961027145385742e+02 1.945290946960449219e+02 3.014769029617309570e+02 2.033986663818359375e+02 3.034044528007507324e+02 2.000000000000000000e+00
2.421800851821899414e+02 3.209148931503295898e+02 2.510037374496459961e+02 3.234585928916931152e+02 2.600048494338989258e+02 3.254225492477416992e+02 2.000000000000000000e+00
4.194735717773437500e+02 4.647409486770629883e+02 4.280868816375732422e+02 4.674816370010375977e+02 4.366812133789062500e+02 4.699354362487792969e+02 2.000000000000000000e+00
3.523562026023864746e+02 3.824241113662719727e+02 3.611646747589111328e+02 3.850594282150268555e+02 3.699513244628906250e+02 3.873183059692382812e+02 2.000000000000000000e+00
2.127895927429199219e+02 4.443051195144653320e+02 2.215935993194580078e+02 4.466884517669677734e+02 2.302647686004638672e+02 4.485184192657470703e+02 2.000000000000000000e+00
4.684288692474365234e+02 4.283816957473754883e+02 4.772842121124267578e+02 4.312732887268066406e+02 4.860550880432128906e+02 4.337647819519042969e+02 2.000000000000000000e+00
2.504884624481201172e+02 3.325017428398132324e+02 2.592237854003906250e+02 3.349727797508239746e+02 2.683321237564086914e+02 3.370221018791198730e+02 2.000000000000000000e+00
4.768649959564208984e+02 1.981692802906036377e+02 4.790357398986816406e+02 2.016729104518890381e+02 4.813072586059570312e+02 2.048979020118713379e+02 1.000000000000000000e+00
5.364683914184570312e+02 4.078906345367431641e+02 5.452018547058105469e+02 4.108294486999511719e+02 5.542276573181152344e+02 4.135883331298828125e+02 2.000000000000000000e+00
5.387031364440917969e+02 4.600816154479980469e+02 5.476048660278320312e+02 4.630914115905761719e+02 5.563798332214355469e+02 4.657632207870483398e+02 2.000000000000000000e+00
5.385193443298339844e+02 4.530623531341552734e+02 5.474299430847167969e+02 4.560755395889282227e+02 5.561899375915527344e+02 4.587786340713500977e+02 2.000000000000000000e+00
2.987224721908569336e+02 2.660823065042495728e+02 3.076651918888092041e+02 2.685969865322113037e+02 3.167064207792282104e+02 2.707072770595550537e+02 2.000000000000000000e+00
2.004873752593994141e+02 4.111069965362548828e+02 2.092341709136962891e+02 4.134522199630737305e+02 2.179887676239013672e+02 4.153155326843261719e+02 2.000000000000000000e+00
4.552699279785156250e+02 4.396422815322875977e+02 4.639722633361816406e+02 4.425668764114379883e+02 4.727187252044677734e+02 4.450404739379882812e+02 2.000000000000000000e+00
4.089996337890625000e+02 4.045187473297119141e+02 4.178100299835205078e+02 4.073881959915161133e+02 4.266324520111083984e+02 4.097255945205688477e+02 2.000000000000000000e+00
4.497603797912597656e+02 3.146319007873535156e+02 4.586460590362548828e+02 3.173995113372802734e+02 4.676049804687500000e+02 3.197527813911437988e+02 2.000000000000000000e+00
2.906990361213684082e+02 4.127903223037719727e+02 2.994290471076965332e+02 4.153210258483886719e+02 3.082742309570312500e+02 4.173626804351806641e+02 2.000000000000000000e+00
3.426924443244934082e+02 3.809638166427612305e+02 3.514606332778930664e+02 3.835895490646362305e+02 3.602580881118774414e+02 3.858009481430053711e+02 2.000000000000000000e+00
2.438605785369873047e+02 4.155428838729858398e+02 2.526237487792968750e+02 4.180952596664428711e+02 2.614549541473388672e+02 4.199709606170654297e+02 2.000000000000000000e+00
1.843572235107421875e+02 3.958519649505615234e+02 1.932121849060058594e+02 3.982783555984497070e+02 2.021541309356689453e+02 4.000760221481323242e+02 2.000000000000000000e+00
5.360055541992187500e+02 4.470860338211059570e+02 5.448201942443847656e+02 4.500991344451904297e+02 5.536078453063964844e+02 4.528217554092407227e+02 2.000000000000000000e+00
2.392646789550781250e+02 3.248917865753173828e+02 2.480874919891357422e+02 3.274373531341552734e+02 2.571265554428100586e+02 3.294239830970764160e+02 2.000000000000000000e+00
2.109829807281494141e+02 3.786261320114135742e+02 2.198342609405517578e+02 3.810447406768798828e+02 2.286703968048095703e+02 3.829025888442993164e+02 2.000000000000000000e+00
5.570388221740722656e+02 3.946894311904907227e+02 5.659464073181152344e+02 3.976559829711914062e+02 5.748901939392089844e+02 4.005059623718261719e+02 2.000000000000000000e+00
2.492616891860961914e+02 4.022381114959716797e+02 2.580730581283569336e+02 4.046919679641723633e+02 2.668627929687500000e+02 4.066106700897216797e+02 2.000000000000000000e+00
2.665476989746093750e+02 4.156890678405761719e+02 2.753209543228149414e+02 4.182618856430053711e+02 2.840361618995666504e+02 4.202613973617553711e+02 2.000000000000000000e+00
2.015271854400634766e+02 3.773958206176757812e+02 2.103752136230468750e+02 3.797931289672851562e+02 2.191666889190673828e+02 3.816719198226928711e+02 2.000000000000000000e+00
2.954813218116760254e+02 3.152390170097351074e+02 3.042431938648223877e+02 3.177397227287292480e+02 3.132812803983688354e+02 3.199305796623229980e+02 2.000000000000000000e+00
2.335255146026611328e+02 4.673391866683959961e+02 2.422873067855834961e+02 4.698245716094970703e+02 2.508462381362915039e+02 4.719842004776000977e+02 2.000000000000000000e+00
5.458053588867187500e+02 3.249524545669555664e+02 5.546480178833007812e+02 3.278665852546691895e+02 5.637822914123535156e+02 3.305570125579833984e+02 2.000000000000000000e+00
3.611092233657836914e+02 3.393204116821289062e+02 3.699305438995361328e+02 3.419468164443969727e+02 3.787930631637573242e+02 3.442205572128295898e+02 2.000000000000000000e+00
2.444190359115600586e+02 3.326778888702392578e+02 2.532102060317993164e+02 3.352207088470458984e+02 2.622747182846069336e+02 3.372264432907104492e+02 2.000000000000000000e+00
2.215108776092529297e+02 3.381214928627014160e+02 2.303904724121093750e+02 3.405412960052490234e+02 2.394109916687011719e+02 3.426453924179077148e+02 2.000000000000000000e+00
4.366743469238281250e+02 4.642337465286254883e+02 4.454001140594482422e+02 4.670521974563598633e+02 4.540894794464111328e+02 4.695796394348144531e+02 2.000000000000000000e+00
5.861209678649902344e+02 3.871654987335205078e+02 5.949817466735839844e+02 3.902284955978393555e+02 6.039923095703125000e+02 3.929485559463500977e+02 2.000000000000000000e+00
4.809466552734375000e+02 3.360237765312194824e+02 4.897833061218261719e+02 3.388847064971923828e+02 4.987326431274414062e+02 3.413720440864562988e+02 2.000000000000000000e+00
3.763618183135986328e+02 2.392133330740034580e+02 3.852096891403198242e+02 2.417973328381776810e+02 3.943448781967163086e+02 2.440976259112358093e+02 2.000000000000000000e+00
3.922612333297729492e+02 3.508953309059143066e+02 4.010755062103271484e+02 3.536400818824768066e+02 4.099844360351562500e+02 3.559331417083740234e+02 2.000000000000000000e+00
2.632750225067138672e+02 3.937807130813598633e+02 2.720568227767944336e+02 3.962851953506469727e+02 2.809727168083190918e+02 3.984980535507202148e+02 2.000000000000000000e+00
3.722934293746948242e+02 3.957731723785400391e+02 3.810602712631225586e+02 3.984813594818115234e+02 3.897958087921142578e+02 4.007305383682250977e+02 2.000000000000000000e+00
4.896125221252441406e+02 3.179995465278625488e+02 4.984140396118164062e+02 3.208615779876708984e+02 5.074083518981933594e+02 3.234137034416198730e+02 2.000000000000000000e+00
2.935084223747253418e+02 3.446301913261413574e+02 3.023362123966217041e+02 3.471601939201354980e+02 3.112691038846969604e+02 3.492187857627868652e+02 2.000000000000000000e+00
3.646192932128906250e+02 3.882412147521972656e+02 3.734269428253173828e+02 3.908598661422729492e+02 3.821961069107055664e+02 3.931825590133666992e+02 2.000000000000000000e+00
4.515198421478271484e+02 3.654887151718139648e+02 4.602502155303955078e+02 3.683313703536987305e+02 4.691731929779052734e+02 3.707096672058105469e+02 2.000000000000000000e+00
2.424999666213989258e+02 4.534139871597290039e+02 2.512183666229248047e+02 4.559067535400390625e+02 2.597233247756958008e+02 4.579585647583007812e+02 2.000000000000000000e+00
2.310630798339843750e+02 3.622432565689086914e+02 2.398578739166259766e+02 3.646126413345336914e+02 2.487606811523437500e+02 3.665784931182861328e+02 2.000000000000000000e+00
2.761099863052368164e+02 4.586273860931396484e+02 2.847632431983947754e+02 4.611583328247070312e+02 2.934825730323791504e+02 4.632428741455078125e+02 2.000000000000000000e+00
3.479620361328125000e+02 3.735790729522705078e+02 3.568278193473815918e+02 3.763031101226806641e+02 3.656621694564819336e+02 3.785147523880004883e+02 2.000000000000000000e+00
4.292904663085937500e+02 3.304285955429077148e+02 4.382469463348388672e+02 3.333141517639160156e+02 4.471102046966552734e+02 3.356645250320434570e+02 2.000000000000000000e+00
1.911253452301025391e+02 2.800056767463684082e+02 2.001381778717041016e+02 2.823934650421142578e+02 2.091821289062500000e+02 2.842790257930755615e+02 2.000000000000000000e+00
5.121034622192382812e+02 4.310344934463500977e+02 5.208897209167480469e+02 4.340043067932128906e+02 5.296461296081542969e+02 4.366259908676147461e+02 2.000000000000000000e+00
5.922344398498535156e+02 4.080898189544677734e+02 6.011712646484375000e+02 4.111979484558105469e+02 6.100886917114257812e+02 4.139457178115844727e+02 2.000000000000000000e+00
4.677353858947753906e+02 3.466955924034118652e+02 4.766131591796875000e+02 3.496151161193847656e+02 4.855155754089355469e+02 3.520508766174316406e+02 2.000000000000000000e+00
1.828103160858154297e+02 4.067459535598754883e+02 1.916732311248779297e+02 4.091807270050048828e+02 2.006310081481933594e+02 4.108823347091674805e+02 2.000000000000000000e+00
5.305171585083007812e+02 2.521384745836257935e+02 5.396207237243652344e+02 2.550729686021804810e+02 5.487511062622070312e+02 2.575551456212997437e+02 2.000000000000000000e+00
3.866922330856323242e+02 4.546189355850219727e+02 3.954380798339843750e+02 4.573993635177612305e+02 4.041383361816406250e+02 4.597037172317504883e+02 2.000000000000000000e+00
1.990829944610595703e+02 2.802730107307434082e+02 2.080656147003173828e+02 2.826329970359802246e+02 2.171442699432373047e+02 2.845610082149505615e+02 2.000000000000000000e+00
1.986293029785156250e+02 4.601146316528320312e+02 2.074437522888183594e+02 4.625141429901123047e+02 2.161570262908935547e+02 4.643675279617309570e+02 2.000000000000000000e+00
5.381386184692382812e+02 2.563552558422088623e+02 5.472025108337402344e+02 2.593163770437240601e+02 5.563788414001464844e+02 2.617856454849243164e+02 2.000000000000000000e+00
4.698836994171142578e+02 3.933999681472778320e+02 4.787233924865722656e+02 3.962631654739379883e+02 4.875682067871093750e+02 3.987371349334716797e+02 2.000000000000000000e+00
2.988286137580871582e+02 3.943102741241455078e+02 3.075959169864654541e+02 3.967411565780639648e+02 3.163900449872016907e+02 3.989382362365722656e+02 2.000000000000000000e+00
4.362610816955566406e+02 3.748292255401611328e+02 4.450847530364990234e+02 3.776252174377441406e+02 4.538436603546142578e+02 3.800589323043823242e+02 2.000000000000000000e+00
4.065085792541503906e+02 4.526889181137084961e+02 4.151285076141357422e+02 4.555120325088500977e+02 4.237325477600097656e+02 4.579026603698730469e+02 2.000000000000000000e+00
1.973471641540527344e+02 4.193898439407348633e+02 2.061443424224853516e+02 4.217065286636352539e+02 2.148549938201904297e+02 4.235738611221313477e+02 2.000000000000000000e+00
4.112028217315673828e+02 3.411588478088378906e+02 4.200628662109375000e+02 3.439690303802490234e+02 4.289738178253173828e+02 3.463203763961791992e+02 2.000000000000000000e+00
2.105921173095703125e+02 3.975590229034423828e+02 2.194558811187744141e+02 3.998978662490844727e+02 2.282575321197509766e+02 4.017874288558959961e+02 2.000000000000000000e+00
3.244353029131889343e+02 2.524933630228042603e+02 3.332916259765625000e+02 2.551559615135192871e+02 3.423586726188659668e+02 2.572829300165176392e+02 2.000000000000000000e+00
2.711414766311645508e+02 4.451887035369873047e+02 2.797591829299926758e+02 4.476616287231445312e+02 2.885071396827697754e+02 4.497323369979858398e+02 2.000000000000000000e+00
4.516599464416503906e+02 4.652898359298706055e+02 4.603375530242919922e+02 4.681343793869018555e+02 4.690936565399169922e+02 4.706989860534667969e+02 2.000000000000000000e+00
5.404232788085937500e+02 3.874645471572875977e+02 5.492067909240722656e+02 3.904195976257324219e+02 5.581173706054687500e+02 3.931528759002685547e+02 2.000000000000000000e+00
2.034461688995361328e+02 4.667397594451904297e+02 2.121740818023681641e+02 4.692320108413696289e+02 2.209348011016845703e+02 4.710954380035400391e+02 2.000000000000000000e+00
5.784285354614257812e+02 4.032053375244140625e+02 5.873476600646972656e+02 4.062991046905517578e+02 5.963405799865722656e+02 4.090271329879760742e+02 2.000000000000000000e+00
2.008871746063232422e+02 3.942696332931518555e+02 2.097434806823730469e+02 3.965489959716796875e+02 2.184640598297119141e+02 3.984963226318359375e+02 2.000000000000000000e+00
5.426364707946777344e+02 2.708996593952178955e+02 5.517178916931152344e+02 2.738710033893585205e+02 5.609769248962402344e+02 2.764799201488494873e+02 2.000000000000000000e+00
5.482781410217285156e+02 3.411136507987976074e+02 5.571157264709472656e+02 3.441575646400451660e+02 5.661736488342285156e+02 3.467239165306091309e+02 2.000000000000000000e+00
4.178434181213378906e+02 4.449861574172973633e+02 4.265154170989990234e+02 4.477578592300415039e+02 4.351890563964843750e+02 4.502246475219726562e+02 2.000000000000000000e+00
1.833211803436279297e+02 2.868179047107696533e+02 1.923616600036621094e+02 2.891961085796356201e+02 2.014006614685058594e+02 2.910809969902038574e+02 2.000000000000000000e+00
2.864830017089843750e+02 3.142041635513305664e+02 2.952730703353881836e+02 3.166857361793518066e+02 3.043067014217376709e+02 3.188174486160278320e+02 2.000000000000000000e+00
2.282900047302246094e+02 3.813482093811035156e+02 2.371048831939697266e+02 3.837836694717407227e+02 2.460381746292114258e+02 3.856601572036743164e+02 2.000000000000000000e+00
2.886227107048034668e+02 2.599193733930587769e+02 2.975846862792968750e+02 2.624996352195739746e+02 3.065971982479095459e+02 2.645616459846496582e+02 2.000000000000000000e+00
2.115016174316406250e+02 4.710430097579956055e+02 2.201990032196044922e+02 4.736282157897949219e+02 2.289639091491699219e+02 4.755548286437988281e+02 2.000000000000000000e+00
5.096608352661132812e+02 3.142381310462951660e+02 5.186244583129882812e+02 3.172457313537597656e+02 5.276260375976562500e+02 3.196711134910583496e+02 2.000000000000000000e+00
3.295034182071685791e+02 2.573869335651397705e+02 3.383749389648437500e+02 2.600388801097869873e+02 3.473920893669128418e+02 2.621703815460205078e+02 2.000000000000000000e+00
3.666365671157836914e+02 2.719826066493988037e+02 3.755739450454711914e+02 2.747199118137359619e+02 3.844490671157836914e+02 2.769990241527557373e+02 2.000000000000000000e+00
3.695493459701538086e+02 2.458558809757232666e+02 3.785018634796142578e+02 2.484830635786056519e+02 3.875260019302368164e+02 2.507061624526977539e+02 2.000000000000000000e+00
4.945244216918945312e+02 3.962274312973022461e+02 5.033326721191406250e+02 3.990621471405029297e+02 5.121737670898437500e+02 4.016150951385498047e+02 2.000000000000000000e+00
2.421950531005859375e+02 2.871921122074127197e+02 2.512673330307006836e+02 2.896219503879547119e+02 2.601381826400756836e+02 2.916197240352630615e+02 2.000000000000000000e+00
2.672242736816406250e+02 2.689265155792236328e+02 2.761057138442993164e+02 2.714252650737762451e+02 2.851373600959777832e+02 2.734739077091217041e+02 2.000000000000000000e+00
1.892047595977783203e+02 4.362356042861938477e+02 1.979321765899658203e+02 4.385129213333129883e+02 2.066746807098388672e+02 4.403338766098022461e+02 2.000000000000000000e+00
3.616702890396118164e+02 4.004913711547851562e+02 3.705086374282836914e+02 4.031709623336791992e+02 3.792281198501586914e+02 4.054315280914306641e+02 2.000000000000000000e+00
5.787537193298339844e+02 3.435871052742004395e+02 5.876950645446777344e+02 3.466105985641479492e+02 5.967631340026855469e+02 3.493419885635375977e+02 2.000000000000000000e+00
2.551767253875732422e+02 3.561514663696289062e+02 2.639827251434326172e+02 3.586116671562194824e+02 2.728569650650024414e+02 3.604886913299560547e+02 2.000000000000000000e+00
5.413832473754882812e+02 3.475403165817260742e+02 5.502149772644042969e+02 3.504766631126403809e+02 5.591180419921875000e+02 3.531467342376708984e+02 2.000000000000000000e+00
2.556286144256591797e+02 4.293501663208007812e+02 2.643953561782836914e+02 4.318077421188354492e+02 2.732180166244506836e+02 4.338355493545532227e+02 2.000000000000000000e+00
5.546118736267089844e+02 2.447806705534458160e+02 5.636826896667480469e+02 2.478141027688980103e+02 5.728615188598632812e+02 2.503970950841903687e+02 2.000000000000000000e+00
5.101129150390625000e+02 3.355386114120483398e+02 5.189885330200195312e+02 3.384861516952514648e+02 5.279366493225097656e+02 3.410375404357910156e+02 2.000000000000000000e+00
4.985158729553222656e+02 1.996328115463256836e+02 5.008830261230468750e+02 2.033196687698364258e+02 5.033927917480468750e+02 2.065392887592315674e+02 1.000000000000000000e+00
2.423151683807373047e+02 3.567534828186035156e+02 2.511695861816406250e+02 3.592496395111083984e+02 2.600351238250732422e+02 3.611332225799560547e+02 2.000000000000000000e+00
5.755383300781250000e+02 4.132323074340820312e+02 5.844020462036132812e+02 4.163253879547119141e+02 5.932689857482910156e+02 4.191286039352416992e+02 2.000000000000000000e+00
1.833001422882080078e+02 2.818326437473297119e+02 1.923459148406982422e+02 2.842143273353576660e+02 2.013893604278564453e+02 2.861083388328552246e+02 2.000000000000000000e+00
3.635932302474975586e+02 2.480463874340057373e+02 3.725673532485961914e+02 2.506480568647384644e+02 3.816099882125854492e+02 2.528780829906463623e+02 2.000000000000000000e+00
3.333607482910156250e+02 3.915058994293212891e+02 3.419659733772277832e+02 3.942104244232177734e+02 3.508386230468750000e+02 3.963453197479248047e+02 2.000000000000000000e+00
4.842522048950195312e+02 3.417469239234924316e+02 4.931576347351074219e+02 3.446397471427917480e+02 5.020871353149414062e+02 3.471608304977416992e+02 2.000000000000000000e+00
4.946317481994628906e+02 3.465570759773254395e+02 5.034421157836914062e+02 3.495620512962341309e+02 5.124179077148437500e+02 3.520920181274414062e+02 2.000000000000000000e+00
2.283929252624511719e+02 4.210883903503417969e+02 2.371588230133056641e+02 4.235365390777587891e+02 2.460093355178833008e+02 4.254532814025878906e+02 2.000000000000000000e+00
1.601935863494873047e+02 3.450766038894653320e+02 1.691777610778808594e+02 3.473993611335754395e+02 1.781398010253906250e+02 3.491418814659118652e+02 2.000000000000000000e+00
4.061438655853271484e+02 2.676267403364181519e+02 4.151064491271972656e+02 2.703656637668609619e+02 4.241873168945312500e+02 2.726162123680114746e+02 2.000000000000000000e+00
3.878997516632080078e+02 3.451462769508361816e+02 3.967179870605468750e+02 3.478741478919982910e+02 4.056445598602294922e+02 3.502088713645935059e+02 2.000000000000000000e+00
4.530524921417236328e+02 3.064419865608215332e+02 4.619470882415771484e+02 3.092501878738403320e+02 4.709239196777343750e+02 3.116199088096618652e+02 2.000000000000000000e+00
2.641529846191406250e+02 2.773691117763519287e+02 2.730291748046875000e+02 2.798267555236816406e+02 2.820857548713684082e+02 2.818519306182861328e+02 2.000000000000000000e+00
2.254494190216064453e+02 3.655707406997680664e+02 2.342651653289794922e+02 3.680077600479125977e+02 2.432524394989013672e+02 3.700122070312500000e+02 2.000000000000000000e+00
5.142941284179687500e+02 3.612220287322998047e+02 5.232573318481445312e+02 3.640785884857177734e+02 5.321250724792480469e+02 3.666470718383789062e+02 2.000000000000000000e+00
2.972103261947631836e+02 2.973418307304382324e+02 3.061782526969909668e+02 2.998165941238403320e+02 3.151007995009422302e+02 3.020230150222778320e+02 2.000000000000000000e+00
2.309805583953857422e+02 2.822582423686981201e+02 2.399967288970947266e+02 2.846456623077392578e+02 2.489211893081665039e+02 2.866301608085632324e+02 2.000000000000000000e+00
5.850985717773437500e+02 3.742381668090820312e+02 5.939225578308105469e+02 3.773045682907104492e+02 6.029824256896972656e+02 3.800005531311035156e+02 2.000000000000000000e+00
5.809048461914062500e+02 4.335127687454223633e+02 5.897398185729980469e+02 4.366134738922119141e+02 5.986513137817382812e+02 4.394852972030639648e+02 2.000000000000000000e+00
2.709885549545288086e+02 3.913692140579223633e+02 2.796916484832763672e+02 3.937982797622680664e+02 2.886263108253479004e+02 3.960286331176757812e+02 2.000000000000000000e+00
4.348704242706298828e+02 4.456629467010498047e+02 4.435405635833740234e+02 4.484963464736938477e+02 4.523548603057861328e+02 4.509199333190917969e+02 2.000000000000000000e+00
3.152027282118797302e+02 4.085969638824462891e+02 3.238513490557670593e+02 4.111410284042358398e+02 3.327178657054901123e+02 4.133073234558105469e+02 2.000000000000000000e+00
5.601885986328125000e+02 2.614663410186767578e+02 5.691862869262695312e+02 2.643652653694152832e+02 5.783790397644042969e+02 2.670230108499526978e+02 2.000000000000000000e+00
4.699999141693115234e+02 3.690919589996337891e+02 4.787664508819580078e+02 3.719389057159423828e+02 4.877026176452636719e+02 3.744696092605590820e+02 2.000000000000000000e+00
5.632345581054687500e+02 1.823005628585815430e+02 5.659384155273437500e+02 1.864916646480560303e+02 5.688353347778320312e+02 1.903092312812805176e+02 1.000000000000000000e+00
5.830532836914062500e+02 3.230625987052917480e+02 5.919802284240722656e+02 3.260622310638427734e+02 6.011494255065917969e+02 3.288024973869323730e+02 2.000000000000000000e+00
2.991296386718750000e+02 2.552060401439666748e+02 3.080213010311126709e+02 2.577574771642684937e+02 3.171564331650733948e+02 2.598197025060653687e+02 2.000000000000000000e+00
5.271496009826660156e+02 2.828265416622161865e+02 5.361001586914062500e+02 2.857081317901611328e+02 5.452468299865722656e+02 2.883314251899719238e+02 2.000000000000000000e+00
5.052457046508789062e+02 4.326612710952758789e+02 5.140270996093750000e+02 4.356183815002441406e+02 5.227658081054687500e+02 4.382814073562622070e+02 2.000000000000000000e+00
3.850187683105468750e+02 2.904090285301208496e+02 3.937673664093017578e+02 2.929920995235443115e+02 4.028353023529052734e+02 2.952723097801208496e+02 2.000000000000000000e+00
3.932333087921142578e+02 4.629674148559570312e+02 4.019639015197753906e+02 4.657182455062866211e+02 4.106472206115722656e+02 4.680917215347290039e+02 2.000000000000000000e+00
4.218444824218750000e+02 1.971908533573150635e+02 4.232811641693115234e+02 2.007992684841156006e+02 4.247810649871826172e+02 2.040220606327056885e+02 1.000000000000000000e+00
5.139970779418945312e+02 3.541825032234191895e+02 5.230299758911132812e+02 3.571142935752868652e+02 5.318995475769042969e+02 3.596417284011840820e+02 2.000000000000000000e+00
5.811725425720214844e+02 4.387019205093383789e+02 5.899819374084472656e+02 4.418455553054809570e+02 5.988992881774902344e+02 4.447207689285278320e+02 2.000000000000000000e+00
3.420490431785583496e+02 2.522455295920372009e+02 3.509866023063659668e+02 2.548499152064323425e+02 3.600865507125854492e+02 2.570024728775024414e+02 2.000000000000000000e+00
4.290522193908691406e+02 4.388255167007446289e+02 4.377680969238281250e+02 4.417178106307983398e+02 4.464961242675781250e+02 4.441789913177490234e+02 2.000000000000000000e+00
5.942342567443847656e+02 4.231254386901855469e+02 6.031607627868652344e+02 4.263022899627685547e+02 6.119682121276855469e+02 4.289644002914428711e+02 2.000000000000000000e+00
5.942059898376464844e+02 3.545481920242309570e+02 6.031080436706542969e+02 3.575698614120483398e+02 6.122237014770507812e+02 3.603549814224243164e+02 2.000000000000000000e+00
3.107997435331344604e+02 2.881031227111816406e+02 3.196381530538201332e+02 2.905785870552062988e+02 3.286406862735748291e+02 2.927105426788330078e+02 2.000000000000000000e+00
5.343301963806152344e+02 3.439517855644226074e+02 5.432103347778320312e+02 3.469399809837341309e+02 5.522124671936035156e+02 3.495839881896972656e+02 2.000000000000000000e+00
2.847539663314819336e+02 4.212310838699340820e+02 2.933627319335937500e+02 4.236906766891479492e+02 3.022906494140625000e+02 4.257323455810546875e+02 2.000000000000000000e+00
4.532386779785156250e+02 3.603359413146972656e+02 4.619457721710205078e+02 3.631670236587524414e+02 4.709314918518066406e+02 3.655405998229980469e+02 2.000000000000000000e+00
3.926525592803955078e+02 3.588923120498657227e+02 4.015056133270263672e+02 3.616692924499511719e+02 4.104342365264892578e+02 3.639648771286010742e+02 2.000000000000000000e+00
3.411928725242614746e+02 4.122434234619140625e+02 3.499747633934020996e+02 4.148000907897949219e+02 3.586911940574645996e+02 4.171077632904052734e+02 2.000000000000000000e+00
3.127470397949218750e+02 4.396790885925292969e+02 3.214563293755054474e+02 4.422816896438598633e+02 3.302002871036529541e+02 4.444203042984008789e+02 2.000000000000000000e+00
5.673684120178222656e+02 3.173140311241149902e+02 5.763806152343750000e+02 3.202420663833618164e+02 5.854617881774902344e+02 3.229471492767333984e+02 2.000000000000000000e+00
3.956822204589843750e+02 4.678120851516723633e+02 4.044439125061035156e+02 4.706072187423706055e+02 4.131402587890625000e+02 4.730263853073120117e+02 2.000000000000000000e+00
5.314730834960937500e+02 2.753775644302368164e+02 5.404675292968750000e+02 2.782351720333099365e+02 5.496084022521972656e+02 2.807942533493041992e+02 2.000000000000000000e+00
2.179674625396728516e+02 4.148302030563354492e+02 2.267345523834228516e+02 4.172918128967285156e+02 2.355935192108154297e+02 4.191079759597778320e+02 2.000000000000000000e+00
4.008857440948486328e+02 3.462638640403747559e+02 4.097216224670410156e+02 3.489704632759094238e+02 4.186175823211669922e+02 3.513269090652465820e+02 2.000000000000000000e+00
4.106398296356201172e+02 4.325977563858032227e+02 4.193385028839111328e+02 4.353453826904296875e+02 4.281478309631347656e+02 4.377058553695678711e+02 2.000000000000000000e+00
2.149693298339843750e+02 2.757423412799835205e+02 2.238821220397949219e+02 2.782118868827819824e+02 2.329666709899902344e+02 2.801416969299316406e+02 2.000000000000000000e+00
3.195480346679687500e+02 4.142120504379272461e+02 3.282760620117187500e+02 4.167159175872802734e+02 3.370960700511932373e+02 4.188868474960327148e+02 2.000000000000000000e+00
2.144484806060791016e+02 5.204671382904052734e+01 2.239805316925048828e+02 5.460807323455810547e+01 2.336772441864013672e+02 5.674997806549072266e+01 2.000000000000000000e+00
3.185025024414062500e+02 3.232838487625122070e+02 3.274266666173934937e+02 3.257945322990417480e+02 3.364444887638092041e+02 3.280260086059570312e+02 2.000000000000000000e+00
3.808864736557006836e+02 3.427719140052795410e+02 3.897002267837524414e+02 3.454586577415466309e+02 3.986105346679687500e+02 3.477070999145507812e+02 2.000000000000000000e+00
4.572933101654052734e+02 4.586523914337158203e+02 4.659798336029052734e+02 4.615168619155883789e+02 4.746819782257080078e+02 4.640318441390991211e+02 2.000000000000000000e+00
4.450716590881347656e+02 4.547185850143432617e+02 4.536616516113281250e+02 4.575069665908813477e+02 4.624262142181396484e+02 4.600010204315185547e+02 2.000000000000000000e+00
1.797506237030029297e+02 3.932412815093994141e+02 1.885996055603027344e+02 3.955690383911132812e+02 1.975781345367431641e+02 3.973970174789428711e+02 2.000000000000000000e+00
5.537841796875000000e+02 4.609155321121215820e+02 5.626704216003417969e+02 4.639401340484619141e+02 5.714632606506347656e+02 4.667692995071411133e+02 2.000000000000000000e+00
4.197000789642333984e+02 3.895982122421264648e+02 4.284983825683593750e+02 3.923189449310302734e+02 4.373039245605468750e+02 3.946739816665649414e+02 2.000000000000000000e+00
5.460799026489257812e+02 3.146351337432861328e+02 5.549065017700195312e+02 3.175705575942993164e+02 5.639372634887695312e+02 3.202416443824768066e+02 2.000000000000000000e+00
5.483737182617187500e+02 4.187802886962890625e+02 5.572070312500000000e+02 4.217521476745605469e+02 5.661350822448730469e+02 4.244984579086303711e+02 2.000000000000000000e+00
2.178793621063232422e+02 3.712950181961059570e+02 2.267243289947509766e+02 3.736781930923461914e+02 2.356261920928955078e+02 3.756389808654785156e+02 2.000000000000000000e+00
4.932731628417968750e+02 4.234629964828491211e+02 5.020611000061035156e+02 4.263889932632446289e+02 5.108522605895996094e+02 4.289417266845703125e+02 2.000000000000000000e+00
3.902514362335205078e+02 3.702253818511962891e+02 3.990264606475830078e+02 3.729375314712524414e+02 4.078598308563232422e+02 3.752688360214233398e+02 2.000000000000000000e+00
5.054253578186035156e+02 3.390517330169677734e+02 5.141671180725097656e+02 3.420960474014282227e+02 5.230980300903320312e+02 3.445768475532531738e+02 2.000000000000000000e+00
5.460716629028320312e+02 3.542908358573913574e+02 5.548681068420410156e+02 3.573259019851684570e+02 5.637290000915527344e+02 3.599092197418212891e+02 2.000000000000000000e+00
3.837761831283569336e+02 3.815991640090942383e+02 3.926187133789062500e+02 3.842787837982177734e+02 4.014244079589843750e+02 3.865394353866577148e+02 2.000000000000000000e+00
3.740811491012573242e+02 3.805333328247070312e+02 3.828839445114135742e+02 3.832075595855712891e+02 3.916527700424194336e+02 3.854630756378173828e+02 2.000000000000000000e+00
5.576577758789062500e+02 2.999543488025665283e+02 5.666925048828125000e+02 3.029957628250122070e+02 5.757411003112792969e+02 3.055414152145385742e+02 2.000000000000000000e+00
2.779510164260864258e+02 4.456291007995605469e+02 2.866246628761291504e+02 4.481895589828491211e+02 2.953751206398010254e+02 4.502648735046386719e+02 2.000000000000000000e+00
2.672873544692993164e+02 3.437071895599365234e+02 2.760842561721801758e+02 3.463062214851379395e+02 2.851100468635559082e+02 3.483059477806091309e+02 2.000000000000000000e+00
2.184294986724853516e+02 3.791418170928955078e+02 2.272810363769531250e+02 3.815403270721435547e+02 2.362168884277343750e+02 3.834501743316650391e+02 2.000000000000000000e+00
4.053609657287597656e+02 3.664366865158081055e+02 4.140288448333740234e+02 3.691679191589355469e+02 4.229212665557861328e+02 3.714437913894653320e+02 2.000000000000000000e+00
4.254696941375732422e+02 4.502397537231445312e+02 4.341002845764160156e+02 4.530001688003540039e+02 4.428004169464111328e+02 4.554504776000976562e+02 2.000000000000000000e+00
5.566610145568847656e+02 2.677037984132766724e+02 5.656915855407714844e+02 2.705907618999481201e+02 5.748740959167480469e+02 2.732744157314300537e+02 2.000000000000000000e+00
3.669434213638305664e+02 3.780833816528320312e+02 3.757525634765625000e+02 3.806863832473754883e+02 3.845316171646118164e+02 3.829940271377563477e+02 2.000000000000000000e+00
2.063974761962890625e+02 4.406387472152709961e+02 2.152229595184326172e+02 4.430889701843261719e+02 2.237767505645751953e+02 4.448452234268188477e+02 2.000000000000000000e+00
4.222345638275146484e+02 3.844130373001098633e+02 4.310370826721191406e+02 3.871431684494018555e+02 4.398021888732910156e+02 3.895018672943115234e+02 2.000000000000000000e+00
2.987538743019104004e+02 3.301891851425170898e+02 3.075554192066192627e+02 3.327240371704101562e+02 3.165616455674171448e+02 3.347636175155639648e+02 2.000000000000000000e+00
5.580661582946777344e+02 1.735701870918273926e+02 5.607784461975097656e+02 1.774344277381896973e+02 5.636582756042480469e+02 1.810750544071197510e+02 1.000000000000000000e+00
4.888120841979980469e+02 4.601611375808715820e+02 4.975744438171386719e+02 4.630556201934814453e+02 5.063398170471191406e+02 4.656615114212036133e+02 2.000000000000000000e+00
3.186079712212085724e+02 4.052595663070678711e+02 3.273784488439559937e+02 4.077472257614135742e+02 3.361482548713684082e+02 4.099385404586791992e+02 2.000000000000000000e+00
3.863046598434448242e+02 4.476885795593261719e+02 3.949053049087524414e+02 4.504632997512817383e+02 4.036503314971923828e+02 4.528045177459716797e+02 2.000000000000000000e+00
2.451338958740234375e+02 4.582886838912963867e+02 2.537743663787841797e+02 4.607685041427612305e+02 2.623942232131958008e+02 4.629115390777587891e+02 2.000000000000000000e+00
4.156473064422607422e+02 4.340570211410522461e+02 4.243497371673583984e+02 4.368450736999511719e+02 4.331790447235107422e+02 4.393065834045410156e+02 2.000000000000000000e+00
2.775112581253051758e+02 3.171341300010681152e+02 2.863698124885559082e+02 3.195773649215698242e+02 2.954245305061340332e+02 3.216876840591430664e+02 2.000000000000000000e+00
5.720040321350097656e+02 3.776101827621459961e+02 5.809007072448730469e+02 3.806547689437866211e+02 5.899955558776855469e+02 3.833743429183959961e+02 2.000000000000000000e+00
3.503898310661315918e+02 4.044097137451171875e+02 3.590722966194152832e+02 4.071054840087890625e+02 3.678572082519531250e+02 4.093759489059448242e+02 2.000000000000000000e+00
2.245294189453125000e+02 2.906429779529571533e+02 2.334846591949462891e+02 2.930662858486175537e+02 2.424914693832397461e+02 2.950276207923889160e+02 2.000000000000000000e+00
5.946957397460937500e+02 4.009579610824584961e+02 6.036099815368652344e+02 4.040586090087890625e+02 6.125915527343750000e+02 4.067816591262817383e+02 2.000000000000000000e+00
5.353027343750000000e+02 2.230437916517257690e+02 5.377189445495605469e+02 2.268666529655456543e+02 5.403358840942382812e+02 2.304072868824005127e+02 1.000000000000000000e+00
2.088707542419433594e+02 4.275042200088500977e+02 2.176907920837402344e+02 4.298932886123657227e+02 2.263780498504638672e+02 4.316665792465209961e+02 2.000000000000000000e+00
1.951581668853759766e+02 2.846045851707458496e+02 2.041608428955078125e+02 2.870009779930114746e+02 2.132164478302001953e+02 2.888888883590698242e+02 2.000000000000000000e+00
2.386062431335449219e+02 3.612291383743286133e+02 2.474823904037475586e+02 3.636100816726684570e+02 2.563560152053833008e+02 3.655325317382812500e+02 2.000000000000000000e+00
3.075007927417755127e+02 4.359447383880615234e+02 3.161890563368797302e+02 4.384868860244750977e+02 3.249062195420265198e+02 4.406385898590087891e+02 2.000000000000000000e+00
5.797763633728027344e+02 3.939158391952514648e+02 5.886594200134277344e+02 3.969499254226684570e+02 5.977354812622070312e+02 3.996881246566772461e+02 2.000000000000000000e+00
2.921854853630065918e+02 2.964133322238922119e+02 3.011380612850189209e+02 2.989206254482269287e+02 3.100586545467376709e+02 3.010396456718444824e+02 2.000000000000000000e+00
3.076790773868560791e+02 4.141400814056396484e+02 3.164066770672798157e+02 4.166329479217529297e+02 3.252233582735061646e+02 4.187924051284790039e+02 2.000000000000000000e+00
5.443161582946777344e+02 2.779761064052581787e+02 5.533864212036132812e+02 2.809156501293182373e+02 5.625173950195312500e+02 2.834934711456298828e+02 2.000000000000000000e+00
5.385192298889160156e+02 2.071502959728240967e+02 5.411008262634277344e+02 2.108082407712936401e+02 5.436086463928222656e+02 2.143151986598968506e+02 1.000000000000000000e+00
3.394104313850402832e+02 4.585529565811157227e+02 3.480776381492614746e+02 4.612825727462768555e+02 3.567430424690246582e+02 4.634515857696533203e+02 2.000000000000000000e+00
3.722371816635131836e+02 3.505222821235656738e+02 3.809439992904663086e+02 3.532224154472351074e+02 3.899225187301635742e+02 3.554456877708435059e+02 2.000000000000000000e+00
4.507353210449218750e+02 2.661725163459777832e+02 4.596033668518066406e+02 2.688743913173675537e+02 4.687322998046875000e+02 2.713273322582244873e+02 2.000000000000000000e+00
4.561038208007812500e+02 2.912529623508453369e+02 4.648862934112548828e+02 2.940507853031158447e+02 4.739466857910156250e+02 2.964670729637145996e+02 2.000000000000000000e+00
5.269120597839355469e+02 4.367765235900878906e+02 5.356934165954589844e+02 4.398324108123779297e+02 5.444505119323730469e+02 4.425789928436279297e+02 2.000000000000000000e+00
2.749363994598388672e+02 2.764401876926422119e+02 2.837810349464416504e+02 2.789448881149291992e+02 2.928734731674194336e+02 2.810113835334777832e+02 2.000000000000000000e+00
4.606041908264160156e+02 3.536564683914184570e+02 4.693939876556396484e+02 3.565203952789306641e+02 4.784249019622802734e+02 3.589649748802185059e+02 2.000000000000000000e+00
4.087935829162597656e+02 4.436575698852539062e+02 4.174866962432861328e+02 4.464641761779785156e+02 4.261856079101562500e+02 4.488661909103393555e+02 2.000000000000000000e+00
5.406123733520507812e+02 4.347352981567382812e+02 5.494410514831542969e+02 4.377822732925415039e+02 5.582634353637695312e+02 4.404910326004028320e+02 2.000000000000000000e+00
5.595401573181152344e+02 3.542433857917785645e+02 5.686427688598632812e+02 3.571383404731750488e+02 5.775216674804687500e+02 3.598142480850219727e+02 2.000000000000000000e+00
4.499122333526611328e+02 4.562274026870727539e+02 4.585762023925781250e+02 4.590736484527587891e+02 4.673185157775878906e+02 4.615498495101928711e+02 2.000000000000000000e+00
1.866724109649658203e+02 3.877426528930664062e+02 1.955369567871093750e+02 3.901937627792358398e+02 2.044546794891357422e+02 3.919915866851806641e+02 2.000000000000000000e+00
3.970676279067993164e+02 3.354387831687927246e+02 4.058385658264160156e+02 3.381292462348937988e+02 4.147255897521972656e+02 3.404092168807983398e+02 2.000000000000000000e+00
3.582922673225402832e+02 4.657750368118286133e+02 3.667745971679687500e+02 4.684873723983764648e+02 3.755195951461791992e+02 4.707719564437866211e+02 2.000000000000000000e+00
1.577812767028808594e+02 2.987296772003173828e+02 1.667724609375000000e+02 3.010704660415649414e+02 1.758445262908935547e+02 3.028309392929077148e+02 2.000000000000000000e+00
3.695453786849975586e+02 2.408174438774585724e+02 3.784654569625854492e+02 2.434347382932901382e+02 3.875136137008666992e+02 2.456642304360866547e+02 2.000000000000000000e+00
2.396451568603515625e+02 4.299551725387573242e+02 2.484419536590576172e+02 4.324734878540039062e+02 2.572550344467163086e+02 4.343202924728393555e+02 2.000000000000000000e+00
2.824786067008972168e+02 3.586730074882507324e+02 2.912297058105468750e+02 3.612499523162841797e+02 3.001159965991973877e+02 3.633470535278320312e+02 2.000000000000000000e+00
4.131575298309326172e+02 4.593020439147949219e+02 4.217257976531982422e+02 4.620381259918212891e+02 4.303830623626708984e+02 4.644669914245605469e+02 2.000000000000000000e+00
5.288055419921875000e+02 1.704939508438110352e+02 5.309246826171875000e+02 1.737991619110107422e+02 5.331754112243652344e+02 1.767620086669921875e+02 1.000000000000000000e+00
5.774030113220214844e+02 3.175377559661865234e+02 5.863816642761230469e+02 3.205075407028198242e+02 5.954653358459472656e+02 3.232902574539184570e+02 2.000000000000000000e+00
5.311239624023437500e+02 2.304976952075958252e+02 5.336771965026855469e+02 2.344353175163269043e+02 5.363495445251464844e+02 2.378335111588239670e+02 1.000000000000000000e+00
3.205339965969324112e+02 3.392795777320861816e+02 3.294306033849716187e+02 3.418642330169677734e+02 3.382263791561126709e+02 3.440234398841857910e+02 2.000000000000000000e+00
2.823319077491760254e+02 4.630297708511352539e+02 2.909041738510131836e+02 4.655229663848876953e+02 2.996483755111694336e+02 4.676303815841674805e+02 2.000000000000000000e+00
2.560104990005493164e+02 2.739364635944366455e+02 2.650045776367187500e+02 2.764177250862121582e+02 2.739916086196899414e+02 2.784382045269012451e+02 2.000000000000000000e+00
4.847159767150878906e+02 3.981579637527465820e+02 4.935015869140625000e+02 4.009754991531372070e+02 5.023380088806152344e+02 4.035581731796264648e+02 2.000000000000000000e+00
2.003483390808105469e+02 2.884837067127227783e+02 2.093401813507080078e+02 2.908627939224243164e+02 2.183944416046142578e+02 2.927382838726043701e+02 2.000000000000000000e+00
2.857584834098815918e+02 4.310953760147094727e+02 2.943432927131652832e+02 4.335958099365234375e+02 3.032414245605468750e+02 4.356609964370727539e+02 2.000000000000000000e+00
4.562847900390625000e+02 3.851194238662719727e+02 4.651231384277343750e+02 3.880089855194091797e+02 4.739566707611083984e+02 3.904384231567382812e+02 2.000000000000000000e+00
1.887431335449218750e+02 4.090684890747070312e+02 1.976143455505371094e+02 4.114603614807128906e+02 2.064852142333984375e+02 4.133177518844604492e+02 2.000000000000000000e+00
2.532690429687500000e+02 4.245001029968261719e+02 2.619926738739013672e+02 4.269720268249511719e+02 2.707837533950805664e+02 4.289678478240966797e+02 2.000000000000000000e+00
2.428598451614379883e+02 2.673427748680114746e+02 2.518505716323852539e+02 2.698244029283523560e+02 2.608828735351562500e+02 2.717767953872680664e+02 2.000000000000000000e+00
2.914066457748413086e+02 3.115308237075805664e+02 3.002183532714843750e+02 3.140609765052795410e+02 3.092414247989654541e+02 3.162259554862976074e+02 2.000000000000000000e+00
4.496735858917236328e+02 3.897147846221923828e+02 4.585607337951660156e+02 3.926324272155761719e+02 4.674038696289062500e+02 3.950902175903320312e+02 2.000000000000000000e+00
3.409379267692565918e+02 2.574195259809494019e+02 3.499422907829284668e+02 2.600483411550521851e+02 3.590437626838684082e+02 2.621648257970809937e+02 2.000000000000000000e+00
4.211123943328857422e+02 4.047231817245483398e+02 4.298853778839111328e+02 4.075022077560424805e+02 4.387118816375732422e+02 4.098890161514282227e+02 2.000000000000000000e+00
3.491376948356628418e+02 3.412928509712219238e+02 3.579709482192993164e+02 3.438559913635253906e+02 3.668001699447631836e+02 3.461989474296569824e+02 2.000000000000000000e+00
5.942370605468750000e+02 3.432709693908691406e+02 6.032604980468750000e+02 3.463637423515319824e+02 6.123499870300292969e+02 3.491040730476379395e+02 2.000000000000000000e+00
3.972097492218017578e+02 4.595726108551025391e+02 4.059158039093017578e+02 4.623846817016601562e+02 4.146020507812500000e+02 4.647123813629150391e+02 2.000000000000000000e+00
1.915309429168701172e+02 4.970425128936767578e+01 2.010832309722900391e+02 5.230935573577880859e+01 2.107222747802734375e+02 5.446344852447509766e+01 2.000000000000000000e+00
5.790763664245605469e+02 3.545369338989257812e+02 5.879636955261230469e+02 3.575369954109191895e+02 5.969958496093750000e+02 3.603104639053344727e+02 2.000000000000000000e+00
4.734328651428222656e+02 3.422596192359924316e+02 4.823673439025878906e+02 3.451749658584594727e+02 4.912514114379882812e+02 3.475826168060302734e+02 2.000000000000000000e+00
1.867385578155517578e+02 4.171230554580688477e+02 1.955762195587158203e+02 4.194650030136108398e+02 2.043987274169921875e+02 4.212989616394042969e+02 2.000000000000000000e+00
4.195363521575927734e+02 4.285804510116577148e+02 4.282799434661865234e+02 4.314607572555541992e+02 4.370793819427490234e+02 4.339156007766723633e+02 2.000000000000000000e+00
5.641287231445312500e+02 3.506909823417663574e+02 5.731058311462402344e+02 3.536684632301330566e+02 5.820081901550292969e+02 3.563836097717285156e+02 2.000000000000000000e+00
4.834376907348632812e+02 1.995998525619506836e+02 4.856216430664062500e+02 2.032457113265991211e+02 4.880356788635253906e+02 2.064386594295501709e+02 1.000000000000000000e+00
3.056647026538848877e+02 4.015369319915771484e+02 3.144808346033096313e+02 4.040248489379882812e+02 3.232572326064109802e+02 4.062574911117553711e+02 2.000000000000000000e+00
5.908880615234375000e+02 3.708095741271972656e+02 5.997637939453125000e+02 3.738134479522705078e+02 6.087751579284667969e+02 3.765897846221923828e+02 2.000000000000000000e+00
5.798934364318847656e+02 3.747153139114379883e+02 5.887557411193847656e+02 3.777977943420410156e+02 5.977979850769042969e+02 3.804925632476806641e+02 2.000000000000000000e+00
2.696210336685180664e+02 3.266305589675903320e+02 2.784781503677368164e+02 3.291995000839233398e+02 2.875195312500000000e+02 3.312335872650146484e+02 2.000000000000000000e+00
2.825336003303527832e+02 4.273008871078491211e+02 2.911523127555847168e+02 4.297929525375366211e+02 3.000321352481842041e+02 4.318172979354858398e+02 2.000000000000000000e+00
3.851210927963256836e+02 2.974170863628387451e+02 3.938583707809448242e+02 3.000219440460205078e+02 4.029236125946044922e+02 3.022793912887573242e+02 2.000000000000000000e+00
5.807381057739257812e+02 3.856696844100952148e+02 5.896828079223632812e+02 3.886566209793090820e+02 5.986827468872070312e+02 3.914472770690917969e+02 2.000000000000000000e+00
1.622248363494873047e+02 4.544245719909667969e+01 1.717545795440673828e+02 4.796057224273681641e+01 1.815980815887451172e+02 5.002823352813720703e+01 2.000000000000000000e+00
3.664754343032836914e+02 4.601120424270629883e+02 3.751217985153198242e+02 4.627655124664306641e+02 3.837613534927368164e+02 4.650563478469848633e+02 2.000000000000000000e+00
1.930455589294433594e+02 3.192024850845336914e+02 2.018119049072265625e+02 3.216493892669677734e+02 2.108925437927246094e+02 3.234639644622802734e+02 2.000000000000000000e+00
5.477613639831542969e+02 2.826172184944152832e+02 5.568499755859375000e+02 2.856079423427581787e+02 5.659592247009277344e+02 2.881691300868988037e+02 2.000000000000000000e+00
4.057380390167236328e+02 4.136812877655029297e+02 4.145619487762451172e+02 4.165214395523071289e+02 4.233211421966552734e+02 4.188700389862060547e+02 2.000000000000000000e+00
5.788972854614257812e+02 4.081187582015991211e+02 5.877682495117187500e+02 4.112379598617553711e+02 5.967439079284667969e+02 4.139417266845703125e+02 2.000000000000000000e+00
5.106807899475097656e+02 3.655807828903198242e+02 5.195709800720214844e+02 3.684484291076660156e+02 5.284507560729980469e+02 3.710271120071411133e+02 2.000000000000000000e+00
4.085961627960205078e+02 4.667072582244873047e+02 4.172750854492187500e+02 4.694666576385498047e+02 4.258746337890625000e+02 4.719324731826782227e+02 2.000000000000000000e+00
5.216546058654785156e+02 1.896171534061431885e+02 5.242360305786132812e+02 1.931661665439605713e+02 5.267522621154785156e+02 1.963918268680572510e+02 1.000000000000000000e+00
5.472069740295410156e+02 4.067569684982299805e+02 5.560576248168945312e+02 4.097787809371948242e+02 5.649649620056152344e+02 4.125433158874511719e+02 2.000000000000000000e+00
4.443607521057128906e+02 3.762640714645385742e+02 4.530744934082031250e+02 3.790834665298461914e+02 4.619248962402343750e+02 3.814677858352661133e+02 2.000000000000000000e+00
4.867047500610351562e+02 4.199020814895629883e+02 4.954916381835937500e+02 4.228046035766601562e+02 5.043002319335937500e+02 4.254252147674560547e+02 2.000000000000000000e+00
3.826664447784423828e+02 3.766038322448730469e+02 3.914993619918823242e+02 3.792937088012695312e+02 4.003171730041503906e+02 3.815565919876098633e+02 2.000000000000000000e+00
4.530049133300781250e+02 4.228238582611083984e+02 4.618018531799316406e+02 4.257030487060546875e+02 4.705585002899169922e+02 4.282268714904785156e+02 2.000000000000000000e+00
2.753874492645263672e+02 3.344408297538757324e+02 2.842612290382385254e+02 3.369765400886535645e+02 2.931792593002319336e+02 3.390311336517333984e+02 2.000000000000000000e+00
1.888234233856201172e+02 4.596922159194946289e+02 1.975591373443603516e+02 4.620891237258911133e+02 2.064066886901855469e+02 4.638820552825927734e+02 2.000000000000000000e+00
2.566163921356201172e+02 4.393840742111206055e+02 2.654020071029663086e+02 4.418416786193847656e+02 2.741120576858520508e+02 4.438707017898559570e+02 2.000000000000000000e+00
3.270660096406936646e+02 4.074819374084472656e+02 3.358088684082031250e+02 4.100163602828979492e+02 3.446192622184753418e+02 4.122423219680786133e+02 2.000000000000000000e+00
4.463450050354003906e+02 2.935184669494628906e+02 4.551755714416503906e+02 2.963706707954406738e+02 4.642070674896240234e+02 2.987684369087219238e+02 2.000000000000000000e+00
4.244799518585205078e+02 4.262590169906616211e+02 4.332747840881347656e+02 4.291233587265014648e+02 4.420414447784423828e+02 4.315722084045410156e+02 2.000000000000000000e+00
3.935873413085937500e+02 3.277121901512145996e+02 4.024215698242187500e+02 3.303964304924011230e+02 4.113107013702392578e+02 3.326821303367614746e+02 2.000000000000000000e+00
4.603410625457763672e+02 4.473744678497314453e+02 4.690397930145263672e+02 4.503000640869140625e+02 4.777391338348388672e+02 4.527575826644897461e+02 2.000000000000000000e+00
5.027328300476074219e+02 3.754278945922851562e+02 5.115079307556152344e+02 3.783595418930053711e+02 5.204115104675292969e+02 3.808524227142333984e+02 2.000000000000000000e+00
2.324495792388916016e+02 4.025305223464965820e+02 2.412759542465209961e+02 4.050015592575073242e+02 2.500614929199218750e+02 4.069368124008178711e+02 2.000000000000000000e+00
5.575266075134277344e+02 1.833007156848907471e+02 5.601190757751464844e+02 1.870435309410095215e+02 5.629110717773437500e+02 1.905507946014404297e+02 1.000000000000000000e+00
3.393164372444152832e+02 4.456404876708984375e+02 3.481019282341003418e+02 4.483425951004028320e+02 3.566561293601989746e+02 4.505115509033203125e+02 2.000000000000000000e+00
2.303817462921142578e+02 3.562589478492736816e+02 2.392268085479736328e+02 3.586308360099792480e+02 2.480816030502319336e+02 3.606226873397827148e+02 2.000000000000000000e+00
5.607888221740722656e+02 4.317364025115966797e+02 5.695369911193847656e+02 4.348819112777709961e+02 5.784885215759277344e+02 4.376749706268310547e+02 2.000000000000000000e+00
4.525425148010253906e+02 4.178623437881469727e+02 4.613230895996093750e+02 4.206990480422973633e+02 4.700983905792236328e+02 4.232127428054809570e+02 2.000000000000000000e+00
4.879398918151855469e+02 4.018238639831542969e+02 4.967424011230468750e+02 4.046831130981445312e+02 5.055625915527343750e+02 4.072982883453369141e+02 2.000000000000000000e+00
5.683365440368652344e+02 4.484677505493164062e+02 5.772392082214355469e+02 4.515528345108032227e+02 5.860717201232910156e+02 4.544680309295654297e+02 2.000000000000000000e+00
5.551770019531250000e+02 2.727773165702819824e+02 5.642042350769042969e+02 2.757097506523132324e+02 5.733617591857910156e+02 2.783471381664276123e+02 2.000000000000000000e+00
5.594367027282714844e+02 3.089298748970031738e+02 5.684388542175292969e+02 3.119067120552062988e+02 5.775037956237792969e+02 3.145351266860961914e+02 2.000000000000000000e+00
5.825383949279785156e+02 3.170802927017211914e+02 5.915267372131347656e+02 3.200854253768920898e+02 6.006089591979980469e+02 3.227970314025878906e+02 2.000000000000000000e+00
2.320008182525634766e+02 2.873483920097351074e+02 2.409884023666381836e+02 2.897410905361175537e+02 2.498808908462524414e+02 2.917449045181274414e+02 2.000000000000000000e+00
1.940311908721923828e+02 4.633980560302734375e+02 2.027547168731689453e+02 4.657504749298095703e+02 2.115191745758056641e+02 4.676117706298828125e+02 2.000000000000000000e+00
5.551948928833007812e+02 2.948414039611816406e+02 5.642315673828125000e+02 2.978080487251281738e+02 5.732844352722167969e+02 3.004191040992736816e+02 2.000000000000000000e+00
3.162289428710937500e+02 3.095780038833618164e+02 3.250952762365341187e+02 3.121557927131652832e+02 3.341323554515838623e+02 3.143027973175048828e+02 2.000000000000000000e+00
4.529447364807128906e+02 2.721408998966217041e+02 4.618029785156250000e+02 2.748398458957672119e+02 4.709431457519531250e+02 2.772960233688354492e+02 2.000000000000000000e+00
5.566052246093750000e+02 3.756742858886718750e+02 5.655275917053222656e+02 3.786571741104125977e+02 5.745020103454589844e+02 3.814024972915649414e+02 2.000000000000000000e+00
1.986777496337890625e+02 3.687695360183715820e+02 2.074963092803955078e+02 3.712461948394775391e+02 2.163551902770996094e+02 3.730753898620605469e+02 2.000000000000000000e+00
3.507945251464843750e+02 2.491817173361778259e+02 3.598000502586364746e+02 2.517568668723106384e+02 3.689092111587524414e+02 2.539429476857185364e+02 2.000000000000000000e+00
5.516469764709472656e+02 4.023963975906372070e+02 5.605731201171875000e+02 4.053680849075317383e+02 5.695136070251464844e+02 4.082278203964233398e+02 2.000000000000000000e+00
1.952339935302734375e+02 3.768913364410400391e+02 2.040657138824462891e+02 3.793644189834594727e+02 2.128459453582763672e+02 3.812283754348754883e+02 2.000000000000000000e+00
5.685383415222167969e+02 2.971596693992614746e+02 5.775770950317382812e+02 3.001543593406677246e+02 5.866829872131347656e+02 3.027414894104003906e+02 2.000000000000000000e+00
5.946465492248535156e+02 3.370529866218566895e+02 6.036427688598632812e+02 3.401052618026733398e+02 6.127931022644042969e+02 3.427917551994323730e+02 2.000000000000000000e+00
4.769050312042236328e+02 4.016034936904907227e+02 4.857147026062011719e+02 4.045011949539184570e+02 4.945127868652343750e+02 4.070903778076171875e+02 2.000000000000000000e+00
1.777033042907714844e+02 3.020659804344177246e+02 1.868055725097656250e+02 3.043804979324340820e+02 1.957429599761962891e+02 3.062183260917663574e+02 2.000000000000000000e+00
3.523457956314086914e+02 4.492136621475219727e+02 3.610682678222656250e+02 4.517600584030151367e+02 3.696215820312500000e+02 4.540127420425415039e+02 2.000000000000000000e+00
5.769444084167480469e+02 2.570001536607742310e+02 5.859043693542480469e+02 2.600542312860488892e+02 5.951658439636230469e+02 2.626123058795928955e+02 2.000000000000000000e+00
5.366174316406250000e+02 4.237975215911865234e+02 5.455145835876464844e+02 4.268069314956665039e+02 5.543137931823730469e+02 4.295004415512084961e+02 2.000000000000000000e+00
4.758174419403076172e+02 4.602204465866088867e+02 4.845275878906250000e+02 4.631053304672241211e+02 4.932783317565917969e+02 4.657142114639282227e+02 2.000000000000000000e+00
2.077871990203857422e+02 4.135062074661254883e+02 2.165696239471435547e+02 4.158922147750854492e+02 2.253860282897949219e+02 4.177069473266601562e+02 2.000000000000000000e+00
2.017089176177978516e+02 6.137559413909912109e+01 2.113015747070312500e+02 6.392629623413085938e+01 2.210033702850341797e+02 6.604223728179931641e+01 2.000000000000000000e+00
5.909335327148437500e+02 3.616678476333618164e+02 5.998281288146972656e+02 3.647077417373657227e+02 6.088522338867187500e+02 3.674960660934448242e+02 2.000000000000000000e+00
3.117084348201751709e+02 3.716839027404785156e+02 3.204440612718462944e+02 3.743727207183837891e+02 3.293504947423934937e+02 3.764452028274536133e+02 2.000000000000000000e+00
3.234652099013328552e+02 3.948543405532836914e+02 3.322151184082031250e+02 3.973945426940917969e+02 3.409987497329711914e+02 3.996127653121948242e+02 2.000000000000000000e+00
5.727521324157714844e+02 3.207550692558288574e+02 5.817152214050292969e+02 3.236737704277038574e+02 5.907971191406250000e+02 3.264877367019653320e+02 2.000000000000000000e+00
5.924891471862792969e+02 3.271783518791198730e+02 6.014747428894042969e+02 3.302261710166931152e+02 6.106312942504882812e+02 3.329116272926330566e+02 2.000000000000000000e+00
2.337080669403076172e+02 4.460976362228393555e+02 2.425021028518676758e+02 4.485511922836303711e+02 2.512131023406982422e+02 4.505259275436401367e+02 2.000000000000000000e+00
2.842258906364440918e+02 4.381152820587158203e+02 2.928179311752319336e+02 4.406088352203369141e+02 3.016519165039062500e+02 4.426964235305786133e+02 2.000000000000000000e+00
2.572817087173461914e+02 3.287868118286132812e+02 2.660251474380493164e+02 3.313120150566101074e+02 2.751741027832031250e+02 3.333662438392639160e+02 2.000000000000000000e+00
3.801164579391479492e+02 3.477898907661437988e+02 3.889180612564086914e+02 3.505038499832153320e+02 3.977947092056274414e+02 3.527407908439636230e+02 2.000000000000000000e+00
4.698192119598388672e+02 1.976999473571777344e+02 4.716965389251708984e+02 2.013163876533508301e+02 4.738521766662597656e+02 2.044888293743133545e+02 1.000000000000000000e+00
4.128305339813232422e+02 3.359848952293395996e+02 4.216895771026611328e+02 3.387637996673583984e+02 4.306436157226562500e+02 3.411458158493041992e+02 2.000000000000000000e+00
4.893452835083007812e+02 3.422389912605285645e+02 4.982098388671875000e+02 3.451959872245788574e+02 5.071548843383789062e+02 3.476622390747070312e+02 2.000000000000000000e+00
5.252467155456542969e+02 4.611460733413696289e+02 5.339418983459472656e+02 4.642715263366699219e+02 5.426301956176757812e+02 4.668767881393432617e+02 2.000000000000000000e+00
2.860222458839416504e+02 4.469561576843261719e+01 2.953198838233947754e+02 4.740397453308105469e+01 3.050106203556060791e+02 4.947303771972656250e+01 2.000000000000000000e+00
5.466387939453125000e+02 2.894727194309234619e+02 5.556550407409667969e+02 2.924944782257080078e+02 5.646861648559570312e+02 2.949768698215484619e+02 2.000000000000000000e+00
2.873947453498840332e+02 4.091073131561279297e+02 2.961924123764038086e+02 4.115609264373779297e+02 3.049269104003906250e+02 4.136466121673583984e+02 2.000000000000000000e+00
5.331511878967285156e+02 2.578564471006393433e+02 5.422257041931152344e+02 2.607730722427368164e+02 5.513836097717285156e+02 2.633784502744674683e+02 2.000000000000000000e+00
3.641435575485229492e+02 4.483727788925170898e+02 3.728769826889038086e+02 4.509647655487060547e+02 3.815385770797729492e+02 4.532393360137939453e+02 2.000000000000000000e+00
5.284501457214355469e+02 2.214361560344696045e+02 5.309145545959472656e+02 2.252426290512084961e+02 5.334672927856445312e+02 2.286818227171897888e+02 1.000000000000000000e+00
5.052017784118652344e+02 2.127455431222915649e+02 5.073907470703125000e+02 2.164769893884658813e+02 5.097136878967285156e+02 2.198221886157989502e+02 1.000000000000000000e+00
5.521492958068847656e+02 2.609621286392211914e+02 5.611215209960937500e+02 2.638562947511672974e+02 5.703194618225097656e+02 2.665166330337524414e+02 2.000000000000000000e+00
5.132994461059570312e+02 1.723079037666320801e+02 5.157766151428222656e+02 1.755304098129272461e+02 5.185249710083007812e+02 1.784365224838256836e+02 1.000000000000000000e+00
4.871145057678222656e+02 3.274376606941223145e+02 4.959808731079101562e+02 3.303522706031799316e+02 5.049334526062011719e+02 3.328403091430664062e+02 2.000000000000000000e+00
3.355539858341217041e+02 4.256892728805541992e+02 3.443028259277343750e+02 4.283216285705566406e+02 3.530392146110534668e+02 4.305086088180541992e+02 2.000000000000000000e+00
2.297193145751953125e+02 3.480581688880920410e+02 2.386302947998046875e+02 3.504820275306701660e+02 2.475206279754638672e+02 3.524830985069274902e+02 2.000000000000000000e+00
3.783282470703125000e+02 3.994423341751098633e+02 3.870736694335937500e+02 4.021220541000366211e+02 3.958532094955444336e+02 4.044275665283203125e+02 2.000000000000000000e+00
2.892757558822631836e+02 3.987941694259643555e+02 2.980668330192565918e+02 4.013282489776611328e+02 3.068204653263092041e+02 4.034909105300903320e+02 2.000000000000000000e+00
1.882410430908203125e+02 2.882672739028930664e+02 1.972616577148437500e+02 2.906078517436981201e+02 2.062630558013916016e+02 2.925031757354736328e+02 2.000000000000000000e+00
3.346214902400970459e+02 4.166309022903442383e+02 3.434015202522277832e+02 4.192558050155639648e+02 3.521463322639465332e+02 4.214762306213378906e+02 2.000000000000000000e+00
2.371059131622314453e+02 4.400205230712890625e+02 2.458963632583618164e+02 4.425033044815063477e+02 2.546027660369873047e+02 4.444471263885498047e+02 2.000000000000000000e+00
4.737810039520263672e+02 3.482877588272094727e+02 4.826659011840820312e+02 3.511966609954833984e+02 4.915694618225097656e+02 3.535892987251281738e+02 2.000000000000000000e+00
5.797564125061035156e+02 4.447526407241821289e+02 5.886218833923339844e+02 4.478987216949462891e+02 5.975288772583007812e+02 4.508122730255126953e+02 2.000000000000000000e+00
5.666657829284667969e+02 4.311624813079833984e+02 5.755164909362792969e+02 4.342748165130615234e+02 5.844955444335937500e+02 4.371208047866821289e+02 2.000000000000000000e+00
5.427108764648437500e+02 4.426529645919799805e+02 5.515548706054687500e+02 4.456769800186157227e+02 5.603426551818847656e+02 4.484533166885375977e+02 2.000000000000000000e+00
5.192735099792480469e+02 1.762844324111938477e+02 5.217505455017089844e+02 1.795217227935791016e+02 5.244764518737792969e+02 1.824927806854248047e+02 1.000000000000000000e+00
1.695232486724853516e+02 3.046390414237976074e+02 1.784199333190917969e+02 3.070240187644958496e+02 1.875149345397949219e+02 3.087804579734802246e+02 2.000000000000000000e+00
