3.930077838897705078e+02 1.157998037338256836e+02 3.773934936523437500e+02 1.184709978103637695e+02 3.613742685317993164e+02 1.226519966125488281e+02 1.000000000000000000e+00
3.398738706111907959e+02 1.199209785461425781e+02 3.236223146319389343e+02 1.231575679779052734e+02 3.065109860897064209e+02 1.280189466476440430e+02 1.000000000000000000e+00
2.987667846679687500e+02 1.517097401618957520e+02 2.822450256347656250e+02 1.561906814575195312e+02 2.649878835678100586e+02 1.625966334342956543e+02 1.000000000000000000e+00
3.691471242904663086e+02 1.402425026893615723e+02 3.534425663948059082e+02 1.437005138397216797e+02 3.371144711971282959e+02 1.486404991149902344e+02 1.000000000000000000e+00
3.029191887378692627e+02 1.105701398849487305e+02 2.877181696891784668e+02 1.143096828460693359e+02 2.702969026565551758e+02 1.197371435165405273e+02 1.000000000000000000e+00
3.800024127960205078e+02 1.429052066802978516e+02 3.644545602798461914e+02 1.464277625083923340e+02 3.481586623191833496e+02 1.513172864913940430e+02 1.000000000000000000e+00
3.920952749252319336e+02 1.420737075805664062e+02 3.769891357421875000e+02 1.454162549972534180e+02 3.614310598373413086e+02 1.501475358009338379e+02 1.000000000000000000e+00
3.706179809570312500e+02 1.477496767044067383e+02 3.550668644905090332e+02 1.514074373245239258e+02 3.387162172794342041e+02 1.563688302040100098e+02 1.000000000000000000e+00
3.661902475357055664e+02 1.943165409564971924e+02 3.521196603775024414e+02 1.992985224723815918e+02 3.369129943847656250e+02 2.060646665096282959e+02 1.000000000000000000e+00
3.235628357529640198e+02 1.245157313346862793e+02 3.068737483024597168e+02 1.281570696830749512e+02 2.894869685173034668e+02 1.335237836837768555e+02 1.000000000000000000e+00
2.823686218261718750e+02 1.321478533744812012e+02 2.654188823699951172e+02 1.363649368286132812e+02 2.474938344955444336e+02 1.427336955070495605e+02 1.000000000000000000e+00
3.291293948888778687e+02 1.419435095787048340e+02 3.129893189668655396e+02 1.457766795158386230e+02 2.960469365119934082e+02 1.514820671081542969e+02 1.000000000000000000e+00
3.164263001084327698e+02 1.243897461891174316e+02 2.996095585823059082e+02 1.280206704139709473e+02 2.821458745002746582e+02 1.335683870315551758e+02 1.000000000000000000e+00
2.851977539062500000e+02 1.226346731185913086e+02 2.675006103515625000e+02 1.273464918136596680e+02 2.510049438476562500e+02 1.329831790924072266e+02 1.000000000000000000e+00
4.141031551361083984e+02 1.282053780555725098e+02 3.992281484603881836e+02 1.310687184333801270e+02 3.840526437759399414e+02 1.353183245658874512e+02 1.000000000000000000e+00
3.006924438476562500e+02 1.198502683639526367e+02 2.840299057960510254e+02 1.238782310485839844e+02 2.663789987564086914e+02 1.294718742370605469e+02 1.000000000000000000e+00
3.031150507926940918e+02 1.423152279853820801e+02 2.864293813705444336e+02 1.465903115272521973e+02 2.691754770278930664e+02 1.526616954803466797e+02 1.000000000000000000e+00
3.042098391056060791e+02 1.491742014884948730e+02 2.876375412940979004e+02 1.535310173034667969e+02 2.705910348892211914e+02 1.596757292747497559e+02 1.000000000000000000e+00
3.276344603300094604e+02 1.205139827728271484e+02 3.109384155273437500e+02 1.238919711112976074e+02 2.935567927360534668e+02 1.290712952613830566e+02 1.000000000000000000e+00
3.203874206542968750e+02 1.210199832916259766e+02 3.036069023609161377e+02 1.245307374000549316e+02 2.861695551872253418e+02 1.298235869407653809e+02 1.000000000000000000e+00
3.749293851852416992e+02 1.265140771865844727e+02 3.591791987419128418e+02 1.294101691246032715e+02 3.426051950454711914e+02 1.338986420631408691e+02 1.000000000000000000e+00
3.984242248535156250e+02 1.425900650024414062e+02 3.836123371124267578e+02 1.458777093887329102e+02 3.681822824478149414e+02 1.505096268653869629e+02 1.000000000000000000e+00
3.954066181182861328e+02 1.472119975090026855e+02 3.803452777862548828e+02 1.505033969879150391e+02 3.646159076690673828e+02 1.553124189376831055e+02 1.000000000000000000e+00
3.768304777145385742e+02 1.119156503677368164e+02 3.611547231674194336e+02 1.145971298217773438e+02 3.446091008186340332e+02 1.190008878707885742e+02 1.000000000000000000e+00
3.841887807846069336e+02 1.413553690910339355e+02 3.688474130630493164e+02 1.447289085388183594e+02 3.528530883789062500e+02 1.495375442504882812e+02 1.000000000000000000e+00
3.999195861816406250e+02 1.534306168556213379e+02 3.849805307388305664e+02 1.567014098167419434e+02 3.695094013214111328e+02 1.615532183647155762e+02 1.000000000000000000e+00
3.086867058277130127e+02 1.082226276397705078e+02 2.935643315315246582e+02 1.117703247070312500e+02 2.763226938247680664e+02 1.171295070648193359e+02 1.000000000000000000e+00
3.446448683738708496e+02 1.236647272109985352e+02 3.284816592931747437e+02 1.268858456611633301e+02 3.113723450899124146e+02 1.319277763366699219e+02 1.000000000000000000e+00
4.135850238800048828e+02 1.458450293540954590e+02 3.990278005599975586e+02 1.489521431922912598e+02 3.841038227081298828e+02 1.534568738937377930e+02 1.000000000000000000e+00
3.650902128219604492e+02 1.129570341110229492e+02 3.489266061782836914e+02 1.157109832763671875e+02 3.324184572696685791e+02 1.202702236175537109e+02 1.000000000000000000e+00
2.970229172706604004e+02 1.470752334594726562e+02 2.803989553451538086e+02 1.515149044990539551e+02 2.632060527801513672e+02 1.578533291816711426e+02 1.000000000000000000e+00
3.648866271972656250e+02 1.882899606227874756e+02 3.506106257438659668e+02 1.932669210433959961e+02 3.357155454158782959e+02 1.999741816520690918e+02 1.000000000000000000e+00
3.785798978805541992e+02 1.174492406845092773e+02 3.628087472915649414e+02 1.201964092254638672e+02 3.463983774185180664e+02 1.245081138610839844e+02 1.000000000000000000e+00
3.343864750862121582e+02 1.269307351112365723e+02 3.181102295219898224e+02 1.304673743247985840e+02 3.009212648868560791e+02 1.357146263122558594e+02 1.000000000000000000e+00
3.219122314453125000e+02 1.293538141250610352e+02 3.053141176700592041e+02 1.329889297485351562e+02 2.878778982162475586e+02 1.385538554191589355e+02 1.000000000000000000e+00
3.278088682889938354e+02 1.273584794998168945e+02 3.113285523653030396e+02 1.309775662422180176e+02 2.939416503906250000e+02 1.363626480102539062e+02 1.000000000000000000e+00
3.621719980239868164e+02 1.095673084259033203e+02 3.460257887840270996e+02 1.123903369903564453e+02 3.296311342716217041e+02 1.169066905975341797e+02 1.000000000000000000e+00
3.844385671615600586e+02 1.479424667358398438e+02 3.689696073532104492e+02 1.514246177673339844e+02 3.528708195686340332e+02 1.563156223297119141e+02 1.000000000000000000e+00
2.873996281623840332e+02 1.175272750854492188e+02 2.710588979721069336e+02 1.215286946296691895e+02 2.541234874725341797e+02 1.271855521202087402e+02 1.000000000000000000e+00
2.890458369255065918e+02 1.307287073135375977e+02 2.721787118911743164e+02 1.348413062095642090e+02 2.545522928237915039e+02 1.410196638107299805e+02 1.000000000000000000e+00
4.077751445770263672e+02 1.260763692855834961e+02 3.928456449508666992e+02 1.288959288597106934e+02 3.771700143814086914e+02 1.330242133140563965e+02 1.000000000000000000e+00
4.061197566986083984e+02 1.456249809265136719e+02 3.912572956085205078e+02 1.487731432914733887e+02 3.759537982940673828e+02 1.533886671066284180e+02 1.000000000000000000e+00
4.071459674835205078e+02 1.531206321716308594e+02 3.922032165527343750e+02 1.563841366767883301e+02 3.769295644760131836e+02 1.611342859268188477e+02 1.000000000000000000e+00
3.312596440315246582e+02 1.227120637893676758e+02 3.147877502441406250e+02 1.262360858917236328e+02 2.976989436149597168e+02 1.314247655868530273e+02 1.000000000000000000e+00
5.483378410339355469e+02 3.539535284042358398e+02 5.534097290039062500e+02 3.614876747131347656e+02 5.596297645568847656e+02 3.697581195831298828e+02 2.000000000000000000e+00
4.012127399444580078e+02 3.572915983200073242e+02 4.060648822784423828e+02 3.656623649597167969e+02 4.119331073760986328e+02 3.751144409179687500e+02 2.000000000000000000e+00
5.450686645507812500e+02 3.899989128112792969e+02 5.503045654296875000e+02 3.975314998626708984e+02 5.568189048767089844e+02 4.058159923553466797e+02 2.000000000000000000e+00
5.465268516540527344e+02 3.783100032806396484e+02 5.516794395446777344e+02 3.857062482833862305e+02 5.581478881835937500e+02 3.940123701095581055e+02 2.000000000000000000e+00
5.367413330078125000e+02 4.033053016662597656e+02 5.420899009704589844e+02 4.109532880783081055e+02 5.486706542968750000e+02 4.193788290023803711e+02 2.000000000000000000e+00
5.221595573425292969e+02 4.056651020050048828e+02 5.274005126953125000e+02 4.134660100936889648e+02 5.340904617309570312e+02 4.219950628280639648e+02 2.000000000000000000e+00
5.280268669128417969e+02 4.067147970199584961e+02 5.333344841003417969e+02 4.145131587982177734e+02 5.399513053894042969e+02 4.229917716979980469e+02 2.000000000000000000e+00
5.214503860473632812e+02 3.676968097686767578e+02 5.264961051940917969e+02 3.753674125671386719e+02 5.325631141662597656e+02 3.838733625411987305e+02 2.000000000000000000e+00
1.168297004699707031e+02 3.703211402893066406e+02 1.217915916442871094e+02 3.803340196609497070e+02 1.277398872375488281e+02 3.921984672546386719e+02 2.000000000000000000e+00
5.183921623229980469e+02 3.305658316612243652e+02 5.231498527526855469e+02 3.382348966598510742e+02 5.289410400390625000e+02 3.466235733032226562e+02 2.000000000000000000e+00
4.435897254943847656e+02 3.634900903701782227e+02 4.484580993652343750e+02 3.715909194946289062e+02 4.544713783264160156e+02 3.807277965545654297e+02 2.000000000000000000e+00
4.071340084075927734e+02 3.633986949920654297e+02 4.119968891143798828e+02 3.717271757125854492e+02 4.178913879394531250e+02 3.811799669265747070e+02 2.000000000000000000e+00
5.181704711914062500e+02 3.532589507102966309e+02 5.231101036071777344e+02 3.607407617568969727e+02 5.290800285339355469e+02 3.692332506179809570e+02 2.000000000000000000e+00
5.380604362487792969e+02 3.945771217346191406e+02 5.432912635803222656e+02 4.022290706634521484e+02 5.498583412170410156e+02 4.105672359466552734e+02 2.000000000000000000e+00
5.460806274414062500e+02 3.351613783836364746e+02 5.508933067321777344e+02 3.426623582839965820e+02 5.567929649353027344e+02 3.508466863632202148e+02 2.000000000000000000e+00
5.341475868225097656e+02 3.640063476562500000e+02 5.391479492187500000e+02 3.716141796112060547e+02 5.451884841918945312e+02 3.801855182647705078e+02 2.000000000000000000e+00
4.150832271575927734e+02 3.704229211807250977e+02 4.199775981903076172e+02 3.786763143539428711e+02 4.259260272979736328e+02 3.881039857864379883e+02 2.000000000000000000e+00
1.189433479309082031e+02 3.844012784957885742e+02 1.238800621032714844e+02 3.944156885147094727e+02 1.298728179931640625e+02 4.063084745407104492e+02 2.000000000000000000e+00
5.465466308593750000e+02 3.714577388763427734e+02 5.516218376159667969e+02 3.788985013961791992e+02 5.581277465820312500e+02 3.872187566757202148e+02 2.000000000000000000e+00
5.198141479492187500e+02 3.599090909957885742e+02 5.248270988464355469e+02 3.674715328216552734e+02 5.308309936523437500e+02 3.759825468063354492e+02 2.000000000000000000e+00
1.506540489196777344e+02 2.976053488254547119e+02 1.550709724426269531e+02 3.073699951171875000e+02 1.605649852752685547e+02 3.190266180038452148e+02 2.000000000000000000e+00
4.713297748565673828e+02 3.524511480331420898e+02 4.761471271514892578e+02 3.602602958679199219e+02 4.821498489379882812e+02 3.692488718032836914e+02 2.000000000000000000e+00
5.184356117248535156e+02 3.453602385520935059e+02 5.233408927917480469e+02 3.528693938255310059e+02 5.292754554748535156e+02 3.612904787063598633e+02 2.000000000000000000e+00
4.943620872497558594e+02 3.807368230819702148e+02 4.994391250610351562e+02 3.885828638076782227e+02 5.056712722778320312e+02 3.972811603546142578e+02 2.000000000000000000e+00
5.462300491333007812e+02 3.616730403900146484e+02 5.512974929809570312e+02 3.691554307937622070e+02 5.575841140747070312e+02 3.774838972091674805e+02 2.000000000000000000e+00
1.408091354370117188e+02 2.914491891860961914e+02 1.453321647644042969e+02 3.012741136550903320e+02 1.505964279174804688e+02 3.129406142234802246e+02 2.000000000000000000e+00
1.354769325256347656e+02 3.866527748107910156e+02 1.404377555847167969e+02 3.965725851058959961e+02 1.465288162231445312e+02 4.084810924530029297e+02 2.000000000000000000e+00
5.265197753906250000e+02 3.637818002700805664e+02 5.315371131896972656e+02 3.714517879486083984e+02 5.375592041015625000e+02 3.799791097640991211e+02 2.000000000000000000e+00
1.216204071044921875e+02 2.607788407802581787e+02 1.258160209655761719e+02 2.707554030418395996e+02 1.308152198791503906e+02 2.825756871700286865e+02 2.000000000000000000e+00
1.560781288146972656e+02 2.250370627641677856e+02 1.602103710174560547e+02 2.347378233075141907e+02 1.650514698028564453e+02 2.463359530270099640e+02 2.000000000000000000e+00
1.365318489074707031e+02 2.109371316432952881e+02 1.405752754211425781e+02 2.208834832906723022e+02 1.453388404846191406e+02 2.326231227815151215e+02 2.000000000000000000e+00
1.547101974487304688e+02 2.601314091682434082e+02 1.591107749938964844e+02 2.698383504152297974e+02 1.642175579071044922e+02 2.814103710651397705e+02 2.000000000000000000e+00
4.447297954559326172e+02 3.565443491935729980e+02 4.495541095733642578e+02 3.646324253082275391e+02 4.555446529388427734e+02 3.737662410736083984e+02 2.000000000000000000e+00
4.835955619812011719e+02 3.802820205688476562e+02 4.885847282409667969e+02 3.882255649566650391e+02 4.948198509216308594e+02 3.970112943649291992e+02 2.000000000000000000e+00
4.319068050384521484e+02 3.295610690116882324e+02 4.365604305267333984e+02 3.376344323158264160e+02 4.423403930664062500e+02 3.467881822586059570e+02 2.000000000000000000e+00
1.370417594909667969e+02 2.792232978343963623e+02 1.415181159973144531e+02 2.890872538089752197e+02 1.467245674133300781e+02 3.007885193824768066e+02 2.000000000000000000e+00
4.131141662597656250e+02 3.624628114700317383e+02 4.179772949218750000e+02 3.707865715026855469e+02 4.238867473602294922e+02 3.802492189407348633e+02 2.000000000000000000e+00
5.366597366333007812e+02 3.378268790245056152e+02 5.416357421875000000e+02 3.454351830482482910e+02 5.474099159240722656e+02 3.536795711517333984e+02 2.000000000000000000e+00
5.433796501159667969e+02 4.055275011062622070e+02 5.488042640686035156e+02 4.131944704055786133e+02 5.554056358337402344e+02 4.215669965744018555e+02 2.000000000000000000e+00
5.127981567382812500e+02 3.984634780883789062e+02 5.180046463012695312e+02 4.062847995758056641e+02 5.244942665100097656e+02 4.149556016921997070e+02 2.000000000000000000e+00
1.223151969909667969e+02 2.807792687416076660e+02 1.265144157409667969e+02 2.907848238945007324e+02 1.316144180297851562e+02 3.026236295700073242e+02 2.000000000000000000e+00
3.674614572525024414e+02 3.340623521804809570e+02 3.721629953384399414e+02 3.426865911483764648e+02 3.778545236587524414e+02 3.524826407432556152e+02 2.000000000000000000e+00
1.401151466369628906e+02 2.219742125272750854e+02 1.441863441467285156e+02 2.319125667214393616e+02 1.489876747131347656e+02 2.436757356673479080e+02 2.000000000000000000e+00
5.484096717834472656e+02 3.842313337326049805e+02 5.535667800903320312e+02 3.916741132736206055e+02 5.600183105468750000e+02 3.999943685531616211e+02 2.000000000000000000e+00
3.583195185661315918e+02 3.409672021865844727e+02 3.630478525161743164e+02 3.496142005920410156e+02 3.687474679946899414e+02 3.594142842292785645e+02 2.000000000000000000e+00
1.478894424438476562e+02 3.811761188507080078e+02 1.528018760681152344e+02 3.910744428634643555e+02 1.588510894775390625e+02 4.027170181274414062e+02 2.000000000000000000e+00
4.819065666198730469e+02 3.535982108116149902e+02 4.867688369750976562e+02 3.615111780166625977e+02 4.928192710876464844e+02 3.703108549118041992e+02 2.000000000000000000e+00
1.510341835021972656e+02 2.845996105670928955e+02 1.554101753234863281e+02 2.943571186065673828e+02 1.607872009277343750e+02 3.060431528091430664e+02 2.000000000000000000e+00
3.619653034210205078e+02 3.577468299865722656e+02 3.666785907745361328e+02 3.662814331054687500e+02 3.725775480270385742e+02 3.760935115814208984e+02 2.000000000000000000e+00
4.837307739257812500e+02 3.930982446670532227e+02 4.889784240722656250e+02 4.007555294036865234e+02 4.953555870056152344e+02 4.096733808517456055e+02 2.000000000000000000e+00
5.185759925842285156e+02 3.976882982254028320e+02 5.237758255004882812e+02 4.055164003372192383e+02 5.303613853454589844e+02 4.140577840805053711e+02 2.000000000000000000e+00
1.385283851623535156e+02 2.652995306253433228e+02 1.428459548950195312e+02 2.751974201202392578e+02 1.480520629882812500e+02 2.868201935291290283e+02 2.000000000000000000e+00
5.469268226623535156e+02 3.421411514282226562e+02 5.517520713806152344e+02 3.496348357200622559e+02 5.576940345764160156e+02 3.578058815002441406e+02 2.000000000000000000e+00
4.373080444335937500e+02 3.415456581115722656e+02 4.421350097656250000e+02 3.497218394279479980e+02 4.479145526885986328e+02 3.589267945289611816e+02 2.000000000000000000e+00
1.298071479797363281e+02 3.785384845733642578e+02 1.347216224670410156e+02 3.885443544387817383e+02 1.406999206542968750e+02 4.004600858688354492e+02 2.000000000000000000e+00
3.737519216537475586e+02 3.563915491104125977e+02 3.785857248306274414e+02 3.648432111740112305e+02 3.845186185836791992e+02 3.744988203048706055e+02 2.000000000000000000e+00
3.613658761978149414e+02 3.166460609436035156e+02 3.659030771255493164e+02 3.251002836227416992e+02 3.713930988311767578e+02 3.348302650451660156e+02 2.000000000000000000e+00
4.596909236907958984e+02 3.611371564865112305e+02 4.646523189544677734e+02 3.690811157226562500e+02 4.705607318878173828e+02 3.780890607833862305e+02 2.000000000000000000e+00
5.198226356506347656e+02 3.384127879142761230e+02 5.246280479431152344e+02 3.460898494720458984e+02 5.305153846740722656e+02 3.544790697097778320e+02 2.000000000000000000e+00
1.397941589355468750e+02 2.552828067541122437e+02 1.440867996215820312e+02 2.651584178209304810e+02 1.492302703857421875e+02 2.767984628677368164e+02 2.000000000000000000e+00
3.166063538193702698e+02 3.036835026741027832e+02 3.209423523396253586e+02 3.124829435348510742e+02 3.263421934843063354e+02 3.226951932907104492e+02 2.000000000000000000e+00
3.930295419692993164e+02 3.661850023269653320e+02 3.979152536392211914e+02 3.745644664764404297e+02 4.037987995147705078e+02 3.839602088928222656e+02 2.000000000000000000e+00
3.673073148727416992e+02 3.440571355819702148e+02 3.720008850097656250e+02 3.526882052421569824e+02 3.777498197555541992e+02 3.624274063110351562e+02 2.000000000000000000e+00
5.321297645568847656e+02 3.803433609008789062e+02 5.372433471679687500e+02 3.880155372619628906e+02 5.435692787170410156e+02 3.965043354034423828e+02 2.000000000000000000e+00
5.261432456970214844e+02 3.941540336608886719e+02 5.314086341857910156e+02 4.018566942214965820e+02 5.381592369079589844e+02 4.103159523010253906e+02 2.000000000000000000e+00
1.188148689270019531e+02 3.555612516403198242e+02 1.238357925415039062e+02 3.655802392959594727e+02 1.296316909790039062e+02 3.775301599502563477e+02 2.000000000000000000e+00
4.346991252899169922e+02 3.632695055007934570e+02 4.395168209075927734e+02 3.713433551788330078e+02 4.455025005340576172e+02 3.805725431442260742e+02 2.000000000000000000e+00
5.350787353515625000e+02 3.543944120407104492e+02 5.401024246215820312e+02 3.619122934341430664e+02 5.461854362487792969e+02 3.703813791275024414e+02 2.000000000000000000e+00
5.367851638793945312e+02 3.446263146400451660e+02 5.417651939392089844e+02 3.522157931327819824e+02 5.475827026367187500e+02 3.605182600021362305e+02 2.000000000000000000e+00
5.258480262756347656e+02 3.374938416481018066e+02 5.306815910339355469e+02 3.451717257499694824e+02 5.365403556823730469e+02 3.535200834274291992e+02 2.000000000000000000e+00
1.277665138244628906e+02 2.548714908957481384e+02 1.319489288330078125e+02 2.648369157314300537e+02 1.370315933227539062e+02 2.766244232654571533e+02 2.000000000000000000e+00
3.845821237564086914e+02 3.773520040512084961e+02 3.895184659957885742e+02 3.859155321121215820e+02 3.955562734603881836e+02 3.955226898193359375e+02 2.000000000000000000e+00
4.283590698242187500e+02 3.421508216857910156e+02 4.331545734405517578e+02 3.503133916854858398e+02 4.389126300811767578e+02 3.595472502708435059e+02 2.000000000000000000e+00
1.407120704650878906e+02 2.975630843639373779e+02 1.452272415161132812e+02 3.073210501670837402e+02 1.505284500122070312e+02 3.190185570716857910e+02 2.000000000000000000e+00
5.205931472778320312e+02 3.246224427223205566e+02 5.253153038024902344e+02 3.322724318504333496e+02 5.310802650451660156e+02 3.406676387786865234e+02 2.000000000000000000e+00
3.612049579620361328e+02 3.224924039840698242e+02 3.657465505599975586e+02 3.309045767784118652e+02 3.713302326202392578e+02 3.406794476509094238e+02 2.000000000000000000e+00
4.367653179168701172e+02 3.553946900367736816e+02 4.415657997131347656e+02 3.634479188919067383e+02 4.475412654876708984e+02 3.726478099822998047e+02 2.000000000000000000e+00
5.253775596618652344e+02 3.443957233428955078e+02 5.303084182739257812e+02 3.519306063652038574e+02 5.362300491333007812e+02 3.603329801559448242e+02 2.000000000000000000e+00
4.248933696746826172e+02 3.549105906486511230e+02 4.297637367248535156e+02 3.631464242935180664e+02 4.356691265106201172e+02 3.724349498748779297e+02 2.000000000000000000e+00
4.568003559112548828e+02 3.835722970962524414e+02 4.619278907775878906e+02 3.915481710433959961e+02 4.681803035736083984e+02 4.006293439865112305e+02 2.000000000000000000e+00
4.153385639190673828e+02 3.458740568161010742e+02 4.201271343231201172e+02 3.540973234176635742e+02 4.258650493621826172e+02 3.633353376388549805e+02 2.000000000000000000e+00
4.759420490264892578e+02 3.300179457664489746e+02 4.806881141662597656e+02 3.378487300872802734e+02 4.865391921997070312e+02 3.467529630661010742e+02 2.000000000000000000e+00
1.488260269165039062e+02 2.905933248996734619e+02 1.533181571960449219e+02 3.003726840019226074e+02 1.586389350891113281e+02 3.120708060264587402e+02 2.000000000000000000e+00
1.383532142639160156e+02 2.421999359875917435e+02 1.426013183593750000e+02 2.520480349659919739e+02 1.475599861145019531e+02 2.637510699033737183e+02 2.000000000000000000e+00
5.240322875976562500e+02 3.542587065696716309e+02 5.289822959899902344e+02 3.617631912231445312e+02 5.349520301818847656e+02 3.702299308776855469e+02 2.000000000000000000e+00
4.241481018066406250e+02 3.988796424865722656e+02 4.289859008789062500e+02 4.071804571151733398e+02 4.354469013214111328e+02 4.164821290969848633e+02 2.000000000000000000e+00
1.374545860290527344e+02 3.600620126724243164e+02 1.422877120971679688e+02 3.701152753829956055e+02 1.481826019287109375e+02 3.817810106277465820e+02 2.000000000000000000e+00
5.137594604492187500e+02 3.608223009109497070e+02 5.187854003906250000e+02 3.684090042114257812e+02 5.248187255859375000e+02 3.769186449050903320e+02 2.000000000000000000e+00
3.723162841796875000e+02 3.381709027290344238e+02 3.770171499252319336e+02 3.468184232711791992e+02 3.827048969268798828e+02 3.565067195892333984e+02 2.000000000000000000e+00
4.015907287597656250e+02 3.443739366531372070e+02 4.063541889190673828e+02 3.526479578018188477e+02 4.121970272064208984e+02 3.621741771697998047e+02 2.000000000000000000e+00
4.590171813964843750e+02 4.009219408035278320e+02 4.642099666595458984e+02 4.090117835998535156e+02 4.706163692474365234e+02 4.181800889968872070e+02 2.000000000000000000e+00
1.497192955017089844e+02 2.356979522109031677e+02 1.539139938354492188e+02 2.455968327820301056e+02 1.588232994079589844e+02 2.572012031078338623e+02 2.000000000000000000e+00
5.595256423950195312e+02 8.098445892333984375e+01 5.625500488281250000e+02 8.845647811889648438e+01 5.657885742187500000e+02 9.645825862884521484e+01 2.000000000000000000e+00
1.551343154907226562e+02 2.542006382346153259e+02 1.593833351135253906e+02 2.638801592588424683e+02 1.645061492919921875e+02 2.754429030418395996e+02 2.000000000000000000e+00
3.521214604377746582e+02 3.544964075088500977e+02 3.567140197753906250e+02 3.630646705627441406e+02 3.626631164550781250e+02 3.730015325546264648e+02 2.000000000000000000e+00
4.202106666564941406e+02 3.499485826492309570e+02 4.249631023406982422e+02 3.581273245811462402e+02 4.308256244659423828e+02 3.674335098266601562e+02 2.000000000000000000e+00
4.671366310119628906e+02 3.728169679641723633e+02 4.722016620635986328e+02 3.807891368865966797e+02 4.783122539520263672e+02 3.898014307022094727e+02 2.000000000000000000e+00
3.901025104522705078e+02 3.519019246101379395e+02 3.950417184829711914e+02 3.603551387786865234e+02 4.008518409729003906e+02 3.699036884307861328e+02 2.000000000000000000e+00
3.817155790328979492e+02 3.496523523330688477e+02 3.866041278839111328e+02 3.581738018989562988e+02 3.925625944137573242e+02 3.677008438110351562e+02 2.000000000000000000e+00
3.677597665786743164e+02 3.570950961112976074e+02 3.725681781768798828e+02 3.655706262588500977e+02 3.784675598144531250e+02 3.752937984466552734e+02 2.000000000000000000e+00
1.496672058105468750e+02 2.648694169521331787e+02 1.540375328063964844e+02 2.746598839759826660e+02 1.591682243347167969e+02 2.862640714645385742e+02 2.000000000000000000e+00
4.314295959472656250e+02 3.215441322326660156e+02 4.359458351135253906e+02 3.296348619461059570e+02 4.416404724121093750e+02 3.388078379631042480e+02 2.000000000000000000e+00
3.775928354263305664e+02 3.751357841491699219e+02 3.825255441665649414e+02 3.837136316299438477e+02 3.886156606674194336e+02 3.934377765655517578e+02 2.000000000000000000e+00
1.254684638977050781e+02 2.377998655289411545e+02 1.295784187316894531e+02 2.477038273215293884e+02 1.345933914184570312e+02 2.595123302936553955e+02 2.000000000000000000e+00
4.849095726013183594e+02 3.303026461601257324e+02 4.896179199218750000e+02 3.381489300727844238e+02 4.955082130432128906e+02 3.468975591659545898e+02 2.000000000000000000e+00
5.115435218811035156e+02 3.665361070632934570e+02 5.165853309631347656e+02 3.741539382934570312e+02 5.226725578308105469e+02 3.827935552597045898e+02 2.000000000000000000e+00
4.469643306732177734e+02 3.859242582321166992e+02 4.521037960052490234e+02 3.940444993972778320e+02 4.583321857452392578e+02 4.032367372512817383e+02 2.000000000000000000e+00
4.456015300750732422e+02 3.946479320526123047e+02 4.507168865203857422e+02 4.028016471862792969e+02 4.571341609954833984e+02 4.120199346542358398e+02 2.000000000000000000e+00
1.503200149536132812e+02 3.056675720214843750e+02 1.547872352600097656e+02 3.154226732254028320e+02 1.603345966339111328e+02 3.271066045761108398e+02 2.000000000000000000e+00
4.599638366699218750e+02 3.766859436035156250e+02 4.650990295410156250e+02 3.846773815155029297e+02 4.712552165985107422e+02 3.937170553207397461e+02 2.000000000000000000e+00
1.515838050842285156e+02 2.725982666015625000e+02 1.559184455871582031e+02 2.824324071407318115e+02 1.611115837097167969e+02 2.939864838123321533e+02 2.000000000000000000e+00
3.826430654525756836e+02 3.556565308570861816e+02 3.874820566177368164e+02 3.641820716857910156e+02 3.934553527832031250e+02 3.737046289443969727e+02 2.000000000000000000e+00
3.669923114776611328e+02 3.786068487167358398e+02 3.718783283233642578e+02 3.872113752365112305e+02 3.778818988800048828e+02 3.971060943603515625e+02 2.000000000000000000e+00
5.054106140136718750e+02 9.275266170501708984e+01 5.088093948364257812e+02 1.005385208129882812e+02 5.120795249938964844e+02 1.091426181793212891e+02 2.000000000000000000e+00
3.597036147117614746e+02 3.281486892700195312e+02 3.643958425521850586e+02 3.367072534561157227e+02 3.700250864028930664e+02 3.465148687362670898e+02 2.000000000000000000e+00
3.641385507583618164e+02 3.498920345306396484e+02 3.688225698471069336e+02 3.584853243827819824e+02 3.746527433395385742e+02 3.682714033126831055e+02 2.000000000000000000e+00
4.677684974670410156e+02 3.651271390914916992e+02 4.727725505828857422e+02 3.730405282974243164e+02 4.787633419036865234e+02 3.818563556671142578e+02 2.000000000000000000e+00
1.487209701538085938e+02 3.553483629226684570e+02 1.534470558166503906e+02 3.652250146865844727e+02 1.594673347473144531e+02 3.769974374771118164e+02 2.000000000000000000e+00
3.280320739746093750e+02 3.110979366302490234e+02 3.326344907283782959e+02 3.197889161109924316e+02 3.380192565917968750e+02 3.298637151718139648e+02 2.000000000000000000e+00
4.220228004455566406e+02 3.125914049148559570e+02 4.264910602569580078e+02 3.207526016235351562e+02 4.320903968811035156e+02 3.300598812103271484e+02 2.000000000000000000e+00
3.525424504280090332e+02 3.329170560836791992e+02 3.572213435173034668e+02 3.415343070030212402e+02 3.629239797592163086e+02 3.514202356338500977e+02 2.000000000000000000e+00
4.030156898498535156e+02 3.355036997795104980e+02 4.077199077606201172e+02 3.438686871528625488e+02 4.135306072235107422e+02 3.533737206459045410e+02 2.000000000000000000e+00
4.326547908782958984e+02 3.984165143966674805e+02 4.376806068420410156e+02 4.065916872024536133e+02 4.441406250000000000e+02 4.158143663406372070e+02 2.000000000000000000e+00
4.738329505920410156e+02 3.377067947387695312e+02 4.786167049407958984e+02 3.455789852142333984e+02 4.844721412658691406e+02 3.545070219039916992e+02 2.000000000000000000e+00
3.020510256290435791e+02 3.192645335197448730e+02 3.064299619197845459e+02 3.281431603431701660e+02 3.118905943632125854e+02 3.384957361221313477e+02 2.000000000000000000e+00
1.410391235351562500e+02 3.115955543518066406e+02 1.455129814147949219e+02 3.212730789184570312e+02 1.510514259338378906e+02 3.330144667625427246e+02 2.000000000000000000e+00
1.565192222595214844e+02 2.482100227475166321e+02 1.607308959960937500e+02 2.578653270006179810e+02 1.658191013336181641e+02 2.694200760126113892e+02 2.000000000000000000e+00
4.338853740692138672e+02 3.758985042572021484e+02 4.387973308563232422e+02 3.841192102432250977e+02 4.448806762695312500e+02 3.934502363204956055e+02 2.000000000000000000e+00
4.622888183593750000e+02 3.931766796112060547e+02 4.674849605560302734e+02 4.012183284759521484e+02 4.738346862792968750e+02 4.103685092926025391e+02 2.000000000000000000e+00
3.447137451171875000e+02 3.662636518478393555e+02 3.494252324104309082e+02 3.750045490264892578e+02 3.555424809455871582e+02 3.849531698226928711e+02 2.000000000000000000e+00
4.719862365722656250e+02 3.778942680358886719e+02 4.769004821777343750e+02 3.858478403091430664e+02 4.831571769714355469e+02 3.948581314086914062e+02 2.000000000000000000e+00
3.916832304000854492e+02 3.714885377883911133e+02 3.966377592086791992e+02 3.799596691131591797e+02 4.026361751556396484e+02 3.895213937759399414e+02 2.000000000000000000e+00
3.691118478775024414e+02 3.071633362770080566e+02 3.736763334274291992e+02 3.157045054435729980e+02 3.791098022460937500e+02 3.254213619232177734e+02 2.000000000000000000e+00
4.530717182159423828e+02 3.987479352951049805e+02 4.582514381408691406e+02 4.068503808975219727e+02 4.646781635284423828e+02 4.160661649703979492e+02 2.000000000000000000e+00
4.937989616394042969e+02 3.274173045158386230e+02 4.985015678405761719e+02 3.352328252792358398e+02 5.042542839050292969e+02 3.438717126846313477e+02 2.000000000000000000e+00
3.068613886833190918e+02 2.995277452468872070e+02 3.112185668945312500e+02 3.083492445945739746e+02 3.164695128798484802e+02 3.185683321952819824e+02 2.000000000000000000e+00
4.800391006469726562e+02 3.732775068283081055e+02 4.849099731445312500e+02 3.811791086196899414e+02 4.911583518981933594e+02 3.900655603408813477e+02 2.000000000000000000e+00
1.763609313964843750e+02 2.306544488668441772e+02 1.804315185546875000e+02 2.403116455301642418e+02 1.852516651153564453e+02 2.516844034194946289e+02 2.000000000000000000e+00
5.334602165222167969e+02 3.874448060989379883e+02 5.385939979553222656e+02 3.951327037811279297e+02 5.450614738464355469e+02 4.035616779327392578e+02 2.000000000000000000e+00
4.480365657806396484e+02 3.723443698883056641e+02 4.529925251007080078e+02 3.804290199279785156e+02 4.590005207061767578e+02 3.895954370498657227e+02 2.000000000000000000e+00
1.980687236785888672e+02 2.464816743135452271e+02 2.023330402374267578e+02 2.559849715232849121e+02 2.071981334686279297e+02 2.671659260988235474e+02 2.000000000000000000e+00
3.461946725845336914e+02 3.295269513130187988e+02 3.507056879997253418e+02 3.382168006896972656e+02 3.563221740722656250e+02 3.482366394996643066e+02 2.000000000000000000e+00
5.412099075317382812e+02 3.693767738342285156e+02 5.462745475769042969e+02 3.768666458129882812e+02 5.525640869140625000e+02 3.852981376647949219e+02 2.000000000000000000e+00
4.277321529388427734e+02 3.609315490722656250e+02 4.326119709014892578e+02 3.691237592697143555e+02 4.385468196868896484e+02 3.784125709533691406e+02 2.000000000000000000e+00
1.396537017822265625e+02 3.520584797859191895e+02 1.443729782104492188e+02 3.621076154708862305e+02 1.502950286865234375e+02 3.737836647033691406e+02 2.000000000000000000e+00
