5.917782020568847656e+02 1.962862372398376465e+02 5.845454788208007812e+02 1.864891934394836426e+02 5.767056274414062500e+02 1.764553499221801758e+02 1.000000000000000000e+00
5.518024253845214844e+02 1.984584331512451172e+02 5.441079711914062500e+02 1.886526310443878174e+02 5.357915115356445312e+02 1.783694100379943848e+02 1.000000000000000000e+00
5.138607788085937500e+02 2.194070720672607422e+02 5.061662864685058594e+02 2.097747015953063965e+02 4.980125427246093750e+02 1.996605062484741211e+02 1.000000000000000000e+00
5.743823242187500000e+02 2.138986337184906006e+02 5.668820190429687500e+02 2.041748178005218506e+02 5.588108634948730469e+02 1.941779744625091553e+02 1.000000000000000000e+00
5.137223625183105469e+02 1.865025758743286133e+02 5.062048339843750000e+02 1.767463803291320801e+02 4.981482505798339844e+02 1.664944410324096680e+02 1.000000000000000000e+00
5.839361000061035156e+02 2.162210530042648315e+02 5.765507316589355469e+02 2.064681243896484375e+02 5.687747192382812500e+02 1.966322314739227295e+02 1.000000000000000000e+00
5.892959594726562500e+02 2.156628870964050293e+02 5.819327354431152344e+02 2.059324479103088379e+02 5.740195274353027344e+02 1.960709059238433838e+02 1.000000000000000000e+00
5.755142784118652344e+02 2.207216638326644897e+02 5.680322837829589844e+02 2.110418683290481567e+02 5.599631309509277344e+02 2.010169029235839844e+02 1.000000000000000000e+00
5.505053710937500000e+02 2.516031190752983093e+02 5.442408561706542969e+02 2.420827026665210724e+02 5.369428062438964844e+02 2.322958374023437500e+02 1.000000000000000000e+00
5.396444702148437500e+02 2.004446554183959961e+02 5.317474937438964844e+02 1.905812036991119385e+02 5.235603141784667969e+02 1.803482651710510254e+02 1.000000000000000000e+00
5.011247825622558594e+02 2.012108910083770752e+02 4.936698341369628906e+02 1.913480508327484131e+02 4.854216575622558594e+02 1.810589432716369629e+02 1.000000000000000000e+00
5.405229568481445312e+02 2.130786269903182983e+02 5.331447219848632812e+02 2.034331190586090088e+02 5.252105140686035156e+02 1.934562206268310547e+02 1.000000000000000000e+00
5.336338615417480469e+02 2.000956249237060547e+02 5.257620239257812500e+02 1.902544212341308594e+02 5.175186157226562500e+02 1.799406266212463379e+02 1.000000000000000000e+00
5.032886123657226562e+02 1.950636577606201172e+02 4.957560729980468750e+02 1.851689887046813965e+02 4.875385856628417969e+02 1.748256826400756836e+02 1.000000000000000000e+00
6.045881462097167969e+02 2.043749535083770752e+02 5.977211952209472656e+02 1.945992565155029297e+02 5.903947830200195312e+02 1.847693288326263428e+02 1.000000000000000000e+00
5.158266067504882812e+02 1.955932903289794922e+02 5.081410598754882812e+02 1.857723069190979004e+02 4.999605751037597656e+02 1.754573035240173340e+02 1.000000000000000000e+00
5.182899284362792969e+02 2.118242472410202026e+02 5.105590629577636719e+02 2.022074425220489502e+02 5.020516395568847656e+02 1.920473456382751465e+02 1.000000000000000000e+00
5.187219238281250000e+02 2.177684158086776733e+02 5.110242652893066406e+02 2.081940579414367676e+02 5.025643920898437500e+02 1.980811285972595215e+02 1.000000000000000000e+00
5.430311965942382812e+02 1.981840789318084717e+02 5.351307487487792969e+02 1.883352792263031006e+02 5.270127677917480469e+02 1.779983353614807129e+02 1.000000000000000000e+00
5.365863609313964844e+02 1.982728850841522217e+02 5.287274742126464844e+02 1.884187281131744385e+02 5.204771804809570312e+02 1.780960321426391602e+02 1.000000000000000000e+00
5.829435539245605469e+02 2.047582089900970459e+02 5.754573440551757812e+02 1.949095451831817627e+02 5.675660514831542969e+02 1.848771321773529053e+02 1.000000000000000000e+00
5.934567260742187500e+02 2.163416433334350586e+02 5.862799644470214844e+02 2.065803802013397217e+02 5.783380699157714844e+02 1.967010927200317383e+02 1.000000000000000000e+00
5.927459144592285156e+02 2.201197189092636108e+02 5.855592727661132812e+02 2.103841692209243774e+02 5.775429153442382812e+02 2.005195140838623047e+02 1.000000000000000000e+00
5.796835899353027344e+02 1.927275681495666504e+02 5.722164916992187500e+02 1.828732430934906006e+02 5.641851234436035156e+02 1.727010440826416016e+02 1.000000000000000000e+00
5.856691932678222656e+02 2.151665478944778442e+02 5.783266067504882812e+02 2.053860139846801758e+02 5.704210853576660156e+02 1.955162787437438965e+02 1.000000000000000000e+00
5.966077232360839844e+02 2.253822469711303711e+02 5.894077873229980469e+02 2.156310564279556274e+02 5.812020874023437500e+02 2.057788538932800293e+02 1.000000000000000000e+00
5.183374023437500000e+02 1.849523735046386719e+02 5.108538246154785156e+02 1.752165985107421875e+02 5.027801513671875000e+02 1.649443960189819336e+02 1.000000000000000000e+00
5.558705520629882812e+02 2.009698784351348877e+02 5.482614707946777344e+02 1.911762070655822754e+02 5.399429321289062500e+02 1.809043693542480469e+02 1.000000000000000000e+00
6.053330039978027344e+02 2.201049488782882690e+02 5.980766105651855469e+02 2.103231185674667358e+02 5.900507164001464844e+02 2.004170501232147217e+02 1.000000000000000000e+00
5.693652915954589844e+02 1.932403707504272461e+02 5.621554565429687500e+02 1.833474862575531006e+02 5.540484619140625000e+02 1.732147765159606934e+02 1.000000000000000000e+00
5.117759704589843750e+02 2.153310084342956543e+02 5.039439201354980469e+02 2.056612694263458252e+02 4.957413673400878906e+02 1.955101597309112549e+02 1.000000000000000000e+00
5.515442466735839844e+02 2.459991002082824707e+02 5.449142456054687500e+02 2.364579313248395920e+02 5.375264358520507812e+02 2.266474601626396179e+02 1.000000000000000000e+00
5.817370033264160156e+02 1.980784571170806885e+02 5.742636108398437500e+02 1.882132101058959961e+02 5.661647987365722656e+02 1.780653476715087891e+02 1.000000000000000000e+00
5.468148803710937500e+02 2.020821368694305420e+02 5.390840530395507812e+02 1.923199582099914551e+02 5.308040809631347656e+02 1.822830176353454590e+02 1.000000000000000000e+00
5.379538536071777344e+02 2.028076601028442383e+02 5.301366043090820312e+02 1.931642282009124756e+02 5.217532348632812500e+02 1.829785430431365967e+02 1.000000000000000000e+00
5.428549194335937500e+02 2.020023787021636963e+02 5.350100135803222656e+02 1.923155808448791504e+02 5.267934036254882812e+02 1.822214019298553467e+02 1.000000000000000000e+00
5.664414787292480469e+02 1.899376058578491211e+02 5.595967483520507812e+02 1.801448643207550049e+02 5.513006591796875000e+02 1.699353432655334473e+02 1.000000000000000000e+00
5.862011718750000000e+02 2.206178730726242065e+02 5.787878417968750000e+02 2.108888679742813110e+02 5.708617591857910156e+02 2.011001551151275635e+02 1.000000000000000000e+00
5.047210693359375000e+02 1.899352240562438965e+02 4.970573425292968750e+02 1.802335309982299805e+02 4.887472343444824219e+02 1.701547837257385254e+02 1.000000000000000000e+00
5.068499565124511719e+02 2.023090195655822754e+02 4.993121337890625000e+02 1.925133025646209717e+02 4.911198234558105469e+02 1.822474479675292969e+02 1.000000000000000000e+00
6.028050041198730469e+02 2.038568723201751709e+02 5.958091545104980469e+02 1.941228139400482178e+02 5.881357383728027344e+02 1.842155134677886963e+02 1.000000000000000000e+00
6.001222610473632812e+02 2.193866711854934692e+02 5.928396034240722656e+02 2.095782136917114258e+02 5.849563598632812500e+02 1.997274470329284668e+02 1.000000000000000000e+00
6.021288490295410156e+02 2.253863972425460815e+02 5.947740554809570312e+02 2.155781239271163940e+02 5.867075157165527344e+02 2.057112550735473633e+02 1.000000000000000000e+00
5.443312454223632812e+02 1.995588970184326172e+02 5.365246009826660156e+02 1.897008955478668213e+02 5.283624267578125000e+02 1.794591665267944336e+02 1.000000000000000000e+00
5.100539970397949219e+02 3.621881532669067383e+02 5.084793090820312500e+02 3.534801077842712402e+02 5.061940002441406250e+02 3.447975540161132812e+02 2.000000000000000000e+00
3.656472778320312500e+02 3.646392917633056641e+02 3.637572956085205078e+02 3.559931731224060059e+02 3.614402151107788086e+02 3.469428777694702148e+02 2.000000000000000000e+00
5.088342857360839844e+02 3.977827548980712891e+02 5.067963218688964844e+02 3.891587591171264648e+02 5.041602516174316406e+02 3.804589033126831055e+02 2.000000000000000000e+00
5.103407669067382812e+02 3.859875869750976562e+02 5.083831596374511719e+02 3.773160409927368164e+02 5.057562828063964844e+02 3.685599374771118164e+02 2.000000000000000000e+00
5.004729270935058594e+02 4.110378742218017578e+02 4.984206581115722656e+02 4.024747753143310547e+02 4.957578849792480469e+02 3.936016988754272461e+02 2.000000000000000000e+00
4.858676528930664062e+02 4.134236526489257812e+02 4.838725090026855469e+02 4.047129964828491211e+02 4.811807060241699219e+02 3.959053802490234375e+02 2.000000000000000000e+00
4.917601966857910156e+02 4.144426918029785156e+02 4.897377967834472656e+02 4.057509899139404297e+02 4.870743751525878906e+02 3.969667482376098633e+02 2.000000000000000000e+00
4.854504203796386719e+02 3.755074882507324219e+02 4.834199523925781250e+02 3.669089698791503906e+02 4.809967994689941406e+02 3.581401705741882324e+02 2.000000000000000000e+00
7.935239791870117188e+01 3.768479919433593750e+02 7.763572692871093750e+01 3.683082103729248047e+02 7.534837722778320312e+01 3.580292129516601562e+02 2.000000000000000000e+00
4.825958633422851562e+02 3.384744930267333984e+02 4.806130027770996094e+02 3.298183035850524902e+02 4.783401203155517578e+02 3.211092281341552734e+02 2.000000000000000000e+00
4.077828121185302734e+02 3.710705566406250000e+02 4.059481239318847656e+02 3.624073219299316406e+02 4.034971332550048828e+02 3.533849573135375977e+02 2.000000000000000000e+00
3.715871906280517578e+02 3.706744194030761719e+02 3.696964120864868164e+02 3.619730901718139648e+02 3.673772287368774414e+02 3.529839563369750977e+02 2.000000000000000000e+00
4.822886085510253906e+02 3.608259344100952148e+02 4.802787590026855469e+02 3.523708248138427734e+02 4.777990150451660156e+02 3.435775494575500488e+02 2.000000000000000000e+00
5.017542076110839844e+02 4.023458576202392578e+02 4.997324562072753906e+02 3.937355089187622070e+02 4.971687126159667969e+02 3.849397659301757812e+02 2.000000000000000000e+00
5.099435234069824219e+02 3.430580520629882812e+02 5.079182434082031250e+02 3.344025921821594238e+02 5.054762649536132812e+02 3.257863497734069824e+02 2.000000000000000000e+00
4.979021072387695312e+02 3.719108390808105469e+02 4.959013366699218750e+02 3.633775663375854492e+02 4.935113334655761719e+02 3.545385217666625977e+02 2.000000000000000000e+00
3.793317890167236328e+02 3.780929660797119141e+02 3.775069904327392578e+02 3.693143749237060547e+02 3.749406433105468750e+02 3.603441238403320312e+02 2.000000000000000000e+00
8.145137786865234375e+01 3.909197759628295898e+02 7.976295471191406250e+01 3.822903871536254883e+02 7.714565277099609375e+01 3.721370315551757812e+02 2.000000000000000000e+00
5.087362480163574219e+02 3.791801261901855469e+02 5.069468116760253906e+02 3.705639982223510742e+02 5.046336746215820312e+02 3.617921161651611328e+02 2.000000000000000000e+00
4.839177894592285156e+02 3.675468492507934570e+02 4.818532180786132812e+02 3.590230464935302734e+02 4.794441509246826172e+02 3.502870559692382812e+02 2.000000000000000000e+00
1.141882514953613281e+02 3.037060260772705078e+02 1.124196052551269531e+02 2.950182223320007324e+02 1.103228569030761719e+02 2.852627277374267578e+02 2.000000000000000000e+00
4.356636333465576172e+02 3.599552392959594727e+02 4.337161254882812500e+02 3.513845872879028320e+02 4.313198280334472656e+02 3.424822425842285156e+02 2.000000000000000000e+00
4.825874710083007812e+02 3.529670763015747070e+02 4.806236076354980469e+02 3.444594168663024902e+02 4.781542968750000000e+02 3.356997728347778320e+02 2.000000000000000000e+00
4.583399677276611328e+02 3.885005235671997070e+02 4.563815593719482422e+02 3.798086357116699219e+02 4.538731384277343750e+02 3.709349727630615234e+02 2.000000000000000000e+00
5.086018943786621094e+02 3.694969224929809570e+02 5.067971611022949219e+02 3.608620405197143555e+02 5.045058250427246094e+02 3.521131038665771484e+02 2.000000000000000000e+00
1.043819427490234375e+02 2.975441300868988037e+02 1.024579620361328125e+02 2.887630319595336914e+02 1.003170204162597656e+02 2.790768456459045410e+02 2.000000000000000000e+00
9.792898178100585938e+01 3.935066270828247070e+02 9.620403289794921875e+01 3.844884967803955078e+02 9.393815994262695312e+01 3.746429157257080078e+02 2.000000000000000000e+00
4.905664634704589844e+02 3.715925645828247070e+02 4.884855651855468750e+02 3.630691051483154297e+02 4.861180114746093750e+02 3.542290377616882324e+02 2.000000000000000000e+00
8.476743698120117188e+01 2.665791946649551392e+02 8.297317504882812500e+01 2.578211367130279541e+02 8.063404083251953125e+01 2.478446808457374573e+02 2.000000000000000000e+00
1.200398445129394531e+02 2.308798214793205261e+02 1.181475830078125000e+02 2.221448653936386108e+02 1.162361717224121094e+02 2.123882424831390381e+02 2.000000000000000000e+00
1.004907989501953125e+02 2.166219770908355713e+02 9.869951248168945312e+01 2.078101623058319092e+02 9.660398483276367188e+01 1.979648101329803467e+02 2.000000000000000000e+00
1.185191917419433594e+02 2.661557328701019287e+02 1.167046928405761719e+02 2.574167186021804810e+02 1.146075248718261719e+02 2.475928956270217896e+02 2.000000000000000000e+00
4.089342403411865234e+02 3.641518878936767578e+02 4.070930767059326172e+02 3.554662871360778809e+02 4.046404170989990234e+02 3.464633202552795410e+02 2.000000000000000000e+00
4.475659847259521484e+02 3.878434181213378906e+02 4.456522560119628906e+02 3.790990018844604492e+02 4.431293678283691406e+02 3.703140878677368164e+02 2.000000000000000000e+00
3.964693927764892578e+02 3.370261287689208984e+02 3.945902109146118164e+02 3.284383606910705566e+02 3.923168659210205078e+02 3.195548415184020996e+02 2.000000000000000000e+00
1.005518341064453125e+02 2.853052997589111328e+02 9.862691879272460938e+01 2.765022611618041992e+02 9.650884628295898438e+01 2.667490553855895996e+02 2.000000000000000000e+00
3.774796772003173828e+02 3.698175430297851562e+02 3.756309509277343750e+02 3.611333942413330078e+02 3.732098102569580078e+02 3.521301341056823730e+02 2.000000000000000000e+00
5.006081581115722656e+02 3.457026743888854980e+02 4.986258506774902344e+02 3.370772767066955566e+02 4.962127494812011719e+02 3.284278321266174316e+02 2.000000000000000000e+00
5.070474815368652344e+02 4.133035326004028320e+02 5.049685668945312500e+02 4.046584796905517578e+02 5.022963523864746094e+02 3.958712911605834961e+02 2.000000000000000000e+00
4.766013240814208984e+02 4.061890411376953125e+02 4.746562480926513672e+02 3.974630212783813477e+02 4.720561885833740234e+02 3.886445331573486328e+02 2.000000000000000000e+00
8.546201705932617188e+01 2.868160128593444824e+02 8.355905532836914062e+01 2.780354332923889160e+02 8.150377273559570312e+01 2.683362740278244019e+02 2.000000000000000000e+00
3.318482363224029541e+02 3.413321256637573242e+02 3.300445866584777832e+02 3.326043105125427246e+02 3.278607481718063354e+02 3.234082674980163574e+02 2.000000000000000000e+00
1.038614273071289062e+02 2.276974171400070190e+02 1.020632362365722656e+02 2.188879376649856567e+02 1.001103019714355469e+02 2.090487957000732422e+02 2.000000000000000000e+00
5.121605873107910156e+02 3.920818519592285156e+02 5.101088905334472656e+02 3.834175157546997070e+02 5.075192070007324219e+02 3.747331953048706055e+02 2.000000000000000000e+00
3.227782288193702698e+02 3.482427406311035156e+02 3.209591674804687500e+02 3.395329356193542480e+02 3.187429809570312500e+02 3.303395748138427734e+02 2.000000000000000000e+00
1.107072448730468750e+02 3.880163383483886719e+02 1.089724349975585938e+02 3.788402509689331055e+02 1.066354751586914062e+02 3.692049980163574219e+02 2.000000000000000000e+00
4.459528827667236328e+02 3.613408899307250977e+02 4.440875244140625000e+02 3.527459478378295898e+02 4.416253948211669922e+02 3.438604187965393066e+02 2.000000000000000000e+00
1.145615577697753906e+02 2.906020224094390869e+02 1.127649307250976562e+02 2.819693326950073242e+02 1.106962585449218750e+02 2.720813906192779541e+02 2.000000000000000000e+00
3.266080629825592041e+02 3.648286771774291992e+02 3.247848817706108093e+02 3.562216830253601074e+02 3.224176941812038422e+02 3.470598220825195312e+02 2.000000000000000000e+00
4.476347351074218750e+02 4.005961418151855469e+02 4.455891418457031250e+02 3.920040607452392578e+02 4.431493854522705078e+02 3.830539941787719727e+02 2.000000000000000000e+00
4.825131607055664062e+02 4.053505325317382812e+02 4.805130386352539062e+02 3.967114305496215820e+02 4.778638648986816406e+02 3.878627729415893555e+02 2.000000000000000000e+00
1.020800781250000000e+02 2.711925065517425537e+02 1.002190780639648438e+02 2.624965524673461914e+02 9.814413070678710938e+01 2.525028544664382935e+02 2.000000000000000000e+00
5.107395744323730469e+02 3.499346709251403809e+02 5.087583923339843750e+02 3.412754845619201660e+02 5.063227272033691406e+02 3.326885390281677246e+02 2.000000000000000000e+00
4.018777465820312500e+02 3.492504000663757324e+02 3.999035644531250000e+02 3.405736112594604492e+02 3.976197814941406250e+02 3.316207051277160645e+02 2.000000000000000000e+00
9.222578048706054688e+01 3.853693914413452148e+02 9.053049087524414062e+01 3.764251470565795898e+02 8.825208663940429688e+01 3.665159368515014648e+02 2.000000000000000000e+00
3.383376467227935791e+02 3.636532115936279297e+02 3.363797605037689209e+02 3.550645780563354492e+02 3.340787661075592041e+02 3.459067440032958984e+02 2.000000000000000000e+00
3.258439636230468750e+02 3.237833905220031738e+02 3.240888977050781250e+02 3.152346253395080566e+02 3.220712585747241974e+02 3.059675002098083496e+02 2.000000000000000000e+00
4.240254878997802734e+02 3.686526203155517578e+02 4.219792461395263672e+02 3.601185321807861328e+02 4.195778560638427734e+02 3.512108516693115234e+02 2.000000000000000000e+00
4.840023612976074219e+02 3.462768030166625977e+02 4.820664787292480469e+02 3.376237821578979492e+02 4.796198463439941406e+02 3.288704609870910645e+02 2.000000000000000000e+00
1.034409141540527344e+02 2.611480110883712769e+02 1.014750099182128906e+02 2.524714511632919312e+02 9.946891784667968750e+01 2.425043488293886185e+02 2.000000000000000000e+00
2.811582326889038086e+02 3.106245446205139160e+02 2.793913269042968750e+02 3.019588065147399902e+02 2.772851228713989258e+02 2.926210033893585205e+02 2.000000000000000000e+00
3.575390625000000000e+02 3.736354064941406250e+02 3.555684828758239746e+02 3.648863840103149414e+02 3.533807063102722168e+02 3.558905696868896484e+02 2.000000000000000000e+00
3.317011415958404541e+02 3.513605690002441406e+02 3.298592531681060791e+02 3.427096295356750488e+02 3.276624757051467896e+02 3.334949684143066406e+02 2.000000000000000000e+00
4.959545898437500000e+02 3.882507133483886719e+02 4.939660644531250000e+02 3.796157026290893555e+02 4.913737297058105469e+02 3.707891321182250977e+02 2.000000000000000000e+00
4.900372314453125000e+02 4.018222761154174805e+02 4.880275535583496094e+02 3.932617235183715820e+02 4.853724670410156250e+02 3.844310045242309570e+02 2.000000000000000000e+00
8.135551452636718750e+01 3.621035528182983398e+02 7.958791732788085938e+01 3.530824613571166992e+02 7.739110946655273438e+01 3.432462215423583984e+02 2.000000000000000000e+00
3.989413452148437500e+02 3.707148456573486328e+02 3.970710754394531250e+02 3.620294237136840820e+02 3.946493244171142578e+02 3.530033898353576660e+02 2.000000000000000000e+00
4.989916419982910156e+02 3.621523475646972656e+02 4.969943237304687500e+02 3.535865807533264160e+02 4.945476341247558594e+02 3.448983192443847656e+02 2.000000000000000000e+00
5.008425712585449219e+02 3.524373865127563477e+02 4.990268516540527344e+02 3.438120460510253906e+02 4.964442825317382812e+02 3.352383184432983398e+02 2.000000000000000000e+00
4.900895500183105469e+02 3.453812599182128906e+02 4.881409645080566406e+02 3.367139625549316406e+02 4.857077407836914062e+02 3.279974412918090820e+02 2.000000000000000000e+00
9.103124618530273438e+01 2.606959551572799683e+02 8.920541763305664062e+01 2.520067906379699707e+02 8.698862075805664062e+01 2.420301973074674606e+02 2.000000000000000000e+00
3.489065551757812500e+02 3.845700788497924805e+02 3.472130441665649414e+02 3.758442449569702148e+02 3.448447585105895996e+02 3.666573572158813477e+02 2.000000000000000000e+00
3.928670072555541992e+02 3.496979427337646484e+02 3.908923053741455078e+02 3.409379911422729492e+02 3.885596036911010742e+02 3.319613671302795410e+02 2.000000000000000000e+00
1.042547416687011719e+02 3.036044025421142578e+02 1.023508262634277344e+02 2.949147677421569824e+02 1.002090644836425781e+02 2.851579320430755615e+02 2.000000000000000000e+00
4.848007202148437500e+02 3.325317764282226562e+02 4.828527259826660156e+02 3.238922739028930664e+02 4.805690574645996094e+02 3.151765751838684082e+02 2.000000000000000000e+00
3.255859071016311646e+02 3.296729207038879395e+02 3.237726441025733948e+02 3.211502408981323242e+02 3.217341308295726776e+02 3.118414950370788574e+02 2.000000000000000000e+00
4.009992408752441406e+02 3.628584909439086914e+02 3.991359567642211914e+02 3.541907072067260742e+02 3.966964721679687500e+02 3.451713037490844727e+02 2.000000000000000000e+00
4.895480918884277344e+02 3.520421504974365234e+02 4.876036643981933594e+02 3.434895372390747070e+02 4.850562477111816406e+02 3.347890663146972656e+02 2.000000000000000000e+00
3.894875478744506836e+02 3.626431274414062500e+02 3.874659729003906250e+02 3.537794566154479980e+02 3.849832773208618164e+02 3.446785640716552734e+02 2.000000000000000000e+00
4.209625244140625000e+02 3.913142538070678711e+02 4.190534687042236328e+02 3.825519132614135742e+02 4.165560340881347656e+02 3.735842370986938477e+02 2.000000000000000000e+00
3.798179340362548828e+02 3.534393382072448730e+02 3.778689575195312500e+02 3.446549463272094727e+02 3.755112934112548828e+02 3.356399559974670410e+02 2.000000000000000000e+00
4.402744197845458984e+02 3.376695585250854492e+02 4.383244991302490234e+02 3.290763616561889648e+02 4.361197566986083984e+02 3.202281260490417480e+02 2.000000000000000000e+00
1.124100875854492188e+02 2.966459691524505615e+02 1.105425453186035156e+02 2.879666483402252197e+02 1.084216499328613281e+02 2.782476818561553955e+02 2.000000000000000000e+00
1.021271896362304688e+02 2.480638432502746582e+02 1.003283500671386719e+02 2.393337401747703552e+02 9.830583572387695312e+01 2.294316861033439636e+02 2.000000000000000000e+00
4.881384086608886719e+02 3.618416833877563477e+02 4.861385917663574219e+02 3.533739352226257324e+02 4.836533927917480469e+02 3.446118235588073730e+02 2.000000000000000000e+00
3.882853078842163086e+02 4.065881395339965820e+02 3.864340829849243164e+02 3.978419923782348633e+02 3.840101957321166992e+02 3.888079547882080078e+02 2.000000000000000000e+00
1.003551101684570312e+02 3.667657184600830078e+02 9.857461929321289062e+01 3.577222037315368652e+02 9.634616851806640625e+01 3.480531978607177734e+02 2.000000000000000000e+00
4.778850460052490234e+02 3.684463262557983398e+02 4.757993221282958984e+02 3.599178242683410645e+02 4.734042644500732422e+02 3.511232328414916992e+02 2.000000000000000000e+00
3.367166447639465332e+02 3.454715323448181152e+02 3.349324643611907959e+02 3.367498826980590820e+02 3.327440190315246582e+02 3.276268959045410156e+02 2.000000000000000000e+00
3.661261320114135742e+02 3.519902729988098145e+02 3.641832876205444336e+02 3.433630728721618652e+02 3.618330717086791992e+02 3.341990733146667480e+02 2.000000000000000000e+00
4.231028175354003906e+02 4.085305881500244141e+02 4.210742855072021484e+02 3.997746706008911133e+02 4.185710144042968750e+02 3.908000564575195312e+02 2.000000000000000000e+00
1.136537361145019531e+02 2.415387726947665215e+02 1.118180847167968750e+02 2.327783350646495819e+02 1.098446464538574219e+02 2.229696500301361084e+02 2.000000000000000000e+00
5.251873779296875000e+02 8.972521305084228516e+01 5.237434196472167969e+02 8.127632617950439453e+01 5.222414016723632812e+02 7.246324539184570312e+01 2.000000000000000000e+00
1.189245414733886719e+02 2.602175617218017578e+02 1.171846008300781250e+02 2.514908605813980103e+02 1.150988388061523438e+02 2.416732331737875938e+02 2.000000000000000000e+00
3.166086119413375854e+02 3.616301965713500977e+02 3.147544246912002563e+02 3.529926824569702148e+02 3.124869686365127563e+02 3.437250995635986328e+02 2.000000000000000000e+00
3.848146677017211914e+02 3.576418805122375488e+02 3.828209543228149414e+02 3.488327980041503906e+02 3.804534006118774414e+02 3.398037457466125488e+02 2.000000000000000000e+00
4.314194393157958984e+02 3.806178045272827148e+02 4.294197368621826172e+02 3.719651556015014648e+02 4.269149494171142578e+02 3.629602718353271484e+02 2.000000000000000000e+00
3.547196650505065918e+02 3.592045354843139648e+02 3.526878976821899414e+02 3.505149006843566895e+02 3.505914616584777832e+02 3.413827586174011230e+02 2.000000000000000000e+00
3.461338210105895996e+02 3.569926500320434570e+02 3.442631220817565918e+02 3.483668303489685059e+02 3.420400404930114746e+02 3.392516827583312988e+02 2.000000000000000000e+00
3.321475827693939209e+02 3.643226337432861328e+02 3.303459167480468750e+02 3.556789612770080566e+02 3.280468750000000000e+02 3.465880179405212402e+02 2.000000000000000000e+00
1.134203147888183594e+02 2.710546875000000000e+02 1.116069602966308594e+02 2.622642838954925537e+02 1.095190620422363281e+02 2.524795237183570862e+02 2.000000000000000000e+00
3.959596586227416992e+02 3.289147353172302246e+02 3.941461515426635742e+02 3.203944730758666992e+02 3.918615722656250000e+02 3.114710712432861328e+02 2.000000000000000000e+00
3.419280695915222168e+02 3.822966098785400391e+02 3.402468276023864746e+02 3.735574722290039062e+02 3.378803718090057373e+02 3.643747329711914062e+02 2.000000000000000000e+00
8.916158676147460938e+01 2.435763551294803619e+02 8.732252120971679688e+01 2.348621977865695953e+02 8.528755187988281250e+01 2.250001671910285950e+02 2.000000000000000000e+00
4.493541240692138672e+02 3.380332374572753906e+02 4.473780536651611328e+02 3.294706463813781738e+02 4.449872493743896484e+02 3.205768489837646484e+02 2.000000000000000000e+00
4.756103515625000000e+02 3.741904020309448242e+02 4.735462665557861328e+02 3.656410646438598633e+02 4.711879920959472656e+02 3.567754912376403809e+02 2.000000000000000000e+00
4.112428569793701172e+02 3.935665369033813477e+02 4.092865657806396484e+02 3.847660017013549805e+02 4.068303585052490234e+02 3.758451604843139648e+02 2.000000000000000000e+00
4.096839332580566406e+02 4.022478389739990234e+02 4.077509498596191406e+02 3.934831953048706055e+02 4.052854919433593750e+02 3.844913721084594727e+02 2.000000000000000000e+00
1.137446022033691406e+02 3.118969130516052246e+02 1.120067787170410156e+02 3.030896615982055664e+02 1.098131942749023438e+02 2.934306979179382324e+02 2.000000000000000000e+00
4.243084144592285156e+02 3.844430637359619141e+02 4.222395038604736328e+02 3.757798576354980469e+02 4.197643470764160156e+02 3.667863893508911133e+02 2.000000000000000000e+00
1.152665519714355469e+02 2.786639714241027832e+02 1.134785270690917969e+02 2.698139047622680664e+02 1.113648223876953125e+02 2.600525218248367310e+02 2.000000000000000000e+00
3.470260620117187500e+02 3.630100822448730469e+02 3.451202082633972168e+02 3.543834614753723145e+02 3.428608393669128418e+02 3.452680993080139160e+02 2.000000000000000000e+00
3.317283940315246582e+02 3.854304027557373047e+02 3.299176943302154541e+02 3.767232370376586914e+02 3.275833743810653687e+02 3.675001859664916992e+02 2.000000000000000000e+00
4.701227760314941406e+02 1.039627075195312500e+02 4.681975746154785156e+02 9.529247760772705078e+01 4.665724182128906250e+02 8.652750492095947266e+01 2.000000000000000000e+00
3.241974487900733948e+02 3.354159879684448242e+02 3.224086609482765198e+02 3.266940665245056152e+02 3.202680969238281250e+02 3.174916720390319824e+02 2.000000000000000000e+00
3.286863708496093750e+02 3.571147513389587402e+02 3.268454283475875854e+02 3.484983873367309570e+02 3.245922851562500000e+02 3.393415546417236328e+02 2.000000000000000000e+00
4.321875667572021484e+02 3.726233625411987305e+02 4.301993083953857422e+02 3.639604568481445312e+02 4.277422237396240234e+02 3.550561881065368652e+02 2.000000000000000000e+00
1.117673683166503906e+02 3.618404674530029297e+02 1.099340629577636719e+02 3.529906368255615234e+02 1.076980590820312500e+02 3.430158162117004395e+02 2.000000000000000000e+00
2.927475571632385254e+02 3.178934669494628906e+02 2.908251333236694336e+02 3.092330074310302734e+02 2.886715698242187500e+02 2.999740648269653320e+02 2.000000000000000000e+00
3.865898466110229492e+02 3.198337769508361816e+02 3.847287321090698242e+02 3.114041805267333984e+02 3.825638151168823242e+02 3.024548363685607910e+02 2.000000000000000000e+00
3.171238708496093750e+02 3.401607084274291992e+02 3.152714231610298157e+02 3.314918231964111328e+02 3.129891049861907959e+02 3.222704815864562988e+02 2.000000000000000000e+00
3.676714468002319336e+02 3.430545401573181152e+02 3.658262014389038086e+02 3.345105028152465820e+02 3.634956979751586914e+02 3.253552007675170898e+02 2.000000000000000000e+00
3.967966318130493164e+02 4.060076093673706055e+02 3.949431467056274414e+02 3.973181247711181641e+02 3.924805307388305664e+02 3.883147287368774414e+02 2.000000000000000000e+00
4.381353187561035156e+02 3.454030823707580566e+02 4.362443542480468750e+02 3.367569923400878906e+02 4.339509010314941406e+02 3.278534889221191406e+02 2.000000000000000000e+00
2.666620159149169922e+02 3.260856342315673828e+02 2.646848154067993164e+02 3.175152611732482910e+02 2.624576997756958008e+02 3.081338238716125488e+02 2.000000000000000000e+00
1.041655731201171875e+02 3.180507516860961914e+02 1.023854446411132812e+02 3.092855286598205566e+02 1.002456855773925781e+02 2.992559230327606201e+02 2.000000000000000000e+00
1.204391098022460938e+02 2.542448589205741882e+02 1.186252403259277344e+02 2.454578250646591187e+02 1.165819931030273438e+02 2.356862331926822662e+02 2.000000000000000000e+00
3.981565237045288086e+02 3.836453962326049805e+02 3.961902761459350586e+02 3.750380373001098633e+02 3.937698364257812500e+02 3.659341478347778320e+02 2.000000000000000000e+00
4.264590454101562500e+02 4.008080863952636719e+02 4.244426250457763672e+02 3.920596647262573242e+02 4.219315528869628906e+02 3.831266927719116211e+02 2.000000000000000000e+00
3.094476008415222168e+02 3.733919191360473633e+02 3.075537407398223877e+02 3.647208023071289062e+02 3.053293144702911377e+02 3.554002118110656738e+02 2.000000000000000000e+00
4.361709308624267578e+02 3.856254386901855469e+02 4.342501831054687500e+02 3.769511747360229492e+02 4.315898799896240234e+02 3.680035114288330078e+02 2.000000000000000000e+00
3.560369563102722168e+02 3.787499141693115234e+02 3.540967416763305664e+02 3.700485849380493164e+02 3.518217158317565918e+02 3.608942985534667969e+02 2.000000000000000000e+00
3.335437619686126709e+02 3.141656541824340820e+02 3.316090393066406250e+02 3.054653048515319824e+02 3.294236451387405396e+02 2.962970316410064697e+02 2.000000000000000000e+00
4.170403194427490234e+02 4.063623189926147461e+02 4.150726032257080078e+02 3.975933980941772461e+02 4.125499248504638672e+02 3.886091136932373047e+02 2.000000000000000000e+00
4.582517433166503906e+02 3.351078557968139648e+02 4.561749935150146484e+02 3.265645480155944824e+02 4.537055969238281250e+02 3.176513385772705078e+02 2.000000000000000000e+00
2.714866018295288086e+02 3.064914608001708984e+02 2.696517610549926758e+02 2.978301107883453369e+02 2.675715637207031250e+02 2.884905731678009033e+02 2.000000000000000000e+00
4.438956928253173828e+02 3.806058168411254883e+02 4.420858192443847656e+02 3.718617010116577148e+02 4.395103454589843750e+02 3.630931806564331055e+02 2.000000000000000000e+00
1.405200958251953125e+02 2.366509245336055756e+02 1.386833381652832031e+02 2.279025265574455261e+02 1.367313575744628906e+02 2.182272166013717651e+02 2.000000000000000000e+00
4.972102165222167969e+02 3.952215957641601562e+02 4.951875114440917969e+02 3.866261672973632812e+02 4.925527763366699219e+02 3.778397655487060547e+02 2.000000000000000000e+00
4.123318195343017578e+02 3.798112535476684570e+02 4.103943824768066406e+02 3.711457872390747070e+02 4.079272174835205078e+02 3.621818590164184570e+02 2.000000000000000000e+00
1.623174381256103516e+02 2.526632845401763916e+02 1.605187034606933594e+02 2.439602203667163849e+02 1.585720634460449219e+02 2.343401335179805756e+02 2.000000000000000000e+00
3.110124206542968750e+02 3.366551899909973145e+02 3.091406857967376709e+02 3.281167674064636230e+02 3.067312622070312500e+02 3.188321256637573242e+02 2.000000000000000000e+00
5.045564842224121094e+02 3.770200538635253906e+02 5.027103042602539062e+02 3.684477567672729492e+02 5.002720642089843750e+02 3.597047209739685059e+02 2.000000000000000000e+00
3.920391845703125000e+02 3.684751081466674805e+02 3.901168823242187500e+02 3.597123456001281738e+02 3.877074575424194336e+02 3.506660199165344238e+02 2.000000000000000000e+00
1.024483299255371094e+02 3.587604403495788574e+02 1.006130027770996094e+02 3.497244286537170410e+02 9.851844787597656250e+01 3.400454163551330566e+02 2.000000000000000000e+00
