2.439920186996459961e+02 2.651067209243774414e+02 2.584287405014038086e+02 2.701359558105468750e+02 2.724672555923461914e+02 2.737258028984069824e+02 2.000000000000000000e+00
3.603964853286743164e+02 2.533394631743431091e+02 3.747404193878173828e+02 2.585718387365341187e+02 3.888813495635986328e+02 2.628410053253173828e+02 2.000000000000000000e+00
1.219654273986816406e+02 3.043317317962646484e+02 1.365242767333984375e+02 3.089989042282104492e+02 1.505229377746582031e+02 3.117784166336059570e+02 2.000000000000000000e+00
5.205943679809570312e+02 1.435690069198608398e+02 5.286783409118652344e+02 1.496712756156921387e+02 5.369068717956542969e+02 1.554051947593688965e+02 1.000000000000000000e+00
2.502343893051147461e+02 2.522206583619117737e+02 2.646842956542968750e+02 2.571846020221710205e+02 2.787166738510131836e+02 2.608128064870834351e+02 2.000000000000000000e+00
3.553151559829711914e+02 2.515627446770668030e+02 3.696470022201538086e+02 2.567908948659896851e+02 3.837531757354736328e+02 2.610936892032623291e+02 2.000000000000000000e+00
3.520501708984375000e+02 2.477086338400840759e+02 3.664439392089843750e+02 2.529504096508026123e+02 3.805531644821166992e+02 2.572315371036529541e+02 2.000000000000000000e+00
2.515558624267578125e+02 2.631110858917236328e+02 2.660026550292968750e+02 2.681382769346237183e+02 2.800548100471496582e+02 2.717652010917663574e+02 2.000000000000000000e+00
4.201923561096191406e+02 1.587314271926879883e+02 4.274375057220458984e+02 1.646470785140991211e+02 4.349353027343750000e+02 1.697586607933044434e+02 1.000000000000000000e+00
3.462763977050781250e+02 2.500640112161636353e+02 3.606510925292968750e+02 2.553409588336944580e+02 3.746820974349975586e+02 2.595151680707931519e+02 2.000000000000000000e+00
3.416335749626159668e+02 2.319911491870880127e+02 3.560605478286743164e+02 2.371454161405563354e+02 3.702292203903198242e+02 2.413395843654870987e+02 2.000000000000000000e+00
3.308404541015625000e+02 2.365335691720247269e+02 3.451447463035583496e+02 2.415977326780557632e+02 3.594545912742614746e+02 2.457055056095123291e+02 2.000000000000000000e+00
1.767126178741455078e+02 2.722534203529357910e+02 1.912458133697509766e+02 2.770086085796356201e+02 2.053348827362060547e+02 2.802746307849884033e+02 2.000000000000000000e+00
4.403072547912597656e+02 1.690027284622192383e+02 4.482217693328857422e+02 1.749682617187500000e+02 4.559059810638427734e+02 1.803884410858154297e+02 1.000000000000000000e+00
1.204911613464355469e+02 2.954078686237335205e+02 1.350664520263671875e+02 3.000934481620788574e+02 1.490959358215332031e+02 3.028331351280212402e+02 2.000000000000000000e+00
4.922399711608886719e+02 3.937156820297241211e+02 5.064585876464843750e+02 3.993751001358032227e+02 5.198399734497070312e+02 4.045874404907226562e+02 2.000000000000000000e+00
1.762337207794189453e+02 3.236616897583007812e+02 1.905221080780029297e+02 3.284346342086791992e+02 2.043750000000000000e+02 3.316606807708740234e+02 2.000000000000000000e+00
4.895938491821289062e+02 4.028836154937744141e+02 5.038006591796875000e+02 4.085402297973632812e+02 5.171684646606445312e+02 4.137617254257202148e+02 2.000000000000000000e+00
4.919057083129882812e+02 2.785391271114349365e+02 5.063757324218750000e+02 2.840373551845550537e+02 5.205265617370605469e+02 2.890714430809020996e+02 2.000000000000000000e+00
1.170522880554199219e+02 3.046593332290649414e+02 1.315947341918945312e+02 3.093468976020812988e+02 1.455958175659179688e+02 3.120993661880493164e+02 2.000000000000000000e+00
3.472787165641784668e+02 2.302628624439239502e+02 3.616690397262573242e+02 2.353517912328243256e+02 3.758227872848510742e+02 2.396196594089269638e+02 2.000000000000000000e+00
2.402463531494140625e+02 2.505910187959671021e+02 2.546846628189086914e+02 2.555357211828231812e+02 2.687461233139038086e+02 2.591333323717117310e+02 2.000000000000000000e+00
1.970289421081542969e+02 2.761663842201232910e+02 2.114723777770996094e+02 2.809967994689941406e+02 2.254038810729980469e+02 2.843229711055755615e+02 2.000000000000000000e+00
3.437751460075378418e+02 2.362859342247247696e+02 3.582098078727722168e+02 2.414137727022171021e+02 3.723434448242187500e+02 2.456232149899005890e+02 2.000000000000000000e+00
4.877993774414062500e+02 2.596739208698272705e+02 5.022655677795410156e+02 2.651453876495361328e+02 5.163770866394042969e+02 2.702639472484588623e+02 2.000000000000000000e+00
5.000801467895507812e+02 3.770488929748535156e+02 5.143066978454589844e+02 3.826013803482055664e+02 5.276812744140625000e+02 3.878251075744628906e+02 2.000000000000000000e+00
1.642568016052246094e+02 2.887111830711364746e+02 1.785947513580322266e+02 2.935596942901611328e+02 1.928379058837890625e+02 2.965439164638519287e+02 2.000000000000000000e+00
5.333806800842285156e+02 3.746910095214843750e+02 5.476940917968750000e+02 3.804288339614868164e+02 5.613525390625000000e+02 3.859402227401733398e+02 2.000000000000000000e+00
2.145734214782714844e+02 2.638970357179641724e+02 2.290513324737548828e+02 2.687709063291549683e+02 2.430114603042602539e+02 2.722748136520385742e+02 2.000000000000000000e+00
4.265340614318847656e+02 1.775805902481079102e+02 4.343605041503906250e+02 1.836891603469848633e+02 4.419084835052490234e+02 1.891701936721801758e+02 1.000000000000000000e+00
2.586205434799194336e+02 2.455054172873497009e+02 2.730717468261718750e+02 2.505161440372467041e+02 2.871218562126159668e+02 2.542662513256072998e+02 2.000000000000000000e+00
1.973779010772705078e+02 2.597156989574432373e+02 2.118402671813964844e+02 2.646132820844650269e+02 2.260334300994873047e+02 2.678924882411956787e+02 2.000000000000000000e+00
3.235710144042968750e+02 2.266262966394424438e+02 3.379509580135345459e+02 2.317656549811363220e+02 3.523023080825805664e+02 2.358204799890518188e+02 2.000000000000000000e+00
1.148860549926757812e+02 2.887749981880187988e+02 1.294836044311523438e+02 2.934428751468658447e+02 1.436051368713378906e+02 2.962117338180541992e+02 2.000000000000000000e+00
4.833194923400878906e+02 1.734599447250366211e+02 4.915892601013183594e+02 1.795616555213928223e+02 4.998334693908691406e+02 1.853185701370239258e+02 1.000000000000000000e+00
1.718364048004150391e+02 4.057758235931396484e+02 1.861230945587158203e+02 4.105355072021484375e+02 1.994075298309326172e+02 4.136584854125976562e+02 2.000000000000000000e+00
5.423610305786132812e+02 3.454928326606750488e+02 5.567479324340820312e+02 3.512059378623962402e+02 5.705102539062500000e+02 3.567070698738098145e+02 2.000000000000000000e+00
2.035952854156494141e+02 4.067630338668823242e+02 2.177410697937011719e+02 4.116352558135986328e+02 2.310378551483154297e+02 4.149867582321166992e+02 2.000000000000000000e+00
5.359890174865722656e+02 1.409208297729492188e+02 5.443150711059570312e+02 1.469733238220214844e+02 5.527324295043945312e+02 1.527966141700744629e+02 1.000000000000000000e+00
5.417758750915527344e+02 4.070973587036132812e+02 5.560495567321777344e+02 4.129302692413330078e+02 5.693455314636230469e+02 4.185060882568359375e+02 2.000000000000000000e+00
2.004148387908935547e+02 3.803202581405639648e+02 2.146070194244384766e+02 3.852027940750122070e+02 2.279949188232421875e+02 3.884106159210205078e+02 2.000000000000000000e+00
1.469420814514160156e+02 4.913948535919189453e+01 1.625034904479980469e+02 5.435987949371337891e+01 1.785044384002685547e+02 5.765451908111572266e+01 2.000000000000000000e+00
4.819665336608886719e+02 2.455395662784576416e+02 4.962917137145996094e+02 2.509731906652450562e+02 5.106160926818847656e+02 2.560918593406677246e+02 2.000000000000000000e+00
4.787233638763427734e+02 2.609122627973556519e+02 4.932243919372558594e+02 2.663645339012145996e+02 5.073137855529785156e+02 2.714747035503387451e+02 2.000000000000000000e+00
5.209032058715820312e+02 1.490039134025573730e+02 5.289873123168945312e+02 1.551295709609985352e+02 5.372394371032714844e+02 1.608256816864013672e+02 1.000000000000000000e+00
4.000121498107910156e+02 4.357464408874511719e+02 4.140467834472656250e+02 4.411070108413696289e+02 4.269225215911865234e+02 4.457170200347900391e+02 2.000000000000000000e+00
5.186284255981445312e+02 3.217115807533264160e+02 5.329359817504882812e+02 3.272830581665039062e+02 5.467152214050292969e+02 3.325751423835754395e+02 2.000000000000000000e+00
4.818119812011718750e+02 2.795900595188140869e+02 4.962398338317871094e+02 2.851059579849243164e+02 5.103529930114746094e+02 2.901346778869628906e+02 2.000000000000000000e+00
2.820216965675354004e+02 2.441186065971851349e+02 2.962632441520690918e+02 2.491452643275260925e+02 3.104879456758499146e+02 2.529108130931854248e+02 2.000000000000000000e+00
2.754472017288208008e+02 2.572696852684020996e+02 2.898757624626159668e+02 2.622645574808120728e+02 3.039794313907623291e+02 2.659906929731369019e+02 2.000000000000000000e+00
1.900713348388671875e+02 3.625737619400024414e+02 2.043751049041748047e+02 3.674065017700195312e+02 2.179345035552978516e+02 3.705930233001708984e+02 2.000000000000000000e+00
5.340122032165527344e+02 4.136315631866455078e+02 5.483069419860839844e+02 4.194708108901977539e+02 5.615842247009277344e+02 4.249631166458129883e+02 2.000000000000000000e+00
1.773161888122558594e+02 3.715664720535278320e+02 1.915543651580810547e+02 3.763437938690185547e+02 2.051660633087158203e+02 3.795306730270385742e+02 2.000000000000000000e+00
5.500319862365722656e+02 3.800719928741455078e+02 5.643550491333007812e+02 3.857996320724487305e+02 5.779920005798339844e+02 3.914538717269897461e+02 2.000000000000000000e+00
5.421945190429687500e+02 1.544201803207397461e+02 5.507230949401855469e+02 1.612598562240600586e+02 5.592788124084472656e+02 1.677692699432373047e+02 1.000000000000000000e+00
4.235068416595458984e+02 1.848736381530761719e+02 4.312657165527343750e+02 1.910154855251312256e+02 4.387078285217285156e+02 1.964944124221801758e+02 1.000000000000000000e+00
2.612919282913208008e+02 2.914919757843017578e+02 2.755784606933593750e+02 2.964654886722564697e+02 2.894809269905090332e+02 3.001299190521240234e+02 2.000000000000000000e+00
1.556188774108886719e+02 3.506469798088073730e+02 1.699176311492919922e+02 3.554373836517333984e+02 1.836970996856689453e+02 3.583210515975952148e+02 2.000000000000000000e+00
3.419701242446899414e+02 4.393691539764404297e+02 3.559593820571899414e+02 4.445373916625976562e+02 3.688668203353881836e+02 4.489138555526733398e+02 2.000000000000000000e+00
1.361599159240722656e+02 3.381610751152038574e+02 1.506033325195312500e+02 3.428477525711059570e+02 1.643699741363525391e+02 3.456974816322326660e+02 2.000000000000000000e+00
2.905050969123840332e+02 2.361754909157752991e+02 3.047823786735534668e+02 2.412506409734487534e+02 3.189860229194164276e+02 2.451383516192436218e+02 2.000000000000000000e+00
3.157252195477485657e+02 2.294078671932220459e+02 3.301175534725189209e+02 2.345169371366500854e+02 3.444412541389465332e+02 2.385230864211916924e+02 2.000000000000000000e+00
2.319426250457763672e+02 2.502641451358795166e+02 2.463782787322998047e+02 2.552090764045715332e+02 2.605146169662475586e+02 2.587078249454498291e+02 2.000000000000000000e+00
1.744826602935791016e+02 3.213639736175537109e+01 1.900639343261718750e+02 3.736395835876464844e+01 2.060960388183593750e+02 4.078256607055664062e+01 2.000000000000000000e+00
5.524920654296875000e+02 3.948533964157104492e+02 5.667537307739257812e+02 4.006337928771972656e+02 5.803120803833007812e+02 4.063063430786132812e+02 2.000000000000000000e+00
2.712808227539062500e+02 2.494432988762855530e+02 2.856387925148010254e+02 2.544786840677261353e+02 2.997213745117187500e+02 2.582440799474716187e+02 2.000000000000000000e+00
5.084316062927246094e+02 4.404873704910278320e+02 5.225316810607910156e+02 4.462297153472900391e+02 5.357094192504882812e+02 4.516518402099609375e+02 2.000000000000000000e+00
1.825762939453125000e+02 3.532944703102111816e+02 1.968979644775390625e+02 3.580438327789306641e+02 2.105253696441650391e+02 3.612695074081420898e+02 2.000000000000000000e+00
2.302897930145263672e+02 3.723710346221923828e+02 2.444812917709350586e+02 3.772382926940917969e+02 2.578072214126586914e+02 3.806868982315063477e+02 2.000000000000000000e+00
4.089250850677490234e+02 4.197817754745483398e+02 4.229127502441406250e+02 4.252215385437011719e+02 4.360809612274169922e+02 4.298924303054809570e+02 2.000000000000000000e+00
1.788993358612060547e+02 2.790186488628387451e+02 1.934405231475830078e+02 2.838021862506866455e+02 2.075486469268798828e+02 2.871076083183288574e+02 2.000000000000000000e+00
4.246123409271240234e+02 1.723437595367431641e+02 4.323201656341552734e+02 1.783813118934631348e+02 4.399465370178222656e+02 1.837170839309692383e+02 1.000000000000000000e+00
1.143364334106445312e+02 2.751155734062194824e+02 1.288953590393066406e+02 2.797936713695526123e+02 1.431818771362304688e+02 2.825505995750427246e+02 2.000000000000000000e+00
1.860187244415283203e+02 4.076577186584472656e+02 2.002569580078125000e+02 4.124739503860473633e+02 2.134659385681152344e+02 4.156799697875976562e+02 2.000000000000000000e+00
3.415549635887145996e+02 2.415364838764071465e+02 3.558656620979309082e+02 2.466895602643489838e+02 3.700583505630493164e+02 2.508820956945419312e+02 2.000000000000000000e+00
5.089632034301757812e+02 1.946185898780822754e+02 5.172354125976562500e+02 2.009765911102294922e+02 5.253909873962402344e+02 2.069301438331604004e+02 1.000000000000000000e+00
1.713045597076416016e+02 3.197721934318542480e+02 1.856142520904541016e+02 3.245466327667236328e+02 1.994349479675292969e+02 3.277407288551330566e+02 2.000000000000000000e+00
5.338330650329589844e+02 3.121820712089538574e+02 5.481704139709472656e+02 3.176378488540649414e+02 5.621502685546875000e+02 3.230775833129882812e+02 2.000000000000000000e+00
2.305600547790527344e+02 4.062730550765991211e+02 2.446667146682739258e+02 4.111758470535278320e+02 2.579431152343750000e+02 4.145762729644775391e+02 2.000000000000000000e+00
1.663061618804931641e+02 3.735848093032836914e+02 1.805741596221923828e+02 3.783518743515014648e+02 1.942337512969970703e+02 3.814958238601684570e+02 2.000000000000000000e+00
2.134614658355712891e+02 4.007062196731567383e+02 2.276127719879150391e+02 4.056262922286987305e+02 2.408856821060180664e+02 4.090207672119140625e+02 2.000000000000000000e+00
5.337990760803222656e+02 3.836150264739990234e+02 5.481787109375000000e+02 3.893567562103271484e+02 5.617961502075195312e+02 3.948075056076049805e+02 2.000000000000000000e+00
2.817733764648437500e+02 3.515731573104858398e+02 2.957722163200378418e+02 3.566361737251281738e+02 3.094427180290222168e+02 3.604704666137695312e+02 2.000000000000000000e+00
2.559461212158203125e+02 3.741186046600341797e+02 2.701554536819458008e+02 3.790447139739990234e+02 2.835011887550354004e+02 3.826625490188598633e+02 2.000000000000000000e+00
1.264093971252441406e+02 3.583303570747375488e+02 1.408158111572265625e+02 3.629704999923706055e+02 1.545688056945800781e+02 3.657699966430664062e+02 2.000000000000000000e+00
1.135093688964843750e+02 2.839569103717803955e+02 1.280988883972167969e+02 2.886326944828033447e+02 1.422603034973144531e+02 2.914100074768066406e+02 2.000000000000000000e+00
5.132296180725097656e+02 3.088421988487243652e+02 5.275401115417480469e+02 3.144360423088073730e+02 5.413664627075195312e+02 3.197052669525146484e+02 2.000000000000000000e+00
2.452507305145263672e+02 3.701363897323608398e+02 2.594363069534301758e+02 3.751427936553955078e+02 2.727026653289794922e+02 3.786465883255004883e+02 2.000000000000000000e+00
4.698460674285888672e+02 4.423459339141845703e+02 4.839180946350097656e+02 4.479584455490112305e+02 4.970262145996093750e+02 4.530820369720458984e+02 2.000000000000000000e+00
4.718924617767333984e+02 1.786939501762390137e+02 4.800778007507324219e+02 1.847912585735321045e+02 4.881981849670410156e+02 1.905385100841522217e+02 1.000000000000000000e+00
1.674137115478515625e+02 3.833508968353271484e+02 1.816390037536621094e+02 3.880930280685424805e+02 1.951270294189453125e+02 3.911603736877441406e+02 2.000000000000000000e+00
5.567669677734375000e+02 3.664811754226684570e+02 5.710613441467285156e+02 3.721824645996093750e+02 5.847594642639160156e+02 3.778037452697753906e+02 2.000000000000000000e+00
4.018609905242919922e+02 1.842476463317871094e+02 4.093837642669677734e+02 1.909297299385070801e+02 4.166873455047607422e+02 1.967588782310485840e+02 1.000000000000000000e+00
1.608888816833496094e+02 3.720514011383056641e+02 1.752125263214111328e+02 3.767566537857055664e+02 1.888000583648681641e+02 3.798708200454711914e+02 2.000000000000000000e+00
4.332590675354003906e+02 4.475998306274414062e+02 4.472309017181396484e+02 4.531669378280639648e+02 4.602411556243896484e+02 4.580250406265258789e+02 2.000000000000000000e+00
3.178067931532859802e+02 2.342487788200378418e+02 3.322038877010345459e+02 2.393761291354894638e+02 3.465135502815246582e+02 2.433817597478628159e+02 2.000000000000000000e+00
3.590145564079284668e+02 2.453583531081676483e+02 3.733631610870361328e+02 2.505782935023307800e+02 3.875143432617187500e+02 2.548495030403137207e+02 2.000000000000000000e+00
4.086977291107177734e+02 4.470323324203491211e+02 4.226973247528076172e+02 4.524324703216552734e+02 4.357051753997802734e+02 4.571540021896362305e+02 2.000000000000000000e+00
3.903605651855468750e+02 4.426197338104248047e+02 4.043859863281250000e+02 4.478968048095703125e+02 4.172834205627441406e+02 4.524913072586059570e+02 2.000000000000000000e+00
2.345404911041259766e+02 3.527502465248107910e+02 2.488470602035522461e+02 3.577360868453979492e+02 2.623051118850708008e+02 3.612554454803466797e+02 2.000000000000000000e+00
1.472126007080078125e+02 4.330314445495605469e+02 1.614395999908447266e+02 4.376471328735351562e+02 1.747583484649658203e+02 4.406338548660278320e+02 2.000000000000000000e+00
1.697028827667236328e+02 3.513544964790344238e+02 1.840382862091064453e+02 3.561108756065368652e+02 1.977215576171875000e+02 3.592115235328674316e+02 2.000000000000000000e+00
5.020961380004882812e+02 1.872540092468261719e+02 5.104082107543945312e+02 1.935066819190979004e+02 5.185430908203125000e+02 1.993969702720642090e+02 1.000000000000000000e+00
3.285470885038375854e+02 3.877152729034423828e+02 3.426418757438659668e+02 3.928462600708007812e+02 3.559015512466430664e+02 3.970083761215209961e+02 2.000000000000000000e+00
5.176199340820312500e+02 3.707376480102539062e+02 5.319234657287597656e+02 3.764534711837768555e+02 5.455460166931152344e+02 3.817896795272827148e+02 2.000000000000000000e+00
1.859741973876953125e+02 3.589668345451354980e+02 2.002692413330078125e+02 3.637017917633056641e+02 2.138518047332763672e+02 3.669681787490844727e+02 2.000000000000000000e+00
4.581249713897705078e+02 1.537298369407653809e+02 4.658100891113281250e+02 1.596460390090942383e+02 4.737580871582031250e+02 1.649567985534667969e+02 1.000000000000000000e+00
5.173773765563964844e+02 3.467040753364562988e+02 5.317717933654785156e+02 3.523760104179382324e+02 5.454091835021972656e+02 3.577201294898986816e+02 2.000000000000000000e+00
5.511722373962402344e+02 3.617580699920654297e+02 5.654903030395507812e+02 3.674783992767333984e+02 5.791676712036132812e+02 3.731135988235473633e+02 2.000000000000000000e+00
3.561943054199218750e+02 2.386302031204104424e+02 3.706127309799194336e+02 2.437860108911991119e+02 3.846654081344604492e+02 2.481471106410026550e+02 2.000000000000000000e+00
1.977015209197998047e+02 3.558960056304931641e+02 2.119931507110595703e+02 3.607252550125122070e+02 2.255383300781250000e+02 3.640572023391723633e+02 2.000000000000000000e+00
5.489096641540527344e+02 3.882250070571899414e+02 5.632751464843750000e+02 3.939562511444091797e+02 5.768309402465820312e+02 3.995629119873046875e+02 2.000000000000000000e+00
2.115544605255126953e+02 3.481289434432983398e+02 2.257964134216308594e+02 3.529953360557556152e+02 2.393958854675292969e+02 3.564103746414184570e+02 2.000000000000000000e+00
4.605793190002441406e+02 2.856345856189727783e+02 4.748832130432128906e+02 2.909473299980163574e+02 4.887366294860839844e+02 2.960685467720031738e+02 2.000000000000000000e+00
1.390560913085937500e+02 3.548947834968566895e+02 1.534441375732421875e+02 3.595724558830261230e+02 1.671569919586181641e+02 3.624795627593994141e+02 2.000000000000000000e+00
1.226541709899902344e+02 3.616723108291625977e+02 1.371071815490722656e+02 3.663294410705566406e+02 1.507829475402832031e+02 3.691179943084716797e+02 2.000000000000000000e+00
3.282522279024124146e+02 3.245109915733337402e+02 3.424378657341003418e+02 3.296641302108764648e+02 3.561485910415649414e+02 3.337003540992736816e+02 2.000000000000000000e+00
2.271832275390625000e+02 2.477592319250106812e+02 2.415494966506958008e+02 2.526988077163696289e+02 2.556840944290161133e+02 2.562543350458145142e+02 2.000000000000000000e+00
1.342316818237304688e+02 2.772640085220336914e+02 1.487807846069335938e+02 2.819671332836151123e+02 1.628969860076904297e+02 2.848953580856323242e+02 2.000000000000000000e+00
2.643425893783569336e+02 2.439767611026763916e+02 2.787635469436645508e+02 2.490109562873840332e+02 2.927363896369934082e+02 2.527767035365104675e+02 2.000000000000000000e+00
5.534852981567382812e+02 3.737167167663574219e+02 5.677828979492187500e+02 3.794466876983642578e+02 5.814071655273437500e+02 3.850808429718017578e+02 2.000000000000000000e+00
1.651902770996093750e+02 3.410775518417358398e+02 1.795175266265869141e+02 3.457825684547424316e+02 1.932827091217041016e+02 3.487448143959045410e+02 2.000000000000000000e+00
4.388985633850097656e+02 1.754640913009643555e+02 4.468228149414062500e+02 1.815266990661621094e+02 4.544966411590576172e+02 1.870304846763610840e+02 1.000000000000000000e+00
2.954000234603881836e+02 2.431293795257806778e+02 3.096887207031250000e+02 2.481956943869590759e+02 3.239107972383499146e+02 2.520269626379013062e+02 2.000000000000000000e+00
4.057211303710937500e+02 1.903597390651702881e+02 4.132805824279785156e+02 1.968563067913055420e+02 4.206053829193115234e+02 2.026056647300720215e+02 1.000000000000000000e+00
5.477400016784667969e+02 3.108373117446899414e+02 5.621652221679687500e+02 3.164363408088684082e+02 5.762386512756347656e+02 3.220069956779479980e+02 2.000000000000000000e+00
5.260492515563964844e+02 3.752327013015747070e+02 5.403673744201660156e+02 3.809075975418090820e+02 5.540340042114257812e+02 3.863834953308105469e+02 2.000000000000000000e+00
1.321021842956542969e+02 2.724831247329711914e+02 1.466250801086425781e+02 2.772084689140319824e+02 1.607491397857666016e+02 2.801239657402038574e+02 2.000000000000000000e+00
4.201279354095458984e+02 3.414709210395812988e+02 4.342776203155517578e+02 3.467995691299438477e+02 4.477799129486083984e+02 3.515438318252563477e+02 2.000000000000000000e+00
2.730167245864868164e+02 3.738033485412597656e+02 2.872311401367187500e+02 3.788089942932128906e+02 3.005170893669128418e+02 3.825321722030639648e+02 2.000000000000000000e+00
3.625804471969604492e+02 4.332983779907226562e+02 3.765318012237548828e+02 4.385619306564331055e+02 3.895651245117187500e+02 4.429645729064941406e+02 2.000000000000000000e+00
3.810103464126586914e+02 4.397505855560302734e+02 3.950259113311767578e+02 4.451022434234619141e+02 4.079583168029785156e+02 4.495961952209472656e+02 2.000000000000000000e+00
1.221189308166503906e+02 2.812105751037597656e+02 1.366545867919921875e+02 2.858810126781463623e+02 1.508320045471191406e+02 2.887063336372375488e+02 2.000000000000000000e+00
3.417827463150024414e+02 4.472406721115112305e+02 3.557645273208618164e+02 4.524943971633911133e+02 3.686192655563354492e+02 4.567486953735351562e+02 2.000000000000000000e+00
3.025458681583404541e+02 3.717733526229858398e+02 3.167413634061813354e+02 3.769148969650268555e+02 3.300829160213470459e+02 3.808908748626708984e+02 2.000000000000000000e+00
1.582466888427734375e+02 4.426683998107910156e+02 1.724690246582031250e+02 4.474294853210449219e+02 1.856699085235595703e+02 4.505328798294067383e+02 2.000000000000000000e+00
3.507458496093750000e+02 2.428501436859369278e+02 3.651493215560913086e+02 2.481169894337654114e+02 3.792821359634399414e+02 2.523398905992507935e+02 2.000000000000000000e+00
1.634541130065917969e+02 3.865405941009521484e+02 1.776780796051025391e+02 3.912884330749511719e+02 1.910833072662353516e+02 3.943640756607055664e+02 2.000000000000000000e+00
5.419553184509277344e+02 3.144878554344177246e+02 5.563242912292480469e+02 3.200664710998535156e+02 5.703612709045410156e+02 3.255654931068420410e+02 2.000000000000000000e+00
2.305269718170166016e+02 3.021637916564941406e+02 2.447097921371459961e+02 3.070814251899719238e+02 2.586248445510864258e+02 3.106626319885253906e+02 2.000000000000000000e+00
3.691937589645385742e+02 4.316366386413574219e+02 3.832109069824218750e+02 4.369437360763549805e+02 3.962508869171142578e+02 4.414170026779174805e+02 2.000000000000000000e+00
1.224402809143066406e+02 3.406213760375976562e+02 1.368900489807128906e+02 3.453588294982910156e+02 1.507156944274902344e+02 3.481698346138000488e+02 2.000000000000000000e+00
2.387584686279296875e+02 2.446622318029403687e+02 2.532999563217163086e+02 2.495872351527214050e+02 2.673611736297607422e+02 2.531696784496307373e+02 2.000000000000000000e+00
5.245425987243652344e+02 3.672874832153320312e+02 5.388339805603027344e+02 3.729415369033813477e+02 5.524987220764160156e+02 3.784134006500244141e+02 2.000000000000000000e+00
1.330231666564941406e+02 4.195701456069946289e+02 1.473420143127441406e+02 4.242579746246337891e+02 1.605754947662353516e+02 4.270479583740234375e+02 2.000000000000000000e+00
1.754139804840087891e+02 3.915996837615966797e+02 1.896313762664794922e+02 3.963829421997070312e+02 2.029814910888671875e+02 3.994497442245483398e+02 2.000000000000000000e+00
4.105610656738281250e+02 1.744050264358520508e+02 4.178798580169677734e+02 1.805762743949890137e+02 4.251724529266357422e+02 1.859832572937011719e+02 1.000000000000000000e+00
5.041501426696777344e+02 4.077084159851074219e+02 5.183477783203125000e+02 4.133872461318969727e+02 5.316105461120605469e+02 4.188001441955566406e+02 2.000000000000000000e+00
1.263287162780761719e+02 2.749343276023864746e+02 1.409189224243164062e+02 2.796132230758666992e+02 1.551206398010253906e+02 2.824821496009826660e+02 2.000000000000000000e+00
3.658928823471069336e+02 4.510664176940917969e+02 3.798516225814819336e+02 4.563918256759643555e+02 3.927489614486694336e+02 4.608048248291015625e+02 2.000000000000000000e+00
5.348499870300292969e+02 3.319506239891052246e+02 5.492233848571777344e+02 3.376226520538330078e+02 5.630460166931152344e+02 3.431014752388000488e+02 2.000000000000000000e+00
1.108413505554199219e+02 2.654305440187454224e+02 1.254620170593261719e+02 2.701479828357696533e+02 1.397241210937500000e+02 2.729309391975402832e+02 2.000000000000000000e+00
1.519369506835937500e+02 3.637733173370361328e+02 1.662785911560058594e+02 3.685564041137695312e+02 1.799631500244140625e+02 3.715328979492187500e+02 2.000000000000000000e+00
3.163020628690719604e+02 3.737468004226684570e+02 3.304931342601776123e+02 3.788936233520507812e+02 3.438016676902770996e+02 3.829487085342407227e+02 2.000000000000000000e+00
4.698613643646240234e+02 2.914432096481323242e+02 4.841649436950683594e+02 2.967474389076232910e+02 4.981243324279785156e+02 3.018788480758666992e+02 2.000000000000000000e+00
3.454337477684020996e+02 3.357586383819580078e+02 3.595315551757812500e+02 3.410662865638732910e+02 3.732652902603149414e+02 3.452494597434997559e+02 2.000000000000000000e+00
4.199899578094482422e+02 4.499750804901123047e+02 4.340433692932128906e+02 4.554620790481567383e+02 4.470014667510986328e+02 4.602517175674438477e+02 2.000000000000000000e+00
3.886144399642944336e+02 3.577740812301635742e+02 4.028284931182861328e+02 3.631405735015869141e+02 4.163196086883544922e+02 3.675852727890014648e+02 2.000000000000000000e+00
1.804718303680419922e+02 2.673745733499526978e+02 1.950330829620361328e+02 2.721849703788757324e+02 2.091369724273681641e+02 2.754112279415130615e+02 2.000000000000000000e+00
1.691617393493652344e+02 3.900051355361938477e+02 1.834165477752685547e+02 3.947179985046386719e+02 1.967441082000732422e+02 3.977823829650878906e+02 2.000000000000000000e+00
1.465373992919921875e+02 2.856767606735229492e+02 1.609826374053955078e+02 2.904260587692260742e+02 1.751184654235839844e+02 2.934195578098297119e+02 2.000000000000000000e+00
2.038711357116699219e+02 3.068858385086059570e+02 2.181358337402343750e+02 3.117497920989990234e+02 2.318534183502197266e+02 3.150622630119323730e+02 2.000000000000000000e+00
3.826226186752319336e+02 4.484502410888671875e+02 3.966779804229736328e+02 4.537131786346435547e+02 4.095447063446044922e+02 4.582551097869873047e+02 2.000000000000000000e+00
3.147113949060440063e+02 3.669799232482910156e+02 3.289425355195999146e+02 3.721167039871215820e+02 3.423366713523864746e+02 3.761647367477416992e+02 2.000000000000000000e+00
1.755115509033203125e+02 4.305262899398803711e+02 1.896532917022705078e+02 4.352910518646240234e+02 2.028646373748779297e+02 4.384544134140014648e+02 2.000000000000000000e+00
4.312728881835937500e+02 4.114911603927612305e+02 4.454030132293701172e+02 4.169324684143066406e+02 4.585155391693115234e+02 4.217813873291015625e+02 2.000000000000000000e+00
2.121751976013183594e+02 3.184003615379333496e+02 2.264458179473876953e+02 3.232697153091430664e+02 2.402743530273437500e+02 3.266029715538024902e+02 2.000000000000000000e+00
4.569582271575927734e+02 1.791427445411682129e+02 4.652910137176513672e+02 1.851832544803619385e+02 4.731149959564208984e+02 1.908155643939971924e+02 1.000000000000000000e+00
4.986136245727539062e+02 3.902203130722045898e+02 5.129711914062500000e+02 3.957942008972167969e+02 5.263035392761230469e+02 4.011157608032226562e+02 2.000000000000000000e+00
5.014822769165039062e+02 4.420731353759765625e+02 5.156013298034667969e+02 4.478190422058105469e+02 5.287372398376464844e+02 4.532572174072265625e+02 2.000000000000000000e+00
5.012729454040527344e+02 4.351184749603271484e+02 5.153870964050292969e+02 4.408239841461181641e+02 5.285389518737792969e+02 4.462475395202636719e+02 2.000000000000000000e+00
2.598995065689086914e+02 2.513360604643821716e+02 2.743326091766357422e+02 2.563625800609588623e+02 2.883813786506652832e+02 2.600707411766052246e+02 2.000000000000000000e+00
1.628486442565917969e+02 3.975136184692382812e+02 1.771197986602783203e+02 4.022380113601684570e+02 1.903860187530517578e+02 4.052922391891479492e+02 2.000000000000000000e+00
4.181504821777343750e+02 4.229300594329833984e+02 4.322272396087646484e+02 4.283505392074584961e+02 4.452986431121826172e+02 4.331447839736938477e+02 2.000000000000000000e+00
3.717302846908569336e+02 3.885414505004882812e+02 3.858111286163330078e+02 3.937667369842529297e+02 3.991236877441406250e+02 3.982390165328979492e+02 2.000000000000000000e+00
4.114404582977294922e+02 2.982973051071166992e+02 4.257381629943847656e+02 3.036299800872802734e+02 4.395982646942138672e+02 3.082315421104431152e+02 2.000000000000000000e+00
2.535083150863647461e+02 3.982918739318847656e+02 2.675635957717895508e+02 4.031382894515991211e+02 2.808037710189819336e+02 4.067073726654052734e+02 2.000000000000000000e+00
3.051020812988281250e+02 3.655801820755004883e+02 3.192915648967027664e+02 3.706937885284423828e+02 3.326929628849029541e+02 3.747237682342529297e+02 2.000000000000000000e+00
2.064813518524169922e+02 4.014854764938354492e+02 2.206309032440185547e+02 4.063985681533813477e+02 2.338916015625000000e+02 4.097004747390747070e+02 2.000000000000000000e+00
1.463251495361328125e+02 3.824253559112548828e+02 1.606596660614013672e+02 3.871551275253295898e+02 1.742294406890869141e+02 3.902694797515869141e+02 2.000000000000000000e+00
4.986623954772949219e+02 4.292492723464965820e+02 5.127835083007812500e+02 4.349266433715820312e+02 5.259255981445312500e+02 4.402609348297119141e+02 2.000000000000000000e+00
2.008978080749511719e+02 3.108347225189208984e+02 2.152107524871826172e+02 3.157176518440246582e+02 2.288861656188964844e+02 3.190001893043518066e+02 2.000000000000000000e+00
1.729568767547607422e+02 3.648767423629760742e+02 1.872635459899902344e+02 3.696263551712036133e+02 2.008986473083496094e+02 3.728144359588623047e+02 2.000000000000000000e+00
5.190143394470214844e+02 3.768057060241699219e+02 5.332993125915527344e+02 3.824657106399536133e+02 5.468451499938964844e+02 3.878433036804199219e+02 2.000000000000000000e+00
2.116845798492431641e+02 3.880801534652709961e+02 2.258975315093994141e+02 3.929598140716552734e+02 2.392740631103515625e+02 3.963462066650390625e+02 2.000000000000000000e+00
2.292031955718994141e+02 4.014248085021972656e+02 2.433017873764038086e+02 4.063486433029174805e+02 2.566701650619506836e+02 4.096929073333740234e+02 2.000000000000000000e+00
1.634801483154296875e+02 3.637471961975097656e+02 1.777682781219482422e+02 3.685316562652587891e+02 1.914220523834228516e+02 3.716104745864868164e+02 2.000000000000000000e+00
2.570945405960083008e+02 3.004673480987548828e+02 2.713744497299194336e+02 3.054891729354858398e+02 2.852381896972656250e+02 3.091327857971191406e+02 2.000000000000000000e+00
1.965526676177978516e+02 4.532054615020751953e+02 2.106772422790527344e+02 4.578782415390014648e+02 2.236316776275634766e+02 4.612375545501708984e+02 2.000000000000000000e+00
5.072407913208007812e+02 3.074051856994628906e+02 5.215467643737792969e+02 3.129916405677795410e+02 5.353511428833007812e+02 3.182600140571594238e+02 2.000000000000000000e+00
3.231228333711624146e+02 3.239161705970764160e+02 3.373208618164062500e+02 3.290859389305114746e+02 3.510225844383239746e+02 3.331031870841979980e+02 2.000000000000000000e+00
2.061291217803955078e+02 3.186133790016174316e+02 2.203996372222900391e+02 3.235030889511108398e+02 2.341464710235595703e+02 3.267825365066528320e+02 2.000000000000000000e+00
1.831841754913330078e+02 3.242593431472778320e+02 1.974991416931152344e+02 3.290406203269958496e+02 2.112777709960937500e+02 3.323222994804382324e+02 2.000000000000000000e+00
3.998317575454711914e+02 4.476609849929809570e+02 4.138360595703125000e+02 4.530660867691040039e+02 4.267819499969482422e+02 4.577116155624389648e+02 2.000000000000000000e+00
5.478018188476562500e+02 3.689351320266723633e+02 5.621674919128417969e+02 3.746061229705810547e+02 5.758574867248535156e+02 3.802831792831420898e+02 2.000000000000000000e+00
4.428012752532958984e+02 3.192618727684020996e+02 4.570280456542968750e+02 3.247033739089965820e+02 4.707098102569580078e+02 3.295315003395080566e+02 2.000000000000000000e+00
3.372672426700592041e+02 2.236304014921188354e+02 3.517680978775024414e+02 2.288037103414535522e+02 3.659355163574218750e+02 2.329672846198081970e+02 2.000000000000000000e+00
3.543995976448059082e+02 3.351640391349792480e+02 3.684984731674194336e+02 3.404191017150878906e+02 3.821702575683593750e+02 3.445940279960632324e+02 2.000000000000000000e+00
2.256169891357421875e+02 3.795372104644775391e+02 2.397840595245361328e+02 3.843906354904174805e+02 2.531791543960571289e+02 3.878371381759643555e+02 2.000000000000000000e+00
3.349430239200592041e+02 3.801778364181518555e+02 3.490711069107055664e+02 3.854153537750244141e+02 3.623649311065673828e+02 3.895099496841430664e+02 2.000000000000000000e+00
4.512739562988281250e+02 3.012697792053222656e+02 4.654747295379638672e+02 3.066219806671142578e+02 4.793109416961669922e+02 3.115676951408386230e+02 2.000000000000000000e+00
2.554493856430053711e+02 3.301039767265319824e+02 2.697434997558593750e+02 3.350076055526733398e+02 2.833011460304260254e+02 3.386569261550903320e+02 2.000000000000000000e+00
3.271998292207717896e+02 3.726735019683837891e+02 3.413391733169555664e+02 3.778522109985351562e+02 3.546278691291809082e+02 3.819494104385375977e+02 2.000000000000000000e+00
4.137395000457763672e+02 3.489821863174438477e+02 4.278397274017333984e+02 3.543437290191650391e+02 4.413428688049316406e+02 3.590464854240417480e+02 2.000000000000000000e+00
2.055130863189697266e+02 4.393072271347045898e+02 2.195836353302001953e+02 4.440958356857299805e+02 2.325143909454345703e+02 4.474497127532958984e+02 2.000000000000000000e+00
1.929934406280517578e+02 3.482577538490295410e+02 2.073707103729248047e+02 3.530507898330688477e+02 2.208933830261230469e+02 3.563580679893493652e+02 2.000000000000000000e+00
2.392158508300781250e+02 4.441326713562011719e+02 2.533017253875732422e+02 4.490964174270629883e+02 2.662065744400024414e+02 4.526670598983764648e+02 2.000000000000000000e+00
3.103591918945312500e+02 3.582439327239990234e+02 3.245404359698295593e+02 3.633248949050903320e+02 3.380461120605468750e+02 3.674269437789916992e+02 2.000000000000000000e+00
3.911915588378906250e+02 3.143807101249694824e+02 4.054009723663330078e+02 3.195210313796997070e+02 4.192148494720458984e+02 3.241333937644958496e+02 2.000000000000000000e+00
1.520648956298828125e+02 2.664250802993774414e+02 1.665618610382080078e+02 2.712397170066833496e+02 1.807077026367187500e+02 2.742142975330352783e+02 2.000000000000000000e+00
4.746293926239013672e+02 4.135461759567260742e+02 4.888220787048339844e+02 4.191800022125244141e+02 5.020203018188476562e+02 4.243236494064331055e+02 2.000000000000000000e+00
5.541625404357910156e+02 3.896656322479248047e+02 5.684380531311035156e+02 3.954994010925292969e+02 5.820238685607910156e+02 4.011533832550048828e+02 2.000000000000000000e+00
4.297381591796875000e+02 3.300259780883789062e+02 4.440041255950927734e+02 3.355268597602844238e+02 4.575945472717285156e+02 3.403172063827514648e+02 2.000000000000000000e+00
1.449663352966308594e+02 3.933157968521118164e+02 1.593486404418945312e+02 3.980038547515869141e+02 1.727334594726562500e+02 4.010606145858764648e+02 2.000000000000000000e+00
4.914342308044433594e+02 2.350261531770229340e+02 5.057375144958496094e+02 2.404706268757581711e+02 5.201406860351562500e+02 2.455638277530670166e+02 2.000000000000000000e+00
3.499592280387878418e+02 4.387367391586303711e+02 3.638884592056274414e+02 4.439695501327514648e+02 3.768760061264038086e+02 4.483884429931640625e+02 2.000000000000000000e+00
1.600535583496093750e+02 2.665751355886459351e+02 1.745377349853515625e+02 2.713878786563873291e+02 1.887128543853759766e+02 2.744120800495147705e+02 2.000000000000000000e+00
1.614642906188964844e+02 4.464721155166625977e+02 1.756489372253417969e+02 4.512425279617309570e+02 1.887875175476074219e+02 4.543668365478515625e+02 2.000000000000000000e+00
4.990727806091308594e+02 2.391940459795296192e+02 5.134327507019042969e+02 2.445783390104770660e+02 5.277795410156250000e+02 2.497331857681274414e+02 2.000000000000000000e+00
4.322487163543701172e+02 3.766831398010253906e+02 4.464137268066406250e+02 3.821086549758911133e+02 4.598604488372802734e+02 3.868740034103393555e+02 2.000000000000000000e+00
2.612834167480468750e+02 3.796400499343872070e+02 2.754523897171020508e+02 3.845286369323730469e+02 2.887528681755065918e+02 3.882450056076049805e+02 2.000000000000000000e+00
3.985603952407836914e+02 3.585104727745056152e+02 4.126755428314208984e+02 3.637544918060302734e+02 4.262201595306396484e+02 3.684022235870361328e+02 2.000000000000000000e+00
3.695837116241455078e+02 4.365488147735595703e+02 3.836048603057861328e+02 4.418534946441650391e+02 3.965806913375854492e+02 4.463541984558105469e+02 2.000000000000000000e+00
1.596265602111816406e+02 4.057535791397094727e+02 1.738820934295654297e+02 4.104797172546386719e+02 1.871915721893310547e+02 4.135525274276733398e+02 2.000000000000000000e+00
3.732510709762573242e+02 3.253060984611511230e+02 3.873915433883666992e+02 3.304737567901611328e+02 4.011134624481201172e+02 3.348219966888427734e+02 2.000000000000000000e+00
1.728200054168701172e+02 3.839816951751708984e+02 1.870980167388916016e+02 3.886970615386962891e+02 2.004916381835937500e+02 3.917986822128295898e+02 2.000000000000000000e+00
2.855670762062072754e+02 2.375179595500230789e+02 2.998291015625000000e+02 2.425585328042507172e+02 3.140945130586624146e+02 2.464162141084671021e+02 2.000000000000000000e+00
2.340167522430419922e+02 4.307311820983886719e+02 2.481733560562133789e+02 4.356688356399536133e+02 2.612102031707763672e+02 4.392312097549438477e+02 2.000000000000000000e+00
4.147461605072021484e+02 4.485301923751831055e+02 4.287668514251708984e+02 4.539688825607299805e+02 4.417619991302490234e+02 4.587317276000976562e+02 2.000000000000000000e+00
5.025210571289062500e+02 3.698881530761718750e+02 5.167191886901855469e+02 3.754736423492431641e+02 5.302300453186035156e+02 3.806832933425903320e+02 2.000000000000000000e+00
1.662337779998779297e+02 4.530765151977539062e+02 1.804296875000000000e+02 4.578381729125976562e+02 1.935956382751464844e+02 4.609475469589233398e+02 2.000000000000000000e+00
5.403394889831542969e+02 3.850300025939941406e+02 5.546615028381347656e+02 3.907566976547241211e+02 5.683061599731445312e+02 3.963264226913452148e+02 2.000000000000000000e+00
1.629984569549560547e+02 3.807298421859741211e+02 1.772853660583496094e+02 3.854601573944091797e+02 1.907519054412841797e+02 3.885553979873657227e+02 2.000000000000000000e+00
5.036706542968750000e+02 2.536331641674041748e+02 5.180788040161132812e+02 2.591640025377273560e+02 5.323141479492187500e+02 2.643775945901870728e+02 2.000000000000000000e+00
5.098168945312500000e+02 3.235329937934875488e+02 5.240963745117187500e+02 3.291426157951354980e+02 5.378629875183105469e+02 3.344149804115295410e+02 2.000000000000000000e+00
3.808742380142211914e+02 4.286780834197998047e+02 3.948448514938354492e+02 4.340599536895751953e+02 4.079488563537597656e+02 4.385597991943359375e+02 2.000000000000000000e+00
1.442604827880859375e+02 2.733958160877227783e+02 1.587624359130859375e+02 2.781588149070739746e+02 1.729474925994873047e+02 2.810830092430114746e+02 2.000000000000000000e+00
2.481069803237915039e+02 2.995175814628601074e+02 2.623736858367919922e+02 3.045833444595336914e+02 2.763161325454711914e+02 3.081454467773437500e+02 2.000000000000000000e+00
1.904041767120361328e+02 3.674859952926635742e+02 2.046397686004638672e+02 3.723338127136230469e+02 2.182574558258056641e+02 3.754765033721923828e+02 2.000000000000000000e+00
2.496843576431274414e+02 2.453463135659694672e+02 2.642451477050781250e+02 2.502894750237464905e+02 2.782462167739868164e+02 2.539562845230102539e+02 2.000000000000000000e+00
1.743568420410156250e+02 4.572061014175415039e+02 1.885199546813964844e+02 4.620025205612182617e+02 2.017047691345214844e+02 4.651355123519897461e+02 2.000000000000000000e+00
4.713109493255615234e+02 2.973988974094390869e+02 4.855271911621093750e+02 3.027095389366149902e+02 4.994745445251464844e+02 3.077607464790344238e+02 2.000000000000000000e+00
2.906274104118347168e+02 2.424139711260795593e+02 3.049100947380065918e+02 2.474558262526988983e+02 3.191166076809167862e+02 2.513224643468856812e+02 2.000000000000000000e+00
3.282739257812500000e+02 2.566981208324432373e+02 3.425177311897277832e+02 2.617512828111648560e+02 3.564071965217590332e+02 2.657640695571899414e+02 2.000000000000000000e+00
3.305993652343750000e+02 2.304256743192672729e+02 3.449484562873840332e+02 2.355249018967151642e+02 3.592484736442565918e+02 2.396268005110323429e+02 2.000000000000000000e+00
4.567857074737548828e+02 3.791256523132324219e+02 4.710354614257812500e+02 3.846103334426879883e+02 4.844179725646972656e+02 3.895766115188598633e+02 2.000000000000000000e+00
2.034133720397949219e+02 2.731605541706085205e+02 2.178938579559326172e+02 2.779744291305541992e+02 2.316943454742431641e+02 2.813804662227630615e+02 2.000000000000000000e+00
2.283024311065673828e+02 2.545396587252616882e+02 2.426665163040161133e+02 2.594952106475830078e+02 2.568218660354614258e+02 2.629956364631652832e+02 2.000000000000000000e+00
1.515515708923339844e+02 4.228169345855712891e+02 1.657346916198730469e+02 4.275003433227539062e+02 1.790869235992431641e+02 4.303807783126831055e+02 2.000000000000000000e+00
3.243445435166358948e+02 3.850154542922973633e+02 3.384488523006439209e+02 3.901423788070678711e+02 3.517441415786743164e+02 3.942709493637084961e+02 2.000000000000000000e+00
5.402816772460937500e+02 3.256604361534118652e+02 5.546000480651855469e+02 3.313742136955261230e+02 5.684897422790527344e+02 3.367801237106323242e+02 2.000000000000000000e+00
2.172265720367431641e+02 3.419255733489990234e+02 2.314583396911621094e+02 3.468273997306823730e+02 2.451473379135131836e+02 3.502861976623535156e+02 2.000000000000000000e+00
5.028302001953125000e+02 3.300498104095458984e+02 5.172642326354980469e+02 3.356028771400451660e+02 5.309600830078125000e+02 3.408024930953979492e+02 2.000000000000000000e+00
2.183561801910400391e+02 4.151627969741821289e+02 2.324625205993652344e+02 4.199940919876098633e+02 2.456755065917968750e+02 4.234737682342529297e+02 2.000000000000000000e+00
5.152473258972167969e+02 2.274317926168441772e+02 5.297463417053222656e+02 2.329216611385345459e+02 5.441443443298339844e+02 2.383111571520566940e+02 2.000000000000000000e+00
4.718929767608642578e+02 3.185281133651733398e+02 4.862311172485351562e+02 3.240004348754882812e+02 4.998823356628417969e+02 3.289679932594299316e+02 2.000000000000000000e+00
4.781947040557861328e+02 1.804478430747985840e+02 4.863645935058593750e+02 1.865968751907348633e+02 4.946027565002441406e+02 1.923414731025695801e+02 1.000000000000000000e+00
2.043346977233886719e+02 3.426364159584045410e+02 2.185737609863281250e+02 3.475350379943847656e+02 2.322371482849121094e+02 3.508548045158386230e+02 2.000000000000000000e+00
5.376391029357910156e+02 3.950438976287841797e+02 5.519030761718750000e+02 4.007750988006591797e+02 5.654263877868652344e+02 4.063311481475830078e+02 2.000000000000000000e+00
1.442245864868164062e+02 2.683999335765838623e+02 1.587281227111816406e+02 2.731689763069152832e+02 1.729205036163330078e+02 2.760975050926208496e+02 2.000000000000000000e+00
3.246938475966453552e+02 2.326560969650745392e+02 3.390289306640625000e+02 2.377628172934055328e+02 3.533795166015625000e+02 2.418281556665897369e+02 2.000000000000000000e+00
2.957996511459350586e+02 3.763330507278442383e+02 3.099731135368347168e+02 3.814040279388427734e+02 3.233208924531936646e+02 3.853432989120483398e+02 2.000000000000000000e+00
4.462051105499267578e+02 3.249519681930541992e+02 4.603888225555419922e+02 3.304467201232910156e+02 4.741015052795410156e+02 3.353098225593566895e+02 2.000000000000000000e+00
4.564866638183593750e+02 3.296955943107604980e+02 4.706510639190673828e+02 3.351843309402465820e+02 4.844078636169433594e+02 3.401850056648254395e+02 2.000000000000000000e+00
1.910041141510009766e+02 4.073200178146362305e+02 2.052368927001953125e+02 4.121263790130615234e+02 2.184019565582275391e+02 4.153686046600341797e+02 2.000000000000000000e+00
1.216234207153320312e+02 3.318815946578979492e+02 1.360759162902832031e+02 3.366100788116455078e+02 1.499406433105468750e+02 3.394274640083312988e+02 2.000000000000000000e+00
3.674563598632812500e+02 2.518495336174964905e+02 3.817176198959350586e+02 2.570543217658996582e+02 3.959463834762573242e+02 2.614330458641052246e+02 2.000000000000000000e+00
3.500065922737121582e+02 3.293826055526733398e+02 3.641376352310180664e+02 3.346224403381347656e+02 3.777783536911010742e+02 3.388219356536865234e+02 2.000000000000000000e+00
4.146404170989990234e+02 2.900658273696899414e+02 4.289385414123535156e+02 2.953748488426208496e+02 4.428677082061767578e+02 2.999759566783905029e+02 2.000000000000000000e+00
2.252690887451171875e+02 2.630563670396804810e+02 2.396651935577392578e+02 2.679626476764678955e+02 2.537069845199584961e+02 2.714718961715698242e+02 2.000000000000000000e+00
1.873960113525390625e+02 3.516605615615844727e+02 2.017292881011962891e+02 3.565007114410400391e+02 2.153175449371337891e+02 3.596999859809875488e+02 2.000000000000000000e+00
4.761138629913330078e+02 3.439340901374816895e+02 4.903999710083007812e+02 3.494537687301635742e+02 5.041183471679687500e+02 3.545084595680236816e+02 2.000000000000000000e+00
2.586867380142211914e+02 2.826374530792236328e+02 2.730712270736694336e+02 2.875557875633239746e+02 2.869228506088256836e+02 2.912802135944366455e+02 2.000000000000000000e+00
1.921897411346435547e+02 2.682586687803268433e+02 2.066329669952392578e+02 2.730834674835205078e+02 2.206492710113525391e+02 2.763715231418609619e+02 2.000000000000000000e+00
5.466159629821777344e+02 3.561358380317687988e+02 5.610282707214355469e+02 3.617563533782958984e+02 5.747484779357910156e+02 3.674150133132934570e+02 2.000000000000000000e+00
5.431896400451660156e+02 4.152166557312011719e+02 5.574232292175292969e+02 4.211044120788574219e+02 5.707082557678222656e+02 4.266067028045654297e+02 2.000000000000000000e+00
2.333676910400390625e+02 3.770629978179931641e+02 2.475148773193359375e+02 3.818618488311767578e+02 2.608617258071899414e+02 3.854081439971923828e+02 2.000000000000000000e+00
3.979109191894531250e+02 4.292500448226928711e+02 4.119594764709472656e+02 4.345375156402587891e+02 4.249218177795410156e+02 4.391874217987060547e+02 2.000000000000000000e+00
2.778164052963256836e+02 3.936274766921997070e+02 2.919423222541809082e+02 3.986238813400268555e+02 3.051740109920501709e+02 4.024816989898681641e+02 2.000000000000000000e+00
5.208959960937500000e+02 2.439013673365116119e+02 5.353561401367187500e+02 2.494172519445419312e+02 5.495997428894042969e+02 2.547335216403007507e+02 2.000000000000000000e+00
4.322051715850830078e+02 3.524021959304809570e+02 4.464249324798583984e+02 3.578271818161010742e+02 4.598513507843017578e+02 3.626098108291625977e+02 2.000000000000000000e+00
5.418643760681152344e+02 1.610835385322570801e+02 5.504038810729980469e+02 1.678774666786193848e+02 5.589011955261230469e+02 1.744871306419372559e+02 1.000000000000000000e+00
5.442761230468750000e+02 3.052274823188781738e+02 5.586085891723632812e+02 3.107001686096191406e+02 5.727179527282714844e+02 3.163149118423461914e+02 2.000000000000000000e+00
2.602730083465576172e+02 2.404212951846420765e+02 2.747063875198364258e+02 2.454411470890045166e+02 2.887178945541381836e+02 2.492070624232292175e+02 2.000000000000000000e+00
4.882531547546386719e+02 2.656523448228836060e+02 5.026613426208496094e+02 2.711460578441619873e+02 5.167745971679687500e+02 2.762481415271759033e+02 2.000000000000000000e+00
4.677804851531982422e+02 4.153417825698852539e+02 4.819935989379882812e+02 4.208711957931518555e+02 4.952407264709472656e+02 4.259654045104980469e+02 2.000000000000000000e+00
3.464201974868774414e+02 2.747200942039489746e+02 3.607452726364135742e+02 2.800288724899291992e+02 3.746156644821166992e+02 2.842103612422943115e+02 2.000000000000000000e+00
3.565855097770690918e+02 4.469576454162597656e+02 3.705302762985229492e+02 4.522551727294921875e+02 3.834322500228881836e+02 4.566088056564331055e+02 2.000000000000000000e+00
4.041320228576660156e+02 1.779377889633178711e+02 4.115094280242919922e+02 1.843432581424713135e+02 4.187491130828857422e+02 1.899260830879211426e+02 1.000000000000000000e+00
4.758229732513427734e+02 3.369217300415039062e+02 4.901273536682128906e+02 3.424210238456726074e+02 5.038336563110351562e+02 3.474679327011108398e+02 2.000000000000000000e+00
5.434794998168945312e+02 4.204701089859008789e+02 5.576945877075195312e+02 4.262932205200195312e+02 5.709527015686035156e+02 4.318097591400146484e+02 2.000000000000000000e+00
3.031566154956817627e+02 2.370706479996442795e+02 3.175342102348804474e+02 2.422079620510339737e+02 3.317675173282623291e+02 2.461533357203006744e+02 2.000000000000000000e+00
3.919753122329711914e+02 4.224654579162597656e+02 4.060789489746093750e+02 4.277990770339965820e+02 4.191975116729736328e+02 4.324343919754028320e+02 2.000000000000000000e+00
5.562990188598632812e+02 4.047009086608886719e+02 5.705629920959472656e+02 4.104991292953491211e+02 5.840381431579589844e+02 4.161863565444946289e+02 2.000000000000000000e+00
5.555327224731445312e+02 3.364524865150451660e+02 5.700189208984375000e+02 3.421509790420532227e+02 5.837791824340820312e+02 3.476846981048583984e+02 2.000000000000000000e+00
2.723316049575805664e+02 2.731934523582458496e+02 2.867342829704284668e+02 2.782536935806274414e+02 3.005710136890411377e+02 2.820888698101043701e+02 2.000000000000000000e+00
4.959298133850097656e+02 3.265025353431701660e+02 5.102309226989746094e+02 3.321460604667663574e+02 5.239948844909667969e+02 3.373320651054382324e+02 2.000000000000000000e+00
2.474401235580444336e+02 4.066888761520385742e+02 2.615759277343750000e+02 4.115708971023559570e+02 2.747278738021850586e+02 4.151867723464965820e+02 2.000000000000000000e+00
4.154071712493896484e+02 3.438050580024719238e+02 4.295429706573486328e+02 3.491705060005187988e+02 4.430464172363281250e+02 3.538673186302185059e+02 2.000000000000000000e+00
3.548390197753906250e+02 3.430946087837219238e+02 3.689318227767944336e+02 3.484111690521240234e+02 3.826018381118774414e+02 3.526071810722351074e+02 2.000000000000000000e+00
3.039564204216003418e+02 3.970611047744750977e+02 3.180995178222656250e+02 4.021792030334472656e+02 3.312531435489654541e+02 4.061487865447998047e+02 2.000000000000000000e+00
2.757616281509399414e+02 4.247989225387573242e+02 2.898287343978881836e+02 4.298328924179077148e+02 3.029233086109161377e+02 4.335906171798706055e+02 2.000000000000000000e+00
5.286531448364257812e+02 2.995777630805969238e+02 5.430361366271972656e+02 3.051583600044250488e+02 5.569782829284667969e+02 3.104909992218017578e+02 2.000000000000000000e+00
3.590987253189086914e+02 4.517971944808959961e+02 3.730656433105468750e+02 4.571292829513549805e+02 3.859209012985229492e+02 4.615025711059570312e+02 2.000000000000000000e+00
4.925646781921386719e+02 2.582109689712524414e+02 5.069893264770507812e+02 2.636407184600830078e+02 5.211201858520507812e+02 2.687786883115768433e+02 2.000000000000000000e+00
1.805335330963134766e+02 4.011481475830078125e+02 1.947509860992431641e+02 4.058886766433715820e+02 2.080076599121093750e+02 4.090631532669067383e+02 2.000000000000000000e+00
3.630314350128173828e+02 3.303961515426635742e+02 3.771928739547729492e+02 3.356818914413452148e+02 3.908140897750854492e+02 3.398308467864990234e+02 2.000000000000000000e+00
3.734538602828979492e+02 4.164246654510498047e+02 3.875757741928100586e+02 4.217018795013427734e+02 4.007263469696044922e+02 4.262034416198730469e+02 2.000000000000000000e+00
1.759468555450439453e+02 2.619137281179428101e+02 1.904764080047607422e+02 2.667207652330398560e+02 2.045571613311767578e+02 2.699330770969390869e+02 2.000000000000000000e+00
2.822263789176940918e+02 3.992663383483886719e+02 2.963399338722229004e+02 4.041948080062866211e+02 3.095115959644317627e+02 4.080561017990112305e+02 2.000000000000000000e+00
1.716174125671386719e+02 3.731336116790771484e+01 1.872191715240478516e+02 4.253135204315185547e+01 2.032922840118408203e+02 4.593762874603271484e+01 2.000000000000000000e+00
2.803081655502319336e+02 3.084350323677062988e+02 2.945102834701538086e+02 3.134142208099365234e+02 3.083887636661529541e+02 3.172724676132202148e+02 2.000000000000000000e+00
3.429794001579284668e+02 3.271296143531799316e+02 3.571053767204284668e+02 3.323553514480590820e+02 3.707674551010131836e+02 3.365144991874694824e+02 2.000000000000000000e+00
4.203896808624267578e+02 4.419209718704223633e+02 4.344201660156250000e+02 4.473544979095458984e+02 4.474290466308593750e+02 4.521126508712768555e+02 2.000000000000000000e+00
4.081191444396972656e+02 4.381332206726074219e+02 4.221264076232910156e+02 4.434460544586181641e+02 4.350864315032958984e+02 4.481526660919189453e+02 2.000000000000000000e+00
1.416563987731933594e+02 3.797817134857177734e+02 1.560923004150390625e+02 3.845341014862060547e+02 1.695381450653076172e+02 3.875360727310180664e+02 2.000000000000000000e+00
5.164958572387695312e+02 4.428391885757446289e+02 5.306169509887695312e+02 4.486257362365722656e+02 5.438603591918945312e+02 4.540322685241699219e+02 2.000000000000000000e+00
3.821379709243774414e+02 3.734377527236938477e+02 3.962475585937500000e+02 3.787102174758911133e+02 4.095611858367919922e+02 3.831405687332153320e+02 2.000000000000000000e+00
5.073232841491699219e+02 2.971192038059234619e+02 5.217243766784667969e+02 3.026692199707031250e+02 5.355386352539062500e+02 3.079409837722778320e+02 2.000000000000000000e+00
5.107268714904785156e+02 4.008535909652709961e+02 5.249314689636230469e+02 4.065423345565795898e+02 5.382324218750000000e+02 4.119728422164916992e+02 2.000000000000000000e+00
1.798426055908203125e+02 3.574705553054809570e+02 1.941940784454345703e+02 3.622401237487792969e+02 2.077669239044189453e+02 3.654404354095458984e+02 2.000000000000000000e+00
4.557977962493896484e+02 4.063065290451049805e+02 4.699331378936767578e+02 4.117772054672241211e+02 4.832384300231933594e+02 4.167882728576660156e+02 2.000000000000000000e+00
3.526952815055847168e+02 3.544011282920837402e+02 3.668125295639038086e+02 3.596759390830993652e+02 3.802873849868774414e+02 3.638830661773681641e+02 2.000000000000000000e+00
4.671521949768066406e+02 3.221221375465393066e+02 4.813723564147949219e+02 3.275681519508361816e+02 4.950646400451660156e+02 3.325989747047424316e+02 2.000000000000000000e+00
5.075670814514160156e+02 3.367148780822753906e+02 5.221478843688964844e+02 3.423097300529479980e+02 5.356838417053222656e+02 3.475909495353698730e+02 2.000000000000000000e+00
3.462362360954284668e+02 3.658488893508911133e+02 3.604730224609375000e+02 3.710916566848754883e+02 3.738464689254760742e+02 3.753309631347656250e+02 2.000000000000000000e+00
3.365193486213684082e+02 3.649047946929931641e+02 3.506924748420715332e+02 3.701260471343994141e+02 3.640699148178100586e+02 3.742851591110229492e+02 2.000000000000000000e+00
5.186474037170410156e+02 2.824039649963378906e+02 5.332188796997070312e+02 2.879859960079193115e+02 5.472629356384277344e+02 2.933572733402252197e+02 2.000000000000000000e+00
2.408163595199584961e+02 4.311844253540039062e+02 2.550675058364868164e+02 4.361496734619140625e+02 2.679836130142211914e+02 4.396538257598876953e+02 2.000000000000000000e+00
2.293027305603027344e+02 3.294501399993896484e+02 2.435030031204223633e+02 3.342998671531677246e+02 2.572059917449951172e+02 3.377662396430969238e+02 2.000000000000000000e+00
1.804549694061279297e+02 3.653146076202392578e+02 1.947113132476806641e+02 3.700858497619628906e+02 2.083945465087890625e+02 3.732830858230590820e+02 2.000000000000000000e+00
3.676107168197631836e+02 3.504151082038879395e+02 3.817151498794555664e+02 3.557474398612976074e+02 3.952575683593750000e+02 3.601459407806396484e+02 2.000000000000000000e+00
3.884623718261718750e+02 4.337992000579833984e+02 4.025189208984375000e+02 4.391581821441650391e+02 4.154885292053222656e+02 4.437119007110595703e+02 2.000000000000000000e+00
5.175368690490722656e+02 2.502081459760665894e+02 5.318856811523437500e+02 2.556983649730682373e+02 5.462232017517089844e+02 2.609876114130020142e+02 2.000000000000000000e+00
3.294006347656250000e+02 3.625359535217285156e+02 3.435525202751159668e+02 3.676439523696899414e+02 3.569224238395690918e+02 3.717821359634399414e+02 2.000000000000000000e+00
1.691076946258544922e+02 4.269767618179321289e+02 1.832665538787841797e+02 4.316869640350341797e+02 1.964946460723876953e+02 4.347742652893066406e+02 2.000000000000000000e+00
3.846170377731323242e+02 3.682395029067993164e+02 3.987306213378906250e+02 3.735421800613403320e+02 4.121329402923583984e+02 3.779340648651123047e+02 2.000000000000000000e+00
2.606360769271850586e+02 3.155690932273864746e+02 2.749017333984375000e+02 3.204282546043395996e+02 2.886552119255065918e+02 3.241562819480895996e+02 2.000000000000000000e+00
5.368991661071777344e+02 1.532100820541381836e+02 5.453228759765625000e+02 1.596931743621826172e+02 5.538238525390625000e+02 1.660186743736267090e+02 1.000000000000000000e+00
4.518244934082031250e+02 4.428936195373535156e+02 4.658714008331298828e+02 4.484313726425170898e+02 4.788915729522705078e+02 4.534531688690185547e+02 2.000000000000000000e+00
2.812692570686340332e+02 3.902391672134399414e+02 2.954021286964416504e+02 3.952285194396972656e+02 3.086465752124786377e+02 3.990473985671997070e+02 2.000000000000000000e+00
3.494197392463684082e+02 4.318361234664916992e+02 3.633802795410156250e+02 4.371346235275268555e+02 3.764170217514038086e+02 4.414440393447875977e+02 2.000000000000000000e+00
2.081663322448730469e+02 4.440174293518066406e+02 2.221865081787109375e+02 4.488370513916015625e+02 2.351659870147705078e+02 4.522952699661254883e+02 2.000000000000000000e+00
3.784856271743774414e+02 4.178053092956542969e+02 3.925884389877319336e+02 4.231777381896972656e+02 4.057149028778076172e+02 4.276305055618286133e+02 2.000000000000000000e+00
2.392209339141845703e+02 3.026734972000122070e+02 2.534643697738647461e+02 3.076400756835937500e+02 2.673658752441406250e+02 3.112818646430969238e+02 2.000000000000000000e+00
5.338342857360839844e+02 3.595935130119323730e+02 5.481618118286132812e+02 3.653339624404907227e+02 5.618358802795410156e+02 3.707589197158813477e+02 2.000000000000000000e+00
3.130497437715530396e+02 3.891433238983154297e+02 3.272090148925781250e+02 3.942523241043090820e+02 3.404235839843750000e+02 3.982934617996215820e+02 2.000000000000000000e+00
1.855888080596923828e+02 2.767232072353363037e+02 2.001043987274169922e+02 2.815452289581298828e+02 2.141936016082763672e+02 2.848218119144439697e+02 2.000000000000000000e+00
5.565658569335937500e+02 3.825893926620483398e+02 5.708587074279785156e+02 3.883859395980834961e+02 5.844998168945312500e+02 3.940110254287719727e+02 2.000000000000000000e+00
5.145385169982910156e+02 2.026628994941711426e+02 5.228009605407714844e+02 2.092882061004638672e+02 5.310298538208007812e+02 2.154734033346176147e+02 1.000000000000000000e+00
1.714154624938964844e+02 4.136789989471435547e+02 1.856261253356933594e+02 4.184579515457153320e+02 1.988885307312011719e+02 4.216328287124633789e+02 2.000000000000000000e+00
1.561623001098632812e+02 2.710031461715698242e+02 1.706299304962158203e+02 2.757671821117401123e+02 1.847981071472167969e+02 2.787921452522277832e+02 2.000000000000000000e+00
2.005864429473876953e+02 3.471273279190063477e+02 2.149060153961181641e+02 3.519565200805664062e+02 2.284836101531982422e+02 3.553147673606872559e+02 2.000000000000000000e+00
2.704253244400024414e+02 4.211029100418090820e+02 2.844677114486694336e+02 4.261913251876831055e+02 2.976029968261718750e+02 4.299008846282958984e+02 2.000000000000000000e+00
5.416524124145507812e+02 3.756990480422973633e+02 5.560139846801757812e+02 3.814335393905639648e+02 5.696416664123535156e+02 3.870678806304931641e+02 2.000000000000000000e+00
2.536635589599609375e+02 2.817765820026397705e+02 2.680294179916381836e+02 2.866623544692993164e+02 2.819127488136291504e+02 2.903822350502014160e+02 2.000000000000000000e+00
2.704299020767211914e+02 3.992349386215209961e+02 2.845034480094909668e+02 4.042277669906616211e+02 2.977420949935913086e+02 4.080408382415771484e+02 2.000000000000000000e+00
5.052649879455566406e+02 2.605900883674621582e+02 5.197182655334472656e+02 2.661930549144744873e+02 5.339382934570312500e+02 2.713872992992401123e+02 2.000000000000000000e+00
5.171685218811035156e+02 1.871643948554992676e+02 5.255769729614257812e+02 1.935243201255798340e+02 5.346585655212402344e+02 1.995251154899597168e+02 1.000000000000000000e+00
3.024951469898223877e+02 4.433820962905883789e+02 3.166272276639938354e+02 4.483609771728515625e+02 3.294926148653030396e+02 4.524115133285522461e+02 2.000000000000000000e+00
3.343350219726562500e+02 3.350147438049316406e+02 3.484288024902343750e+02 3.401599788665771484e+02 3.621146869659423828e+02 3.442898583412170410e+02 2.000000000000000000e+00
4.119183635711669922e+02 2.498753213882446289e+02 4.263072490692138672e+02 2.551533973217010498e+02 4.404914569854736328e+02 2.597427982091903687e+02 2.000000000000000000e+00
4.175761699676513672e+02 2.748348712921142578e+02 4.318329143524169922e+02 2.802112770080566406e+02 4.458145141601562500e+02 2.848155534267425537e+02 2.000000000000000000e+00
4.893913841247558594e+02 4.192251634597778320e+02 5.036902236938476562e+02 4.247308731079101562e+02 5.168305778503417969e+02 4.300406312942504883e+02 2.000000000000000000e+00
2.361130046844482422e+02 2.619617325067520142e+02 2.505449962615966797e+02 2.669559037685394287e+02 2.646138906478881836e+02 2.705167543888092041e+02 2.000000000000000000e+00
4.227311134338378906e+02 3.371308064460754395e+02 4.369104957580566406e+02 3.424957323074340820e+02 4.504798603057861328e+02 3.472398161888122559e+02 2.000000000000000000e+00
3.718297719955444336e+02 4.275271081924438477e+02 3.858553171157836914e+02 4.328198003768920898e+02 3.989500761032104492e+02 4.373130226135253906e+02 2.000000000000000000e+00
5.031110000610351562e+02 4.169345426559448242e+02 5.172928428649902344e+02 4.225695848464965820e+02 5.305206871032714844e+02 4.279814243316650391e+02 2.000000000000000000e+00
5.212522697448730469e+02 3.364075970649719238e+02 5.355823326110839844e+02 3.420091938972473145e+02 5.493817138671875000e+02 3.474342727661132812e+02 2.000000000000000000e+00
4.129406166076660156e+02 4.395362091064453125e+02 4.269728374481201172e+02 4.449227428436279297e+02 4.399918556213378906e+02 4.496563482284545898e+02 2.000000000000000000e+00
1.485784721374511719e+02 3.743479728698730469e+02 1.629206943511962891e+02 3.790617084503173828e+02 1.764976978302001953e+02 3.821434164047241211e+02 2.000000000000000000e+00
3.591380000114440918e+02 3.196364808082580566e+02 3.732643461227416992e+02 3.249002408981323242e+02 3.869341421127319336e+02 3.291565632820129395e+02 2.000000000000000000e+00
3.215665893256664276e+02 4.501092910766601562e+02 3.355249333381652832e+02 4.553926849365234375e+02 3.484251093864440918e+02 4.594496297836303711e+02 2.000000000000000000e+00
1.186616134643554688e+02 2.855476999282836914e+02 1.332745361328125000e+02 2.902338266372680664e+02 1.474032592773437500e+02 2.930408048629760742e+02 2.000000000000000000e+00
3.305602109432220459e+02 2.253248897194862366e+02 3.449536132812500000e+02 2.304943388700485229e+02 3.592394113540649414e+02 2.345463252067565918e+02 2.000000000000000000e+00
2.023629283905029297e+02 4.158869361877441406e+02 2.164596271514892578e+02 4.207808589935302734e+02 2.298178386688232422e+02 4.241151237487792969e+02 2.000000000000000000e+00
2.444383382797241211e+02 3.442631292343139648e+02 2.587231445312500000e+02 3.492199444770812988e+02 2.721408367156982422e+02 3.527192473411560059e+02 2.000000000000000000e+00
3.763198232650756836e+02 4.430405330657958984e+02 3.903584623336791992e+02 4.483797168731689453e+02 4.032482910156250000e+02 4.528379917144775391e+02 2.000000000000000000e+00
5.087007522583007812e+02 1.516267204284667969e+02 5.169886589050292969e+02 1.576501607894897461e+02 5.250819778442382812e+02 1.634044790267944336e+02 1.000000000000000000e+00
5.385345458984375000e+02 2.997154283523559570e+02 5.529146766662597656e+02 3.052838158607482910e+02 5.670176506042480469e+02 3.107319688796997070e+02 2.000000000000000000e+00
5.104941749572753906e+02 2.101788318157196045e+02 5.188301467895507812e+02 2.166867202520370483e+02 5.270703697204589844e+02 2.228924238681793213e+02 1.000000000000000000e+00
2.824864196777343750e+02 3.244364690780639648e+02 2.966765141487121582e+02 3.294892644882202148e+02 3.104609066247940063e+02 3.332855558395385742e+02 2.000000000000000000e+00
2.455569887161254883e+02 4.484695529937744141e+02 2.595666170120239258e+02 4.534702920913696289e+02 2.724486970901489258e+02 4.570360565185546875e+02 2.000000000000000000e+00
2.170745563507080078e+02 2.597228103876113892e+02 2.315357494354248047e+02 2.646255809068679810e+02 2.455586242675781250e+02 2.681064766645431519e+02 2.000000000000000000e+00
4.471832275390625000e+02 3.812288331985473633e+02 4.613243770599365234e+02 3.866283988952636719e+02 4.746504211425781250e+02 3.915393161773681641e+02 2.000000000000000000e+00
1.614089298248291016e+02 2.748754298686981201e+02 1.758182334899902344e+02 2.796660161018371582e+02 1.900473022460937500e+02 2.826769137382507324e+02 2.000000000000000000e+00
2.484079408645629883e+02 4.164485263824462891e+02 2.625702524185180664e+02 4.214626550674438477e+02 2.756646728515625000e+02 4.249566507339477539e+02 2.000000000000000000e+00
4.186277770996093750e+02 3.685074234008789062e+02 4.328249549865722656e+02 3.739118957519531250e+02 4.462533855438232422e+02 3.786618089675903320e+02 2.000000000000000000e+00
1.510532569885253906e+02 3.955599403381347656e+02 1.653394031524658203e+02 4.002966070175170898e+02 1.786539268493652344e+02 4.033480024337768555e+02 2.000000000000000000e+00
2.158607959747314453e+02 4.103471088409423828e+02 2.300434398651123047e+02 4.152275848388671875e+02 2.432670259475708008e+02 4.186359930038452148e+02 2.000000000000000000e+00
2.039040470123291016e+02 2.532284250855445862e+02 2.183797454833984375e+02 2.581207895278930664e+02 2.326319599151611328e+02 2.614237993955612183e+02 2.000000000000000000e+00
2.530133056640625000e+02 2.967846107482910156e+02 2.673045635223388672e+02 3.017933106422424316e+02 2.812312626838684082e+02 3.054161739349365234e+02 2.000000000000000000e+00
4.120890522003173828e+02 3.732607555389404297e+02 4.263197040557861328e+02 3.786036157608032227e+02 4.396918010711669922e+02 3.833520269393920898e+02 2.000000000000000000e+00
3.021185910701751709e+02 2.423326264321804047e+02 3.165754392743110657e+02 2.474120333790779114e+02 3.307021176815032959e+02 2.513806924223899841e+02 2.000000000000000000e+00
3.836846923828125000e+02 3.886060237884521484e+02 3.977444171905517578e+02 3.938825511932373047e+02 4.110860633850097656e+02 3.983623123168945312e+02 2.000000000000000000e+00
3.111449891328811646e+02 3.259639906883239746e+02 3.253110963106155396e+02 3.310678768157958984e+02 3.390515136718750000e+02 3.351034569740295410e+02 2.000000000000000000e+00
5.555796623229980469e+02 3.252022433280944824e+02 5.700625610351562500e+02 3.308452177047729492e+02 5.838893508911132812e+02 3.364262723922729492e+02 2.000000000000000000e+00
3.605162668228149414e+02 4.435652875900268555e+02 3.744812917709350586e+02 4.487847661972045898e+02 3.873840665817260742e+02 4.532649993896484375e+02 2.000000000000000000e+00
1.491035270690917969e+02 3.480142593383789062e+01 1.645303630828857422e+02 4.013936519622802734e+01 1.805156040191650391e+02 4.348963737487792969e+01 2.000000000000000000e+00
5.405441856384277344e+02 3.365650677680969238e+02 5.549572181701660156e+02 3.422830867767333984e+02 5.687257766723632812e+02 3.477484202384948730e+02 2.000000000000000000e+00
4.354263591766357422e+02 3.255083370208740234e+02 4.496293640136718750e+02 3.310183167457580566e+02 4.633270931243896484e+02 3.357810688018798828e+02 2.000000000000000000e+00
1.490422248840332031e+02 4.035853958129882812e+02 1.632976341247558594e+02 4.083311891555786133e+02 1.766211032867431641e+02 4.113486671447753906e+02 2.000000000000000000e+00
3.823708200454711914e+02 4.123717689514160156e+02 3.965053415298461914e+02 4.177138710021972656e+02 4.096347332000732422e+02 4.223083305358886719e+02 2.000000000000000000e+00
5.257116699218750000e+02 3.329093384742736816e+02 5.399922561645507812e+02 3.384726333618164062e+02 5.538301467895507812e+02 3.439367437362670898e+02 2.000000000000000000e+00
4.633805274963378906e+02 1.805029571056365967e+02 4.716143798828125000e+02 1.865817689895629883e+02 4.796232318878173828e+02 1.923171830177307129e+02 1.000000000000000000e+00
2.682043457031250000e+02 3.866551923751831055e+02 2.823782038688659668e+02 3.916033458709716797e+02 2.956994318962097168e+02 3.954447698593139648e+02 2.000000000000000000e+00
5.524816894531250000e+02 3.525877118110656738e+02 5.668145179748535156e+02 3.583367085456848145e+02 5.805995559692382812e+02 3.639577960968017578e+02 2.000000000000000000e+00
5.415062904357910156e+02 3.566349864006042480e+02 5.558736610412597656e+02 3.623657655715942383e+02 5.696400833129882812e+02 3.679088544845581055e+02 2.000000000000000000e+00
2.314597797393798828e+02 3.123256874084472656e+02 2.456183290481567383e+02 3.172442936897277832e+02 2.594111919403076172e+02 3.206417584419250488e+02 2.000000000000000000e+00
2.451433706283569336e+02 4.126421356201171875e+02 2.593358135223388672e+02 4.176573944091796875e+02 2.724420452117919922e+02 4.211626625061035156e+02 2.000000000000000000e+00
3.464807438850402832e+02 2.817434406280517578e+02 3.608284902572631836e+02 2.870127582550048828e+02 3.746750783920288086e+02 2.912164342403411865e+02 2.000000000000000000e+00
5.425546264648437500e+02 3.674424219131469727e+02 5.568475914001464844e+02 3.731841802597045898e+02 5.706190299987792969e+02 3.787882518768310547e+02 2.000000000000000000e+00
1.190410232543945312e+02 3.101576328277587891e+01 1.346883583068847656e+02 3.624516963958740234e+01 1.508656883239746094e+02 3.949710845947265625e+01 2.000000000000000000e+00
3.297098696231842041e+02 4.443751573562622070e+02 3.436931467056274414e+02 4.496066951751708984e+02 3.565777277946472168e+02 4.537631034851074219e+02 2.000000000000000000e+00
1.543235588073730469e+02 3.057362079620361328e+02 1.686159324645996094e+02 3.104629254341125488e+02 1.824795246124267578e+02 3.136002516746520996e+02 2.000000000000000000e+00
5.087825393676757812e+02 2.652165234088897705e+02 5.232543945312500000e+02 2.707206451892852783e+02 5.374376296997070312e+02 2.759784257411956787e+02 2.000000000000000000e+00
3.685303640365600586e+02 3.976799726486206055e+02 3.826335477828979492e+02 4.029719066619873047e+02 3.958212614059448242e+02 4.074164199829101562e+02 2.000000000000000000e+00
5.408239173889160156e+02 3.899094915390014648e+02 5.551669883728027344e+02 3.956855535507202148e+02 5.687132072448730469e+02 4.012043809890747070e+02 2.000000000000000000e+00
4.725773620605468750e+02 3.484181857109069824e+02 4.868301200866699219e+02 3.538923096656799316e+02 5.005439758300781250e+02 3.589426016807556152e+02 2.000000000000000000e+00
3.718865060806274414e+02 4.504764175415039062e+02 3.858775949478149414e+02 4.557770776748657227e+02 3.987345266342163086e+02 4.603070497512817383e+02 2.000000000000000000e+00
5.010500144958496094e+02 1.704675436019897461e+02 5.094196128845214844e+02 1.765587615966796875e+02 5.176241493225097656e+02 1.823673355579376221e+02 1.000000000000000000e+00
5.093969535827636719e+02 3.889750385284423828e+02 5.237141227722167969e+02 3.946357440948486328e+02 5.369589805603027344e+02 4.000105047225952148e+02 2.000000000000000000e+00
4.066207313537597656e+02 3.598091197013854980e+02 4.207110881805419922e+02 3.651791381835937500e+02 4.342402935028076172e+02 3.697927951812744141e+02 2.000000000000000000e+00
4.493013954162597656e+02 4.028256654739379883e+02 4.634199523925781250e+02 4.083480262756347656e+02 4.766353130340576172e+02 4.132969093322753906e+02 2.000000000000000000e+00
3.451281142234802246e+02 3.608476352691650391e+02 3.593191838264465332e+02 3.661090135574340820e+02 3.727088928222656250e+02 3.703327131271362305e+02 2.000000000000000000e+00
4.158351802825927734e+02 4.062328004837036133e+02 4.298534870147705078e+02 4.115827989578247070e+02 4.431173992156982422e+02 4.163592910766601562e+02 2.000000000000000000e+00
2.373062419891357422e+02 3.200790452957153320e+02 2.515262889862060547e+02 3.249512100219726562e+02 2.652794170379638672e+02 3.284592032432556152e+02 2.000000000000000000e+00
1.515177917480468750e+02 4.461362171173095703e+02 1.657400321960449219e+02 4.508247470855712891e+02 1.789473438262939453e+02 4.539028787612915039e+02 2.000000000000000000e+00
2.195092487335205078e+02 4.252606344223022461e+02 2.335966300964355469e+02 4.300618028640747070e+02 2.466272735595703125e+02 4.334621715545654297e+02 2.000000000000000000e+00
2.897223496437072754e+02 3.925047683715820312e+02 3.038454282283782959e+02 3.974525213241577148e+02 3.170252990722656250e+02 4.013496208190917969e+02 2.000000000000000000e+00
4.077418518066406250e+02 2.771866178512573242e+02 4.220985126495361328e+02 2.824889838695526123e+02 4.360872554779052734e+02 2.871396517753601074e+02 2.000000000000000000e+00
3.872756958007812500e+02 4.099778509140014648e+02 4.014500713348388672e+02 4.153760147094726562e+02 4.145788574218750000e+02 4.199218797683715820e+02 2.000000000000000000e+00
3.555148625373840332e+02 3.119332337379455566e+02 3.696190214157104492e+02 3.171843910217285156e+02 3.834426879882812500e+02 3.214390325546264648e+02 2.000000000000000000e+00
4.232938575744628906e+02 4.305471611022949219e+02 4.373829936981201172e+02 4.359666538238525391e+02 4.503554725646972656e+02 4.407926988601684570e+02 2.000000000000000000e+00
4.647647762298583984e+02 3.584019541740417480e+02 4.789824199676513672e+02 3.637963342666625977e+02 4.925739479064941406e+02 3.688293170928955078e+02 2.000000000000000000e+00
1.947871971130371094e+02 3.885646104812622070e+02 2.090755939483642578e+02 3.935074853897094727e+02 2.224451923370361328e+02 3.966855525970458984e+02 2.000000000000000000e+00
5.365131187438964844e+02 1.632034564018249512e+02 5.448615074157714844e+02 1.695974421501159668e+02 5.532470130920410156e+02 1.757874870300292969e+02 1.000000000000000000e+00
3.024278259277343750e+02 4.304468822479248047e+02 3.164873045682907104e+02 4.354620409011840820e+02 3.294822084903717041e+02 4.395367527008056641e+02 2.000000000000000000e+00
1.923169422149658203e+02 3.422822284698486328e+02 2.066143035888671875e+02 3.471107840538024902e+02 2.201711368560791016e+02 3.503647541999816895e+02 2.000000000000000000e+00
5.231117057800292969e+02 4.137323427200317383e+02 5.373518753051757812e+02 4.194864320755004883e+02 5.506662559509277344e+02 4.249087858200073242e+02 2.000000000000000000e+00
4.153611469268798828e+02 4.012977361679077148e+02 4.293665790557861328e+02 4.065731334686279297e+02 4.426144409179687500e+02 4.113360357284545898e+02 2.000000000000000000e+00
4.504592609405517578e+02 3.848864221572875977e+02 4.645931434631347656e+02 3.903707027435302734e+02 4.778880596160888672e+02 3.952810192108154297e+02 2.000000000000000000e+00
5.308026123046875000e+02 4.302543497085571289e+02 5.450782585144042969e+02 4.360997056961059570e+02 5.582522010803222656e+02 4.415521287918090820e+02 2.000000000000000000e+00
5.161410522460937500e+02 2.552912449836730957e+02 5.304976844787597656e+02 2.608490306138992310e+02 5.447434806823730469e+02 2.660542613267898560e+02 2.000000000000000000e+00
5.205533409118652344e+02 2.913571786880493164e+02 5.350269126892089844e+02 2.968837308883666992e+02 5.490476036071777344e+02 3.022305607795715332e+02 2.000000000000000000e+00
5.436697387695312500e+02 2.992004728317260742e+02 5.580621337890625000e+02 3.047016334533691406e+02 5.721834754943847656e+02 3.103167128562927246e+02 2.000000000000000000e+00
1.932146453857421875e+02 2.733607184886932373e+02 2.076217365264892578e+02 2.782010507583618164e+02 2.215809154510498047e+02 2.815023207664489746e+02 2.000000000000000000e+00
1.566426467895507812e+02 4.497396612167358398e+02 1.708992481231689453e+02 4.545129776000976562e+02 1.841313266754150391e+02 4.576006221771240234e+02 2.000000000000000000e+00
5.162902259826660156e+02 2.773434162139892578e+02 5.307465934753417969e+02 2.828732621669769287e+02 5.448436355590820312e+02 2.882642555236816406e+02 2.000000000000000000e+00
2.777841806411743164e+02 2.947341048717498779e+02 2.921219778060913086e+02 2.997219264507293701e+02 3.059911191463470459e+02 3.035227417945861816e+02 2.000000000000000000e+00
4.141572284698486328e+02 2.557794052362442017e+02 4.284914302825927734e+02 2.610464787483215332e+02 4.426795673370361328e+02 2.656815809011459351e+02 2.000000000000000000e+00
5.184883499145507812e+02 3.578165674209594727e+02 5.327868652343750000e+02 3.634719944000244141e+02 5.464257240295410156e+02 3.688171148300170898e+02 2.000000000000000000e+00
1.605281639099121094e+02 3.552997827529907227e+02 1.748029899597167969e+02 3.600555753707885742e+02 1.885052204132080078e+02 3.630661725997924805e+02 2.000000000000000000e+00
3.119003599882125854e+02 2.339155881106853485e+02 3.263232117891311646e+02 2.390703429467976093e+02 3.405992436408996582e+02 2.430105592310428619e+02 2.000000000000000000e+00
5.137723350524902344e+02 3.846291875839233398e+02 5.281709671020507812e+02 3.901987981796264648e+02 5.414741325378417969e+02 3.956252861022949219e+02 2.000000000000000000e+00
1.571208190917968750e+02 3.634123849868774414e+02 1.714172935485839844e+02 3.681721830368041992e+02 1.850896549224853516e+02 3.711858558654785156e+02 2.000000000000000000e+00
5.295723915100097656e+02 2.794583165645599365e+02 5.439898681640625000e+02 2.851069343090057373e+02 5.580772781372070312e+02 2.904590785503387451e+02 2.000000000000000000e+00
5.560021400451660156e+02 3.189063763618469238e+02 5.704981040954589844e+02 3.245957064628601074e+02 5.844052124023437500e+02 3.302425575256347656e+02 2.000000000000000000e+00
4.394180011749267578e+02 3.847415256500244141e+02 4.535494709014892578e+02 3.902159500122070312e+02 4.668916034698486328e+02 3.950679159164428711e+02 2.000000000000000000e+00
1.387637519836425781e+02 2.887037372589111328e+02 1.532723808288574219e+02 2.934078705310821533e+02 1.674260997772216797e+02 2.963469278812408447e+02 2.000000000000000000e+00
3.154503172636032104e+02 4.336779928207397461e+02 3.294949036836624146e+02 4.388570594787597656e+02 3.425500798225402832e+02 4.428859663009643555e+02 2.000000000000000000e+00
5.375250244140625000e+02 2.393268432095646858e+02 5.520967483520507812e+02 2.449088291823863983e+02 5.663759231567382812e+02 2.503356483578681946e+02 2.000000000000000000e+00
4.990974235534667969e+02 4.060305547714233398e+02 5.133243370056152344e+02 4.116625213623046875e+02 5.266061973571777344e+02 4.171152734756469727e+02 2.000000000000000000e+00
4.388712501525878906e+02 4.430872964859008789e+02 4.528611183166503906e+02 4.486131763458251953e+02 4.659007930755615234e+02 4.535395002365112305e+02 2.000000000000000000e+00
1.702519989013671875e+02 3.998397874832153320e+02 1.844905567169189453e+02 4.045628070831298828e+02 1.977335071563720703e+02 4.076282501220703125e+02 2.000000000000000000e+00
1.592078971862792969e+02 4.659768104553222656e+01 1.746964359283447266e+02 5.185941696166992188e+01 1.907476329803466797e+02 5.518680095672607422e+01 2.000000000000000000e+00
5.524399375915527344e+02 3.435216736793518066e+02 5.668404006958007812e+02 3.492741751670837402e+02 5.806344604492187500e+02 3.548191595077514648e+02 2.000000000000000000e+00
2.741343688964843750e+02 3.568498921394348145e+02 2.881482529640197754e+02 3.619131803512573242e+02 3.017485654354095459e+02 3.657069110870361328e+02 2.000000000000000000e+00
2.861892390251159668e+02 3.797709989547729492e+02 3.002653503417968750e+02 3.848242235183715820e+02 3.135971981287002563e+02 3.886117029190063477e+02 2.000000000000000000e+00
5.340502357482910156e+02 3.030326271057128906e+02 5.483795738220214844e+02 3.085206055641174316e+02 5.624154663085937500e+02 3.139851450920104980e+02 2.000000000000000000e+00
5.536922073364257812e+02 3.091212487220764160e+02 5.681419754028320312e+02 3.147302269935607910e+02 5.822334098815917969e+02 3.203794598579406738e+02 2.000000000000000000e+00
1.965827178955078125e+02 4.321977281570434570e+02 2.107264232635498047e+02 4.369872522354125977e+02 2.239226818084716797e+02 4.402644109725952148e+02 2.000000000000000000e+00
2.469749879837036133e+02 4.235512447357177734e+02 2.612224102020263672e+02 4.285478353500366211e+02 2.742334270477294922e+02 4.320374250411987305e+02 2.000000000000000000e+00
2.189578819274902344e+02 3.145580792427062988e+02 2.332086467742919922e+02 3.194058895111083984e+02 2.472439718246459961e+02 3.229109215736389160e+02 2.000000000000000000e+00
3.422534489631652832e+02 3.321366906166076660e+02 3.563360595703125000e+02 3.373629784584045410e+02 3.700115966796875000e+02 3.415176129341125488e+02 2.000000000000000000e+00
4.502426433563232422e+02 1.787515997886657715e+02 4.582966041564941406e+02 1.848497271537780762e+02 4.660369300842285156e+02 1.904856991767883301e+02 1.000000000000000000e+00
3.747993469238281250e+02 3.201087355613708496e+02 3.889756155014038086e+02 3.252670025825500488e+02 4.027366638183593750e+02 3.296893644332885742e+02 2.000000000000000000e+00
4.512318706512451172e+02 3.253929805755615234e+02 4.654191875457763672e+02 3.308028030395507812e+02 4.791648292541503906e+02 3.357605051994323730e+02 2.000000000000000000e+00
4.878667640686035156e+02 4.433971023559570312e+02 5.020606040954589844e+02 4.490501260757446289e+02 5.151906776428222656e+02 4.543642044067382812e+02 2.000000000000000000e+00
2.444304943084716797e+02 2.955893039703369141e+01 2.595930767059326172e+02 3.476743698120117188e+01 2.751069307327270508e+02 3.858478546142578125e+01 2.000000000000000000e+00
5.076458168029785156e+02 2.720551478862762451e+02 5.222293090820312500e+02 2.775385773181915283e+02 5.363068962097167969e+02 2.828598976135253906e+02 2.000000000000000000e+00
2.501254272460937500e+02 3.945052814483642578e+02 2.641880464553833008e+02 3.994233512878417969e+02 2.774840402603149414e+02 4.030018758773803711e+02 2.000000000000000000e+00
4.941140747070312500e+02 2.407164612226188183e+02 5.084344291687011719e+02 2.462054139375686646e+02 5.228166580200195312e+02 2.513301399350166321e+02 2.000000000000000000e+00
3.272720950841903687e+02 4.326799964904785156e+02 3.412977600097656250e+02 4.379379701614379883e+02 3.543017888069152832e+02 4.420480155944824219e+02 2.000000000000000000e+00
5.082576560974121094e+02 2.012084627151489258e+02 5.164269447326660156e+02 2.076364874839782715e+02 5.245195960998535156e+02 2.137789285182952881e+02 1.000000000000000000e+00
4.856541824340820312e+02 1.931208014488220215e+02 4.936163711547851562e+02 1.993930327892303467e+02 5.014464187622070312e+02 2.053300917148590088e+02 1.000000000000000000e+00
5.129582023620605469e+02 2.434857941418886185e+02 5.273504638671875000e+02 2.490026253461837769e+02 5.415756225585937500e+02 2.543483135104179382e+02 2.000000000000000000e+00
4.925565528869628906e+02 1.536793470382690430e+02 5.009710502624511719e+02 1.596644425392150879e+02 5.092917823791503906e+02 1.653086972236633301e+02 1.000000000000000000e+00
4.488902950286865234e+02 3.106319904327392578e+02 4.631626605987548828e+02 3.160971093177795410e+02 4.768529033660888672e+02 3.210151433944702148e+02 2.000000000000000000e+00
2.984016728401184082e+02 4.105429172515869141e+02 3.125709229707717896e+02 4.156485128402709961e+02 3.255859375000000000e+02 4.195741367340087891e+02 2.000000000000000000e+00
1.915979766845703125e+02 3.340935444831848145e+02 2.058736515045166016e+02 3.389302754402160645e+02 2.195847606658935547e+02 3.421732521057128906e+02 2.000000000000000000e+00
3.410029911994934082e+02 3.837573909759521484e+02 3.551058650016784668e+02 3.890244483947753906e+02 3.684178495407104492e+02 3.931730461120605469e+02 2.000000000000000000e+00
2.517045116424560547e+02 3.842690563201904297e+02 2.658415508270263672e+02 3.891609334945678711e+02 2.792726135253906250e+02 3.927385568618774414e+02 2.000000000000000000e+00
1.491619682312011719e+02 2.747469806671142578e+02 1.636550140380859375e+02 2.795412325859069824e+02 1.778239727020263672e+02 2.824963080883026123e+02 2.000000000000000000e+00
2.974629521369934082e+02 4.014830446243286133e+02 3.115968322753906250e+02 4.065424919128417969e+02 3.246508485078811646e+02 4.105220460891723633e+02 2.000000000000000000e+00
1.999805450439453125e+02 4.261429595947265625e+02 2.141754245758056641e+02 4.309147453308105469e+02 2.273880004882812500e+02 4.342071962356567383e+02 2.000000000000000000e+00
4.357728004455566406e+02 3.315559744834899902e+02 4.500054645538330078e+02 3.370505118370056152e+02 4.636409282684326172e+02 3.417919063568115234e+02 2.000000000000000000e+00
5.421250724792480469e+02 4.265041923522949219e+02 5.563337516784667969e+02 4.323584747314453125e+02 5.696027183532714844e+02 4.378855419158935547e+02 2.000000000000000000e+00
5.289150428771972656e+02 4.129917097091674805e+02 5.432301139831542969e+02 4.187696886062622070e+02 5.565016555786132812e+02 4.242761564254760742e+02 2.000000000000000000e+00
5.053188133239746094e+02 4.247631025314331055e+02 5.194588088989257812e+02 4.304518890380859375e+02 5.326730346679687500e+02 4.358511829376220703e+02 2.000000000000000000e+00
4.985737037658691406e+02 1.575763320922851562e+02 5.069638442993164062e+02 1.635447049140930176e+02 5.152623939514160156e+02 1.692321896553039551e+02 1.000000000000000000e+00
1.305238342285156250e+02 2.913814723491668701e+02 1.450201606750488281e+02 2.960865497589111328e+02 1.590648651123046875e+02 2.989444613456726074e+02 2.000000000000000000e+00
