2.502438545227050781e+02 1.126184003055095673e+02 2.472704982757568359e+02 1.116484066843986511e+02 2.448153114318847656e+02 1.105819925665855408e+02 2.000000000000000000e+00
2.495218658447265625e+02 9.884211659431457520e+01 2.465931224822998047e+02 9.801248788833618164e+01 2.443274593353271484e+02 9.696891725063323975e+01 2.000000000000000000e+00
2.429003334045410156e+02 1.092760688066482544e+02 2.402149486541748047e+02 1.083033138513565063e+02 2.380473804473876953e+02 1.072102117538452148e+02 2.000000000000000000e+00
8.076102256774902344e+01 1.020010739564895630e+02 8.603878498077392578e+01 1.026941370964050293e+02 9.161801815032958984e+01 1.033252322673797607e+02 1.000000000000000000e+00
2.345142841339111328e+02 9.827315390110015869e+01 2.319751882553100586e+02 9.738718271255493164e+01 2.300191354751586914e+02 9.642003536224365234e+01 2.000000000000000000e+00
2.550656318664550781e+02 1.076946482062339783e+02 2.520299053192138672e+02 1.066879874467849731e+02 2.495509338378906250e+02 1.055848994851112366e+02 2.000000000000000000e+00
6.724804878234863281e+01 6.445110797882080078e+01 7.025250434875488281e+01 6.452385306358337402e+01 7.336068153381347656e+01 6.446542739868164062e+01 3.000000000000000000e+00
6.367491722106933594e+01 1.020573037862777710e+02 6.820655822753906250e+01 1.027374494075775146e+02 7.323310852050781250e+01 1.033753967285156250e+02 1.000000000000000000e+00
2.392658376693725586e+02 1.804112577438354492e+02 2.423479652404785156e+02 1.803038334846496582e+02 2.455089092254638672e+02 1.801427221298217773e+02 3.000000000000000000e+00
2.020227384567260742e+02 6.941464662551879883e+01 2.049583578109741211e+02 6.935524463653564453e+01 2.080099344253540039e+02 6.920646429061889648e+01 3.000000000000000000e+00
1.590821380168199539e+02 6.241645216941833496e+01 1.618910370767116547e+02 6.239228367805480957e+01 1.650252074003219604e+02 6.229263067245483398e+01 3.000000000000000000e+00
5.926595687866210938e+01 6.444465279579162598e+01 6.224947929382324219e+01 6.452180027961730957e+01 6.536107063293457031e+01 6.446109652519226074e+01 3.000000000000000000e+00
2.571074199676513672e+02 1.823928093910217285e+02 2.602848529815673828e+02 1.822861790657043457e+02 2.635190486907958984e+02 1.821448230743408203e+02 3.000000000000000000e+00
8.820545196533203125e+01 2.946380853652954102e+01 9.108019828796386719e+01 2.954509019851684570e+01 9.424747943878173828e+01 2.946012496948242188e+01 3.000000000000000000e+00
4.828698158264160156e+01 5.644499301910400391e+01 5.124384880065917969e+01 5.652195453643798828e+01 5.435956001281738281e+01 5.645955562591552734e+01 3.000000000000000000e+00
2.325666189193725586e+02 1.171979445219039917e+02 2.303995513916015625e+02 1.163774717599153519e+02 2.285989236831665039e+02 1.154258497059345245e+02 2.000000000000000000e+00
2.410424232482910156e+02 6.637365460395812988e+01 2.439989376068115234e+02 6.623666882514953613e+01 2.471141815185546875e+02 6.603043913841247559e+01 3.000000000000000000e+00
2.049966144561767578e+02 4.634581089019775391e+01 2.079697275161743164e+02 4.625493049621582031e+01 2.109485340118408203e+02 4.602488279342651367e+01 3.000000000000000000e+00
5.318088531494140625e+01 9.342086613178253174e+01 5.697168350219726562e+01 9.394177794456481934e+01 6.110233306884765625e+01 9.419986546039581299e+01 1.000000000000000000e+00
6.125535964965820312e+01 3.444364070892333984e+01 6.421988487243652344e+01 3.454516410827636719e+01 6.731201171875000000e+01 3.449418783187866211e+01 3.000000000000000000e+00
1.780025327205657959e+02 8.343953490257263184e+01 1.808996129035949707e+02 8.337740063667297363e+01 1.840331888198852539e+02 8.321848154067993164e+01 3.000000000000000000e+00
2.329513263702392578e+02 7.532206535339355469e+01 2.359077167510986328e+02 7.496161580085754395e+01 2.389241504669189453e+02 7.437955141067504883e+01 3.000000000000000000e+00
1.800573897361755371e+02 6.644102096557617188e+01 1.829146122932434082e+02 6.641164183616638184e+01 1.860914015769958496e+02 6.630843758583068848e+01 3.000000000000000000e+00
2.180613422393798828e+02 2.231012105941772461e+01 2.209455728530883789e+02 2.219492912292480469e+01 2.239707040786743164e+02 2.197641849517822266e+01 3.000000000000000000e+00
2.782376384735107422e+02 2.016916036605834961e+01 2.811375713348388672e+02 1.997071266174316406e+01 2.842249774932861328e+02 1.976095676422119141e+01 3.000000000000000000e+00
1.880442500114440918e+02 7.042628288269042969e+01 1.909529733657836914e+02 7.038489103317260742e+01 1.940733337402343750e+02 7.024889230728149414e+01 3.000000000000000000e+00
9.214191436767578125e+01 4.744189739227294922e+01 9.502693176269531250e+01 4.751200675964355469e+01 9.818314075469970703e+01 4.740820169448852539e+01 3.000000000000000000e+00
8.993729114532470703e+01 1.019006949663162231e+02 9.487760066986083984e+01 1.025737828016281128e+02 1.004931020736694336e+02 1.031454616785049438e+02 1.000000000000000000e+00
2.090132284164428711e+02 6.241286158561706543e+01 2.119812774658203125e+02 6.232761740684509277e+01 2.149785470962524414e+02 6.217326164245605469e+01 3.000000000000000000e+00
9.217094898223876953e+01 3.645027637481689453e+01 9.504058837890625000e+01 3.652830362319946289e+01 9.819336414337158203e+01 3.642547845840454102e+01 3.000000000000000000e+00
5.428244590759277344e+01 2.845326662063598633e+01 5.723946571350097656e+01 2.857322931289672852e+01 6.033307075500488281e+01 2.851417064666748047e+01 3.000000000000000000e+00
3.434111595153808594e+01 2.151071548461914062e+01 3.734986305236816406e+01 2.167530298233032227e+01 4.045756340026855469e+01 2.162323236465454102e+01 3.000000000000000000e+00
2.310893106460571289e+02 2.032697439193725586e+01 2.339598846435546875e+02 2.017929553985595703e+01 2.369780302047729492e+02 1.991567373275756836e+01 3.000000000000000000e+00
2.060091400146484375e+02 2.829763412475585938e+01 2.089379739761352539e+02 2.817071199417114258e+01 2.119400024414062500e+02 2.797199249267578125e+01 3.000000000000000000e+00
8.492720127105712891e+01 9.360895335674285889e+01 8.949749469757080078e+01 9.430952310562133789e+01 9.467629909515380859e+01 9.471312582492828369e+01 1.000000000000000000e+00
2.769974708557128906e+02 1.197191848699003458e+02 2.733488464355468750e+02 1.186693572252988815e+02 2.702275085449218750e+02 1.175661237537860870e+02 2.000000000000000000e+00
2.340296030044555664e+02 3.632631540298461914e+01 2.369578123092651367e+02 3.620054483413696289e+01 2.400179576873779297e+02 3.596976757049560547e+01 3.000000000000000000e+00
1.369546198844909668e+02 6.639914274215698242e+01 1.398853611946105957e+02 6.640960335731506348e+01 1.429572904109954834e+02 6.627924799919128418e+01 3.000000000000000000e+00
7.923499107360839844e+01 1.846525669097900391e+01 8.213318347930908203e+01 1.855736732482910156e+01 8.528282642364501953e+01 1.848518371582031250e+01 3.000000000000000000e+00
6.327485084533691406e+01 9.472303390502929688e+00 6.622109413146972656e+01 9.569177627563476562e+00 6.934919357299804688e+01 9.519810676574707031e+00 3.000000000000000000e+00
7.025846481323242188e+01 4.444510459899902344e+01 7.321229934692382812e+01 4.453787326812744141e+01 7.630703926086425781e+01 4.444947481155395508e+01 3.000000000000000000e+00
1.100899267196655273e+02 5.443808555603027344e+01 1.129770326614379883e+02 5.446575164794921875e+01 1.161262655258178711e+02 5.436249017715454102e+01 3.000000000000000000e+00
1.939217567443847656e+01 5.849512338638305664e+01 2.243031501770019531e+01 5.863838195800781250e+01 2.558506011962890625e+01 5.861050844192504883e+01 3.000000000000000000e+00
8.622572898864746094e+01 1.846772432327270508e+01 8.909655094146728516e+01 1.855913400650024414e+01 9.227549076080322266e+01 1.848718643188476562e+01 3.000000000000000000e+00
2.697229003906250000e+02 1.067722615599632263e+02 2.663081359863281250e+02 1.057510900497436523e+02 2.633455848693847656e+02 1.046352070569992065e+02 2.000000000000000000e+00
5.228175163269042969e+01 6.850744485855102539e+01 5.526957511901855469e+01 6.863049745559692383e+01 5.838624000549316406e+01 6.857905983924865723e+01 3.000000000000000000e+00
5.070233345031738281e+01 1.108782416582107544e+02 5.531817436218261719e+01 1.114831236004829407e+02 6.025001525878906250e+01 1.120546486973762512e+02 1.000000000000000000e+00
2.331295919418334961e+02 6.332917213439941406e+00 2.359656667709350586e+02 6.189358234405517578e+00 2.390076446533203125e+02 5.955755710601806641e+00 3.000000000000000000e+00
2.280200815200805664e+02 5.336711168289184570e+01 2.309711027145385742e+02 5.322396039962768555e+01 2.340401601791381836e+02 5.296745538711547852e+01 3.000000000000000000e+00
1.190885972976684570e+02 5.542968034744262695e+01 1.219871902465820312e+02 5.544671058654785156e+01 1.251263737678527832e+02 5.533143997192382812e+01 3.000000000000000000e+00
5.228146553039550781e+01 4.045211791992187500e+01 5.524352073669433594e+01 4.055369853973388672e+01 5.831661224365234375e+01 4.049839496612548828e+01 3.000000000000000000e+00
9.225650787353515625e+01 1.151143035292625427e+02 9.760985374450683594e+01 1.157383954524993896e+02 1.035422039031982422e+02 1.163542402535676956e+02 1.000000000000000000e+00
6.026167869567871094e+01 5.443697690963745117e+01 6.324090003967285156e+01 5.451554059982299805e+01 6.634404182434082031e+01 5.446017265319824219e+01 3.000000000000000000e+00
2.340202665328979492e+02 6.738737225532531738e+01 2.369759511947631836e+02 6.725438475608825684e+01 2.400580501556396484e+02 6.704410314559936523e+01 3.000000000000000000e+00
4.628514289855957031e+01 2.746800184249877930e+01 4.925782203674316406e+01 2.759536027908325195e+01 5.235092163085937500e+01 2.753643035888671875e+01 3.000000000000000000e+00
1.639360427856445312e+01 2.301826858520507812e+02 1.959151268005371094e+01 2.302584743499755859e+02 2.294347763061523438e+01 2.300957679748535156e+02 3.000000000000000000e+00
6.726459503173828125e+01 1.845581531524658203e+01 7.020421028137207031e+01 1.855907678604125977e+01 7.332738876342773438e+01 1.850136280059814453e+01 3.000000000000000000e+00
6.188181877136230469e+01 1.090150907635688782e+02 6.664635658264160156e+01 1.097158196568489075e+02 7.166869163513183594e+01 1.103410944342613220e+02 1.000000000000000000e+00
9.113834381103515625e+01 6.245083451271057129e+01 9.406092643737792969e+01 6.249932169914245605e+01 9.722349643707275391e+01 6.241716027259826660e+01 3.000000000000000000e+00
1.442306518554687500e+01 4.146793127059936523e+01 1.742018699645996094e+01 4.163889169692993164e+01 2.057213783264160156e+01 4.159453868865966797e+01 3.000000000000000000e+00
5.222491264343261719e+01 1.018522095680236816e+02 5.653827667236328125e+01 1.024902713298797607e+02 6.112959861755371094e+01 1.030578231811523438e+02 1.000000000000000000e+00
2.110238218307495117e+02 5.540384531021118164e+01 2.139898824691772461e+02 5.530717134475708008e+01 2.169945240020751953e+02 5.512885808944702148e+01 3.000000000000000000e+00
8.121163845062255859e+01 2.646387577056884766e+01 8.409404754638671875e+01 2.654515027999877930e+01 8.726141929626464844e+01 2.647103548049926758e+01 3.000000000000000000e+00
2.542590522766113281e+02 1.630637884140014648e+01 2.570722389221191406e+02 1.612375974655151367e+01 2.602515602111816406e+02 1.586613893508911133e+01 3.000000000000000000e+00
7.955612182617187500e+01 8.514932870864868164e+01 8.307679653167724609e+01 8.560126304626464844e+01 8.663767337799072266e+01 8.573384642601013184e+01 1.000000000000000000e+00
2.339298248291015625e+01 1.553007602691650391e+01 2.638294219970703125e+01 1.570172309875488281e+01 2.951477050781250000e+01 1.565294265747070312e+01 3.000000000000000000e+00
2.090251779556274414e+02 1.234326124191284180e+01 2.118860960006713867e+02 1.222494363784790039e+01 2.149324512481689453e+02 1.201457262039184570e+01 3.000000000000000000e+00
8.307493686676025391e+01 1.090046766400337219e+02 8.829588413238525391e+01 1.097065427899360657e+02 9.406187534332275391e+01 1.103145137429237366e+02 1.000000000000000000e+00
2.569973754882812500e+02 9.407157003879547119e+01 2.539273738861083984e+02 9.332329452037811279e+01 2.514819622039794922e+02 9.239149332046508789e+01 2.000000000000000000e+00
2.501978015899658203e+02 1.824053549766540527e+02 2.533284282684326172e+02 1.822945904731750488e+02 2.565082073211669922e+02 1.821358680725097656e+02 3.000000000000000000e+00
3.261273384094238281e+01 8.748972773551940918e+01 3.584782600402832031e+01 8.756699323654174805e+01 3.909835815429687500e+01 8.751020550727844238e+01 3.000000000000000000e+00
1.530583339929580688e+02 6.839088320732116699e+01 1.558783721923828125e+02 6.837116718292236328e+01 1.589898681640625000e+02 6.826153993606567383e+01 3.000000000000000000e+00
2.032472610473632812e+01 8.838921189308166504e+01 2.343945503234863281e+01 8.848973751068115234e+01 2.652885437011718750e+01 8.842690229415893555e+01 3.000000000000000000e+00
1.439469337463378906e+01 6.846648216247558594e+01 1.744097709655761719e+01 6.860149025917053223e+01 2.059847831726074219e+01 6.858124136924743652e+01 3.000000000000000000e+00
8.433243274688720703e+01 1.523228001594543457e+02 8.743717670440673828e+01 1.523593783378601074e+02 9.065828800201416016e+01 1.522431349754333496e+02 3.000000000000000000e+00
2.630377197265625000e+02 1.196645202487707138e+02 2.596532344818115234e+02 1.186014327406883240e+02 2.568066692352294922e+02 1.174650800228118896e+02 2.000000000000000000e+00
1.160766983032226562e+02 4.439635276794433594e+01 1.189800024032592773e+02 4.443434715270996094e+01 1.221165847778320312e+02 4.430839776992797852e+01 3.000000000000000000e+00
3.238369941711425781e+01 3.948712348937988281e+01 3.533700942993164062e+01 3.963520288467407227e+01 3.847037315368652344e+01 3.959881067276000977e+01 3.000000000000000000e+00
4.627764701843261719e+01 3.445751667022705078e+01 4.924419403076171875e+01 3.458712816238403320e+01 5.233439445495605469e+01 3.452724695205688477e+01 3.000000000000000000e+00
1.437729835510253906e+01 1.552882432937622070e+01 1.734178543090820312e+01 1.570828914642333984e+01 2.049374580383300781e+01 1.567788362503051758e+01 3.000000000000000000e+00
1.500184935331344604e+02 6.038942098617553711e+01 1.528379207849502563e+02 6.037539124488830566e+01 1.559703978896141052e+02 6.026189804077148438e+01 3.000000000000000000e+00
9.623700618743896484e+01 7.125553607940673828e+01 9.928984165191650391e+01 7.115336179733276367e+01 1.024868679046630859e+02 7.086675167083740234e+01 3.000000000000000000e+00
2.431730842590332031e+02 1.332054376602172852e+01 2.459864330291748047e+02 1.317864418029785156e+01 2.490813732147216797e+02 1.290977239608764648e+01 3.000000000000000000e+00
2.802891540527343750e+02 1.754514634609222412e+02 2.834026241302490234e+02 1.753101074695587158e+02 2.866249084472656250e+02 1.751337611675262451e+02 3.000000000000000000e+00
2.370282745361328125e+02 4.835924148559570312e+01 2.399821615219116211e+02 4.823109626770019531e+01 2.430581951141357422e+02 4.799643516540527344e+01 3.000000000000000000e+00
2.160189056396484375e+02 6.639939665794372559e+01 2.189971494674682617e+02 6.629858851432800293e+01 2.219971466064453125e+02 6.612646222114562988e+01 3.000000000000000000e+00
2.842320537567138672e+02 1.420953512191772461e+01 2.872180461883544922e+02 1.399690389633178711e+01 2.902220153808593750e+02 1.373870372772216797e+01 3.000000000000000000e+00
2.030326843261718750e+02 1.831668376922607422e+01 2.059094238281250000e+02 1.820373058319091797e+01 2.089465188980102539e+02 1.799812316894531250e+01 3.000000000000000000e+00
1.690599822998046875e+02 7.140343308448791504e+01 1.719208371639251709e+02 7.137410402297973633e+01 1.750941777229309082e+02 7.127702236175537109e+01 3.000000000000000000e+00
2.404702663421630859e+02 9.747417390346527100e+01 2.378383493423461914e+02 9.656942546367645264e+01 2.358279752731323242e+02 9.556543529033660889e+01 2.000000000000000000e+00
2.722212505340576172e+02 2.818776369094848633e+01 2.751223468780517578e+02 2.800335645675659180e+01 2.782292842864990234e+02 2.779566049575805664e+01 3.000000000000000000e+00
7.258227348327636719e+01 1.020720434188842773e+02 7.787494659423828125e+01 1.027636098861694336e+02 8.345863819122314453e+01 1.033929812908172607e+02 1.000000000000000000e+00
2.243201255798339844e+01 1.273248521983623505e+02 2.555915832519531250e+01 1.274246603250503540e+02 2.875445365905761719e+01 1.273585970699787140e+02 3.000000000000000000e+00
1.031226396560668945e+02 4.542409658432006836e+01 1.059960222244262695e+02 4.546750545501708984e+01 1.091651678085327148e+02 4.536651849746704102e+01 3.000000000000000000e+00
2.492783641815185547e+02 2.324083328247070312e+02 2.524982738494873047e+02 2.323128747940063477e+02 2.556953620910644531e+02 2.321687221527099609e+02 3.000000000000000000e+00
1.234047889709472656e+01 1.223545608669519424e+02 1.545407295227050781e+01 1.224748995155096054e+02 1.870020866394042969e+01 1.223969574272632599e+02 3.000000000000000000e+00
7.840313911437988281e+01 1.922308659553527832e+02 8.154581546783447266e+01 1.922556638717651367e+02 8.477473258972167969e+01 1.921066331863403320e+02 3.000000000000000000e+00
2.622067928314208984e+02 3.627307891845703125e+01 2.651130676269531250e+02 3.609904289245605469e+01 2.682267761230468750e+02 3.584473371505737305e+01 3.000000000000000000e+00
1.310393214225769043e+02 5.741249084472656250e+01 1.339202260971069336e+02 5.742697477340698242e+01 1.370577383041381836e+02 5.729843616485595703e+01 3.000000000000000000e+00
1.772561490535736084e+02 1.823322057723999023e+02 1.803669905662536621e+02 1.822971653938293457e+02 1.835263991355895996e+02 1.821583414077758789e+02 3.000000000000000000e+00
1.592868804931640625e+02 1.793692946434020996e+02 1.623969726264476776e+02 1.793299734592437744e+02 1.655782932043075562e+02 1.791820263862609863e+02 3.000000000000000000e+00
2.601857662200927734e+02 6.634562373161315918e+01 2.631101131439208984e+02 6.622907638549804688e+01 2.662328815460205078e+02 6.605001568794250488e+01 3.000000000000000000e+00
2.210025787353515625e+02 6.036632180213928223e+01 2.239545440673828125e+02 6.026125431060791016e+01 2.270056295394897461e+02 6.005699157714843750e+01 3.000000000000000000e+00
2.472235870361328125e+02 1.204487381223589182e+02 2.442582416534423828e+02 1.194467925466597080e+02 2.417288494110107422e+02 1.183246916905045509e+02 2.000000000000000000e+00
8.735986232757568359e+01 1.732975637912750244e+02 9.052020072937011719e+01 1.733344280719757080e+02 9.373910427093505859e+01 1.731741070747375488e+02 3.000000000000000000e+00
1.762273406982421875e+02 1.903371906280517578e+02 1.793345034122467041e+02 1.902860426902770996e+02 1.825293898582458496e+02 1.901426410675048828e+02 3.000000000000000000e+00
2.303121662139892578e+02 1.663793349266052246e+02 2.333914184570312500e+02 1.662675797939300537e+02 2.365014028549194336e+02 1.660792100429534912e+02 3.000000000000000000e+00
1.244053721427917480e+02 2.152780365943908691e+02 1.275254130363464355e+02 2.152526736259460449e+02 1.307367253303527832e+02 2.150876069068908691e+02 3.000000000000000000e+00
7.743211746215820312e+01 1.533086729049682617e+02 8.056103229522705078e+01 1.533548283576965332e+02 8.380451202392578125e+01 1.532357811927795410e+02 3.000000000000000000e+00
2.637380695343017578e+02 1.048435503244400024e+02 2.605785560607910156e+02 1.039100110530853271e+02 2.579855060577392578e+02 1.027858275175094604e+02 2.000000000000000000e+00
2.210010528564453125e+02 5.236405849456787109e+01 2.239439868927001953e+02 5.226611137390136719e+01 2.269965696334838867e+02 5.203937530517578125e+01 3.000000000000000000e+00
1.835364341735839844e+01 8.039980173110961914e+01 2.143199920654296875e+01 8.048785328865051270e+01 2.457414627075195312e+01 8.045144319534301758e+01 3.000000000000000000e+00
2.060628652572631836e+02 7.641013741493225098e+01 2.089690256118774414e+02 7.634593605995178223e+01 2.120376729965209961e+02 7.619966626167297363e+01 3.000000000000000000e+00
2.858579635620117188e+01 1.901676392555236816e+02 3.180406570434570312e+01 1.902329921722412109e+02 3.511882781982421875e+01 1.900986814498901367e+02 3.000000000000000000e+00
2.343470144271850586e+02 2.073981356620788574e+02 2.374867582321166992e+02 2.072862911224365234e+02 2.406684398651123047e+02 2.071440482139587402e+02 3.000000000000000000e+00
2.763244342803955078e+02 1.844487190246582031e+02 2.794302368164062500e+02 1.843026638031005859e+02 2.826445007324218750e+02 1.841286063194274902e+02 3.000000000000000000e+00
2.571206951141357422e+02 1.009145414829254150e+02 2.540700244903564453e+02 1.000577151775360107e+02 2.515778541564941406e+02 9.897523462772369385e+01 2.000000000000000000e+00
2.641973876953125000e+02 5.036908864974975586e+01 2.671200275421142578e+02 5.018079042434692383e+01 2.702367305755615234e+02 4.997498989105224609e+01 3.000000000000000000e+00
1.670035856962203979e+02 8.037439584732055664e+01 1.699157565832138062e+02 8.034030675888061523e+01 1.730446016788482666e+02 8.021256208419799805e+01 3.000000000000000000e+00
2.741861629486083984e+02 7.030590534210205078e+01 2.771075439453125000e+02 7.005859851837158203e+01 2.802364540100097656e+02 6.986925244331359863e+01 3.000000000000000000e+00
1.061566781997680664e+02 6.643194437026977539e+01 1.090572357177734375e+02 6.645092368125915527e+01 1.122230434417724609e+02 6.635805130004882812e+01 3.000000000000000000e+00
1.411988985538482666e+02 1.603104722499847412e+02 1.442693328857421875e+02 1.602869117259979248e+02 1.474078369140625000e+02 1.601491105556488037e+02 3.000000000000000000e+00
2.732017803192138672e+02 5.131158113479614258e+01 2.761225032806396484e+02 5.110849857330322266e+01 2.792361450195312500e+02 5.091849088668823242e+01 3.000000000000000000e+00
3.039571762084960938e+01 6.843653440475463867e+01 3.341311454772949219e+01 6.853456020355224609e+01 3.653244972229003906e+01 6.849277138710021973e+01 3.000000000000000000e+00
1.341472315788269043e+02 1.563035452365875244e+02 1.372203516960144043e+02 1.562848055362701416e+02 1.403641045093536377e+02 1.561588311195373535e+02 3.000000000000000000e+00
1.882069396972656250e+02 1.933569502830505371e+02 1.913072967529296875e+02 1.932958388328552246e+02 1.945006561279296875e+02 1.931541967391967773e+02 3.000000000000000000e+00
1.231490707397460938e+02 1.573202383518218994e+02 1.262398362159729004e+02 1.573141193389892578e+02 1.293955993652343750e+02 1.571874547004699707e+02 3.000000000000000000e+00
2.135200500488281250e+01 1.482820898294448853e+02 2.455281257629394531e+01 1.483619695901870728e+02 2.775189399719238281e+01 1.482644516229629517e+02 3.000000000000000000e+00
4.548930168151855469e+01 1.852261376380920410e+02 4.869108200073242188e+01 1.852939009666442871e+02 5.193738937377929688e+01 1.851829290390014648e+02 3.000000000000000000e+00
2.342900228500366211e+02 1.944314432144165039e+02 2.373673725128173828e+02 1.943233394622802734e+02 2.405547332763671875e+02 1.941714835166931152e+02 3.000000000000000000e+00
9.340124607086181641e+01 1.992676591873168945e+02 9.659311771392822266e+01 1.992815780639648438e+02 9.980252742767333984e+01 1.991050028800964355e+02 3.000000000000000000e+00
2.062164306640625000e+02 1.933717703819274902e+02 2.093596029281616211e+02 1.932968187332153320e+02 2.125510263442993164e+02 1.931491398811340332e+02 3.000000000000000000e+00
1.831093597412109375e+02 1.593275320529937744e+02 1.861992645263671875e+02 1.592655050754547119e+02 1.893508005142211914e+02 1.590884435176849365e+02 3.000000000000000000e+00
4.361924171447753906e+01 2.131351089477539062e+02 4.683788299560546875e+01 2.131909203529357910e+02 5.012612342834472656e+01 2.130183434486389160e+02 3.000000000000000000e+00
2.812187480926513672e+02 3.809778213500976562e+01 2.841302490234375000e+02 3.795360088348388672e+01 2.872440528869628906e+02 3.783441066741943359e+01 3.000000000000000000e+00
2.432134914398193359e+02 1.734049236774444580e+02 2.463478374481201172e+02 1.732956862449645996e+02 2.495237159729003906e+02 1.731368422508239746e+02 3.000000000000000000e+00
6.844891548156738281e+01 1.922381901741027832e+02 7.159733772277832031e+01 1.922677016258239746e+02 7.482079505920410156e+01 1.921300363540649414e+02 3.000000000000000000e+00
1.450305628776550293e+02 7.039195775985717773e+01 1.478338921070098877e+02 7.038367867469787598e+01 1.509806060791015625e+02 7.025923490524291992e+01 3.000000000000000000e+00
2.310480833053588867e+02 2.832567214965820312e+01 2.339313650131225586e+02 2.819293498992919922e+01 2.369895648956298828e+02 2.794037818908691406e+01 3.000000000000000000e+00
1.665125846862792969e+01 1.752525365352630615e+02 1.983070373535156250e+01 1.753314220905303955e+02 2.317083358764648438e+01 1.752201426029205322e+02 3.000000000000000000e+00
7.818070411682128906e+01 6.546510815620422363e+01 8.119831085205078125e+01 6.553601503372192383e+01 8.429472446441650391e+01 6.549326777458190918e+01 3.000000000000000000e+00
2.703853511810302734e+02 2.084469938278198242e+02 2.735141658782958984e+02 2.083308577537536621e+02 2.767134761810302734e+02 2.081848025321960449e+02 3.000000000000000000e+00
2.052130603790283203e+02 1.773659849166870117e+02 2.082916736602783203e+02 1.772787058353424072e+02 2.114472532272338867e+02 1.771073806285858154e+02 3.000000000000000000e+00
2.703037738800048828e+02 2.294706773757934570e+02 2.735730648040771484e+02 2.293619155883789062e+02 2.767630672454833984e+02 2.292272543907165527e+02 3.000000000000000000e+00
9.730095386505126953e+01 1.563411891460418701e+02 1.003998565673828125e+02 1.563695847988128662e+02 1.036155986785888672e+02 1.562509024143218994e+02 3.000000000000000000e+00
1.090519618988037109e+02 1.573516702651977539e+02 1.121464586257934570e+02 1.573578500747680664e+02 1.153590011596679688e+02 1.572324407100677490e+02 3.000000000000000000e+00
1.540007591247558594e+01 1.522613704204559326e+02 1.861577033996582031e+01 1.523515784740447998e+02 2.184537887573242188e+01 1.522559523582458496e+02 3.000000000000000000e+00
9.744385242462158203e+01 2.262295889854431152e+02 1.006330919265747070e+02 2.262311124801635742e+02 1.038917398452758789e+02 2.260682702064514160e+02 3.000000000000000000e+00
5.946105957031250000e+01 1.722827017307281494e+02 6.260732650756835938e+01 1.723256099224090576e+02 6.578469276428222656e+01 1.722024106979370117e+02 3.000000000000000000e+00
2.793998432159423828e+02 2.074474382400512695e+02 2.825108051300048828e+02 2.073175835609436035e+02 2.857612609863281250e+02 2.071741533279418945e+02 3.000000000000000000e+00
2.701377582550048828e+02 1.804025316238403320e+02 2.733654499053955078e+02 1.802516055107116699e+02 2.766055583953857422e+02 1.800823831558227539e+02 3.000000000000000000e+00
2.582440185546875000e+02 2.244441461563110352e+02 2.614179420471191406e+02 2.243495535850524902e+02 2.646187114715576172e+02 2.242148065567016602e+02 3.000000000000000000e+00
1.280693650245666504e+02 6.841744780540466309e+01 1.309465622901916504e+02 6.842989683151245117e+01 1.340804433822631836e+02 6.830765247344970703e+01 3.000000000000000000e+00
2.323090982437133789e+02 1.784196031093597412e+02 2.353785562515258789e+02 1.783119678497314453e+02 2.385169219970703125e+02 1.781358683109283447e+02 3.000000000000000000e+00
5.044090270996093750e+01 1.712719595432281494e+02 5.359141349792480469e+01 1.713307356834411621e+02 5.679766654968261719e+01 1.712053406238555908e+02 3.000000000000000000e+00
5.166237831115722656e+01 1.602610051631927490e+02 5.484691619873046875e+01 1.603154933452606201e+02 5.812597274780273438e+01 1.601775062084197998e+02 3.000000000000000000e+00
9.818090915679931641e+01 3.245530843734741211e+01 1.010213470458984375e+02 3.252391576766967773e+01 1.042011260986328125e+02 3.242126941680908203e+01 3.000000000000000000e+00
2.082280731201171875e+02 1.633898019790649414e+02 2.112697744369506836e+02 1.632872200012207031e+02 2.144021606445312500e+02 1.631072723865509033e+02 3.000000000000000000e+00
8.140200138092041016e+01 2.352126216888427734e+02 8.460140228271484375e+01 2.352302026748657227e+02 8.790279388427734375e+01 2.350120139122009277e+02 3.000000000000000000e+00
1.002964639663696289e+02 1.743460428714752197e+02 1.034680795669555664e+02 1.743481171131134033e+02 1.066691255569458008e+02 1.742023801803588867e+02 3.000000000000000000e+00
3.551211357116699219e+01 1.562647891044616699e+02 3.869395256042480469e+01 1.563394653797149658e+02 4.190352439880371094e+01 1.562121284008026123e+02 3.000000000000000000e+00
2.542834472656250000e+02 3.330375194549560547e+01 2.571211242675781250e+02 3.312425851821899414e+01 2.603075599670410156e+02 3.289802312850952148e+01 3.000000000000000000e+00
2.843964576721191406e+02 2.194473767280578613e+02 2.876203632354736328e+02 2.193172931671142578e+02 2.908691406250000000e+02 2.191877317428588867e+02 3.000000000000000000e+00
2.549332904815673828e+02 1.196381606999784708e+02 2.518311500549316406e+02 1.186129759624600410e+02 2.492230224609375000e+02 1.174846572428941727e+02 2.000000000000000000e+00
1.404306185245513916e+02 2.352750492095947266e+02 1.435720670223236084e+02 2.352663516998291016e+02 1.468280482292175293e+02 2.350959992408752441e+02 3.000000000000000000e+00
4.429854393005371094e+01 6.855676889419555664e+01 4.728034973144531250e+01 6.867101669311523438e+01 5.040026664733886719e+01 6.861427903175354004e+01 3.000000000000000000e+00
1.163234376907348633e+02 1.983133292198181152e+02 1.194680166244506836e+02 1.982784891128540039e+02 1.226670217514038086e+02 1.981468105316162109e+02 3.000000000000000000e+00
1.323133683204650879e+02 1.943301558494567871e+02 1.354266953468322754e+02 1.942958235740661621e+02 1.385894918441772461e+02 1.941683220863342285e+02 3.000000000000000000e+00
2.661863422393798828e+02 7.134000778198242188e+01 2.691072082519531250e+02 7.116650104522705078e+01 2.722353839874267578e+02 7.104812979698181152e+01 3.000000000000000000e+00
2.845559120178222656e+01 1.602562129497528076e+02 3.162780761718750000e+01 1.603391754627227783e+02 3.486748695373535156e+01 1.602275562286376953e+02 3.000000000000000000e+00
2.570825862884521484e+02 1.713891005516052246e+02 2.602676677703857422e+02 1.712845337390899658e+02 2.635099506378173828e+02 1.711442899703979492e+02 3.000000000000000000e+00
1.272366547584533691e+02 1.683265113830566406e+02 1.303065037727355957e+02 1.683156609535217285e+02 1.334851217269897461e+02 1.681933629512786865e+02 3.000000000000000000e+00
5.951140403747558594e+01 2.141407227516174316e+02 6.274534225463867188e+01 2.141703701019287109e+02 6.598997116088867188e+01 2.139984297752380371e+02 3.000000000000000000e+00
2.501872920989990234e+02 1.894019508361816406e+02 2.533228969573974609e+02 1.892925739288330078e+02 2.565013790130615234e+02 1.891403102874755859e+02 3.000000000000000000e+00
1.623075409233570099e+02 2.053096532821655273e+02 1.653733676671981812e+02 2.052960705757141113e+02 1.686519014835357666e+02 2.051588201522827148e+02 3.000000000000000000e+00
1.443177950382232666e+02 1.753508162498474121e+02 1.473990023136138916e+02 1.753276562690734863e+02 1.505419766902923584e+02 1.751635622978210449e+02 3.000000000000000000e+00
2.233110189437866211e+02 2.214046096801757812e+02 2.265080595016479492e+02 2.213097882270812988e+02 2.296567249298095703e+02 2.211782455444335938e+02 3.000000000000000000e+00
2.592637920379638672e+02 2.164099931716918945e+02 2.624130916595458984e+02 2.163002371788024902e+02 2.656363201141357422e+02 2.161542248725891113e+02 3.000000000000000000e+00
1.013801193237304688e+02 2.052524185180664062e+02 1.045977306365966797e+02 2.052479267120361328e+02 1.077943563461303711e+02 2.051004552841186523e+02 3.000000000000000000e+00
6.776249885559082031e+01 1.512819385528564453e+02 7.101311683654785156e+01 1.513180553913116455e+02 7.437908172607421875e+01 1.511881434917449951e+02 3.000000000000000000e+00
2.641911983489990234e+02 5.732517957687377930e+01 2.671150207519531250e+02 5.713409900665283203e+01 2.702341651916503906e+02 5.696077823638916016e+01 3.000000000000000000e+00
1.862584996223449707e+02 2.343539643287658691e+02 1.894878697395324707e+02 2.343012142181396484e+02 1.926836395263671875e+02 2.341643714904785156e+02 3.000000000000000000e+00
1.092796993255615234e+02 1.843030285835266113e+02 1.124435567855834961e+02 1.843106245994567871e+02 1.156577968597412109e+02 1.841684746742248535e+02 3.000000000000000000e+00
2.049734830856323242e+02 3.323936462402343750e+00 2.078388547897338867e+02 3.216927051544189453e+00 2.109111499786376953e+02 3.006184101104736328e+00 3.000000000000000000e+00
2.545624732971191406e+01 2.291709780693054199e+02 2.868130683898925781e+01 2.292330837249755859e+02 3.207070350646972656e+01 2.290428543090820312e+02 3.000000000000000000e+00
3.258488655090332031e+01 1.781878066062927246e+02 3.577031135559082031e+01 1.782691848278045654e+02 3.907912254333496094e+01 1.781416368484497070e+02 3.000000000000000000e+00
1.981826782226562500e+02 1.683691442012786865e+02 2.012250375747680664e+02 1.682776200771331787e+02 2.043631601333618164e+02 1.680995821952819824e+02 3.000000000000000000e+00
3.630373001098632812e+01 6.045859694480895996e+01 3.925084114074707031e+01 6.055107951164245605e+01 4.236945152282714844e+01 6.049761772155761719e+01 3.000000000000000000e+00
7.937771797180175781e+01 1.722884094715118408e+02 8.253142356872558594e+01 1.723293650150299072e+02 8.573496341705322266e+01 1.721928906440734863e+02 3.000000000000000000e+00
1.460749626159667969e+01 1.683194303512573242e+02 1.779798507690429688e+01 1.684030938148498535e+02 2.110753059387207031e+01 1.682914137840270996e+02 3.000000000000000000e+00
1.692579346895217896e+02 2.212995958328247070e+02 1.723974919319152832e+02 2.212686967849731445e+02 1.755931246280670166e+02 2.211233282089233398e+02 3.000000000000000000e+00
2.012319040298461914e+02 1.603874981403350830e+02 2.042581653594970703e+02 1.602871119976043701e+02 2.073782205581665039e+02 1.601024651527404785e+02 3.000000000000000000e+00
1.692584079504013062e+02 2.343258404731750488e+02 1.724907529354095459e+02 2.342670822143554688e+02 1.756498420238494873e+02 2.341162490844726562e+02 3.000000000000000000e+00
8.315914154052734375e+01 5.649194955825805664e+01 8.605852603912353516e+01 5.656197309494018555e+01 8.922413349151611328e+01 5.645957708358764648e+01 3.000000000000000000e+00
2.552084827423095703e+02 5.536833286285400391e+01 2.580908489227294922e+02 5.518979787826538086e+01 2.612186336517333984e+02 5.499328851699829102e+01 3.000000000000000000e+00
2.202738523483276367e+02 2.023842787742614746e+02 2.234040689468383789e+02 2.022944855690002441e+02 2.266074228286743164e+02 2.021581292152404785e+02 3.000000000000000000e+00
2.493296718597412109e+02 2.194242596626281738e+02 2.525186157226562500e+02 2.193105053901672363e+02 2.557276344299316406e+02 2.191502094268798828e+02 3.000000000000000000e+00
2.561345100402832031e+01 1.991624522209167480e+02 2.880896568298339844e+01 1.992162394523620605e+02 3.215652465820312500e+01 1.990793466567993164e+02 3.000000000000000000e+00
8.934892177581787109e+01 9.761744499206542969e+01 9.416611194610595703e+01 9.829497456550598145e+01 9.963618278503417969e+01 9.870118618011474609e+01 1.000000000000000000e+00
9.036440372467041016e+01 1.059684133529663086e+02 9.542498588562011719e+01 1.066412195563316345e+02 1.011094665527343750e+02 1.072139811515808105e+02 1.000000000000000000e+00
5.091197967529296875e+01 1.149789427220821381e+02 5.557746887207031250e+01 1.155922468006610870e+02 6.058870315551757812e+01 1.162661969661712646e+02 1.000000000000000000e+00
5.775463104248046875e+01 1.089219510555267334e+02 6.246324539184570312e+01 1.096174925565719604e+02 6.739315986633300781e+01 1.102164378762245178e+02 1.000000000000000000e+00
8.590620517730712891e+01 1.089947122335433960e+02 9.109741210937500000e+01 1.096821740269660950e+02 9.689723968505859375e+01 1.102719569206237793e+02 1.000000000000000000e+00
5.465113639831542969e+01 1.069115826487541199e+02 5.931857109069824219e+01 1.075826945900917053e+02 6.415765762329101562e+01 1.081658855080604553e+02 1.000000000000000000e+00
5.584783554077148438e+01 1.119736933708190918e+02 6.055918693542480469e+01 1.126147837936878204e+02 6.553505897521972656e+01 1.132771678268909454e+02 1.000000000000000000e+00
2.421397876739501953e+02 1.113054728507995605e+02 2.394652557373046875e+02 1.103444516658782959e+02 2.374163675308227539e+02 1.092718729376792908e+02 2.000000000000000000e+00
2.579852294921875000e+02 1.038854134082794189e+02 2.548992061614990234e+02 1.029778504371643066e+02 2.524591732025146484e+02 1.018988031148910522e+02 2.000000000000000000e+00
2.378766489028930664e+02 1.013702613115310669e+02 2.353222227096557617e+02 1.004547268152236938e+02 2.333108663558959961e+02 9.944171726703643799e+01 2.000000000000000000e+00
2.577768898010253906e+02 1.117447659373283386e+02 2.546663379669189453e+02 1.107461160421371460e+02 2.521669006347656250e+02 1.096367105841636658e+02 2.000000000000000000e+00
2.626184082031250000e+02 9.412766933441162109e+01 2.595361328125000000e+02 9.336531758308410645e+01 2.570207214355468750e+02 9.241834044456481934e+01 2.000000000000000000e+00
2.421323394775390625e+02 1.143274229764938354e+02 2.394969511032104492e+02 1.133867490291595459e+02 2.374652862548828125e+02 1.123466178774833679e+02 2.000000000000000000e+00
2.437495613098144531e+02 1.015425413846969604e+02 2.409898567199707031e+02 1.006234037876129150e+02 2.388217496871948242e+02 9.958026051521301270e+01 2.000000000000000000e+00
