5.963591957092285156e+02 2.038424348831176758e+02 5.917782020568847656e+02 1.962862372398376465e+02 5.845454788208007812e+02 1.864891934394836426e+02 1.000000000000000000e+00
5.567140579223632812e+02 2.060554647445678711e+02 5.518024253845214844e+02 1.984584331512451172e+02 5.441079711914062500e+02 1.886526310443878174e+02 1.000000000000000000e+00
5.187644767761230469e+02 2.269243767857551575e+02 5.138607788085937500e+02 2.194070720672607422e+02 5.061662864685058594e+02 2.097747015953063965e+02 1.000000000000000000e+00
5.792101478576660156e+02 2.214418011903762817e+02 5.743823242187500000e+02 2.138986337184906006e+02 5.668820190429687500e+02 2.041748178005218506e+02 1.000000000000000000e+00
5.181730461120605469e+02 1.942025113105773926e+02 5.137223625183105469e+02 1.865025758743286133e+02 5.062048339843750000e+02 1.767463803291320801e+02 1.000000000000000000e+00
5.885697746276855469e+02 2.236413574218750000e+02 5.839361000061035156e+02 2.162210530042648315e+02 5.765507316589355469e+02 2.064681243896484375e+02 1.000000000000000000e+00
5.938751792907714844e+02 2.231803733110427856e+02 5.892959594726562500e+02 2.156628870964050293e+02 5.819327354431152344e+02 2.059324479103088379e+02 1.000000000000000000e+00
5.803038406372070312e+02 2.282159721851348877e+02 5.755142784118652344e+02 2.207216638326644897e+02 5.680322837829589844e+02 2.110418683290481567e+02 1.000000000000000000e+00
5.541005325317382812e+02 2.588923037052154541e+02 5.505053710937500000e+02 2.516031190752983093e+02 5.442408561706542969e+02 2.420827026665210724e+02 1.000000000000000000e+00
5.447901725769042969e+02 2.081206512451171875e+02 5.396444702148437500e+02 2.004446554183959961e+02 5.317474937438964844e+02 1.905812036991119385e+02 1.000000000000000000e+00
5.055913734436035156e+02 2.088649892807006836e+02 5.011247825622558594e+02 2.012108910083770752e+02 4.936698341369628906e+02 1.913480508327484131e+02 1.000000000000000000e+00
5.456817054748535156e+02 2.208246141672134399e+02 5.405229568481445312e+02 2.130786269903182983e+02 5.331447219848632812e+02 2.034331190586090088e+02 1.000000000000000000e+00
5.387300491333007812e+02 2.077390408515930176e+02 5.336338615417480469e+02 2.000956249237060547e+02 5.257620239257812500e+02 1.902544212341308594e+02 1.000000000000000000e+00
5.081240844726562500e+02 2.026186215877532959e+02 5.032886123657226562e+02 1.950636577606201172e+02 4.957560729980468750e+02 1.851689887046813965e+02 1.000000000000000000e+00
6.089908409118652344e+02 2.118925917148590088e+02 6.045881462097167969e+02 2.043749535083770752e+02 5.977211952209472656e+02 1.945992565155029297e+02 1.000000000000000000e+00
5.207641029357910156e+02 2.031667006015777588e+02 5.158266067504882812e+02 1.955932903289794922e+02 5.081410598754882812e+02 1.857723069190979004e+02 1.000000000000000000e+00
5.233461380004882812e+02 2.193806290626525879e+02 5.182899284362792969e+02 2.118242472410202026e+02 5.105590629577636719e+02 2.022074425220489502e+02 1.000000000000000000e+00
5.237776565551757812e+02 2.252929830551147461e+02 5.187219238281250000e+02 2.177684158086776733e+02 5.110242652893066406e+02 2.081940579414367676e+02 1.000000000000000000e+00
5.480697059631347656e+02 2.057086157798767090e+02 5.430311965942382812e+02 1.981840789318084717e+02 5.351307487487792969e+02 1.883352792263031006e+02 1.000000000000000000e+00
5.417327308654785156e+02 2.058216083049774170e+02 5.365863609313964844e+02 1.982728850841522217e+02 5.287274742126464844e+02 1.884187281131744385e+02 1.000000000000000000e+00
5.875029945373535156e+02 2.123200052976608276e+02 5.829435539245605469e+02 2.047582089900970459e+02 5.754573440551757812e+02 1.949095451831817627e+02 1.000000000000000000e+00
5.980361938476562500e+02 2.237994074821472168e+02 5.934567260742187500e+02 2.163416433334350586e+02 5.862799644470214844e+02 2.065803802013397217e+02 1.000000000000000000e+00
5.973699951171875000e+02 2.275782009959220886e+02 5.927459144592285156e+02 2.201197189092636108e+02 5.855592727661132812e+02 2.103841692209243774e+02 1.000000000000000000e+00
5.842703247070312500e+02 2.003335082530975342e+02 5.796835899353027344e+02 1.927275681495666504e+02 5.722164916992187500e+02 1.828732430934906006e+02 1.000000000000000000e+00
5.903443717956542969e+02 2.225781387090682983e+02 5.856691932678222656e+02 2.151665478944778442e+02 5.783266067504882812e+02 2.053860139846801758e+02 1.000000000000000000e+00
6.013182449340820312e+02 2.328518061339855194e+02 5.966077232360839844e+02 2.253822469711303711e+02 5.894077873229980469e+02 2.156310564279556274e+02 1.000000000000000000e+00
5.226358604431152344e+02 1.926881825923919678e+02 5.183374023437500000e+02 1.849523735046386719e+02 5.108538246154785156e+02 1.752165985107421875e+02 1.000000000000000000e+00
5.608211135864257812e+02 2.085921013355255127e+02 5.558705520629882812e+02 2.009698784351348877e+02 5.482614707946777344e+02 1.911762070655822754e+02 1.000000000000000000e+00
6.099586296081542969e+02 2.275836324691772461e+02 6.053330039978027344e+02 2.201049488782882690e+02 5.980766105651855469e+02 2.103231185674667358e+02 1.000000000000000000e+00
5.739016151428222656e+02 2.008269774913787842e+02 5.693652915954589844e+02 1.932403707504272461e+02 5.621554565429687500e+02 1.833474862575531006e+02 1.000000000000000000e+00
5.166325759887695312e+02 2.228713667392730713e+02 5.117759704589843750e+02 2.153310084342956543e+02 5.039439201354980469e+02 2.056612694263458252e+02 1.000000000000000000e+00
5.556399536132812500e+02 2.533621680736541748e+02 5.515442466735839844e+02 2.459991002082824707e+02 5.449142456054687500e+02 2.364579313248395920e+02 1.000000000000000000e+00
5.862756347656250000e+02 2.055998361110687256e+02 5.817370033264160156e+02 1.980784571170806885e+02 5.742636108398437500e+02 1.882132101058959961e+02 1.000000000000000000e+00
5.518444824218750000e+02 2.098134291172027588e+02 5.468148803710937500e+02 2.020821368694305420e+02 5.390840530395507812e+02 1.923199582099914551e+02 1.000000000000000000e+00
5.430198478698730469e+02 2.106187123060226440e+02 5.379538536071777344e+02 2.028076601028442383e+02 5.301366043090820312e+02 1.931642282009124756e+02 1.000000000000000000e+00
5.478604698181152344e+02 2.097945678234100342e+02 5.428549194335937500e+02 2.020023787021636963e+02 5.350100135803222656e+02 1.923155808448791504e+02 1.000000000000000000e+00
5.710792350769042969e+02 1.975953805446624756e+02 5.664414787292480469e+02 1.899376058578491211e+02 5.595967483520507812e+02 1.801448643207550049e+02 1.000000000000000000e+00
5.907972526550292969e+02 2.280805662274360657e+02 5.862011718750000000e+02 2.206178730726242065e+02 5.787878417968750000e+02 2.108888679742813110e+02 1.000000000000000000e+00
5.095024108886718750e+02 1.974975407123565674e+02 5.047210693359375000e+02 1.899352240562438965e+02 4.970573425292968750e+02 1.802335309982299805e+02 1.000000000000000000e+00
5.115240287780761719e+02 2.098617088794708252e+02 5.068499565124511719e+02 2.023090195655822754e+02 4.993121337890625000e+02 1.925133025646209717e+02 1.000000000000000000e+00
6.073209190368652344e+02 2.114447915554046631e+02 6.028050041198730469e+02 2.038568723201751709e+02 5.958091545104980469e+02 1.941228139400482178e+02 1.000000000000000000e+00
6.047596549987792969e+02 2.268679189682006836e+02 6.001222610473632812e+02 2.193866711854934692e+02 5.928396034240722656e+02 2.095782136917114258e+02 1.000000000000000000e+00
6.067909049987792969e+02 2.328341822326183319e+02 6.021288490295410156e+02 2.253863972425460815e+02 5.947740554809570312e+02 2.155781239271163940e+02 1.000000000000000000e+00
5.494318199157714844e+02 2.071732914447784424e+02 5.443312454223632812e+02 1.995588970184326172e+02 5.365246009826660156e+02 1.897008955478668213e+02 1.000000000000000000e+00
5.097735977172851562e+02 3.687045621871948242e+02 5.100539970397949219e+02 3.621881532669067383e+02 5.084793090820312500e+02 3.534801077842712402e+02 2.000000000000000000e+00
3.656410217285156250e+02 3.716833877563476562e+02 3.656472778320312500e+02 3.646392917633056641e+02 3.637572956085205078e+02 3.559931731224060059e+02 2.000000000000000000e+00
5.089358520507812500e+02 4.043461132049560547e+02 5.088342857360839844e+02 3.977827548980712891e+02 5.067963218688964844e+02 3.891587591171264648e+02 2.000000000000000000e+00
5.102934265136718750e+02 3.925291872024536133e+02 5.103407669067382812e+02 3.859875869750976562e+02 5.083831596374511719e+02 3.773160409927368164e+02 2.000000000000000000e+00
5.006944656372070312e+02 4.176444768905639648e+02 5.004729270935058594e+02 4.110378742218017578e+02 4.984206581115722656e+02 4.024747753143310547e+02 2.000000000000000000e+00
4.860738945007324219e+02 4.201411485671997070e+02 4.858676528930664062e+02 4.134236526489257812e+02 4.838725090026855469e+02 4.047129964828491211e+02 2.000000000000000000e+00
4.919801712036132812e+02 4.211215639114379883e+02 4.917601966857910156e+02 4.144426918029785156e+02 4.897377967834472656e+02 4.057509899139404297e+02 2.000000000000000000e+00
4.854517936706542969e+02 3.821010875701904297e+02 4.854504203796386719e+02 3.755074882507324219e+02 4.834199523925781250e+02 3.669089698791503906e+02 2.000000000000000000e+00
7.923788070678710938e+01 3.850611019134521484e+02 7.935239791870117188e+01 3.768479919433593750e+02 7.763572692871093750e+01 3.683082103729248047e+02 2.000000000000000000e+00
4.825208473205566406e+02 3.449953079223632812e+02 4.825958633422851562e+02 3.384744930267333984e+02 4.806130027770996094e+02 3.298183035850524902e+02 2.000000000000000000e+00
4.077844524383544922e+02 3.779780960083007812e+02 4.077828121185302734e+02 3.710705566406250000e+02 4.059481239318847656e+02 3.624073219299316406e+02 2.000000000000000000e+00
3.715999460220336914e+02 3.776907777786254883e+02 3.715871906280517578e+02 3.706744194030761719e+02 3.696964120864868164e+02 3.619730901718139648e+02 2.000000000000000000e+00
4.822919273376464844e+02 3.675541734695434570e+02 4.822886085510253906e+02 3.608259344100952148e+02 4.802787590026855469e+02 3.523708248138427734e+02 2.000000000000000000e+00
5.019031715393066406e+02 4.089199590682983398e+02 5.017542076110839844e+02 4.023458576202392578e+02 4.997324562072753906e+02 3.937355089187622070e+02 2.000000000000000000e+00
5.099327659606933594e+02 3.496194505691528320e+02 5.099435234069824219e+02 3.430580520629882812e+02 5.079182434082031250e+02 3.344025921821594238e+02 2.000000000000000000e+00
4.979221153259277344e+02 3.784582328796386719e+02 4.979021072387695312e+02 3.719108390808105469e+02 4.959013366699218750e+02 3.633775663375854492e+02 2.000000000000000000e+00
3.793844938278198242e+02 3.850717878341674805e+02 3.793317890167236328e+02 3.780929660797119141e+02 3.775069904327392578e+02 3.693143749237060547e+02 2.000000000000000000e+00
8.118379592895507812e+01 3.991090106964111328e+02 8.145137786865234375e+01 3.909197759628295898e+02 7.976295471191406250e+01 3.822903871536254883e+02 2.000000000000000000e+00
5.084665870666503906e+02 3.856650781631469727e+02 5.087362480163574219e+02 3.791801261901855469e+02 5.069468116760253906e+02 3.705639982223510742e+02 2.000000000000000000e+00
4.839076232910156250e+02 3.742446327209472656e+02 4.839177894592285156e+02 3.675468492507934570e+02 4.818532180786132812e+02 3.590230464935302734e+02 2.000000000000000000e+00
1.138534164428710938e+02 3.116644906997680664e+02 1.141882514953613281e+02 3.037060260772705078e+02 1.124196052551269531e+02 2.950182223320007324e+02 2.000000000000000000e+00
4.356309223175048828e+02 3.668252563476562500e+02 4.356636333465576172e+02 3.599552392959594727e+02 4.337161254882812500e+02 3.513845872879028320e+02 2.000000000000000000e+00
4.825771903991699219e+02 3.596624493598937988e+02 4.825874710083007812e+02 3.529670763015747070e+02 4.806236076354980469e+02 3.444594168663024902e+02 2.000000000000000000e+00
4.584503459930419922e+02 3.952533960342407227e+02 4.583399677276611328e+02 3.885005235671997070e+02 4.563815593719482422e+02 3.798086357116699219e+02 2.000000000000000000e+00
5.083570671081542969e+02 3.760204267501831055e+02 5.086018943786621094e+02 3.694969224929809570e+02 5.067971611022949219e+02 3.608620405197143555e+02 2.000000000000000000e+00
1.039936828613281250e+02 3.054588031768798828e+02 1.043819427490234375e+02 2.975441300868988037e+02 1.024579620361328125e+02 2.887630319595336914e+02 2.000000000000000000e+00
9.778476715087890625e+01 4.014914703369140625e+02 9.792898178100585938e+01 3.935066270828247070e+02 9.620403289794921875e+01 3.844884967803955078e+02 2.000000000000000000e+00
4.905719947814941406e+02 3.781560373306274414e+02 4.905664634704589844e+02 3.715925645828247070e+02 4.884855651855468750e+02 3.630691051483154297e+02 2.000000000000000000e+00
8.441579818725585938e+01 2.746024203300476074e+02 8.476743698120117188e+01 2.665791946649551392e+02 8.297317504882812500e+01 2.578211367130279541e+02 2.000000000000000000e+00
1.195196723937988281e+02 2.387341155856847763e+02 1.200398445129394531e+02 2.308798214793205261e+02 1.181475830078125000e+02 2.221448653936386108e+02 2.000000000000000000e+00
1.000492858886718750e+02 2.245862424373626709e+02 1.004907989501953125e+02 2.166219770908355713e+02 9.869951248168945312e+01 2.078101623058319092e+02 2.000000000000000000e+00
1.181464004516601562e+02 2.739817535877227783e+02 1.185191917419433594e+02 2.661557328701019287e+02 1.167046928405761719e+02 2.574167186021804810e+02 2.000000000000000000e+00
4.089291381835937500e+02 3.710446786880493164e+02 4.089342403411865234e+02 3.641518878936767578e+02 4.070930767059326172e+02 3.554662871360778809e+02 2.000000000000000000e+00
4.476331520080566406e+02 3.946840238571166992e+02 4.475659847259521484e+02 3.878434181213378906e+02 4.456522560119628906e+02 3.790990018844604492e+02 2.000000000000000000e+00
3.963522338867187500e+02 3.439943003654479980e+02 3.964693927764892578e+02 3.370261287689208984e+02 3.945902109146118164e+02 3.284383606910705566e+02 2.000000000000000000e+00
1.001147079467773438e+02 2.932414591312408447e+02 1.005518341064453125e+02 2.853052997589111328e+02 9.862691879272460938e+01 2.765022611618041992e+02 2.000000000000000000e+00
3.775121164321899414e+02 3.768239879608154297e+02 3.774796772003173828e+02 3.698175430297851562e+02 3.756309509277343750e+02 3.611333942413330078e+02 2.000000000000000000e+00
5.007756614685058594e+02 3.523342323303222656e+02 5.006081581115722656e+02 3.457026743888854980e+02 4.986258506774902344e+02 3.370772767066955566e+02 2.000000000000000000e+00
5.072931480407714844e+02 4.198623132705688477e+02 5.070474815368652344e+02 4.133035326004028320e+02 5.049685668945312500e+02 4.046584796905517578e+02 2.000000000000000000e+00
4.767374610900878906e+02 4.128491306304931641e+02 4.766013240814208984e+02 4.061890411376953125e+02 4.746562480926513672e+02 3.974630212783813477e+02 2.000000000000000000e+00
8.504713058471679688e+01 2.947877526283264160e+02 8.546201705932617188e+01 2.868160128593444824e+02 8.355905532836914062e+01 2.780354332923889160e+02 2.000000000000000000e+00
3.317957460880279541e+02 3.484707713127136230e+02 3.318482363224029541e+02 3.413321256637573242e+02 3.300445866584777832e+02 3.326043105125427246e+02 2.000000000000000000e+00
1.034120559692382812e+02 2.356105345487594604e+02 1.038614273071289062e+02 2.276974171400070190e+02 1.020632362365722656e+02 2.188879376649856567e+02 2.000000000000000000e+00
5.122824668884277344e+02 3.985833263397216797e+02 5.121605873107910156e+02 3.920818519592285156e+02 5.101088905334472656e+02 3.834175157546997070e+02 2.000000000000000000e+00
3.227315980195999146e+02 3.554022574424743652e+02 3.227782288193702698e+02 3.482427406311035156e+02 3.209591674804687500e+02 3.395329356193542480e+02 2.000000000000000000e+00
1.106215667724609375e+02 3.959694671630859375e+02 1.107072448730468750e+02 3.880163383483886719e+02 1.089724349975585938e+02 3.788402509689331055e+02 2.000000000000000000e+00
4.459554481506347656e+02 3.681685924530029297e+02 4.459528827667236328e+02 3.613408899307250977e+02 4.440875244140625000e+02 3.527459478378295898e+02 2.000000000000000000e+00
1.142336463928222656e+02 2.986036705970764160e+02 1.145615577697753906e+02 2.906020224094390869e+02 1.127649307250976562e+02 2.819693326950073242e+02 2.000000000000000000e+00
3.266263121366500854e+02 3.719843244552612305e+02 3.266080629825592041e+02 3.648286771774291992e+02 3.247848817706108093e+02 3.562216830253601074e+02 2.000000000000000000e+00
4.477536964416503906e+02 4.074206686019897461e+02 4.476347351074218750e+02 4.005961418151855469e+02 4.455891418457031250e+02 3.920040607452392578e+02 2.000000000000000000e+00
4.826022720336914062e+02 4.120932340621948242e+02 4.825131607055664062e+02 4.053505325317382812e+02 4.805130386352539062e+02 3.967114305496215820e+02 2.000000000000000000e+00
1.015844917297363281e+02 2.792460644245147705e+02 1.020800781250000000e+02 2.711925065517425537e+02 1.002190780639648438e+02 2.624965524673461914e+02 2.000000000000000000e+00
5.107868957519531250e+02 3.565279269218444824e+02 5.107395744323730469e+02 3.499346709251403809e+02 5.087583923339843750e+02 3.412754845619201660e+02 2.000000000000000000e+00
4.017740821838378906e+02 3.561342859268188477e+02 4.018777465820312500e+02 3.492504000663757324e+02 3.999035644531250000e+02 3.405736112594604492e+02 2.000000000000000000e+00
9.202344894409179688e+01 3.934277057647705078e+02 9.222578048706054688e+01 3.853693914413452148e+02 9.053049087524414062e+01 3.764251470565795898e+02 2.000000000000000000e+00
3.383287358283996582e+02 3.707722234725952148e+02 3.383376467227935791e+02 3.636532115936279297e+02 3.363797605037689209e+02 3.550645780563354492e+02 2.000000000000000000e+00
3.256779783964157104e+02 3.308725619316101074e+02 3.258439636230468750e+02 3.237833905220031738e+02 3.240888977050781250e+02 3.152346253395080566e+02 2.000000000000000000e+00
4.239628314971923828e+02 3.755227088928222656e+02 4.240254878997802734e+02 3.686526203155517578e+02 4.219792461395263672e+02 3.601185321807861328e+02 2.000000000000000000e+00
4.839812660217285156e+02 3.528295040130615234e+02 4.840023612976074219e+02 3.462768030166625977e+02 4.820664787292480469e+02 3.376237821578979492e+02 2.000000000000000000e+00
1.028969573974609375e+02 2.692388623952865601e+02 1.034409141540527344e+02 2.611480110883712769e+02 1.014750099182128906e+02 2.524714511632919312e+02 2.000000000000000000e+00
2.809641098976135254e+02 3.178517174720764160e+02 2.811582326889038086e+02 3.106245446205139160e+02 2.793913269042968750e+02 3.019588065147399902e+02 2.000000000000000000e+00
3.575210881233215332e+02 3.806875705718994141e+02 3.575390625000000000e+02 3.736354064941406250e+02 3.555684828758239746e+02 3.648863840103149414e+02 2.000000000000000000e+00
3.316669929027557373e+02 3.585128545761108398e+02 3.317011415958404541e+02 3.513605690002441406e+02 3.298592531681060791e+02 3.427096295356750488e+02 2.000000000000000000e+00
4.960162734985351562e+02 3.949592399597167969e+02 4.959545898437500000e+02 3.882507133483886719e+02 4.939660644531250000e+02 3.796157026290893555e+02 2.000000000000000000e+00
4.901866531372070312e+02 4.085505151748657227e+02 4.900372314453125000e+02 4.018222761154174805e+02 4.880275535583496094e+02 3.932617235183715820e+02 2.000000000000000000e+00
8.118774414062500000e+01 3.701098394393920898e+02 8.135551452636718750e+01 3.621035528182983398e+02 7.958791732788085938e+01 3.530824613571166992e+02 2.000000000000000000e+00
3.989557504653930664e+02 3.776807928085327148e+02 3.989413452148437500e+02 3.707148456573486328e+02 3.970710754394531250e+02 3.620294237136840820e+02 2.000000000000000000e+00
4.989849281311035156e+02 3.687329149246215820e+02 4.989916419982910156e+02 3.621523475646972656e+02 4.969943237304687500e+02 3.535865807533264160e+02 2.000000000000000000e+00
5.009065055847167969e+02 3.591124606132507324e+02 5.008425712585449219e+02 3.524373865127563477e+02 4.990268516540527344e+02 3.438120460510253906e+02 2.000000000000000000e+00
4.900850296020507812e+02 3.519571924209594727e+02 4.900895500183105469e+02 3.453812599182128906e+02 4.881409645080566406e+02 3.367139625549316406e+02 2.000000000000000000e+00
9.064682006835937500e+01 2.687322700023651123e+02 9.103124618530273438e+01 2.606959551572799683e+02 8.920541763305664062e+01 2.520067906379699707e+02 2.000000000000000000e+00
3.489009404182434082e+02 3.916951417922973633e+02 3.489065551757812500e+02 3.845700788497924805e+02 3.472130441665649414e+02 3.758442449569702148e+02 2.000000000000000000e+00
3.927818918228149414e+02 3.565799903869628906e+02 3.928670072555541992e+02 3.496979427337646484e+02 3.908923053741455078e+02 3.409379911422729492e+02 2.000000000000000000e+00
1.038644790649414062e+02 3.115825510025024414e+02 1.042547416687011719e+02 3.036044025421142578e+02 1.023508262634277344e+02 2.949147677421569824e+02 2.000000000000000000e+00
4.846918106079101562e+02 3.390664386749267578e+02 4.848007202148437500e+02 3.325317764282226562e+02 4.828527259826660156e+02 3.238922739028930664e+02 2.000000000000000000e+00
3.254460448026657104e+02 3.367809176445007324e+02 3.255859071016311646e+02 3.296729207038879395e+02 3.237726441025733948e+02 3.211502408981323242e+02 2.000000000000000000e+00
4.010206317901611328e+02 3.698080158233642578e+02 4.009992408752441406e+02 3.628584909439086914e+02 3.991359567642211914e+02 3.541907072067260742e+02 2.000000000000000000e+00
4.895313072204589844e+02 3.587330102920532227e+02 4.895480918884277344e+02 3.520421504974365234e+02 4.876036643981933594e+02 3.434895372390747070e+02 2.000000000000000000e+00
3.894971609115600586e+02 3.695897912979125977e+02 3.894875478744506836e+02 3.626431274414062500e+02 3.874659729003906250e+02 3.537794566154479980e+02 2.000000000000000000e+00
4.210353755950927734e+02 3.981838703155517578e+02 4.209625244140625000e+02 3.913142538070678711e+02 4.190534687042236328e+02 3.825519132614135742e+02 2.000000000000000000e+00
3.797588825225830078e+02 3.603760814666748047e+02 3.798179340362548828e+02 3.534393382072448730e+02 3.778689575195312500e+02 3.446549463272094727e+02 2.000000000000000000e+00
4.402371215820312500e+02 3.444873118400573730e+02 4.402744197845458984e+02 3.376695585250854492e+02 4.383244991302490234e+02 3.290763616561889648e+02 2.000000000000000000e+00
1.120260429382324219e+02 3.046063256263732910e+02 1.124100875854492188e+02 2.966459691524505615e+02 1.105425453186035156e+02 2.879666483402252197e+02 2.000000000000000000e+00
1.017436218261718750e+02 2.561085516214370728e+02 1.021271896362304688e+02 2.480638432502746582e+02 1.003283500671386719e+02 2.393337401747703552e+02 2.000000000000000000e+00
4.881474304199218750e+02 3.685519123077392578e+02 4.881384086608886719e+02 3.618416833877563477e+02 4.861385917663574219e+02 3.533739352226257324e+02 2.000000000000000000e+00
3.885296964645385742e+02 4.135607385635375977e+02 3.882853078842163086e+02 4.065881395339965820e+02 3.864340829849243164e+02 3.978419923782348633e+02 2.000000000000000000e+00
1.001300239562988281e+02 3.747352695465087891e+02 1.003551101684570312e+02 3.667657184600830078e+02 9.857461929321289062e+01 3.577222037315368652e+02 2.000000000000000000e+00
4.778924560546875000e+02 3.751671266555786133e+02 4.778850460052490234e+02 3.684463262557983398e+02 4.757993221282958984e+02 3.599178242683410645e+02 2.000000000000000000e+00
3.366598510742187500e+02 3.526130461692810059e+02 3.367166447639465332e+02 3.454715323448181152e+02 3.349324643611907959e+02 3.367498826980590820e+02 2.000000000000000000e+00
3.660631418228149414e+02 3.590474295616149902e+02 3.661261320114135742e+02 3.519902729988098145e+02 3.641832876205444336e+02 3.433630728721618652e+02 2.000000000000000000e+00
4.232606506347656250e+02 4.154402017593383789e+02 4.231028175354003906e+02 4.085305881500244141e+02 4.210742855072021484e+02 3.997746706008911133e+02 2.000000000000000000e+00
1.132300758361816406e+02 2.493942421674728394e+02 1.136537361145019531e+02 2.415387726947665215e+02 1.118180847167968750e+02 2.327783350646495819e+02 2.000000000000000000e+00
5.241135978698730469e+02 9.634341716766357422e+01 5.251873779296875000e+02 8.972521305084228516e+01 5.237434196472167969e+02 8.127632617950439453e+01 2.000000000000000000e+00
1.185293197631835938e+02 2.680626243352890015e+02 1.189245414733886719e+02 2.602175617218017578e+02 1.171846008300781250e+02 2.514908605813980103e+02 2.000000000000000000e+00
3.166281431913375854e+02 3.688138532638549805e+02 3.166086119413375854e+02 3.616301965713500977e+02 3.147544246912002563e+02 3.529926824569702148e+02 2.000000000000000000e+00
3.847809743881225586e+02 3.645758771896362305e+02 3.848146677017211914e+02 3.576418805122375488e+02 3.828209543228149414e+02 3.488327980041503906e+02 2.000000000000000000e+00
4.313923358917236328e+02 3.874524021148681641e+02 4.314194393157958984e+02 3.806178045272827148e+02 4.294197368621826172e+02 3.719651556015014648e+02 2.000000000000000000e+00
3.546801757812500000e+02 3.662692594528198242e+02 3.547196650505065918e+02 3.592045354843139648e+02 3.526878976821899414e+02 3.505149006843566895e+02 2.000000000000000000e+00
3.461130070686340332e+02 3.640919208526611328e+02 3.461338210105895996e+02 3.569926500320434570e+02 3.442631220817565918e+02 3.483668303489685059e+02 2.000000000000000000e+00
3.321495974063873291e+02 3.714549922943115234e+02 3.321475827693939209e+02 3.643226337432861328e+02 3.303459167480468750e+02 3.556789612770080566e+02 2.000000000000000000e+00
1.130554962158203125e+02 2.788080775737762451e+02 1.134203147888183594e+02 2.710546875000000000e+02 1.116069602966308594e+02 2.622642838954925537e+02 2.000000000000000000e+00
3.958078336715698242e+02 3.359050655364990234e+02 3.959596586227416992e+02 3.289147353172302246e+02 3.941461515426635742e+02 3.203944730758666992e+02 2.000000000000000000e+00
3.418838810920715332e+02 3.894334745407104492e+02 3.419280695915222168e+02 3.822966098785400391e+02 3.402468276023864746e+02 3.735574722290039062e+02 2.000000000000000000e+00
8.865720748901367188e+01 2.515643164515495300e+02 8.916158676147460938e+01 2.435763551294803619e+02 8.732252120971679688e+01 2.348621977865695953e+02 2.000000000000000000e+00
4.492720985412597656e+02 3.448123240470886230e+02 4.493541240692138672e+02 3.380332374572753906e+02 4.473780536651611328e+02 3.294706463813781738e+02 2.000000000000000000e+00
4.756532287597656250e+02 3.808702182769775391e+02 4.756103515625000000e+02 3.741904020309448242e+02 4.735462665557861328e+02 3.656410646438598633e+02 2.000000000000000000e+00
4.113352680206298828e+02 4.004836750030517578e+02 4.112428569793701172e+02 3.935665369033813477e+02 4.092865657806396484e+02 3.847660017013549805e+02 2.000000000000000000e+00
4.097610473632812500e+02 4.091770648956298828e+02 4.096839332580566406e+02 4.022478389739990234e+02 4.077509498596191406e+02 3.934831953048706055e+02 2.000000000000000000e+00
1.134521675109863281e+02 3.197413659095764160e+02 1.137446022033691406e+02 3.118969130516052246e+02 1.120067787170410156e+02 3.030896615982055664e+02 2.000000000000000000e+00
4.242688655853271484e+02 3.913205337524414062e+02 4.243084144592285156e+02 3.844430637359619141e+02 4.222395038604736328e+02 3.757798576354980469e+02 2.000000000000000000e+00
1.148777008056640625e+02 2.865354323387145996e+02 1.152665519714355469e+02 2.786639714241027832e+02 1.134785270690917969e+02 2.698139047622680664e+02 2.000000000000000000e+00
3.470071101188659668e+02 3.701109981536865234e+02 3.470260620117187500e+02 3.630100822448730469e+02 3.451202082633972168e+02 3.543834614753723145e+02 2.000000000000000000e+00
3.317208862304687500e+02 3.925776100158691406e+02 3.317283940315246582e+02 3.854304027557373047e+02 3.299176943302154541e+02 3.767232370376586914e+02 2.000000000000000000e+00
4.691596412658691406e+02 1.108152866363525391e+02 4.701227760314941406e+02 1.039627075195312500e+02 4.681975746154785156e+02 9.529247760772705078e+01 2.000000000000000000e+00
3.241174623370170593e+02 3.425127911567687988e+02 3.241974487900733948e+02 3.354159879684448242e+02 3.224086609482765198e+02 3.266940665245056152e+02 2.000000000000000000e+00
3.286553043127059937e+02 3.642830228805541992e+02 3.286863708496093750e+02 3.571147513389587402e+02 3.268454283475875854e+02 3.484983873367309570e+02 2.000000000000000000e+00
4.321552181243896484e+02 3.795093154907226562e+02 4.321875667572021484e+02 3.726233625411987305e+02 4.301993083953857422e+02 3.639604568481445312e+02 2.000000000000000000e+00
1.115489196777343750e+02 3.697881174087524414e+02 1.117673683166503906e+02 3.618404674530029297e+02 1.099340629577636719e+02 3.529906368255615234e+02 2.000000000000000000e+00
2.925472092628479004e+02 3.251630258560180664e+02 2.927475571632385254e+02 3.178934669494628906e+02 2.908251333236694336e+02 3.092330074310302734e+02 2.000000000000000000e+00
3.864163827896118164e+02 3.267874789237976074e+02 3.865898466110229492e+02 3.198337769508361816e+02 3.847287321090698242e+02 3.114041805267333984e+02 2.000000000000000000e+00
3.170585632324218750e+02 3.472965145111083984e+02 3.171238708496093750e+02 3.401607084274291992e+02 3.152714231610298157e+02 3.314918231964111328e+02 2.000000000000000000e+00
3.676123046875000000e+02 3.501454854011535645e+02 3.676714468002319336e+02 3.430545401573181152e+02 3.658262014389038086e+02 3.345105028152465820e+02 2.000000000000000000e+00
3.970383930206298828e+02 4.129139471054077148e+02 3.967966318130493164e+02 4.060076093673706055e+02 3.949431467056274414e+02 3.973181247711181641e+02 2.000000000000000000e+00
4.381051063537597656e+02 3.521700811386108398e+02 4.381353187561035156e+02 3.454030823707580566e+02 4.362443542480468750e+02 3.367569923400878906e+02 2.000000000000000000e+00
2.663789987564086914e+02 3.333641409873962402e+02 2.666620159149169922e+02 3.260856342315673828e+02 2.646848154067993164e+02 3.175152611732482910e+02 2.000000000000000000e+00
1.039113807678222656e+02 3.259617948532104492e+02 1.041655731201171875e+02 3.180507516860961914e+02 1.023854446411132812e+02 3.092855286598205566e+02 2.000000000000000000e+00
1.199823760986328125e+02 2.620710164308547974e+02 1.204391098022460938e+02 2.542448589205741882e+02 1.186252403259277344e+02 2.454578250646591187e+02 2.000000000000000000e+00
3.981868886947631836e+02 3.906132030487060547e+02 3.981565237045288086e+02 3.836453962326049805e+02 3.961902761459350586e+02 3.750380373001098633e+02 2.000000000000000000e+00
4.264926815032958984e+02 4.076543998718261719e+02 4.264590454101562500e+02 4.008080863952636719e+02 4.244426250457763672e+02 3.920596647262573242e+02 2.000000000000000000e+00
3.094247734546661377e+02 3.805956459045410156e+02 3.094476008415222168e+02 3.733919191360473633e+02 3.075537407398223877e+02 3.647208023071289062e+02 2.000000000000000000e+00
4.361389827728271484e+02 3.924662590026855469e+02 4.361709308624267578e+02 3.856254386901855469e+02 4.342501831054687500e+02 3.769511747360229492e+02 2.000000000000000000e+00
3.560327148437500000e+02 3.857971858978271484e+02 3.560369563102722168e+02 3.787499141693115234e+02 3.540967416763305664e+02 3.700485849380493164e+02 2.000000000000000000e+00
3.333153998851776123e+02 3.212862896919250488e+02 3.335437619686126709e+02 3.141656541824340820e+02 3.316090393066406250e+02 3.054653048515319824e+02 2.000000000000000000e+00
4.171720600128173828e+02 4.133093404769897461e+02 4.170403194427490234e+02 4.063623189926147461e+02 4.150726032257080078e+02 3.975933980941772461e+02 2.000000000000000000e+00
4.581360530853271484e+02 3.418303298950195312e+02 4.582517433166503906e+02 3.351078557968139648e+02 4.561749935150146484e+02 3.265645480155944824e+02 2.000000000000000000e+00
2.713187837600708008e+02 3.136952233314514160e+02 2.714866018295288086e+02 3.064914608001708984e+02 2.696517610549926758e+02 2.978301107883453369e+02 2.000000000000000000e+00
4.439202594757080078e+02 3.874108600616455078e+02 4.438956928253173828e+02 3.806058168411254883e+02 4.420858192443847656e+02 3.718617010116577148e+02 2.000000000000000000e+00
1.400338935852050781e+02 2.444373017549514771e+02 1.405200958251953125e+02 2.366509245336055756e+02 1.386833381652832031e+02 2.279025265574455261e+02 2.000000000000000000e+00
4.973738479614257812e+02 4.018261528015136719e+02 4.972102165222167969e+02 3.952215957641601562e+02 4.951875114440917969e+02 3.866261672973632812e+02 2.000000000000000000e+00
4.123551654815673828e+02 3.867536115646362305e+02 4.123318195343017578e+02 3.798112535476684570e+02 4.103943824768066406e+02 3.711457872390747070e+02 2.000000000000000000e+00
1.619349384307861328e+02 2.603865373134613037e+02 1.623174381256103516e+02 2.526632845401763916e+02 1.605187034606933594e+02 2.439602203667163849e+02 2.000000000000000000e+00
3.108867794275283813e+02 3.437943792343139648e+02 3.110124206542968750e+02 3.366551899909973145e+02 3.091406857967376709e+02 3.281167674064636230e+02 2.000000000000000000e+00
5.046188735961914062e+02 3.834689140319824219e+02 5.045564842224121094e+02 3.770200538635253906e+02 5.027103042602539062e+02 3.684477567672729492e+02 2.000000000000000000e+00
3.921159362792968750e+02 3.754805088043212891e+02 3.920391845703125000e+02 3.684751081466674805e+02 3.901168823242187500e+02 3.597123456001281738e+02 2.000000000000000000e+00
1.022461318969726562e+02 3.667244338989257812e+02 1.024483299255371094e+02 3.587604403495788574e+02 1.006130027770996094e+02 3.497244286537170410e+02 2.000000000000000000e+00
