5.815394973754882812e+02 2.277721399068832397e+02 5.803996658325195312e+02 2.292626032233238220e+02 5.787949943542480469e+02 2.300828701257705688e+02 1.000000000000000000e+00
5.461653518676757812e+02 2.297214809060096741e+02 5.448825645446777344e+02 2.312438651919364929e+02 5.431842613220214844e+02 2.319983822107315063e+02 1.000000000000000000e+00
5.021325683593750000e+02 2.490215760469436646e+02 5.009585571289062500e+02 2.502467045187950134e+02 4.993151283264160156e+02 2.513244938850402832e+02 1.000000000000000000e+00
5.660191726684570312e+02 2.435470278561115265e+02 5.649058341979980469e+02 2.450970156490802765e+02 5.631602859497070312e+02 2.458293154835700989e+02 1.000000000000000000e+00
5.055087089538574219e+02 2.173761427402496338e+02 5.042111778259277344e+02 2.187692856788635254e+02 5.025524902343750000e+02 2.195901775360107422e+02 1.000000000000000000e+00
5.752102088928222656e+02 2.458865815401077271e+02 5.740341186523437500e+02 2.473612676560878754e+02 5.724202919006347656e+02 2.482407233119010925e+02 1.000000000000000000e+00
5.791495323181152344e+02 2.453200989961624146e+02 5.780849647521972656e+02 2.467582400143146515e+02 5.764552688598632812e+02 2.476191258430480957e+02 1.000000000000000000e+00
5.672195434570312500e+02 2.501406866312026978e+02 5.660728836059570312e+02 2.516265267133712769e+02 5.643448448181152344e+02 2.524353799223899841e+02 1.000000000000000000e+00
5.312718582153320312e+02 2.774060690402984619e+02 5.302523803710937500e+02 2.788300180435180664e+02 5.285836219787597656e+02 2.795754110813140869e+02 1.000000000000000000e+00
5.354175376892089844e+02 2.311009669303894043e+02 5.340335655212402344e+02 2.325151669979095459e+02 5.322981643676757812e+02 2.333882443606853485e+02 1.000000000000000000e+00
4.939511489868164062e+02 2.321926116943359375e+02 4.927581596374511719e+02 2.335635982453823090e+02 4.910774803161621094e+02 2.344290617108345032e+02 1.000000000000000000e+00
5.368470573425292969e+02 2.427848055213689804e+02 5.353837966918945312e+02 2.441781467199325562e+02 5.334862136840820312e+02 2.450723420083522797e+02 1.000000000000000000e+00
5.293618774414062500e+02 2.307788237929344177e+02 5.280269241333007812e+02 2.321980887651443481e+02 5.263369178771972656e+02 2.331107935309410095e+02 1.000000000000000000e+00
4.960404968261718750e+02 2.258187094330787659e+02 4.947317886352539062e+02 2.273139184713363647e+02 4.930752372741699219e+02 2.280741262435913086e+02 1.000000000000000000e+00
5.933939933776855469e+02 2.351094357669353485e+02 5.925463867187500000e+02 2.366228941082954407e+02 5.906438636779785156e+02 2.374025876820087433e+02 1.000000000000000000e+00
5.090300369262695312e+02 2.263843685388565063e+02 5.076304435729980469e+02 2.278224179148674011e+02 5.060430908203125000e+02 2.286095881462097168e+02 1.000000000000000000e+00
5.127004432678222656e+02 2.412205964326858521e+02 5.115127563476562500e+02 2.424773255735635757e+02 5.098960304260253906e+02 2.434794618934392929e+02 1.000000000000000000e+00
5.129301261901855469e+02 2.469094853103160858e+02 5.117503929138183594e+02 2.481911167502403259e+02 5.101454544067382812e+02 2.492513278126716614e+02 1.000000000000000000e+00
5.378487586975097656e+02 2.292479243874549866e+02 5.364898109436035156e+02 2.306521752476692200e+02 5.348403358459472656e+02 2.314937433600425720e+02 1.000000000000000000e+00
5.325236892700195312e+02 2.292702171206474304e+02 5.311717605590820312e+02 2.306533196568489075e+02 5.293961143493652344e+02 2.315168908238410950e+02 1.000000000000000000e+00
5.741939735412597656e+02 2.357137602567672729e+02 5.730861282348632812e+02 2.372107084840536118e+02 5.713757896423339844e+02 2.380287017673254013e+02 1.000000000000000000e+00
5.826543617248535156e+02 2.459113924205303192e+02 5.816293334960937500e+02 2.474262240529060364e+02 5.798962974548339844e+02 2.482555702328681946e+02 1.000000000000000000e+00
5.822572708129882812e+02 2.494719851016998291e+02 5.811693763732910156e+02 2.509593513607978821e+02 5.794736289978027344e+02 2.517681124806404114e+02 1.000000000000000000e+00
5.713699913024902344e+02 2.243930500745773315e+02 5.701414871215820312e+02 2.258462673425674438e+02 5.684084510803222656e+02 2.266282492876052856e+02 1.000000000000000000e+00
5.762219238281250000e+02 2.448216859996318817e+02 5.750933837890625000e+02 2.463154149055480957e+02 5.735152053833007812e+02 2.471993261575698853e+02 1.000000000000000000e+00
5.854784011840820312e+02 2.545176708698272705e+02 5.843435668945312500e+02 2.559353953599929810e+02 5.827876091003417969e+02 2.568257153034210205e+02 1.000000000000000000e+00
5.093425369262695312e+02 2.162087076902389526e+02 5.080744743347167969e+02 2.175619500875473022e+02 5.064042472839355469e+02 2.184329509735107422e+02 1.000000000000000000e+00
5.494779014587402344e+02 2.319678953289985657e+02 5.482822227478027344e+02 2.335004268586635590e+02 5.466034507751464844e+02 2.342716062068939209e+02 1.000000000000000000e+00
5.927230834960937500e+02 2.494555824995040894e+02 5.915973472595214844e+02 2.509075319766998291e+02 5.899343299865722656e+02 2.517517250776290894e+02 1.000000000000000000e+00
5.619550895690917969e+02 2.248019403219223022e+02 5.604965209960937500e+02 2.263272240757942200e+02 5.589074707031250000e+02 2.271005550026893616e+02 1.000000000000000000e+00
5.024377441406250000e+02 2.450003510713577271e+02 5.013572120666503906e+02 2.463130648434162140e+02 4.996105957031250000e+02 2.473137362301349640e+02 1.000000000000000000e+00
5.336898803710937500e+02 2.721810328960418701e+02 5.326784706115722656e+02 2.735725414752960205e+02 5.310140419006347656e+02 2.743681669235229492e+02 1.000000000000000000e+00
5.733045005798339844e+02 2.295910334587097168e+02 5.720772171020507812e+02 2.311113730072975159e+02 5.704066276550292969e+02 2.318481901288032532e+02 1.000000000000000000e+00
5.414473915100097656e+02 2.325678706169128418e+02 5.399759483337402344e+02 2.340179286897182465e+02 5.383140373229980469e+02 2.348199002444744110e+02 1.000000000000000000e+00
5.338968467712402344e+02 2.331644739210605621e+02 5.325458335876464844e+02 2.345497892796993256e+02 5.307585525512695312e+02 2.354317165911197662e+02 1.000000000000000000e+00
5.380484008789062500e+02 2.324814909696578979e+02 5.366511917114257812e+02 2.338899837434291840e+02 5.349962806701660156e+02 2.347291865944862366e+02 1.000000000000000000e+00
5.601949501037597656e+02 2.216251820325851440e+02 5.584235954284667969e+02 2.231130355596542358e+02 5.570006179809570312e+02 2.238627916574478149e+02 1.000000000000000000e+00
5.767198562622070312e+02 2.499724128842353821e+02 5.756063842773437500e+02 2.514456483721733093e+02 5.740429115295410156e+02 2.523394936323165894e+02 1.000000000000000000e+00
4.968012046813964844e+02 2.206584620475769043e+02 4.954864883422851562e+02 2.221592402458190918e+02 4.938445472717285156e+02 2.228807204961776733e+02 1.000000000000000000e+00
5.011701011657714844e+02 2.326614832878112793e+02 4.999388504028320312e+02 2.340646818280220032e+02 4.982355690002441406e+02 2.349024349451065063e+02 1.000000000000000000e+00
5.917578697204589844e+02 2.346886289119720459e+02 5.908922195434570312e+02 2.362914884090423584e+02 5.889951133728027344e+02 2.370322416722774506e+02 1.000000000000000000e+00
5.882790565490722656e+02 2.487835854291915894e+02 5.871844482421875000e+02 2.502938541769981384e+02 5.854808998107910156e+02 2.511323860287666321e+02 1.000000000000000000e+00
5.902172279357910156e+02 2.545988318324089050e+02 5.890803337097167969e+02 2.560166019201278687e+02 5.874152946472167969e+02 2.568899238109588623e+02 1.000000000000000000e+00
5.391180992126464844e+02 2.304749447107315063e+02 5.377430534362792969e+02 2.318950805068016052e+02 5.360758018493652344e+02 2.327217096090316772e+02 1.000000000000000000e+00
4.354624080657958984e+02 3.774972295761108398e+02 4.347213459014892578e+02 3.790064191818237305e+02 4.337561321258544922e+02 3.797866344451904297e+02 2.000000000000000000e+00
2.975921940803527832e+02 3.804625654220581055e+02 2.968900752067565918e+02 3.818537378311157227e+02 2.956576228141784668e+02 3.827392101287841797e+02 2.000000000000000000e+00
4.413282489776611328e+02 4.114220952987670898e+02 4.405199623107910156e+02 4.128960371017456055e+02 4.393261718750000000e+02 4.138040542602539062e+02 2.000000000000000000e+00
4.397406673431396484e+02 3.997091817855834961e+02 4.391748332977294922e+02 4.012384700775146484e+02 4.381270122528076172e+02 4.021728658676147461e+02 2.000000000000000000e+00
4.331213665008544922e+02 4.247783946990966797e+02 4.322596168518066406e+02 4.263725709915161133e+02 4.311793518066406250e+02 4.272489738464355469e+02 2.000000000000000000e+00
4.183771705627441406e+02 4.273951148986816406e+02 4.176117229461669922e+02 4.288901138305664062e+02 4.164406108856201172e+02 4.298094320297241211e+02 2.000000000000000000e+00
4.243515682220458984e+02 4.283990907669067383e+02 4.235406208038330078e+02 4.298939609527587891e+02 4.224155902862548828e+02 4.308092737197875977e+02 2.000000000000000000e+00
4.169435119628906250e+02 3.896295833587646484e+02 4.160830116271972656e+02 3.911397743225097656e+02 4.149710369110107422e+02 3.920687341690063477e+02 2.000000000000000000e+00
5.551414489746093750e+00 3.970007371902465820e+02 4.647846221923828125e+00 3.987498807907104492e+02 3.413276672363281250e+00 3.994505739212036133e+02 2.000000000000000000e+00
4.136620521545410156e+02 3.526257991790771484e+02 4.129641723632812500e+02 3.540750789642333984e+02 4.117282104492187500e+02 3.550384283065795898e+02 2.000000000000000000e+00
3.402849125862121582e+02 3.861942815780639648e+02 3.394168400764465332e+02 3.876638317108154297e+02 3.383060610294342041e+02 3.885567712783813477e+02 2.000000000000000000e+00
3.035288691520690918e+02 3.864344215393066406e+02 3.027965080738067627e+02 3.877652692794799805e+02 3.016117250919342041e+02 3.887150287628173828e+02 2.000000000000000000e+00
4.136335754394531250e+02 3.748548889160156250e+02 4.128952026367187500e+02 3.764462614059448242e+02 4.117012977600097656e+02 3.772853708267211914e+02 2.000000000000000000e+00
4.343333435058593750e+02 4.160902833938598633e+02 4.334523010253906250e+02 4.176217460632324219e+02 4.323396968841552734e+02 4.184809112548828125e+02 2.000000000000000000e+00
4.412399291992187500e+02 3.569824576377868652e+02 4.404422950744628906e+02 3.584033560752868652e+02 4.393612670898437500e+02 3.593812036514282227e+02 2.000000000000000000e+00
4.285619831085205078e+02 3.862089872360229492e+02 4.278213500976562500e+02 3.877604484558105469e+02 4.268653011322021484e+02 3.885064458847045898e+02 2.000000000000000000e+00
3.111460876464843750e+02 3.938140296936035156e+02 3.104570311307907104e+02 3.951700258255004883e+02 3.092483210563659668e+02 3.961492395401000977e+02 2.000000000000000000e+00
7.501831054687500000e+00 4.110650396347045898e+02 6.665554046630859375e+00 4.126240253448486328e+02 5.258674621582031250e+00 4.134791707992553711e+02 2.000000000000000000e+00
4.341994667053222656e+02 3.937674665451049805e+02 4.336069965362548828e+02 3.953502559661865234e+02 4.327943420410156250e+02 3.960985136032104492e+02 2.000000000000000000e+00
4.153638362884521484e+02 3.816085338592529297e+02 4.145633602142333984e+02 3.831926679611206055e+02 4.134239482879638672e+02 3.840569543838500977e+02 2.000000000000000000e+00
4.118299484252929688e+01 3.224143123626708984e+02 4.030725479125976562e+01 3.237277293205261230e+02 3.915058135986328125e+01 3.246959853172302246e+02 2.000000000000000000e+00
3.674927091598510742e+02 3.747767114639282227e+02 3.667683124542236328e+02 3.763381147384643555e+02 3.656489276885986328e+02 3.772223281860351562e+02 2.000000000000000000e+00
4.138259315490722656e+02 3.670595455169677734e+02 4.131758117675781250e+02 3.685833263397216797e+02 4.119214820861816406e+02 3.694504737854003906e+02 2.000000000000000000e+00
3.898654174804687500e+02 4.029086351394653320e+02 3.890615844726562500e+02 4.044430875778198242e+02 3.879268789291381836e+02 4.053376865386962891e+02 2.000000000000000000e+00
4.341250896453857422e+02 3.850377273559570312e+02 4.334494304656982422e+02 3.865449857711791992e+02 4.326008319854736328e+02 3.873164463043212891e+02 2.000000000000000000e+00
3.096525192260742188e+01 3.162446951866149902e+02 3.009412765502929688e+01 3.175548434257507324e+02 2.889038085937500000e+01 3.185241723060607910e+02 2.000000000000000000e+00
2.464258193969726562e+01 4.136296176910400391e+02 2.381980895996093750e+01 4.150592422485351562e+02 2.254821777343750000e+01 4.160302877426147461e+02 2.000000000000000000e+00
4.221936988830566406e+02 3.855951547622680664e+02 4.213129615783691406e+02 3.871776151657104492e+02 4.202313899993896484e+02 3.880400133132934570e+02 2.000000000000000000e+00
1.077383041381835938e+01 2.850469064712524414e+02 1.008827209472656250e+01 2.865169394016265869e+02 8.790550231933593750e+00 2.873669457435607910e+02 2.000000000000000000e+00
4.675403594970703125e+01 2.485880586504936218e+02 4.596837997436523438e+01 2.499658513069152832e+02 4.481241226196289062e+01 2.508600622415542603e+02 2.000000000000000000e+00
2.670808792114257812e+01 2.344977718591690063e+02 2.588659286499023438e+01 2.358071744441986084e+02 2.472070693969726562e+01 2.367427213490009308e+02 2.000000000000000000e+00
4.539293289184570312e+01 2.843049037456512451e+02 4.459857940673828125e+01 2.856891810894012451e+02 4.341606140136718750e+01 2.865607917308807373e+02 2.000000000000000000e+00
3.413657546043395996e+02 3.792547988891601562e+02 3.404700636863708496e+02 3.807349920272827148e+02 3.393840336799621582e+02 3.816199064254760742e+02 2.000000000000000000e+00
3.797977304458618164e+02 4.022502565383911133e+02 3.789667081832885742e+02 4.037353849411010742e+02 3.778608083724975586e+02 4.046325731277465820e+02 2.000000000000000000e+00
3.281816405057907104e+02 3.523742723464965820e+02 3.274468994140625000e+02 3.537441158294677734e+02 3.263274842500686646e+02 3.547106051445007324e+02 2.000000000000000000e+00
2.704208374023437500e+01 3.039646053314208984e+02 2.612920761108398438e+01 3.053852248191833496e+02 2.495216369628906250e+01 3.063040208816528320e+02 2.000000000000000000e+00
3.094586789608001709e+02 3.855312538146972656e+02 3.086936032772064209e+02 3.868589544296264648e+02 3.075336909294128418e+02 3.878097009658813477e+02 2.000000000000000000e+00
4.321420288085937500e+02 3.596604037284851074e+02 4.312583923339843750e+02 3.611351394653320312e+02 4.302073383331298828e+02 3.620694065093994141e+02 2.000000000000000000e+00
4.396080303192138672e+02 4.269696092605590820e+02 4.388217163085937500e+02 4.285166788101196289e+02 4.376976680755615234e+02 4.294005775451660156e+02 2.000000000000000000e+00
4.084970760345458984e+02 4.202822685241699219e+02 4.077970027923583984e+02 4.218426561355590820e+02 4.066157817840576172e+02 4.227044105529785156e+02 2.000000000000000000e+00
1.134042739868164062e+01 3.056043434143066406e+02 1.057064056396484375e+01 3.070587801933288574e+02 9.439544677734375000e+00 3.078498601913452148e+02 2.000000000000000000e+00
2.633565664291381836e+02 3.575542974472045898e+02 2.625368928909301758e+02 3.590388536453247070e+02 2.613994741439819336e+02 3.598798584938049316e+02 2.000000000000000000e+00
3.013971328735351562e+01 2.455905304849147797e+02 2.933664321899414062e+01 2.469847570359706879e+02 2.806026458740234375e+01 2.478100284934043884e+02 2.000000000000000000e+00
4.444372558593750000e+02 4.056242752075195312e+02 4.436289978027343750e+02 4.071768522262573242e+02 4.424266338348388672e+02 4.080666303634643555e+02 2.000000000000000000e+00
2.542328643798828125e+02 3.645072984695434570e+02 2.533836030960083008e+02 3.660445976257324219e+02 2.522967052459716797e+02 3.668307924270629883e+02 2.000000000000000000e+00
3.801458358764648438e+01 4.078512096405029297e+02 3.693000793457031250e+01 4.092474746704101562e+02 3.566833496093750000e+01 4.103405284881591797e+02 2.000000000000000000e+00
3.782675504684448242e+02 3.761875677108764648e+02 3.774634695053100586e+02 3.776521682739257812e+02 3.763895559310913086e+02 3.785733747482299805e+02 2.000000000000000000e+00
4.150865554809570312e+01 3.093168997764587402e+02 4.065660476684570312e+01 3.107310247421264648e+02 3.951656341552734375e+01 3.115981793403625488e+02 2.000000000000000000e+00
2.586340332031250000e+02 3.812868976593017578e+02 2.577917146682739258e+02 3.826604032516479492e+02 2.566136789321899414e+02 3.836351680755615234e+02 2.000000000000000000e+00
3.801453256607055664e+02 4.151866292953491211e+02 3.793889760971069336e+02 4.166257095336914062e+02 3.782022094726562500e+02 4.176419162750244141e+02 2.000000000000000000e+00
4.148031044006347656e+02 4.193880414962768555e+02 4.140245723724365234e+02 4.209481000900268555e+02 4.128490638732910156e+02 4.218214273452758789e+02 2.000000000000000000e+00
2.858205795288085938e+01 2.895223724842071533e+02 2.758867263793945312e+01 2.911156940460205078e+02 2.644863128662109375e+01 2.918143630027770996e+02 2.000000000000000000e+00
4.419550228118896484e+02 3.638817787170410156e+02 4.412457942962646484e+02 3.652839374542236328e+02 4.400842952728271484e+02 3.663002443313598633e+02 2.000000000000000000e+00
3.337013244628906250e+02 3.644267320632934570e+02 3.329308474063873291e+02 3.659452629089355469e+02 3.318063664436340332e+02 3.667918395996093750e+02 2.000000000000000000e+00
1.860586166381835938e+01 4.054910659790039062e+02 1.782964706420898438e+01 4.069664096832275391e+02 1.651550292968750000e+01 4.078512382507324219e+02 2.000000000000000000e+00
2.701951885223388672e+02 3.797990512847900391e+02 2.694354867935180664e+02 3.813496828079223633e+02 2.681725454330444336e+02 3.822134542465209961e+02 2.000000000000000000e+00
2.572958374023437500e+02 3.400455951690673828e+02 2.564685058593750000e+02 3.414510583877563477e+02 2.552994966506958008e+02 3.423670077323913574e+02 2.000000000000000000e+00
3.562392878532409668e+02 3.836187887191772461e+02 3.554937148094177246e+02 3.850930595397949219e+02 3.543514418601989746e+02 3.860565233230590820e+02 2.000000000000000000e+00
4.151723670959472656e+02 3.603813886642456055e+02 4.144641113281250000e+02 3.618158340454101562e+02 4.132610511779785156e+02 3.627550363540649414e+02 2.000000000000000000e+00
2.973903656005859375e+01 2.795076620578765869e+02 2.883674621582031250e+01 2.810908842086791992e+02 2.766077041625976562e+01 2.817807948589324951e+02 2.000000000000000000e+00
2.116843891143798828e+02 3.272426819801330566e+02 2.108430004119873047e+02 3.286583590507507324e+02 2.097419452667236328e+02 3.295330524444580078e+02 2.000000000000000000e+00
2.894369196891784668e+02 3.893056726455688477e+02 2.887070298194885254e+02 3.907561397552490234e+02 2.875169062614440918e+02 3.916384363174438477e+02 2.000000000000000000e+00
2.632344675064086914e+02 3.676279020309448242e+02 2.624443674087524414e+02 3.691779899597167969e+02 2.612942790985107422e+02 3.699862718582153320e+02 2.000000000000000000e+00
4.271551513671875000e+02 4.023538970947265625e+02 4.263717937469482422e+02 4.038081121444702148e+02 4.252895259857177734e+02 4.047650527954101562e+02 2.000000000000000000e+00
4.224344539642333984e+02 4.157315826416015625e+02 4.216105079650878906e+02 4.173470306396484375e+02 4.205017757415771484e+02 4.182093000411987305e+02 2.000000000000000000e+00
7.700347900390625000e+00 3.817969465255737305e+02 6.531848907470703125e+00 3.832230234146118164e+02 5.511474609375000000e+00 3.841849422454833984e+02 2.000000000000000000e+00
3.312706911563873291e+02 3.859361314773559570e+02 3.303882753849029541e+02 3.874720287322998047e+02 3.292933350801467896e+02 3.883150148391723633e+02 2.000000000000000000e+00
4.297280597686767578e+02 3.762139606475830078e+02 4.288858985900878906e+02 3.778678321838378906e+02 4.278515911102294922e+02 3.785741901397705078e+02 2.000000000000000000e+00
4.323474121093750000e+02 3.664775133132934570e+02 4.314632892608642578e+02 3.680287599563598633e+02 4.304013061523437500e+02 3.688484287261962891e+02 2.000000000000000000e+00
4.213804626464843750e+02 3.594378733634948730e+02 4.206942176818847656e+02 3.608723258972167969e+02 4.194637489318847656e+02 3.618080234527587891e+02 2.000000000000000000e+00
1.725427627563476562e+01 2.791867089271545410e+02 1.648139953613281250e+01 2.806381559371948242e+02 1.522659301757812500e+01 2.814657318592071533e+02 2.000000000000000000e+00
2.809593510627746582e+02 4.001055622100830078e+02 2.799848031997680664e+02 4.015544557571411133e+02 2.788452148437500000e+02 4.024382686614990234e+02 2.000000000000000000e+00
3.246379089355468750e+02 3.649250507354736328e+02 3.238652345538139343e+02 3.665421867370605469e+02 3.227459412813186646e+02 3.673225450515747070e+02 2.000000000000000000e+00
3.085189819335937500e+01 3.223841571807861328e+02 2.998237609863281250e+01 3.237289452552795410e+02 2.879934310913085938e+01 3.246770095825195312e+02 2.000000000000000000e+00
4.157934570312500000e+02 3.466640710830688477e+02 4.151090145111083984e+02 3.481078577041625977e+02 4.138604164123535156e+02 3.490726661682128906e+02 2.000000000000000000e+00
2.570527648925781250e+02 3.461026954650878906e+02 2.562478017807006836e+02 3.474423551559448242e+02 2.550927257537841797e+02 3.483560228347778320e+02 2.000000000000000000e+00
3.332834780216217041e+02 3.780829238891601562e+02 3.324073791503906250e+02 3.795905256271362305e+02 3.313209533691406250e+02 3.804478597640991211e+02 2.000000000000000000e+00
4.208773517608642578e+02 3.661196708679199219e+02 4.202689266204833984e+02 3.676583290100097656e+02 4.189821815490722656e+02 3.684957933425903320e+02 2.000000000000000000e+00
3.212396240234375000e+02 3.776960563659667969e+02 3.205455322191119194e+02 3.793911552429199219e+02 3.193327636271715164e+02 3.801164674758911133e+02 2.000000000000000000e+00
3.536049509048461914e+02 4.060071516036987305e+02 3.528318476676940918e+02 4.075473403930664062e+02 3.517311096191406250e+02 4.083820009231567383e+02 2.000000000000000000e+00
3.118888854980468750e+02 3.688768959045410156e+02 3.110755002498626709e+02 3.704238367080688477e+02 3.098367607593536377e+02 3.711784744262695312e+02 2.000000000000000000e+00
3.720411396026611328e+02 3.524650025367736816e+02 3.712048959732055664e+02 3.539785552024841309e+02 3.700930500030517578e+02 3.548227572441101074e+02 2.000000000000000000e+00
3.915750503540039062e+01 3.153955721855163574e+02 3.828308105468750000e+01 3.167430138587951660e+02 3.713275909423828125e+01 3.176767015457153320e+02 2.000000000000000000e+00
2.859865188598632812e+01 2.664200145006179810e+02 2.781871795654296875e+01 2.679717421531677246e+02 2.656803131103515625e+01 2.686720293760299683e+02 2.000000000000000000e+00
4.196079444885253906e+02 3.758703947067260742e+02 4.188416767120361328e+02 3.774605512619018555e+02 4.176634502410888672e+02 3.783002328872680664e+02 2.000000000000000000e+00
3.205480346828699112e+02 4.224528264999389648e+02 3.198092346079647541e+02 4.238014984130859375e+02 3.187388916313648224e+02 4.248248147964477539e+02 2.000000000000000000e+00
2.721973419189453125e+01 3.865392208099365234e+02 2.632030487060546875e+01 3.880177116394042969e+02 2.512067794799804688e+01 3.888349056243896484e+02 2.000000000000000000e+00
4.093802833557128906e+02 3.825269508361816406e+02 4.085678386688232422e+02 3.840557956695556641e+02 4.074411964416503906e+02 3.849753856658935547e+02 2.000000000000000000e+00
2.683236980438232422e+02 3.616391086578369141e+02 2.675376558303833008e+02 3.631979799270629883e+02 2.664077138900756836e+02 3.639870929718017578e+02 2.000000000000000000e+00
2.981253957748413086e+02 3.677474784851074219e+02 2.973585200309753418e+02 3.692151546478271484e+02 2.961369919776916504e+02 3.700923871994018555e+02 2.000000000000000000e+00
3.556241464614868164e+02 4.235318756103515625e+02 3.548786926269531250e+02 4.249695825576782227e+02 3.537292170524597168e+02 4.258351278305053711e+02 2.000000000000000000e+00
4.038591384887695312e+01 2.594979876279830933e+02 3.956325531005859375e+01 2.609005129337310791e+02 3.835456848144531250e+01 2.618691730499267578e+02 2.000000000000000000e+00
4.507640743255615234e+02 1.050523567199707031e+02 4.498682880401611328e+02 1.064650011062622070e+02 4.489842891693115234e+02 1.075329351425170898e+02 2.000000000000000000e+00
4.580921173095703125e+01 2.783570587635040283e+02 4.507108688354492188e+01 2.797548222541809082e+02 4.388103485107421875e+01 2.806234753131866455e+02 2.000000000000000000e+00
2.484370565414428711e+02 3.782442426681518555e+02 2.477641296386718750e+02 3.795978498458862305e+02 2.465208292007446289e+02 3.805765199661254883e+02 2.000000000000000000e+00
3.167272338271141052e+02 3.729231977462768555e+02 3.159618833661079407e+02 3.745369005203247070e+02 3.148028564453125000e+02 3.753097915649414062e+02 2.000000000000000000e+00
3.638386249542236328e+02 3.952929496765136719e+02 3.630866098403930664e+02 3.967653894424438477e+02 3.619568490982055664e+02 3.976288604736328125e+02 2.000000000000000000e+00
2.865240168571472168e+02 3.750833559036254883e+02 2.859198307991027832e+02 3.765249967575073242e+02 2.846500539779663086e+02 3.774049186706542969e+02 2.000000000000000000e+00
2.780944824218750000e+02 3.730203294754028320e+02 2.773869323730468750e+02 3.745222806930541992e+02 2.760581350326538086e+02 3.753964233398437500e+02 2.000000000000000000e+00
2.639880371093750000e+02 3.806250715255737305e+02 2.632093477249145508e+02 3.821558904647827148e+02 2.619110727310180664e+02 3.830434656143188477e+02 2.000000000000000000e+00
4.027566909790039062e+01 2.892298614978790283e+02 3.944435119628906250e+01 2.906033062934875488e+02 3.826011657714843750e+01 2.914927089214324951e+02 2.000000000000000000e+00
3.275069278478622437e+02 3.442753958702087402e+02 3.267753297090530396e+02 3.456903433799743652e+02 3.256468814611434937e+02 3.466269564628601074e+02 2.000000000000000000e+00
2.739392709732055664e+02 3.977673053741455078e+02 2.730146789550781250e+02 3.992700862884521484e+02 2.718305063247680664e+02 4.001070642471313477e+02 2.000000000000000000e+00
1.521379470825195312e+01 2.619032603502273560e+02 1.444986343383789062e+01 2.634073197841644287e+02 1.326181411743164062e+01 2.641969621181488037e+02 2.000000000000000000e+00
3.810087299346923828e+02 3.527956581115722656e+02 3.801925992965698242e+02 3.542760372161865234e+02 3.789959716796875000e+02 3.551924228668212891e+02 2.000000000000000000e+00
4.071242713928222656e+02 3.883099079132080078e+02 4.063115596771240234e+02 3.898235893249511719e+02 4.051746273040771484e+02 3.907555246353149414e+02 2.000000000000000000e+00
3.440439152717590332e+02 4.085382843017578125e+02 3.431979990005493164e+02 4.100984859466552734e+02 3.421553039550781250e+02 4.108679294586181641e+02 2.000000000000000000e+00
3.426777338981628418e+02 4.173054599761962891e+02 3.418607187271118164e+02 4.187422513961791992e+02 3.407452082633972168e+02 4.196139621734619141e+02 2.000000000000000000e+00
4.078264236450195312e+01 3.305386734008789062e+02 3.995750427246093750e+01 3.317992901802062988e+02 3.886274337768554688e+01 3.327812576293945312e+02 2.000000000000000000e+00
3.567940974235534668e+02 3.991382789611816406e+02 3.561041569709777832e+02 4.006024217605590820e+02 3.549694514274597168e+02 4.014624738693237305e+02 2.000000000000000000e+00
4.214614868164062500e+01 2.968322789669036865e+02 4.135025024414062500e+01 2.983825707435607910e+02 4.017555236816406250e+01 2.991076683998107910e+02 2.000000000000000000e+00
2.788620281219482422e+02 3.790235424041748047e+02 2.781867074966430664e+02 3.805233192443847656e+02 2.768537569046020508e+02 3.813984775543212891e+02 2.000000000000000000e+00
2.641253662109375000e+02 4.009019279479980469e+02 2.632994699478149414e+02 4.023864269256591797e+02 2.619642305374145508e+02 4.033026552200317383e+02 2.000000000000000000e+00
3.957543039321899414e+02 1.192505550384521484e+02 3.952036762237548828e+02 1.206849575042724609e+02 3.940762948989868164e+02 1.216244816780090332e+02 2.000000000000000000e+00
2.557028484344482422e+02 3.516474652290344238e+02 2.548815917968750000e+02 3.531135034561157227e+02 2.537457704544067383e+02 3.539691853523254395e+02 2.000000000000000000e+00
2.603469848632812500e+02 3.734918832778930664e+02 2.595255422592163086e+02 3.750113868713378906e+02 2.584014892578125000e+02 3.758483076095581055e+02 2.000000000000000000e+00
3.641512441635131836e+02 3.875204229354858398e+02 3.633675241470336914e+02 3.887829351425170898e+02 3.622956562042236328e+02 3.898137903213500977e+02 2.000000000000000000e+00
3.904275894165039062e+01 3.813847446441650391e+02 3.826711654663085938e+01 3.829816961288452148e+02 3.673336029052734375e+01 3.837837839126586914e+02 2.000000000000000000e+00
2.235336303710937500e+02 3.344828510284423828e+02 2.226290607452392578e+02 3.359411358833312988e+02 2.215541934967041016e+02 3.368431735038757324e+02 2.000000000000000000e+00
3.180233459174633026e+02 3.354719924926757812e+02 3.172579649090766907e+02 3.369276452064514160e+02 3.161703491210937500e+02 3.378215360641479492e+02 2.000000000000000000e+00
2.483909273147583008e+02 3.565470957756042480e+02 2.475113534927368164e+02 3.580416297912597656e+02 2.464748048782348633e+02 3.588703680038452148e+02 2.000000000000000000e+00
2.996468806266784668e+02 3.589519429206848145e+02 2.989303588867187500e+02 3.605233812332153320e+02 2.977229905128479004e+02 3.613368558883666992e+02 2.000000000000000000e+00
3.294438171386718750e+02 4.214276218414306641e+02 3.286539918184280396e+02 4.228695774078369141e+02 3.275989383459091187e+02 4.238106822967529297e+02 2.000000000000000000e+00
3.700516366958618164e+02 3.601228952407836914e+02 3.692048645019531250e+02 3.616083097457885742e+02 3.680728149414062500e+02 3.625316190719604492e+02 2.000000000000000000e+00
1.974632835388183594e+02 3.429210233688354492e+02 1.964877414703369141e+02 3.443263578414916992e+02 1.953052234649658203e+02 3.452649879455566406e+02 2.000000000000000000e+00
3.077779769897460938e+01 3.371898865699768066e+02 2.996543884277343750e+01 3.384666466712951660e+02 2.881668090820312500e+01 3.394477558135986328e+02 2.000000000000000000e+00
4.720617294311523438e+01 2.722881495952606201e+02 4.644813537597656250e+01 2.736790180206298828e+02 4.525072097778320312e+01 2.745822787284851074e+02 2.000000000000000000e+00
3.305315244197845459e+02 3.990976667404174805e+02 3.298032230138778687e+02 4.006100893020629883e+02 3.285384827852249146e+02 4.014155960083007812e+02 2.000000000000000000e+00
3.591561293601989746e+02 4.156820154190063477e+02 3.583126521110534668e+02 4.172516584396362305e+02 3.572604990005493164e+02 4.180374813079833984e+02 2.000000000000000000e+00
2.411379671096801758e+02 3.898849010467529297e+02 2.403248882293701172e+02 3.914322566986083984e+02 2.392019176483154297e+02 3.923263692855834961e+02 2.000000000000000000e+00
3.686402606964111328e+02 4.001667594909667969e+02 3.678127431869506836e+02 4.017103958129882812e+02 3.667623281478881836e+02 4.025075197219848633e+02 2.000000000000000000e+00
2.880093693733215332e+02 3.944968271255493164e+02 2.871704101562500000e+02 3.959361648559570312e+02 2.860406184196472168e+02 3.968770551681518555e+02 2.000000000000000000e+00
2.647658967971801758e+02 3.305117511749267578e+02 2.641162729263305664e+02 3.321038532257080078e+02 2.627680349349975586e+02 3.328616380691528320e+02 2.000000000000000000e+00
3.499014282226562500e+02 4.213836479187011719e+02 3.491009831428527832e+02 4.227909278869628906e+02 3.479912734031677246e+02 4.236799764633178711e+02 2.000000000000000000e+00
3.896028137207031250e+02 3.496878719329833984e+02 3.887859487533569336e+02 3.512084698677062988e+02 3.876483774185180664e+02 3.521922326087951660e+02 2.000000000000000000e+00
2.022387218475341797e+02 3.231200623512268066e+02 2.013346099853515625e+02 3.245625686645507812e+02 2.001814556121826172e+02 3.254597210884094238e+02 2.000000000000000000e+00
3.764535236358642578e+02 3.948791313171386719e+02 3.755827665328979492e+02 3.964111089706420898e+02 3.745757770538330078e+02 3.972812318801879883e+02 2.000000000000000000e+00
6.816987991333007812e+01 2.543013006448745728e+02 6.724222183227539062e+01 2.556895905733108521e+02 6.614448547363281250e+01 2.565689098834991455e+02 2.000000000000000000e+00
4.294233131408691406e+02 4.090863132476806641e+02 4.285617065429687500e+02 4.105586385726928711e+02 4.273642921447753906e+02 4.115370941162109375e+02 2.000000000000000000e+00
3.447478032112121582e+02 3.949575519561767578e+02 3.438337397575378418e+02 3.964618921279907227e+02 3.426858830451965332e+02 3.973444604873657227e+02 2.000000000000000000e+00
9.024297714233398438e+01 2.703443634510040283e+02 8.953039169311523438e+01 2.717169499397277832e+02 8.834703445434570312e+01 2.725734257698059082e+02 2.000000000000000000e+00
2.421880483627319336e+02 3.534298753738403320e+02 2.412914896011352539e+02 3.549064064025878906e+02 2.403507852554321289e+02 3.557368826866149902e+02 2.000000000000000000e+00
4.325455951690673828e+02 3.919388866424560547e+02 4.319664669036865234e+02 3.935159969329833984e+02 4.310905456542968750e+02 3.942192792892456055e+02 2.000000000000000000e+00
3.241095581650733948e+02 3.836930608749389648e+02 3.233232727646827698e+02 3.852873945236206055e+02 3.222005616128444672e+02 3.860990667343139648e+02 2.000000000000000000e+00
2.928325653076171875e+01 3.785287570953369141e+02 2.837806701660156250e+01 3.799853610992431641e+02 2.714424133300781250e+01 3.808223104476928711e+02 2.000000000000000000e+00
