3.104055786132812500e+02 2.848954188823699951e+02 3.161271667480468750e+02 2.845410776138305664e+02 3.241301879286766052e+02 2.853704237937927246e+02 2.000000000000000000e+00
4.268680095672607422e+02 2.753047800064086914e+02 4.325805664062500000e+02 2.755357682704925537e+02 4.406105995178222656e+02 2.774125993251800537e+02 2.000000000000000000e+00
1.886440849304199219e+02 3.216713905334472656e+02 1.939867973327636719e+02 3.204118680953979492e+02 2.017901611328125000e+02 3.203062462806701660e+02 2.000000000000000000e+00
5.495330810546875000e+02 1.708866405487060547e+02 5.492384147644042969e+02 1.723722839355468750e+02 5.511702919006347656e+02 1.753682184219360352e+02 1.000000000000000000e+00
3.167359924316406250e+02 2.721072721481323242e+02 3.224716491997241974e+02 2.717462468147277832e+02 3.305544745922088623e+02 2.726870119571685791e+02 2.000000000000000000e+00
4.217500591278076172e+02 2.734853231906890869e+02 4.275126361846923828e+02 2.737341320514678955e+02 4.355417823791503906e+02 2.755669569969177246e+02 2.000000000000000000e+00
4.185838031768798828e+02 2.696003437042236328e+02 4.243439674377441406e+02 2.698655712604522705e+02 4.324003887176513672e+02 2.716636669635772705e+02 2.000000000000000000e+00
3.180074156820774078e+02 2.829689347743988037e+02 3.237098693847656250e+02 2.826246964931488037e+02 3.317704772949218750e+02 2.836047685146331787e+02 2.000000000000000000e+00
4.438885784149169922e+02 1.849566471576690674e+02 4.423834514617919922e+02 1.860521507263183594e+02 4.431569862365722656e+02 1.884672832489013672e+02 1.000000000000000000e+00
4.127169513702392578e+02 2.718629765510559082e+02 4.185060787200927734e+02 2.721669030189514160e+02 4.265414428710937500e+02 2.738979828357696533e+02 2.000000000000000000e+00
4.083758544921875000e+02 2.535786294937133789e+02 4.142221355438232422e+02 2.538592538237571716e+02 4.224360656738281250e+02 2.554349988698959351e+02 2.000000000000000000e+00
3.975032663345336914e+02 2.578153395652770996e+02 4.033178710937500000e+02 2.578854078054428101e+02 4.115372943878173828e+02 2.594261491298675537e+02 2.000000000000000000e+00
2.433768749237060547e+02 2.907882106304168701e+02 2.488957071304321289e+02 2.898919701576232910e+02 2.568903207778930664e+02 2.902814340591430664e+02 2.000000000000000000e+00
4.665508460998535156e+02 1.959136176109313965e+02 4.654922771453857422e+02 1.973477160930633545e+02 4.667567443847656250e+02 2.002038395404815674e+02 1.000000000000000000e+00
1.872224521636962891e+02 3.127171397209167480e+02 1.926524829864501953e+02 3.114448285102844238e+02 2.005418491363525391e+02 3.113345074653625488e+02 2.000000000000000000e+00
5.567995071411132812e+02 4.188176107406616211e+02 5.615393066406250000e+02 4.201690721511840820e+02 5.685423088073730469e+02 4.231985807418823242e+02 2.000000000000000000e+00
2.418522500991821289e+02 3.422012686729431152e+02 2.471778392791748047e+02 3.412532687187194824e+02 2.548953104019165039e+02 3.417320895195007324e+02 2.000000000000000000e+00
5.541303062438964844e+02 4.279979896545410156e+02 5.588295936584472656e+02 4.292956924438476562e+02 5.657893180847167969e+02 4.323006677627563477e+02 2.000000000000000000e+00
5.585944175720214844e+02 3.029834961891174316e+02 5.641798782348632812e+02 3.042108464241027832e+02 5.722536087036132812e+02 3.070577716827392578e+02 2.000000000000000000e+00
1.836902332305908203e+02 3.218819332122802734e+02 1.890556049346923828e+02 3.206689524650573730e+02 1.968318939208984375e+02 3.205211234092712402e+02 2.000000000000000000e+00
4.140295410156250000e+02 2.518852543830871582e+02 4.198991680145263672e+02 2.522906810045242310e+02 4.281734371185302734e+02 2.538753363490104675e+02 2.000000000000000000e+00
3.067359006404876709e+02 2.702656280994415283e+02 3.124990844726562500e+02 2.698650830984115601e+02 3.205793152004480362e+02 2.706694042682647705e+02 2.000000000000000000e+00
2.635145235061645508e+02 2.948584914207458496e+02 2.691099834442138672e+02 2.942190563678741455e+02 2.770799875259399414e+02 2.946566176414489746e+02 2.000000000000000000e+00
4.104811096191406250e+02 2.578947150707244873e+02 4.163605690002441406e+02 2.582996535301208496e+02 4.245520305633544922e+02 2.598794567584991455e+02 2.000000000000000000e+00
5.545791625976562500e+02 2.840380275249481201e+02 5.602847862243652344e+02 2.852758204936981201e+02 5.683916664123535156e+02 2.881325697898864746e+02 2.000000000000000000e+00
5.647782707214355469e+02 4.021171331405639648e+02 5.698180580139160156e+02 4.034540748596191406e+02 5.770690917968750000e+02 4.064541149139404297e+02 2.000000000000000000e+00
2.306727409362792969e+02 3.067427730560302734e+02 2.363583374023437500e+02 3.057431387901306152e+02 2.443564748764038086e+02 3.058510780334472656e+02 2.000000000000000000e+00
5.986257362365722656e+02 4.006196022033691406e+02 6.035942459106445312e+02 4.022651767730712891e+02 6.107626914978027344e+02 4.055012655258178711e+02 2.000000000000000000e+00
2.810815429687500000e+02 2.830824923515319824e+02 2.866649770736694336e+02 2.824902355670928955e+02 2.947287893295288086e+02 2.831148076057434082e+02 2.000000000000000000e+00
4.515772151947021484e+02 2.052245163917541504e+02 4.504814147949218750e+02 2.066488015651702881e+02 4.516159725189208984e+02 2.094885385036468506e+02 1.000000000000000000e+00
3.251763916015625000e+02 2.655960702896118164e+02 3.308992922306060791e+02 2.653090220689773560e+02 3.390336000919342041e+02 2.662858593463897705e+02 2.000000000000000000e+00
2.640546846389770508e+02 2.786468231678009033e+02 2.696428823471069336e+02 2.779521203041076660e+02 2.776753520965576172e+02 2.784566044807434082e+02 2.000000000000000000e+00
3.903552246093750000e+02 2.479774171113967896e+02 3.962077951431274414e+02 2.481156009435653687e+02 4.044021892547607422e+02 2.494957584142684937e+02 2.000000000000000000e+00
1.817115783691406250e+02 3.060142850875854492e+02 1.872645664215087891e+02 3.047276973724365234e+02 1.951884937286376953e+02 3.045792245864868164e+02 2.000000000000000000e+00
5.122580528259277344e+02 2.016457951068878174e+02 5.116285514831542969e+02 2.033712279796600342e+02 5.134772300720214844e+02 2.064472174644470215e+02 1.000000000000000000e+00
2.361472892761230469e+02 4.240614652633666992e+02 2.408907175064086914e+02 4.230511808395385742e+02 2.477444124221801758e+02 4.232667016983032227e+02 2.000000000000000000e+00
6.082243728637695312e+02 3.714270114898681641e+02 6.134478187561035156e+02 3.730361938476562500e+02 6.208757972717285156e+02 3.763631343841552734e+02 2.000000000000000000e+00
2.676025056838989258e+02 4.256952238082885742e+02 2.724506521224975586e+02 4.248743104934692383e+02 2.793171691894531250e+02 4.253811693191528320e+02 2.000000000000000000e+00
5.658471107482910156e+02 1.685985374450683594e+02 5.655777549743652344e+02 1.703062248229980469e+02 5.676273918151855469e+02 1.734389448165893555e+02 1.000000000000000000e+00
6.064920043945312500e+02 4.334489250183105469e+02 6.112211418151855469e+02 4.351145410537719727e+02 6.181652832031250000e+02 4.385110902786254883e+02 2.000000000000000000e+00
2.648352956771850586e+02 3.991812801361083984e+02 2.697262239456176758e+02 3.984282875061035156e+02 2.768460988998413086e+02 3.988201618194580078e+02 2.000000000000000000e+00
2.198467350006103516e+02 6.882099151611328125e+01 2.270870494842529297e+02 6.801783084869384766e+01 2.371840190887451172e+02 6.828552246093750000e+01 2.000000000000000000e+00
5.486761474609375000e+02 2.696528327465057373e+02 5.547921752929687500e+02 2.710119330883026123e+02 5.628230667114257812e+02 2.738065195083618164e+02 2.000000000000000000e+00
5.455319213867187500e+02 2.852523815631866455e+02 5.512457847595214844e+02 2.864602982997894287e+02 5.593218421936035156e+02 2.892912304401397705e+02 2.000000000000000000e+00
5.497910881042480469e+02 1.763509654998779297e+02 5.494810295104980469e+02 1.777758765220642090e+02 5.514140129089355469e+02 1.807674837112426758e+02 1.000000000000000000e+00
4.632536029815673828e+02 4.589072656631469727e+02 4.676369667053222656e+02 4.596432638168334961e+02 4.743225097656250000e+02 4.618035078048706055e+02 2.000000000000000000e+00
5.844747352600097656e+02 3.468816876411437988e+02 5.899075889587402344e+02 3.483567881584167480e+02 5.974124145507812500e+02 3.514727854728698730e+02 2.000000000000000000e+00
5.484362220764160156e+02 3.040341854095458984e+02 5.540672111511230469e+02 3.052559208869934082e+02 5.620886230468750000e+02 3.080965590476989746e+02 2.000000000000000000e+00
3.485250258445739746e+02 2.645675361156463623e+02 3.543046569824218750e+02 2.644012767076492310e+02 3.624556303024291992e+02 2.655568563938140869e+02 2.000000000000000000e+00
3.419393014907836914e+02 2.774915170669555664e+02 3.477139592170715332e+02 2.772403585910797119e+02 3.557294011116027832e+02 2.783711278438568115e+02 2.000000000000000000e+00
2.550006246566772461e+02 3.811848163604736328e+02 2.600725078582763672e+02 3.803789377212524414e+02 2.673526287078857422e+02 3.806659269332885742e+02 2.000000000000000000e+00
5.987048912048339844e+02 4.399086713790893555e+02 6.034578895568847656e+02 4.415010452270507812e+02 6.103662681579589844e+02 4.448575830459594727e+02 2.000000000000000000e+00
2.422127199172973633e+02 3.899097633361816406e+02 2.470726776123046875e+02 3.889519786834716797e+02 2.544597625732421875e+02 3.892309284210205078e+02 2.000000000000000000e+00
6.154150962829589844e+02 4.064249324798583984e+02 6.203432083129882812e+02 4.080350446701049805e+02 6.274895668029785156e+02 4.115257358551025391e+02 2.000000000000000000e+00
5.731301879882812500e+02 1.866380882263183594e+02 5.730412673950195312e+02 1.891804468631744385e+02 5.753172683715820312e+02 1.933872807025909424e+02 1.000000000000000000e+00
4.482272052764892578e+02 2.126436299085617065e+02 4.469207763671875000e+02 2.142120498418807983e+02 4.480139160156250000e+02 2.169973129034042358e+02 1.000000000000000000e+00
3.271250611543655396e+02 3.115399503707885742e+02 3.325994575023651123e+02 3.111820435523986816e+02 3.404529118537902832e+02 3.121926283836364746e+02 2.000000000000000000e+00
2.210723686218261719e+02 3.685301256179809570e+02 2.261322021484375000e+02 3.674363422393798828e+02 2.335973358154296875e+02 3.675542306900024414e+02 2.000000000000000000e+00
4.049314308166503906e+02 4.613668298721313477e+02 4.094479656219482422e+02 4.615373039245605469e+02 4.159921550750732422e+02 4.632010030746459961e+02 2.000000000000000000e+00
2.017621421813964844e+02 3.556234216690063477e+02 2.069754886627197266e+02 3.544819736480712891e+02 2.144784832000732422e+02 3.544040894508361816e+02 2.000000000000000000e+00
3.570946049690246582e+02 2.568348705768585205e+02 3.628566884994506836e+02 2.567229008674621582e+02 3.710402822494506836e+02 2.579613357782363892e+02 2.000000000000000000e+00
3.824520874023437500e+02 2.505566865205764771e+02 3.883145761489868164e+02 2.506440281867980957e+02 3.965381193161010742e+02 2.520377200841903687e+02 2.000000000000000000e+00
2.985239243507385254e+02 2.697863173484802246e+02 3.043135368824005127e+02 2.693547981977462769e+02 3.123752743005752563e+02 2.701296401023864746e+02 2.000000000000000000e+00
2.477323007583618164e+02 5.198106765747070312e+01 2.551414346694946289e+02 5.129791259765625000e+01 2.653668832778930664e+02 5.168568134307861328e+01 2.000000000000000000e+00
6.175992393493652344e+02 4.213843488693237305e+02 6.224486732482910156e+02 4.230300664901733398e+02 6.295464515686035156e+02 4.264982414245605469e+02 2.000000000000000000e+00
3.377226567268371582e+02 2.697130447626113892e+02 3.435092782974243164e+02 2.694638389348983765e+02 3.515814208984375000e+02 2.705336916446685791e+02 2.000000000000000000e+00
5.723682975769042969e+02 4.662841272354125977e+02 5.768184852600097656e+02 4.676892757415771484e+02 5.836385536193847656e+02 4.707746458053588867e+02 2.000000000000000000e+00
2.476406860351562500e+02 3.717669439315795898e+02 2.527944803237915039e+02 3.708946323394775391e+02 2.600988435745239258e+02 3.712601995468139648e+02 2.000000000000000000e+00
2.947611689567565918e+02 3.916691064834594727e+02 2.997052311897277832e+02 3.913657951354980469e+02 3.069719851016998291e+02 3.919411039352416992e+02 2.000000000000000000e+00
4.724383258819580078e+02 4.431986761093139648e+02 4.770490169525146484e+02 4.438821458816528320e+02 4.837480735778808594e+02 4.461017560958862305e+02 2.000000000000000000e+00
2.455204916000366211e+02 2.976087999343872070e+02 2.510386514663696289e+02 2.967531752586364746e+02 2.589836740493774414e+02 2.971709311008453369e+02 2.000000000000000000e+00
4.497267818450927734e+02 1.994638967514038086e+02 4.485492229461669922e+02 2.008560776710510254e+02 4.497710609436035156e+02 2.036277902126312256e+02 1.000000000000000000e+00
1.814425945281982422e+02 2.923443031311035156e+02 1.872082519531250000e+02 2.910734295845031738e+02 1.951984119415283203e+02 2.908747887611389160e+02 2.000000000000000000e+00
2.500748729705810547e+02 4.260937929153442383e+02 2.548630523681640625e+02 4.253321599960327148e+02 2.617217397689819336e+02 4.256401777267456055e+02 2.000000000000000000e+00
4.080859088897705078e+02 2.631770646572113037e+02 4.138626098632812500e+02 2.634918218851089478e+02 4.220097351074218750e+02 2.650978714227676392e+02 2.000000000000000000e+00
5.377891349792480469e+02 2.243371260166168213e+02 5.372420120239257812e+02 2.263651272654533386e+02 5.388630485534667969e+02 2.298041528463363647e+02 1.000000000000000000e+00
2.369611835479736328e+02 3.383068299293518066e+02 2.422623300552368164e+02 3.373387813568115234e+02 2.500101613998413086e+02 3.377966666221618652e+02 2.000000000000000000e+00
6.000557899475097656e+02 3.375760531425476074e+02 6.055281448364257812e+02 3.391962933540344238e+02 6.131623649597167969e+02 3.424156236648559570e+02 2.000000000000000000e+00
2.944517517089843750e+02 4.256078338623046875e+02 2.991424560546875000e+02 4.251408147811889648e+02 3.060357964038848877e+02 4.257268095016479492e+02 2.000000000000000000e+00
2.312603569030761719e+02 3.916824388504028320e+02 2.361786651611328125e+02 3.907054853439331055e+02 2.434681844711303711e+02 3.909038114547729492e+02 2.000000000000000000e+00
2.774918508529663086e+02 4.199516057968139648e+02 2.823109745979309082e+02 4.192325878143310547e+02 2.892246079444885254e+02 4.197681713104248047e+02 2.000000000000000000e+00
5.990866088867187500e+02 4.096251583099365234e+02 6.040831947326660156e+02 4.111604404449462891e+02 6.111806106567382812e+02 4.144811868667602539e+02 2.000000000000000000e+00
3.462848830223083496e+02 3.721173191070556641e+02 3.512601923942565918e+02 3.718855047225952148e+02 3.586313486099243164e+02 3.730320167541503906e+02 2.000000000000000000e+00
3.202895507775247097e+02 3.940458726882934570e+02 3.252770388126373291e+02 3.936809778213500977e+02 3.324066162109375000e+02 3.946260738372802734e+02 2.000000000000000000e+00
1.919592285156250000e+02 3.756456327438354492e+02 1.971683216094970703e+02 3.744270372390747070e+02 2.046037006378173828e+02 3.743288898468017578e+02 2.000000000000000000e+00
1.803983783721923828e+02 3.012234520912170410e+02 1.859743785858154297e+02 2.999644804000854492e+02 1.939208984375000000e+02 2.997760033607482910e+02 2.000000000000000000e+00
5.792448806762695312e+02 3.340254592895507812e+02 5.847112464904785156e+02 3.354325604438781738e+02 5.924227905273437500e+02 3.384959149360656738e+02 2.000000000000000000e+00
3.094771111011505127e+02 3.898176097869873047e+02 3.145742493867874146e+02 3.895489597320556641e+02 3.216546021401882172e+02 3.903827333450317383e+02 2.000000000000000000e+00
5.333621788024902344e+02 4.671844339370727539e+02 5.377849197387695312e+02 4.683773660659790039e+02 5.444816970825195312e+02 4.710706615447998047e+02 2.000000000000000000e+00
5.000514221191406250e+02 2.070801079273223877e+02 4.993414688110351562e+02 2.087272918224334717e+02 5.009393310546875000e+02 2.118493330478668213e+02 1.000000000000000000e+00
2.321228313446044922e+02 4.013983869552612305e+02 2.369888305664062500e+02 4.004117202758789062e+02 2.441852569580078125e+02 4.005652284622192383e+02 2.000000000000000000e+00
6.223314857482910156e+02 3.927252531051635742e+02 6.274394035339355469e+02 3.945153522491455078e+02 6.347810745239257812e+02 3.979175806045532227e+02 2.000000000000000000e+00
4.257629108428955078e+02 2.145801830291748047e+02 4.242627906799316406e+02 2.162860554456710815e+02 4.249266338348388672e+02 2.192838889360427856e+02 1.000000000000000000e+00
2.258287906646728516e+02 3.900828266143798828e+02 2.308171081542968750e+02 3.890601825714111328e+02 2.381597995758056641e+02 3.892381095886230469e+02 2.000000000000000000e+00
4.964174842834472656e+02 4.717402124404907227e+02 5.008582496643066406e+02 4.726222372055053711e+02 5.074053955078125000e+02 4.750938606262207031e+02 2.000000000000000000e+00
3.845140981674194336e+02 2.554260259866714478e+02 3.903639554977416992e+02 2.555234992504119873e+02 3.985809946060180664e+02 2.569012463092803955e+02 2.000000000000000000e+00
4.255281734466552734e+02 2.673293477296829224e+02 4.312874507904052734e+02 2.675666517019271851e+02 4.393661212921142578e+02 2.694432091712951660e+02 2.000000000000000000e+00
4.718653297424316406e+02 4.705499982833862305e+02 4.763236427307128906e+02 4.712316370010375977e+02 4.828732681274414062e+02 4.734563970565795898e+02 2.000000000000000000e+00
4.534598731994628906e+02 4.655964231491088867e+02 4.579281616210937500e+02 4.662754011154174805e+02 4.645141029357910156e+02 4.683343648910522461e+02 2.000000000000000000e+00
2.994378662109375000e+02 3.722726440429687500e+02 3.045902407169342041e+02 3.717837953567504883e+02 3.118615418672561646e+02 3.725312519073486328e+02 2.000000000000000000e+00
2.114961242675781250e+02 4.505728912353515625e+02 2.159850788116455078e+02 4.494427013397216797e+02 2.228078174591064453e+02 4.494561910629272461e+02 2.000000000000000000e+00
2.349644279479980469e+02 3.695862436294555664e+02 2.400074005126953125e+02 3.685218286514282227e+02 2.474101877212524414e+02 3.687426853179931641e+02 2.000000000000000000e+00
5.308557701110839844e+02 2.165359783172607422e+02 5.303438758850097656e+02 2.184985184669494629e+02 5.319453811645507812e+02 2.219291979074478149e+02 1.000000000000000000e+00
3.925144338607788086e+02 4.092490625381469727e+02 3.973299264907836914e+02 4.093305730819702148e+02 4.044431781768798828e+02 4.108294486999511719e+02 2.000000000000000000e+00
5.828304481506347656e+02 3.963761615753173828e+02 5.877962684631347656e+02 3.978664398193359375e+02 5.951610755920410156e+02 4.010177707672119141e+02 2.000000000000000000e+00
2.509516572952270508e+02 3.774935102462768555e+02 2.560581350326538086e+02 3.766330289840698242e+02 2.633315420150756836e+02 3.770085525512695312e+02 2.000000000000000000e+00
4.843432998657226562e+02 1.797925400733947754e+02 4.835530090332031250e+02 1.809907972812652588e+02 4.844669914245605469e+02 1.836109149456024170e+02 1.000000000000000000e+00
5.828336906433105469e+02 3.722090148925781250e+02 5.880302810668945312e+02 3.736587524414062500e+02 5.954779624938964844e+02 3.767971515655517578e+02 2.000000000000000000e+00
6.166660118103027344e+02 3.880106019973754883e+02 6.218663978576660156e+02 3.897067880630493164e+02 6.292257118225097656e+02 3.931756353378295898e+02 2.000000000000000000e+00
4.228287696838378906e+02 2.605013430118560791e+02 4.285999488830566406e+02 2.608044451475143433e+02 4.368059444427490234e+02 2.626077282428741455e+02 2.000000000000000000e+00
2.626541757583618164e+02 3.746567487716674805e+02 2.677604055404663086e+02 3.738270664215087891e+02 2.750928354263305664e+02 3.743652677536010742e+02 2.000000000000000000e+00
6.141940307617187500e+02 4.146204328536987305e+02 6.190614128112792969e+02 4.162153673171997070e+02 6.262184524536132812e+02 4.196874475479125977e+02 2.000000000000000000e+00
2.765167236328125000e+02 3.672146701812744141e+02 2.817001652717590332e+02 3.664820909500122070e+02 2.889969182014465332e+02 3.671606254577636719e+02 2.000000000000000000e+00
5.265653800964355469e+02 3.095437645912170410e+02 5.321196365356445312e+02 3.105651926994323730e+02 5.399053382873535156e+02 3.132884860038757324e+02 2.000000000000000000e+00
2.044915580749511719e+02 3.723512649536132812e+02 2.096653270721435547e+02 3.711750841140747070e+02 2.170720195770263672e+02 3.711274194717407227e+02 2.000000000000000000e+00
1.881741428375244141e+02 3.788945102691650391e+02 1.933367919921875000e+02 3.776413393020629883e+02 2.007581806182861328e+02 3.774871015548706055e+02 2.000000000000000000e+00
3.933478403091430664e+02 3.459693360328674316e+02 3.985243225097656250e+02 3.461621117591857910e+02 4.061355304718017578e+02 3.475835967063903809e+02 2.000000000000000000e+00
2.937340378761291504e+02 2.672833263874053955e+02 2.994952392578125000e+02 2.667478644847869873e+02 3.075615847110748291e+02 2.675018012523651123e+02 2.000000000000000000e+00
2.009847259521484375e+02 2.948628258705139160e+02 2.066882896423339844e+02 2.937151515483856201e+02 2.146840381622314453e+02 2.936890590190887451e+02 2.000000000000000000e+00
3.308038330078125000e+02 2.642246407270431519e+02 3.365852057933807373e+02 2.639083868265151978e+02 3.446841740608215332e+02 2.649168705940246582e+02 2.000000000000000000e+00
6.189128494262695312e+02 3.999964714050292969e+02 6.239357376098632812e+02 4.016951322555541992e+02 6.312355422973632812e+02 4.051642799377441406e+02 2.000000000000000000e+00
2.305527973175048828e+02 3.591424655914306641e+02 2.356757450103759766e+02 3.580658626556396484e+02 2.431737518310546875e+02 3.582431674003601074e+02 2.000000000000000000e+00
4.650230693817138672e+02 2.030534505844116211e+02 4.640235900878906250e+02 2.045077192783355713e+02 4.652016639709472656e+02 2.074308621883392334e+02 1.000000000000000000e+00
3.619086933135986328e+02 2.637477725744247437e+02 3.677008676528930664e+02 2.636619275808334351e+02 3.759391498565673828e+02 2.648537313938140869e+02 2.000000000000000000e+00
4.299099731445312500e+02 2.199758595228195190e+02 4.284198284149169922e+02 2.216286152601242065e+02 4.291145324707031250e+02 2.246051627397537231e+02 1.000000000000000000e+00
6.142305946350097656e+02 3.366667842864990234e+02 6.195852088928222656e+02 3.382911729812622070e+02 6.272644615173339844e+02 3.416405081748962402e+02 2.000000000000000000e+00
5.913143920898437500e+02 4.009883451461791992e+02 5.963149452209472656e+02 4.025565576553344727e+02 6.034970092773437500e+02 4.057532501220703125e+02 2.000000000000000000e+00
1.988984489440917969e+02 2.900724220275878906e+02 2.045911216735839844e+02 2.889082968235015869e+02 2.125704956054687500e+02 2.888634073734283447e+02 2.000000000000000000e+00
4.850688552856445312e+02 3.647090578079223633e+02 4.901904869079589844e+02 3.655052518844604492e+02 4.975864982604980469e+02 3.678270292282104492e+02 2.000000000000000000e+00
3.372067570686340332e+02 3.942258310317993164e+02 3.420626521110534668e+02 3.941129779815673828e+02 3.492471003532409668e+02 3.951387119293212891e+02 2.000000000000000000e+00
4.256156921386718750e+02 4.556862974166870117e+02 4.302005958557128906e+02 4.560946512222290039e+02 4.367982482910156250e+02 4.578532505035400391e+02 2.000000000000000000e+00
4.440672016143798828e+02 4.625519800186157227e+02 4.485773372650146484e+02 4.630851888656616211e+02 4.551858806610107422e+02 4.649939060211181641e+02 2.000000000000000000e+00
1.890022850036621094e+02 2.985909748077392578e+02 1.946707725524902344e+02 2.973703944683074951e+02 2.026741600036621094e+02 2.972755157947540283e+02 2.000000000000000000e+00
4.045971393585205078e+02 4.692919063568115234e+02 4.090928649902343750e+02 4.694583892822265625e+02 4.156148052215576172e+02 4.711756467819213867e+02 2.000000000000000000e+00
3.668628263473510742e+02 3.928045177459716797e+02 3.717516183853149414e+02 3.928020143508911133e+02 3.789210510253906250e+02 3.942345285415649414e+02 2.000000000000000000e+00
2.221290683746337891e+02 4.607018566131591797e+02 2.266369915008544922e+02 4.596305036544799805e+02 2.333989048004150391e+02 4.597474765777587891e+02 2.000000000000000000e+00
4.172962093353271484e+02 2.646881121397018433e+02 4.230956745147705078e+02 2.649651199579238892e+02 4.312120342254638672e+02 2.667328816652297974e+02 2.000000000000000000e+00
2.281114673614501953e+02 4.045579576492309570e+02 2.329341697692871094e+02 4.035597324371337891e+02 2.401191091537475586e+02 4.037248563766479492e+02 2.000000000000000000e+00
6.082541465759277344e+02 3.401894259452819824e+02 6.136595535278320312e+02 3.417529034614562988e+02 6.212821769714355469e+02 3.450640296936035156e+02 2.000000000000000000e+00
2.962438035011291504e+02 3.217126536369323730e+02 3.015040886402130127e+02 3.211342835426330566e+02 3.093574523925781250e+02 3.220102000236511230e+02 2.000000000000000000e+00
4.323609924316406250e+02 4.542158889770507812e+02 4.369197750091552734e+02 4.546149158477783203e+02 4.435609436035156250e+02 4.564504480361938477e+02 2.000000000000000000e+00
1.881766223907470703e+02 3.579791951179504395e+02 1.934510040283203125e+02 3.567757344245910645e+02 2.009872722625732422e+02 3.566570162773132324e+02 2.000000000000000000e+00
3.053634643554687500e+02 2.643036818504333496e+02 3.111885982751846313e+02 2.639092415571212769e+02 3.192899475246667862e+02 2.646912860870361328e+02 2.000000000000000000e+00
5.898335075378417969e+02 3.930014991760253906e+02 5.948163414001464844e+02 3.945455646514892578e+02 6.021541786193847656e+02 3.977518415451049805e+02 2.000000000000000000e+00
1.974459838867187500e+02 4.368963146209716797e+02 2.021332263946533203e+02 4.356603813171386719e+02 2.089050292968750000e+02 4.355456686019897461e+02 2.000000000000000000e+00
2.398430633544921875e+02 4.097399997711181641e+02 2.447208833694458008e+02 4.087923717498779297e+02 2.517762756347656250e+02 4.090927505493164062e+02 2.000000000000000000e+00
4.335404396057128906e+02 2.019669628143310547e+02 4.319415950775146484e+02 2.034143650531768799e+02 4.326009273529052734e+02 2.060958373546600342e+02 1.000000000000000000e+00
5.685473060607910156e+02 4.332403421401977539e+02 5.733209800720214844e+02 4.345789575576782227e+02 5.802298545837402344e+02 4.376553153991699219e+02 2.000000000000000000e+00
1.932612895965576172e+02 2.924250519275665283e+02 1.988952922821044922e+02 2.912388324737548828e+02 2.068554782867431641e+02 2.911794769763946533e+02 2.000000000000000000e+00
4.288210201263427734e+02 4.737223291397094727e+02 4.332607173919677734e+02 4.742138242721557617e+02 4.398102760314941406e+02 4.760228061676025391e+02 2.000000000000000000e+00
6.007695388793945312e+02 3.576871991157531738e+02 6.060687255859375000e+02 3.592993211746215820e+02 6.136609458923339844e+02 3.625358390808105469e+02 2.000000000000000000e+00
1.781151580810546875e+02 2.827463400363922119e+02 1.838513469696044922e+02 2.814938056468963623e+02 1.919060611724853516e+02 2.813189721107482910e+02 2.000000000000000000e+00
2.171143913269042969e+02 3.817243480682373047e+02 2.221936511993408203e+02 3.805646467208862305e+02 2.295186710357666016e+02 3.807107019424438477e+02 2.000000000000000000e+00
3.805337524414062500e+02 3.950410223007202148e+02 3.854513549804687500e+02 3.951323318481445312e+02 3.926235675811767578e+02 3.965542745590209961e+02 2.000000000000000000e+00
5.357942008972167969e+02 3.153948426246643066e+02 5.413345336914062500e+02 3.165007352828979492e+02 5.491573524475097656e+02 3.192023992538452148e+02 2.000000000000000000e+00
4.103393268585205078e+02 3.576067256927490234e+02 4.154645061492919922e+02 3.578165030479431152e+02 4.230485534667968750e+02 3.595513987541198730e+02 2.000000000000000000e+00
4.832052421569824219e+02 4.739174365997314453e+02 4.876564407348632812e+02 4.745927524566650391e+02 4.942802810668945312e+02 4.770275688171386719e+02 2.000000000000000000e+00
4.532302856445312500e+02 3.805778932571411133e+02 4.581897258758544922e+02 3.811013889312744141e+02 4.654268836975097656e+02 3.831545734405517578e+02 2.000000000000000000e+00
2.472134542465209961e+02 2.859315812587738037e+02 2.527253103256225586e+02 2.851564657688140869e+02 2.607933950424194336e+02 2.854703700542449951e+02 2.000000000000000000e+00
2.336809349060058594e+02 4.080687046051025391e+02 2.385502910614013672e+02 4.071073436737060547e+02 2.456623840332031250e+02 4.073175430297851562e+02 2.000000000000000000e+00
2.130885124206542969e+02 3.035575604438781738e+02 2.187007427215576172e+02 3.024324345588684082e+02 2.266786479949951172e+02 3.024903631210327148e+02 2.000000000000000000e+00
2.694531250000000000e+02 3.258614516258239746e+02 2.747886943817138672e+02 3.251331210136413574e+02 2.824543762207031250e+02 3.257094168663024902e+02 2.000000000000000000e+00
4.455919837951660156e+02 4.713395261764526367e+02 4.500894165039062500e+02 4.719509410858154297e+02 4.566384029388427734e+02 4.739917087554931641e+02 2.000000000000000000e+00
3.791128873825073242e+02 3.882230043411254883e+02 3.840657043457031250e+02 3.882933998107910156e+02 3.912876605987548828e+02 3.896891498565673828e+02 2.000000000000000000e+00
2.392921543121337891e+02 4.487176322937011719e+02 2.438536214828491211e+02 4.478245925903320312e+02 2.506327962875366211e+02 4.480522012710571289e+02 2.000000000000000000e+00
4.950509643554687500e+02 4.353912734985351562e+02 4.997399902343750000e+02 4.362245893478393555e+02 5.065100479125976562e+02 4.386433267593383789e+02 2.000000000000000000e+00
2.777190828323364258e+02 3.374969816207885742e+02 2.829894709587097168e+02 3.367347764968872070e+02 2.906547856330871582e+02 3.373815679550170898e+02 2.000000000000000000e+00
4.843352127075195312e+02 2.072562074661254883e+02 4.834922599792480469e+02 2.088380885124206543e+02 4.848035049438476562e+02 2.119576102495193481e+02 1.000000000000000000e+00
5.633693885803222656e+02 4.154067850112915039e+02 5.682231521606445312e+02 4.167122840881347656e+02 5.752643394470214844e+02 4.197457122802734375e+02 2.000000000000000000e+00
5.654051589965820312e+02 4.678049755096435547e+02 5.698438835144042969e+02 4.691770505905151367e+02 5.766535758972167969e+02 4.722360992431640625e+02 2.000000000000000000e+00
5.652542114257812500e+02 4.607742691040039062e+02 5.696856117248535156e+02 4.621409654617309570e+02 5.764810752868652344e+02 4.651868104934692383e+02 2.000000000000000000e+00
3.264487916231155396e+02 2.714162313938140869e+02 3.321680295467376709e+02 2.711094081401824951e+02 3.402526545524597168e+02 2.721066927909851074e+02 2.000000000000000000e+00
2.272815418243408203e+02 4.155337572097778320e+02 2.321455860137939453e+02 4.144805431365966797e+02 2.390813732147216797e+02 4.145910501480102539e+02 2.000000000000000000e+00
4.817051506042480469e+02 4.465609502792358398e+02 4.863374328613281250e+02 4.473783016204833984e+02 4.930866432189941406e+02 4.496501827239990234e+02 2.000000000000000000e+00
4.356434631347656250e+02 4.110415792465209961e+02 4.404588317871093750e+02 4.114280176162719727e+02 4.474905395507812500e+02 4.133696365356445312e+02 2.000000000000000000e+00
4.770689105987548828e+02 3.212302565574645996e+02 4.825409507751464844e+02 3.219476938247680664e+02 4.903307533264160156e+02 3.242355394363403320e+02 2.000000000000000000e+00
3.172951048612594604e+02 4.179410791397094727e+02 3.220914916694164276e+02 4.177117109298706055e+02 3.290943604707717896e+02 4.185104227066040039e+02 2.000000000000000000e+00
3.694537973403930664e+02 3.866317892074584961e+02 3.743847990036010742e+02 3.866527462005615234e+02 3.815158081054687500e+02 3.881505775451660156e+02 2.000000000000000000e+00
2.704829692840576172e+02 4.205330228805541992e+02 2.753261995315551758e+02 4.197190332412719727e+02 2.822292160987854004e+02 4.202793073654174805e+02 2.000000000000000000e+00
2.113191699981689453e+02 4.002234649658203125e+02 2.162634754180908203e+02 3.989457464218139648e+02 2.234967899322509766e+02 3.990123367309570312e+02 2.000000000000000000e+00
5.627210044860839844e+02 4.547435474395751953e+02 5.672440910339355469e+02 4.561365509033203125e+02 5.740212440490722656e+02 4.591158199310302734e+02 2.000000000000000000e+00
2.665339660644531250e+02 3.298477220535278320e+02 2.719050264358520508e+02 3.291501832008361816e+02 2.795327758789062500e+02 3.296980333328247070e+02 2.000000000000000000e+00
2.379964923858642578e+02 3.832187604904174805e+02 2.429299783706665039e+02 3.822428941726684570e+02 2.502898836135864258e+02 3.824681138992309570e+02 2.000000000000000000e+00
5.841673088073730469e+02 4.024285125732421875e+02 5.891698646545410156e+02 4.039365291595458984e+02 5.963891029357910156e+02 4.070621109008789062e+02 2.000000000000000000e+00
2.759899902343750000e+02 4.072514677047729492e+02 2.808793020248413086e+02 4.064511823654174805e+02 2.879234004020690918e+02 4.071064567565917969e+02 2.000000000000000000e+00
2.932042527198791504e+02 4.207819604873657227e+02 2.978134465217590332e+02 4.202790355682373047e+02 3.047808229923248291e+02 4.208989620208740234e+02 2.000000000000000000e+00
2.285000705718994141e+02 3.819057655334472656e+02 2.335227966308593750e+02 3.808520936965942383e+02 2.408945894241333008e+02 3.810543537139892578e+02 2.000000000000000000e+00
3.227348634600639343e+02 3.205374813079833984e+02 3.282434999942779541e+02 3.201690101623535156e+02 3.360939025878906250e+02 3.212222027778625488e+02 2.000000000000000000e+00
2.597400808334350586e+02 4.725072383880615234e+02 2.642977905273437500e+02 4.718869686126708984e+02 2.708666086196899414e+02 4.722039985656738281e+02 2.000000000000000000e+00
5.732365798950195312e+02 3.324771809577941895e+02 5.786693763732910156e+02 3.338300514221191406e+02 5.863622474670410156e+02 3.368674993515014648e+02 2.000000000000000000e+00
3.882278776168823242e+02 3.452755165100097656e+02 3.934231901168823242e+02 3.453886198997497559e+02 4.009373760223388672e+02 3.468305754661560059e+02 2.000000000000000000e+00
2.716385507583618164e+02 3.376639437675476074e+02 2.769557476043701172e+02 3.368988990783691406e+02 2.846090698242187500e+02 3.375181961059570312e+02 2.000000000000000000e+00
2.487543630599975586e+02 3.428256869316101074e+02 2.540281057357788086e+02 3.419230413436889648e+02 2.617890596389770508e+02 3.424913978576660156e+02 2.000000000000000000e+00
4.629879760742187500e+02 4.709989070892333984e+02 4.674122333526611328e+02 4.717430305480957031e+02 4.739440631866455078e+02 4.739528989791870117e+02 2.000000000000000000e+00
6.133325767517089844e+02 3.951521444320678711e+02 6.184177207946777344e+02 3.968424224853515625e+02 6.257233238220214844e+02 4.002905702590942383e+02 2.000000000000000000e+00
5.082480812072753906e+02 3.429074478149414062e+02 5.135072708129882812e+02 3.438313937187194824e+02 5.211599731445312500e+02 3.463304471969604492e+02 2.000000000000000000e+00
4.041697692871093750e+02 2.451766209304332733e+02 4.100104713439941406e+02 2.453996430337429047e+02 4.182918453216552734e+02 2.468902744352817535e+02 2.000000000000000000e+00
4.192747783660888672e+02 3.571102380752563477e+02 4.244184303283691406e+02 3.574019551277160645e+02 4.319161987304687500e+02 3.592114305496215820e+02 2.000000000000000000e+00
2.901372671127319336e+02 3.988351535797119141e+02 2.950117182731628418e+02 3.984823036193847656e+02 3.022655940055847168e+02 3.990770387649536133e+02 2.000000000000000000e+00
3.990497446060180664e+02 4.017988300323486328e+02 4.038309955596923828e+02 4.019820642471313477e+02 4.109530639648437500e+02 4.034882354736328125e+02 2.000000000000000000e+00
5.169791984558105469e+02 3.249833106994628906e+02 5.223842811584472656e+02 3.259592342376708984e+02 5.301916503906250000e+02 3.284972262382507324e+02 2.000000000000000000e+00
3.205184631422162056e+02 3.498962759971618652e+02 3.257978516817092896e+02 3.496512222290039062e+02 3.331807255744934082e+02 3.505608916282653809e+02 2.000000000000000000e+00
3.914167785644531250e+02 3.941943454742431641e+02 3.963255310058593750e+02 3.943442201614379883e+02 4.034848690032958984e+02 3.957515716552734375e+02 2.000000000000000000e+00
4.785368061065673828e+02 3.722814989089965820e+02 4.835554313659667969e+02 3.728960895538330078e+02 4.909565162658691406e+02 3.752479648590087891e+02 2.000000000000000000e+00
2.686927461624145508e+02 4.583307981491088867e+02 2.733082866668701172e+02 4.576542234420776367e+02 2.799764680862426758e+02 4.582224512100219727e+02 2.000000000000000000e+00
2.581148052215576172e+02 3.669587230682373047e+02 2.632951354980468750e+02 3.661607980728149414e+02 2.705987834930419922e+02 3.666162729263305664e+02 2.000000000000000000e+00
3.023054194450378418e+02 4.638252067565917969e+02 3.068634641170501709e+02 4.633969545364379883e+02 3.133632200956344604e+02 4.641884851455688477e+02 2.000000000000000000e+00
3.748071622848510742e+02 3.793732023239135742e+02 3.798111581802368164e+02 3.794567298889160156e+02 3.869984769821166992e+02 3.809439754486083984e+02 2.000000000000000000e+00
4.565312862396240234e+02 3.369900226593017578e+02 4.618577575683593750e+02 3.374800443649291992e+02 4.695458412170410156e+02 3.395568323135375977e+02 2.000000000000000000e+00
2.188223075866699219e+02 2.844751310348510742e+02 2.244438743591308594e+02 2.834725069999694824e+02 2.325144481658935547e+02 2.835752570629119873e+02 2.000000000000000000e+00
5.387123489379882812e+02 4.384140729904174805e+02 5.434486770629882812e+02 4.395698404312133789e+02 5.503005981445312500e+02 4.423588371276855469e+02 2.000000000000000000e+00
6.193853187561035156e+02 4.162395429611206055e+02 6.242295646667480469e+02 4.178408002853393555e+02 6.313621902465820312e+02 4.213652086257934570e+02 2.000000000000000000e+00
4.948874473571777344e+02 3.535677838325500488e+02 5.001559829711914062e+02 3.544841337203979492e+02 5.076562881469726562e+02 3.568455576896667480e+02 2.000000000000000000e+00
2.098162937164306641e+02 4.110510635375976562e+02 2.146680927276611328e+02 4.098018836975097656e+02 2.217770099639892578e+02 4.097907543182373047e+02 2.000000000000000000e+00
5.585825920104980469e+02 2.593366706371307373e+02 5.645564651489257812e+02 2.605266129970550537e+02 5.728675651550292969e+02 2.634573072195053101e+02 2.000000000000000000e+00
4.129298400878906250e+02 4.608927154541015625e+02 4.173727416992187500e+02 4.611617517471313477e+02 4.240059852600097656e+02 4.628147077560424805e+02 2.000000000000000000e+00
2.267426586151123047e+02 2.848157072067260742e+02 2.323709678649902344e+02 2.838049042224884033e+02 2.404711771011352539e+02 2.840299701690673828e+02 2.000000000000000000e+00
2.252330303192138672e+02 4.645892143249511719e+02 2.297477531433105469e+02 4.635335254669189453e+02 2.365074443817138672e+02 4.636471939086914062e+02 2.000000000000000000e+00
5.662065505981445312e+02 2.636148995161056519e+02 5.722083091735839844e+02 2.648881244659423828e+02 5.803963661193847656e+02 2.677853107452392578e+02 2.000000000000000000e+00
4.967372512817382812e+02 4.003674745559692383e+02 5.017259216308593750e+02 4.012211322784423828e+02 5.088621520996093750e+02 4.035679721832275391e+02 2.000000000000000000e+00
3.254509586095809937e+02 3.996324205398559570e+02 3.304640197753906250e+02 3.992974090576171875e+02 3.374952089786529541e+02 4.002325773239135742e+02 2.000000000000000000e+00
4.632241535186767578e+02 3.814597177505493164e+02 4.681182861328125000e+02 3.821283388137817383e+02 4.754117488861083984e+02 3.842867231369018555e+02 2.000000000000000000e+00
4.326609516143798828e+02 4.591742420196533203e+02 4.372572326660156250e+02 4.595955991744995117e+02 4.438010883331298828e+02 4.614320468902587891e+02 2.000000000000000000e+00
2.240836048126220703e+02 4.237465238571166992e+02 2.289354515075683594e+02 4.226982164382934570e+02 2.358495140075683594e+02 4.228082656860351562e+02 2.000000000000000000e+00
4.383465862274169922e+02 3.474971365928649902e+02 4.437253761291503906e+02 3.480703210830688477e+02 4.512432289123535156e+02 3.499148941040039062e+02 2.000000000000000000e+00
2.374459362030029297e+02 4.021271467208862305e+02 2.423079538345336914e+02 4.011547279357910156e+02 2.494776010513305664e+02 4.013553857803344727e+02 2.000000000000000000e+00
3.521476745605468750e+02 2.581474006175994873e+02 3.579302668571472168e+02 2.579940497875213623e+02 3.661331510543823242e+02 2.592076724767684937e+02 2.000000000000000000e+00
2.974519038200378418e+02 4.503578567504882812e+02 3.020968925952911377e+02 4.498278951644897461e+02 3.087442016601562500e+02 4.505036115646362305e+02 2.000000000000000000e+00
4.780090045928955078e+02 4.722627925872802734e+02 4.824376296997070312e+02 4.729452037811279297e+02 4.890039634704589844e+02 4.752291440963745117e+02 2.000000000000000000e+00
5.673750686645507812e+02 3.949809694290161133e+02 5.724685668945312500e+02 3.963135766983032227e+02 5.796480178833007812e+02 3.993571901321411133e+02 2.000000000000000000e+00
2.298182392120361328e+02 4.713682079315185547e+02 2.344279003143310547e+02 4.703748321533203125e+02 2.410408926010131836e+02 4.705334329605102539e+02 2.000000000000000000e+00
6.055814933776855469e+02 4.112200641632080078e+02 6.105138015747070312e+02 4.127263927459716797e+02 6.175823974609375000e+02 4.161485624313354492e+02 2.000000000000000000e+00
2.277372074127197266e+02 3.987779617309570312e+02 2.326493930816650391e+02 3.977520275115966797e+02 2.398570537567138672e+02 3.979125452041625977e+02 2.000000000000000000e+00
5.706214714050292969e+02 2.783598947525024414e+02 5.765267944335937500e+02 2.795784938335418701e+02 5.846230506896972656e+02 2.826139855384826660e+02 2.000000000000000000e+00
5.755457115173339844e+02 3.486794829368591309e+02 5.810231971740722656e+02 3.500000381469726562e+02 5.885220909118652344e+02 3.530896067619323730e+02 2.000000000000000000e+00
4.441501522064208984e+02 4.514879894256591797e+02 4.487036800384521484e+02 4.519922590255737305e+02 4.554083251953125000e+02 4.539263677597045898e+02 2.000000000000000000e+00
2.110599803924560547e+02 2.912249779701232910e+02 2.166560649871826172e+02 2.901697111129760742e+02 2.247293090820312500e+02 2.901716637611389160e+02 2.000000000000000000e+00
3.137319642305374146e+02 3.193796110153198242e+02 3.192189330607652664e+02 3.190528321266174316e+02 3.270086973905563354e+02 3.199837374687194824e+02 2.000000000000000000e+00
2.552543163299560547e+02 3.861144161224365234e+02 2.603017854690551758e+02 3.852265691757202148e+02 2.675969839096069336e+02 3.855766439437866211e+02 2.000000000000000000e+00
3.163004758954048157e+02 2.652534198760986328e+02 3.220397034287452698e+02 2.648828136920928955e+02 3.301771247386932373e+02 2.657892465591430664e+02 2.000000000000000000e+00
2.377574920654296875e+02 4.759816360473632812e+02 2.423173046112060547e+02 4.751218414306640625e+02 2.488248109817504883e+02 4.753969860076904297e+02 2.000000000000000000e+00
5.370905113220214844e+02 3.213538241386413574e+02 5.425875854492187500e+02 3.224852013587951660e+02 5.503332519531250000e+02 3.251754784584045410e+02 2.000000000000000000e+00
3.571983647346496582e+02 2.629993915557861328e+02 3.629326200485229492e+02 2.628681653738021851e+02 3.710951852798461914e+02 2.641007709503173828e+02 2.000000000000000000e+00
3.942902851104736328e+02 2.780438554286956787e+02 4.000907611846923828e+02 2.780877721309661865e+02 4.080456829071044922e+02 2.794850778579711914e+02 2.000000000000000000e+00
3.973513507843017578e+02 2.517493906617164612e+02 4.031776714324951172e+02 2.518557134270668030e+02 4.113981056213378906e+02 2.533720403909683228e+02 2.000000000000000000e+00
5.213825035095214844e+02 4.033998870849609375e+02 5.262488365173339844e+02 4.043927049636840820e+02 5.333547401428222656e+02 4.070158481597900391e+02 2.000000000000000000e+00
2.698973369598388672e+02 2.920588409900665283e+02 2.753983449935913086e+02 2.913906598091125488e+02 2.833601069450378418e+02 2.919431161880493164e+02 2.000000000000000000e+00
2.948121953010559082e+02 2.740314352512359619e+02 3.005729675292968750e+02 2.735567629337310791e+02 3.086341249942779541e+02 2.742700839042663574e+02 2.000000000000000000e+00
2.157937145233154297e+02 4.404367733001708984e+02 2.204054737091064453e+02 4.394718360900878906e+02 2.272549533843994141e+02 4.394875574111938477e+02 2.000000000000000000e+00
3.883854055404663086e+02 4.064487934112548828e+02 3.932276630401611328e+02 4.065304040908813477e+02 4.003851032257080078e+02 4.080339145660400391e+02 2.000000000000000000e+00
6.063259315490722656e+02 3.515027189254760742e+02 6.116066360473632812e+02 3.529946637153625488e+02 6.192594718933105469e+02 3.563748550415039062e+02 2.000000000000000000e+00
2.821988821029663086e+02 3.610687923431396484e+02 2.873776555061340332e+02 3.603715896606445312e+02 2.946592402458190918e+02 3.610330295562744141e+02 2.000000000000000000e+00
5.686309814453125000e+02 3.550520968437194824e+02 5.740279579162597656e+02 3.563994526863098145e+02 5.815471839904785156e+02 3.594410490989685059e+02 2.000000000000000000e+00
2.821805715560913086e+02 4.343817615509033203e+02 2.868819570541381836e+02 4.337459850311279297e+02 2.937344670295715332e+02 4.343456840515136719e+02 2.000000000000000000e+00
5.827621459960937500e+02 2.522602701187133789e+02 5.886800003051757812e+02 2.535861673951148987e+02 5.970606040954589844e+02 2.566546028852462769e+02 2.000000000000000000e+00
5.373526573181152344e+02 3.427316951751708984e+02 5.426897048950195312e+02 3.438132977485656738e+02 5.503030395507812500e+02 3.465818238258361816e+02 2.000000000000000000e+00
5.066924858093261719e+02 2.089100468158721924e+02 5.060821914672851562e+02 2.106839275360107422e+02 5.077654075622558594e+02 2.138267344236373901e+02 1.000000000000000000e+00
2.693799114227294922e+02 3.616158771514892578e+02 2.746502351760864258e+02 3.608662748336791992e+02 2.818640136718750000e+02 3.615037965774536133e+02 2.000000000000000000e+00
6.024814414978027344e+02 4.213244962692260742e+02 6.074264526367187500e+02 4.227681970596313477e+02 6.143717002868652344e+02 4.262306070327758789e+02 2.000000000000000000e+00
2.110498142242431641e+02 2.862514686584472656e+02 2.166425895690917969e+02 2.851926004886627197e+02 2.247161579132080078e+02 2.851911950111389160e+02 2.000000000000000000e+00
3.914146137237548828e+02 2.539543309807777405e+02 3.972514057159423828e+02 2.540805977582931519e+02 4.054768657684326172e+02 2.554879009723663330e+02 2.000000000000000000e+00
3.600697326660156250e+02 3.972330379486083984e+02 3.649238920211791992e+02 3.971815252304077148e+02 3.720560932159423828e+02 3.984646940231323242e+02 2.000000000000000000e+00
5.114982032775878906e+02 3.486706924438476562e+02 5.167906570434570312e+02 3.496682167053222656e+02 5.244306755065917969e+02 3.521755456924438477e+02 2.000000000000000000e+00
5.218452262878417969e+02 3.536536288261413574e+02 5.270678710937500000e+02 3.546704792976379395e+02 5.345958900451660156e+02 3.573584318161010742e+02 2.000000000000000000e+00
2.550173473358154297e+02 4.257623720169067383e+02 2.598355102539062500e+02 4.250286340713500977e+02 2.666867351531982422e+02 4.254126405715942383e+02 2.000000000000000000e+00
1.875276470184326172e+02 3.492151522636413574e+02 1.928019428253173828e+02 3.480097103118896484e+02 2.004340839385986328e+02 3.478398799896240234e+02 2.000000000000000000e+00
4.338388729095458984e+02 2.738361239433288574e+02 4.395754432678222656e+02 2.741914701461791992e+02 4.475607013702392578e+02 2.760640883445739746e+02 2.000000000000000000e+00
4.149361610412597656e+02 3.513156509399414062e+02 4.200831890106201172e+02 3.515440106391906738e+02 4.276223182678222656e+02 3.533450388908386230e+02 2.000000000000000000e+00
4.805072021484375000e+02 3.131329107284545898e+02 4.859414482116699219e+02 3.137719488143920898e+02 4.937738990783691406e+02 3.160869455337524414e+02 2.000000000000000000e+00
2.917480468750000000e+02 2.824032604694366455e+02 2.973272395133972168e+02 2.818898320198059082e+02 3.054055178165435791e+02 2.825500810146331787e+02 2.000000000000000000e+00
2.525116729736328125e+02 3.703488206863403320e+02 2.576773977279663086e+02 3.694946336746215820e+02 2.649450683593750000e+02 3.698762941360473633e+02 2.000000000000000000e+00
5.414371299743652344e+02 3.684229516983032227e+02 5.465982627868652344e+02 3.695713520050048828e+02 5.541137123107910156e+02 3.723835515975952148e+02 2.000000000000000000e+00
3.246349182724952698e+02 3.026390433311462402e+02 3.301542365550994873e+02 3.022857713699340820e+02 3.380582582950592041e+02 3.033036518096923828e+02 2.000000000000000000e+00
2.586858510971069336e+02 2.870215165615081787e+02 2.643268728256225586e+02 2.862701439857482910e+02 2.723208904266357422e+02 2.866877460479736328e+02 2.000000000000000000e+00
6.123025512695312500e+02 3.822012948989868164e+02 6.175190544128417969e+02 3.838827610015869141e+02 6.248459434509277344e+02 3.872612714767456055e+02 2.000000000000000000e+00
6.078344154357910156e+02 4.415886640548706055e+02 6.125427246093750000e+02 4.432371282577514648e+02 6.194982910156250000e+02 4.466285133361816406e+02 2.000000000000000000e+00
2.978164052963256836e+02 3.964180040359497070e+02 3.027336418628692627e+02 3.960388898849487305e+02 3.099556887149810791e+02 3.966679430007934570e+02 2.000000000000000000e+00
4.612392330169677734e+02 4.523228502273559570e+02 4.657358455657958984e+02 4.529589414596557617e+02 4.724833393096923828e+02 4.551028919219970703e+02 2.000000000000000000e+00
3.416999220848083496e+02 4.141060638427734375e+02 3.465826106071472168e+02 4.138922882080078125e+02 3.536195373535156250e+02 4.149812078475952148e+02 2.000000000000000000e+00
5.881987380981445312e+02 2.688976156711578369e+02 5.941519737243652344e+02 2.703300476074218750e+02 6.023820877075195312e+02 2.734555971622467041e+02 2.000000000000000000e+00
4.970192337036132812e+02 3.759615612030029297e+02 5.020797729492187500e+02 3.768295669555664062e+02 5.093657875061035156e+02 3.792480611801147461e+02 2.000000000000000000e+00
5.725732421875000000e+02 1.933441758155822754e+02 5.724270629882812500e+02 1.957521808147430420e+02 5.746102905273437500e+02 1.999918341636657715e+02 1.000000000000000000e+00
6.107042312622070312e+02 3.308650588989257812e+02 6.161734580993652344e+02 3.324721455574035645e+02 6.238448524475097656e+02 3.357949876785278320e+02 2.000000000000000000e+00
3.267967838048934937e+02 2.605891424417495728e+02 3.325642096996307373e+02 2.603070688247680664e+02 3.406527113914489746e+02 2.612914431095123291e+02 2.000000000000000000e+00
5.549339675903320312e+02 2.900406503677368164e+02 5.606014442443847656e+02 2.912835717201232910e+02 5.686757278442382812e+02 2.941163671016693115e+02 2.000000000000000000e+00
5.318410110473632812e+02 4.399601554870605469e+02 5.365011024475097656e+02 4.411084413528442383e+02 5.433772087097167969e+02 4.437604236602783203e+02 2.000000000000000000e+00
4.123622131347656250e+02 2.966123700141906738e+02 4.177754878997802734e+02 2.968006324768066406e+02 4.257438373565673828e+02 2.985358929634094238e+02 2.000000000000000000e+00
4.194668579101562500e+02 4.693910408020019531e+02 4.238229656219482422e+02 4.696767139434814453e+02 4.304302978515625000e+02 4.715140199661254883e+02 2.000000000000000000e+00
4.270980834960937500e+02 2.061583220958709717e+02 4.255089759826660156e+02 2.075173938274383545e+02 4.261523151397705078e+02 2.101834237575531006e+02 1.000000000000000000e+00
5.412324905395507812e+02 3.613711595535278320e+02 5.464162635803222656e+02 3.625144100189208984e+02 5.539548301696777344e+02 3.653582811355590820e+02 2.000000000000000000e+00
6.081075477600097656e+02 4.468412876129150391e+02 6.127679443359375000e+02 4.483785438537597656e+02 6.196947097778320312e+02 4.518186807632446289e+02 2.000000000000000000e+00
3.697670316696166992e+02 2.579209917783737183e+02 3.755611276626586914e+02 2.579077470302581787e+02 3.838150024414062500e+02 2.592498475313186646e+02 2.000000000000000000e+00
4.554981708526611328e+02 4.454887247085571289e+02 4.601325988769531250e+02 4.461055469512939453e+02 4.668177223205566406e+02 4.481437110900878906e+02 2.000000000000000000e+00
6.212202262878417969e+02 4.312465953826904297e+02 6.260601806640625000e+02 4.329555130004882812e+02 6.330675125122070312e+02 4.364690637588500977e+02 2.000000000000000000e+00
6.216814613342285156e+02 3.625034809112548828e+02 6.269072341918945312e+02 3.641836023330688477e+02 6.345413780212402344e+02 3.676096200942993164e+02 2.000000000000000000e+00
3.383281552791595459e+02 2.935949420928955078e+02 3.439829421043395996e+02 2.933748185634613037e+02 3.517919325828552246e+02 2.943854713439941406e+02 2.000000000000000000e+00
5.616742515563964844e+02 3.514566421508789062e+02 5.670326614379882812e+02 3.527980113029479980e+02 5.746055984497070312e+02 3.557455515861511230e+02 2.000000000000000000e+00
3.112559813261032104e+02 4.263779640197753906e+02 3.158759459853172302e+02 4.260924196243286133e+02 3.228235170245170593e+02 4.267783355712890625e+02 2.000000000000000000e+00
4.803289794921875000e+02 3.670492315292358398e+02 4.854029846191406250e+02 3.677251052856445312e+02 4.928020668029785156e+02 3.700970792770385742e+02 2.000000000000000000e+00
4.195562744140625000e+02 3.651385259628295898e+02 4.246918964385986328e+02 3.653947162628173828e+02 4.321936702728271484e+02 3.672315073013305664e+02 2.000000000000000000e+00
3.677387380599975586e+02 4.181197643280029297e+02 3.725371694564819336e+02 4.180814552307128906e+02 3.794949340820312500e+02 4.193397617340087891e+02 2.000000000000000000e+00
3.390883791446685791e+02 4.452127790451049805e+02 3.436482858657836914e+02 4.450064563751220703e+02 3.504377150535583496e+02 4.460963487625122070e+02 2.000000000000000000e+00
5.950769042968750000e+02 3.249055194854736328e+02 6.005404663085937500e+02 3.264715003967285156e+02 6.083795166015625000e+02 3.296458482742309570e+02 2.000000000000000000e+00
4.220045185089111328e+02 4.743349170684814453e+02 4.263818359375000000e+02 4.746463108062744141e+02 4.329461383819580078e+02 4.765364742279052734e+02 2.000000000000000000e+00
5.593827629089355469e+02 2.826167607307434082e+02 5.650782585144042969e+02 2.838003265857696533e+02 5.732122230529785156e+02 2.867172861099243164e+02 2.000000000000000000e+00
2.446432781219482422e+02 4.194309139251708984e+02 2.494954204559326172e+02 4.185290622711181641e+02 2.564121675491333008e+02 4.187949657440185547e+02 2.000000000000000000e+00
4.279481506347656250e+02 3.524997639656066895e+02 4.332275104522705078e+02 3.528222441673278809e+02 4.406413936614990234e+02 3.546258902549743652e+02 2.000000000000000000e+00
4.371402263641357422e+02 4.390224409103393555e+02 4.417493915557861328e+02 4.394290637969970703e+02 4.485287761688232422e+02 4.413634729385375977e+02 2.000000000000000000e+00
2.427118539810180664e+02 2.804462313652038574e+02 2.482512807846069336e+02 2.795470905303955078e+02 2.563406038284301758e+02 2.798565101623535156e+02 2.000000000000000000e+00
3.460675358772277832e+02 4.197775125503540039e+02 3.508647465705871582e+02 4.196235466003417969e+02 3.579008173942565918e+02 4.207353973388671875e+02 2.000000000000000000e+00
2.449310922622680664e+02 5.711309909820556641e+01 2.522817516326904297e+02 5.643337726593017578e+01 2.625410747528076172e+02 5.676611423492431641e+01 2.000000000000000000e+00
3.457813119888305664e+02 3.289240193367004395e+02 3.512543654441833496e+02 3.287805247306823730e+02 3.588522028923034668e+02 3.298569416999816895e+02 2.000000000000000000e+00
4.079381752014160156e+02 3.488245582580566406e+02 4.131191444396972656e+02 3.490815496444702148e+02 4.206606483459472656e+02 3.507523226737976074e+02 2.000000000000000000e+00
4.835805320739746094e+02 4.656531143188476562e+02 4.880706214904785156e+02 4.663044834136962891e+02 4.946368789672851562e+02 4.686048030853271484e+02 2.000000000000000000e+00
4.713562679290771484e+02 4.614976644515991211e+02 4.757336139678955078e+02 4.621948385238647461e+02 4.824239158630371094e+02 4.644332456588745117e+02 2.000000000000000000e+00
2.067192173004150391e+02 3.975449609756469727e+02 2.116530323028564453e+02 3.962757396697998047e+02 2.188886737823486328e+02 3.963036918640136719e+02 2.000000000000000000e+00
5.804277420043945312e+02 4.687503719329833984e+02 5.849049758911132812e+02 4.702831506729125977e+02 5.917016601562500000e+02 4.734021377563476562e+02 2.000000000000000000e+00
4.464794635772705078e+02 3.960627794265747070e+02 4.514069557189941406e+02 3.965959882736206055e+02 4.585401630401611328e+02 3.984927749633789062e+02 2.000000000000000000e+00
5.735496902465820312e+02 3.221509766578674316e+02 5.790491294860839844e+02 3.234998846054077148e+02 5.868186759948730469e+02 3.265730309486389160e+02 2.000000000000000000e+00
5.752732658386230469e+02 4.264918613433837891e+02 5.800628089904785156e+02 4.279018306732177734e+02 5.869506835937500000e+02 4.310198450088500977e+02 2.000000000000000000e+00
2.448990154266357422e+02 3.758994483947753906e+02 2.499991273880004883e+02 3.749900007247924805e+02 2.573134469985961914e+02 3.752925825119018555e+02 2.000000000000000000e+00
5.198934936523437500e+02 4.306425333023071289e+02 5.247099113464355469e+02 4.316690111160278320e+02 5.315994262695312500e+02 4.343616485595703125e+02 2.000000000000000000e+00
4.170783710479736328e+02 3.764566755294799805e+02 4.220722961425781250e+02 3.766939830780029297e+02 4.293961811065673828e+02 3.784202957153320312e+02 2.000000000000000000e+00
5.325556755065917969e+02 3.462710022926330566e+02 5.378112792968750000e+02 3.472896766662597656e+02 5.454504966735839844e+02 3.499695825576782227e+02 2.000000000000000000e+00
5.732832717895507812e+02 3.618956422805786133e+02 5.787010002136230469e+02 3.632099962234497070e+02 5.862495231628417969e+02 3.662128686904907227e+02 2.000000000000000000e+00
4.106162166595458984e+02 3.877060604095458984e+02 4.155963802337646484e+02 3.879772138595581055e+02 4.228107929229736328e+02 3.896186256408691406e+02 2.000000000000000000e+00
4.009256649017333984e+02 3.865534687042236328e+02 4.058678340911865234e+02 3.867328262329101562e+02 4.130236530303955078e+02 3.883366441726684570e+02 2.000000000000000000e+00
5.854754638671875000e+02 3.075458407402038574e+02 5.910953330993652344e+02 3.089386010169982910e+02 5.989401245117187500e+02 3.121209454536437988e+02 2.000000000000000000e+00
3.042461848258972168e+02 4.508157205581665039e+02 3.088618469238281250e+02 4.503924608230590820e+02 3.155400696396827698e+02 4.511453676223754883e+02 2.000000000000000000e+00
2.944138479232788086e+02 3.488716149330139160e+02 2.997194814682006836e+02 3.483496427536010742e+02 3.071681213378906250e+02 3.490576243400573730e+02 2.000000000000000000e+00
2.454493236541748047e+02 3.837309980392456055e+02 2.504566049575805664e+02 3.828166866302490234e+02 2.577967500686645508e+02 3.831205844879150391e+02 2.000000000000000000e+00
4.323642921447753906e+02 3.726911401748657227e+02 4.373443889617919922e+02 3.731316947937011719e+02 4.447088050842285156e+02 3.749861526489257812e+02 2.000000000000000000e+00
4.517581462860107422e+02 4.567644166946411133e+02 4.562368202209472656e+02 4.573901510238647461e+02 4.629630756378173828e+02 4.594115781784057617e+02 2.000000000000000000e+00
5.846587562561035156e+02 2.751963222026824951e+02 5.905846023559570312e+02 2.765279567241668701e+02 5.987130165100097656e+02 2.796597325801849365e+02 2.000000000000000000e+00
3.937940073013305664e+02 3.840305185317993164e+02 3.987358713150024414e+02 3.841751146316528320e+02 4.059063720703125000e+02 3.856648921966552734e+02 2.000000000000000000e+00
2.328360843658447266e+02 4.450738334655761719e+02 2.374899005889892578e+02 4.441545581817626953e+02 2.442613506317138672e+02 4.443459320068359375e+02 2.000000000000000000e+00
4.490270709991455078e+02 3.908265209197998047e+02 4.539223670959472656e+02 3.914314413070678711e+02 4.611297607421875000e+02 3.933828163146972656e+02 2.000000000000000000e+00
3.260139769315719604e+02 3.355962538719177246e+02 3.312878119945526123e+02 3.353022480010986328e+02 3.389717411994934082e+02 3.363177824020385742e+02 2.000000000000000000e+00
5.673567581176757812e+02 1.836380267143249512e+02 5.671949577331542969e+02 1.857902956008911133e+02 5.694455528259277344e+02 1.896549654006958008e+02 1.000000000000000000e+00
5.151497840881347656e+02 4.672957563400268555e+02 5.196563148498535156e+02 4.683389425277709961e+02 5.262969398498535156e+02 4.709688520431518555e+02 2.000000000000000000e+00
3.452139902114868164e+02 4.107534885406494141e+02 3.500474858283996582e+02 4.106194496154785156e+02 3.571590280532836914e+02 4.117253494262695312e+02 2.000000000000000000e+00
4.125377559661865234e+02 4.539720010757446289e+02 4.170280742645263672e+02 4.542473316192626953e+02 4.236271953582763672e+02 4.559249067306518555e+02 2.000000000000000000e+00
2.713087749481201172e+02 4.632718563079833984e+02 2.758634948730468750e+02 4.626369810104370117e+02 2.825575852394104004e+02 4.631418228149414062e+02 2.000000000000000000e+00
4.421454524993896484e+02 4.405154514312744141e+02 4.467366313934326172e+02 4.409886932373046875e+02 4.535668945312500000e+02 4.430013227462768555e+02 2.000000000000000000e+00
3.048525393009185791e+02 3.223194909095764160e+02 3.102545166015625000e+02 3.217849159240722656e+02 3.180820007622241974e+02 3.226871681213378906e+02 2.000000000000000000e+00
5.993504714965820312e+02 3.854524326324462891e+02 6.043758010864257812e+02 3.869888019561767578e+02 6.117404747009277344e+02 3.903098487854003906e+02 2.000000000000000000e+00
3.770256042480468750e+02 4.103463792800903320e+02 3.818417978286743164e+02 4.103668355941772461e+02 3.888500690460205078e+02 4.117076539993286133e+02 2.000000000000000000e+00
2.521826314926147461e+02 2.953710973262786865e+02 2.577485036849975586e+02 2.945760226249694824e+02 2.657306528091430664e+02 2.949680221080780029e+02 2.000000000000000000e+00
6.218928909301757812e+02 4.090681886672973633e+02 6.267680168151855469e+02 4.106832933425903320e+02 6.340214920043945312e+02 4.141930961608886719e+02 2.000000000000000000e+00
5.436777305603027344e+02 2.331027522683143616e+02 5.429312133789062500e+02 2.351563261449337006e+02 5.446158409118652344e+02 2.388160094618797302e+02 1.000000000000000000e+00
2.356430149078369141e+02 4.319796180725097656e+02 2.403149843215942383e+02 4.309970140457153320e+02 2.470842885971069336e+02 4.311949539184570312e+02 2.000000000000000000e+00
2.228330039978027344e+02 2.891464877128601074e+02 2.285012817382812500e+02 2.881495392322540283e+02 2.365676116943359375e+02 2.882958698272705078e+02 2.000000000000000000e+00
2.656774902343750000e+02 3.660029125213623047e+02 2.709868764877319336e+02 3.652852821350097656e+02 2.782223510742187500e+02 3.657942867279052734e+02 2.000000000000000000e+00
3.337962651252746582e+02 4.415108156204223633e+02 3.384576416015625000e+02 4.412541246414184570e+02 3.452817702293395996e+02 4.423355484008789062e+02 2.000000000000000000e+00
6.070423698425292969e+02 4.018203878402709961e+02 6.120111656188964844e+02 4.035153865814208984e+02 6.192054557800292969e+02 4.068685340881347656e+02 2.000000000000000000e+00
3.195968322828412056e+02 3.017336153984069824e+02 3.251241153478622437e+02 3.013967299461364746e+02 3.330113828182220459e+02 3.023563885688781738e+02 2.000000000000000000e+00
3.342953193187713623e+02 4.195365428924560547e+02 3.391028749942779541e+02 4.193709182739257812e+02 3.460652470588684082e+02 4.204326868057250977e+02 2.000000000000000000e+00
5.723168945312500000e+02 2.854108893871307373e+02 5.780277061462402344e+02 2.865857255458831787e+02 5.862146568298339844e+02 2.897086822986602783e+02 2.000000000000000000e+00
5.471272087097167969e+02 2.169084763526916504e+02 5.464709472656250000e+02 2.189383381605148315e+02 5.482639122009277344e+02 2.224631488323211670e+02 1.000000000000000000e+00
3.654898977279663086e+02 4.643948221206665039e+02 3.700324392318725586e+02 4.643607616424560547e+02 3.765187692642211914e+02 4.656250047683715820e+02 2.000000000000000000e+00
3.992655038833618164e+02 3.565387630462646484e+02 4.044892311096191406e+02 3.566867136955261230e+02 4.119577980041503906e+02 3.582574796676635742e+02 2.000000000000000000e+00
4.784389972686767578e+02 2.727305924892425537e+02 4.842008972167968750e+02 2.735325622558593750e+02 4.923926734924316406e+02 2.757655370235443115e+02 2.000000000000000000e+00
4.836108207702636719e+02 2.978386259078979492e+02 4.891328430175781250e+02 2.986246061325073242e+02 4.970577049255371094e+02 3.008911442756652832e+02 2.000000000000000000e+00
5.535973548889160156e+02 4.444020795822143555e+02 5.582683753967285156e+02 4.456359672546386719e+02 5.650654411315917969e+02 4.485741662979125977e+02 2.000000000000000000e+00
3.024689328670501709e+02 2.815388524532318115e+02 3.082297968864440918e+02 2.811558544635772705e+02 3.161979979276657104e+02 2.819208097457885742e+02 2.000000000000000000e+00
4.877524375915527344e+02 3.604381513595581055e+02 4.928620719909667969e+02 3.612442731857299805e+02 5.003321266174316406e+02 3.635519742965698242e+02 2.000000000000000000e+00
4.350634765625000000e+02 4.501315069198608398e+02 4.396917152404785156e+02 4.505345535278320312e+02 4.463378620147705078e+02 4.523948192596435547e+02 2.000000000000000000e+00
5.673801231384277344e+02 4.424621343612670898e+02 5.720668983459472656e+02 4.437484502792358398e+02 5.788413047790527344e+02 4.468105316162109375e+02 2.000000000000000000e+00
5.871269607543945312e+02 3.618039608001708984e+02 5.923419761657714844e+02 3.633384418487548828e+02 5.998919677734375000e+02 3.664851808547973633e+02 2.000000000000000000e+00
4.762576961517333984e+02 4.630972051620483398e+02 4.807020950317382812e+02 4.637682008743286133e+02 4.873581886291503906e+02 4.660454463958740234e+02 2.000000000000000000e+00
2.136230468750000000e+02 3.921823453903198242e+02 2.186180400848388672e+02 3.909462404251098633e+02 2.258989238739013672e+02 3.910792350769042969e+02 2.000000000000000000e+00
4.241827106475830078e+02 3.417004466056823730e+02 4.294515132904052734e+02 3.420214891433715820e+02 4.370145893096923828e+02 3.438309359550476074e+02 2.000000000000000000e+00
3.843839740753173828e+02 4.718951225280761719e+02 3.887528085708618164e+02 4.719915246963500977e+02 3.952831745147705078e+02 4.735247325897216797e+02 2.000000000000000000e+00
1.855332183837890625e+02 3.028877305984497070e+02 1.911213684082031250e+02 3.016404461860656738e+02 1.990360355377197266e+02 3.015241742134094238e+02 2.000000000000000000e+00
3.973355722427368164e+02 2.467024844884872437e+02 4.031854915618896484e+02 2.468712316453456879e+02 4.114037227630615234e+02 2.483509987592697144e+02 2.000000000000000000e+00
2.662451457977294922e+02 4.348361921310424805e+02 2.711564016342163086e+02 4.339487457275390625e+02 2.778270244598388672e+02 4.344479513168334961e+02 2.000000000000000000e+00
3.093136894702911377e+02 3.638897752761840820e+02 3.145673519372940063e+02 3.634723520278930664e+02 3.218370972573757172e+02 3.643260812759399414e+02 2.000000000000000000e+00
4.393150329589843750e+02 4.657632207870483398e+02 4.437565898895263672e+02 4.662576055526733398e+02 4.503523540496826172e+02 4.681304740905761719e+02 2.000000000000000000e+00
5.361594963073730469e+02 1.789597892761230469e+02 5.355019569396972656e+02 1.804288923740386963e+02 5.371406364440917969e+02 1.833129858970642090e+02 1.000000000000000000e+00
6.051226806640625000e+02 3.252916932106018066e+02 6.105952835083007812e+02 3.268290138244628906e+02 6.184196281433105469e+02 3.301498174667358398e+02 2.000000000000000000e+00
5.397576332092285156e+02 2.405830841325223446e+02 5.392675209045410156e+02 2.426259919255971909e+02 5.409541702270507812e+02 2.463336794078350067e+02 1.000000000000000000e+00
3.475734877586364746e+02 3.448583436012268066e+02 3.529004836082458496e+02 3.446861028671264648e+02 3.603366088867187500e+02 3.459001207351684570e+02 2.000000000000000000e+00
3.085131835937500000e+02 4.682926511764526367e+02 3.128987425565719604e+02 4.678081512451171875e+02 3.195006408542394638e+02 4.686903476715087891e+02 2.000000000000000000e+00
2.836985468864440918e+02 2.789332902431488037e+02 2.892958068847656250e+02 2.783789098262786865e+02 2.974071049690246582e+02 2.790027165412902832e+02 2.000000000000000000e+00
5.115345764160156250e+02 4.052442741394042969e+02 5.164364051818847656e+02 4.062031030654907227e+02 5.235126304626464844e+02 4.086916923522949219e+02 2.000000000000000000e+00
2.279932880401611328e+02 2.929836165904998779e+02 2.336259174346923828e+02 2.920132791996002197e+02 2.416779613494873047e+02 2.921616554260253906e+02 2.000000000000000000e+00
3.120953673124313354e+02 4.363407754898071289e+02 3.166604003310203552e+02 4.359262132644653320e+02 3.235038146376609802e+02 4.367410326004028320e+02 2.000000000000000000e+00
4.831447410583496094e+02 3.919514608383178711e+02 4.881807899475097656e+02 3.927622175216674805e+02 4.953606224060058594e+02 3.951058101654052734e+02 2.000000000000000000e+00
2.156463336944580078e+02 4.134219503402709961e+02 2.205541229248046875e+02 4.122784852981567383e+02 2.275841236114501953e+02 4.123238611221313477e+02 2.000000000000000000e+00
2.797603750228881836e+02 4.295141744613647461e+02 2.845640563964843750e+02 4.288527917861938477e+02 2.914492487907409668e+02 4.294184303283691406e+02 2.000000000000000000e+00
2.706272888183593750e+02 2.722806429862976074e+02 2.763269329071044922e+02 2.715610671043395996e+02 2.843543076515197754e+02 2.721400451660156250e+02 2.000000000000000000e+00
3.186825256049633026e+02 3.167815303802490234e+02 3.242128601670265198e+02 3.164472985267639160e+02 3.320470893383026123e+02 3.174539494514465332e+02 2.000000000000000000e+00
4.765828609466552734e+02 3.965514850616455078e+02 4.816065788269042969e+02 3.973373222351074219e+02 4.886864662170410156e+02 3.995430707931518555e+02 2.000000000000000000e+00
3.687276935577392578e+02 2.631275957822799683e+02 3.745798349380493164e+02 2.630808734893798828e+02 3.828158283233642578e+02 2.643420428037643433e+02 2.000000000000000000e+00
4.478813171386718750e+02 4.113381671905517578e+02 4.526697063446044922e+02 4.118090057373046875e+02 4.596746540069580078e+02 4.137853860855102539e+02 2.000000000000000000e+00
3.763313293457031250e+02 3.471261620521545410e+02 3.814798593521118164e+02 3.471690130233764648e+02 3.890342712402343750e+02 3.485487127304077148e+02 2.000000000000000000e+00
6.219141197204589844e+02 3.513000512123107910e+02 6.271874427795410156e+02 3.528906297683715820e+02 6.348951530456542969e+02 3.564404654502868652e+02 2.000000000000000000e+00
4.234388446807861328e+02 4.659350681304931641e+02 4.278097820281982422e+02 4.663168430328369141e+02 4.344286251068115234e+02 4.681054258346557617e+02 2.000000000000000000e+00
2.216214847564697266e+02 5.499612808227539062e+01 2.291740512847900391e+02 5.402423858642578125e+01 2.390981864929199219e+02 5.442246437072753906e+01 2.000000000000000000e+00
6.064934158325195312e+02 3.624357604980468750e+02 6.117519569396972656e+02 3.639809703826904297e+02 6.193106651306152344e+02 3.673554468154907227e+02 2.000000000000000000e+00
5.006141090393066406e+02 3.491643404960632324e+02 5.059248733520507812e+02 3.501133203506469727e+02 5.135236930847167969e+02 3.525043416023254395e+02 2.000000000000000000e+00
2.135700225830078125e+02 4.214675760269165039e+02 2.184818840026855469e+02 4.203521490097045898e+02 2.253931236267089844e+02 4.203610897064208984e+02 2.000000000000000000e+00
4.460027217864990234e+02 4.351798439025878906e+02 4.506324195861816406e+02 4.356406688690185547e+02 4.574687862396240234e+02 4.377004480361938477e+02 2.000000000000000000e+00
5.915713500976562500e+02 3.584063816070556641e+02 5.968716430664062500e+02 3.598562049865722656e+02 6.044757080078125000e+02 3.631439638137817383e+02 2.000000000000000000e+00
4.911276817321777344e+02 2.087591063976287842e+02 4.903579711914062500e+02 2.104676949977874756e+02 4.917417716979980469e+02 2.135851728916168213e+02 1.000000000000000000e+00
3.323123478889465332e+02 4.069502305984497070e+02 3.372126770019531250e+02 4.066648578643798828e+02 3.442369699478149414e+02 4.076037025451660156e+02 2.000000000000000000e+00
6.181939697265625000e+02 3.787666368484497070e+02 6.233952140808105469e+02 3.804984855651855469e+02 6.307442092895507812e+02 3.838842916488647461e+02 2.000000000000000000e+00
6.071660232543945312e+02 3.826525640487670898e+02 6.123939895629882812e+02 3.842905998229980469e+02 6.197440910339355469e+02 3.875947952270507812e+02 2.000000000000000000e+00
2.969075012207031250e+02 3.317476844787597656e+02 3.022820734977722168e+02 3.312670326232910156e+02 3.098301994800567627e+02 3.319714736938476562e+02 2.000000000000000000e+00
3.088320612907409668e+02 4.324530744552612305e+02 3.135056763887405396e+02 4.321139574050903320e+02 3.203517455980181694e+02 4.328514862060546875e+02 2.000000000000000000e+00
4.124601459503173828e+02 3.036209106445312500e+02 4.178789710998535156e+02 3.038249230384826660e+02 4.258035278320312500e+02 3.055284118652343750e+02 2.000000000000000000e+00
6.080442619323730469e+02 3.935639047622680664e+02 6.131731033325195312e+02 3.952892589569091797e+02 6.204341506958007812e+02 3.986277580261230469e+02 2.000000000000000000e+00
1.926844501495361328e+02 5.030050277709960938e+01 2.003555583953857422e+02 4.922341346740722656e+01 2.104540729522705078e+02 4.921900749206542969e+01 2.000000000000000000e+00
3.926418161392211914e+02 4.661831188201904297e+02 3.971504211425781250e+02 4.662978887557983398e+02 4.036199092864990234e+02 4.678146743774414062e+02 2.000000000000000000e+00
2.204635620117187500e+02 3.236555814743041992e+02 2.256876182556152344e+02 3.225862741470336914e+02 2.335381412506103516e+02 3.226496315002441406e+02 2.000000000000000000e+00
5.757064819335937500e+02 2.900529205799102783e+02 5.814258384704589844e+02 2.913047504425048828e+02 5.894957351684570312e+02 2.944405531883239746e+02 2.000000000000000000e+00
4.323302650451660156e+02 4.202002000808715820e+02 4.371234130859375000e+02 4.205215215682983398e+02 4.440246295928955078e+02 4.224583768844604492e+02 2.000000000000000000e+00
6.059879875183105469e+02 4.161749410629272461e+02 6.108584594726562500e+02 4.176576948165893555e+02 6.179158401489257812e+02 4.211637639999389648e+02 2.000000000000000000e+00
5.377594566345214844e+02 3.728012466430664062e+02 5.429099082946777344e+02 3.738994503021240234e+02 5.504284095764160156e+02 3.766964149475097656e+02 2.000000000000000000e+00
4.347608947753906250e+02 4.733161497116088867e+02 4.392764568328857422e+02 4.738549947738647461e+02 4.457388305664062500e+02 4.757510519027709961e+02 2.000000000000000000e+00
5.302210807800292969e+02 1.987488090991973877e+02 5.296999549865722656e+02 2.004629945755004883e+02 5.315541458129882812e+02 2.036636173725128174e+02 1.000000000000000000e+00
5.742013549804687500e+02 4.144776678085327148e+02 5.790538406372070312e+02 4.158666515350341797e+02 5.861988639831542969e+02 4.189414215087890625e+02 2.000000000000000000e+00
4.712876892089843750e+02 3.828859663009643555e+02 4.761711788177490234e+02 3.835577487945556641e+02 4.834873008728027344e+02 3.857838249206542969e+02 2.000000000000000000e+00
5.133659744262695312e+02 4.270775270462036133e+02 5.182277870178222656e+02 4.280801153182983398e+02 5.250600624084472656e+02 4.306105756759643555e+02 2.000000000000000000e+00
4.094855403900146484e+02 3.827225732803344727e+02 4.144611835479736328e+02 3.829752302169799805e+02 4.217190551757812500e+02 3.846347665786743164e+02 2.000000000000000000e+00
4.796124553680419922e+02 4.297140884399414062e+02 4.843078041076660156e+02 4.304314327239990234e+02 4.911943054199218750e+02 4.327633810043334961e+02 2.000000000000000000e+00
3.025576472282409668e+02 3.396087384223937988e+02 3.078623962402343750e+02 3.391297960281372070e+02 3.154362487792968750e+02 3.398572754859924316e+02 2.000000000000000000e+00
2.154183959960937500e+02 4.640955877304077148e+02 2.199222278594970703e+02 4.628996372222900391e+02 2.266582298278808594e+02 4.630325174331665039e+02 2.000000000000000000e+00
2.830727839469909668e+02 4.443888044357299805e+02 2.876681208610534668e+02 4.437568473815917969e+02 2.944701528549194336e+02 4.444078731536865234e+02 2.000000000000000000e+00
3.535823369026184082e+02 4.132334947586059570e+02 3.584888911247253418e+02 4.130791139602661133e+02 3.655966806411743164e+02 4.142454957962036133e+02 2.000000000000000000e+00
4.738261413574218750e+02 3.002117943763732910e+02 4.793356037139892578e+02 3.009271001815795898e+02 4.872857666015625000e+02 3.031918358802795410e+02 2.000000000000000000e+00
4.509539794921875000e+02 4.328174543380737305e+02 4.555924701690673828e+02 4.333968973159790039e+02 4.624114131927490234e+02 4.354711675643920898e+02 2.000000000000000000e+00
4.206426715850830078e+02 3.339136719703674316e+02 4.259584712982177734e+02 3.342743897438049316e+02 4.336092567443847656e+02 3.359396409988403320e+02 2.000000000000000000e+00
4.866946411132812500e+02 4.543218183517456055e+02 4.912619018554687500e+02 4.551144504547119141e+02 4.978940773010253906e+02 4.574332666397094727e+02 2.000000000000000000e+00
5.296545982360839844e+02 3.826138973236083984e+02 5.346702957153320312e+02 3.836314773559570312e+02 5.420527458190917969e+02 3.863784313201904297e+02 2.000000000000000000e+00
2.592585134506225586e+02 4.073671102523803711e+02 2.641936016082763672e+02 4.066176223754882812e+02 2.712579011917114258e+02 4.070216417312622070e+02 2.000000000000000000e+00
5.665529823303222656e+02 1.931742382049560547e+02 5.663014602661132812e+02 1.951847970485687256e+02 5.684111976623535156e+02 1.988948178291320801e+02 1.000000000000000000e+00
3.655406522750854492e+02 4.514433431625366211e+02 3.701380300521850586e+02 4.513890123367309570e+02 3.767242145538330078e+02 4.526707506179809570e+02 2.000000000000000000e+00
2.573907756805419922e+02 3.609834337234497070e+02 2.626622629165649414e+02 3.601721906661987305e+02 2.700043916702270508e+02 3.606521701812744141e+02 2.000000000000000000e+00
5.875629234313964844e+02 4.397575235366821289e+02 5.924072265625000000e+02 4.412228250503540039e+02 5.992620849609375000e+02 4.445228004455566406e+02 2.000000000000000000e+00
4.791756916046142578e+02 4.247247648239135742e+02 4.838514709472656250e+02 4.254209947586059570e+02 4.907632255554199219e+02 4.277805948257446289e+02 2.000000000000000000e+00
5.147520256042480469e+02 4.089579534530639648e+02 5.196162796020507812e+02 4.099459648132324219e+02 5.266757202148437500e+02 4.125114154815673828e+02 2.000000000000000000e+00
5.951626586914062500e+02 4.565129756927490234e+02 5.997296714782714844e+02 4.579967451095581055e+02 6.065343093872070312e+02 4.613915205001831055e+02 2.000000000000000000e+00
5.831407546997070312e+02 2.802557086944580078e+02 5.889244461059570312e+02 2.815459299087524414e+02 5.971087074279785156e+02 2.847008693218231201e+02 2.000000000000000000e+00
5.871851158142089844e+02 3.164961004257202148e+02 5.926476478576660156e+02 3.179854774475097656e+02 6.006010818481445312e+02 3.211393475532531738e+02 2.000000000000000000e+00
6.102907180786132812e+02 3.248636841773986816e+02 6.157478141784667969e+02 3.264646625518798828e+02 6.235136795043945312e+02 3.297907447814941406e+02 2.000000000000000000e+00
2.596679687500000000e+02 2.920733678340911865e+02 2.652677297592163086e+02 2.913620924949645996e+02 2.732724618911743164e+02 2.917725241184234619e+02 2.000000000000000000e+00
2.205691337585449219e+02 4.677888536453247070e+02 2.251373767852783203e+02 4.667102193832397461e+02 2.318307781219482422e+02 4.668465757369995117e+02 2.000000000000000000e+00
5.830395507812500000e+02 3.024036598205566406e+02 5.886650466918945312e+02 3.037948966026306152e+02 5.965587234497070312e+02 3.069423222541809082e+02 2.000000000000000000e+00
3.435409545898437500e+02 3.152247977256774902e+02 3.489363098144531250e+02 3.150892353057861328e+02 3.566488957405090332e+02 3.161445379257202148e+02 2.000000000000000000e+00
4.806209182739257812e+02 2.787108170986175537e+02 4.863736915588378906e+02 2.795206332206726074e+02 4.945293235778808594e+02 2.817399609088897705e+02 2.000000000000000000e+00
5.838044548034667969e+02 3.833791637420654297e+02 5.888524818420410156e+02 3.848328924179077148e+02 5.963838005065917969e+02 3.880277109146118164e+02 2.000000000000000000e+00
2.256994915008544922e+02 3.732856464385986328e+02 2.307701587677001953e+02 3.722316598892211914e+02 2.382196331024169922e+02 3.723497343063354492e+02 2.000000000000000000e+00
3.785933828353881836e+02 2.549920052289962769e+02 3.844385099411010742e+02 2.550811779499053955e+02 3.926683664321899414e+02 2.563920915126800537e+02 2.000000000000000000e+00
5.787075805664062500e+02 4.100997734069824219e+02 5.836419105529785156e+02 4.115068101882934570e+02 5.908189201354980469e+02 4.146255254745483398e+02 2.000000000000000000e+00
2.222449970245361328e+02 3.814207220077514648e+02 2.272914409637451172e+02 3.803034067153930664e+02 2.346360778808593750e+02 3.804713487625122070e+02 2.000000000000000000e+00
5.963825035095214844e+02 3.047711491584777832e+02 6.019619750976562500e+02 3.062635803222656250e+02 6.099116325378417969e+02 3.094427204132080078e+02 2.000000000000000000e+00
6.224143791198730469e+02 3.450068736076354980e+02 6.276903152465820312e+02 3.466848492622375488e+02 6.354428672790527344e+02 3.501518583297729492e+02 2.000000000000000000e+00
5.036939811706542969e+02 4.086644697189331055e+02 5.085618591308593750e+02 4.096015977859497070e+02 5.156403923034667969e+02 4.120633077621459961e+02 2.000000000000000000e+00
2.053651905059814453e+02 3.063783288002014160e+02 2.110496044158935547e+02 3.051703548431396484e+02 2.189869785308837891e+02 3.052096581459045410e+02 2.000000000000000000e+00
3.785300922393798828e+02 4.551365232467651367e+02 3.831304025650024414e+02 4.551748466491699219e+02 3.896481657028198242e+02 4.565359926223754883e+02 2.000000000000000000e+00
6.049848747253417969e+02 2.647269916534423828e+02 6.108940505981445312e+02 2.662373059988021851e+02 6.192033195495605469e+02 2.694452834129333496e+02 2.000000000000000000e+00
5.634566116333007812e+02 4.314206027984619141e+02 5.681580924987792969e+02 4.327462863922119141e+02 5.751145744323730469e+02 4.358220291137695312e+02 2.000000000000000000e+00
5.021597671508789062e+02 4.673408889770507812e+02 5.065922927856445312e+02 4.682138156890869141e+02 5.132295608520507812e+02 4.707303857803344727e+02 2.000000000000000000e+00
2.345677471160888672e+02 4.179499340057373047e+02 2.393413829803466797e+02 4.169499635696411133e+02 2.463370180130004883e+02 4.171870279312133789e+02 2.000000000000000000e+00
2.320864677429199219e+02 6.641837596893310547e+01 2.393906402587890625e+02 6.560640335083007812e+01 2.494275951385498047e+02 6.594687938690185547e+01 2.000000000000000000e+00
6.183477210998535156e+02 3.696551227569580078e+02 6.235755729675292969e+02 3.713278913497924805e+02 6.310211181640625000e+02 3.747470712661743164e+02 2.000000000000000000e+00
3.385869443416595459e+02 3.772696924209594727e+02 3.435617065429687500e+02 3.770518827438354492e+02 3.508783578872680664e+02 3.781591272354125977e+02 2.000000000000000000e+00
3.503479933738708496e+02 4.004135799407958984e+02 3.551915907859802246e+02 4.003536415100097656e+02 3.623646545410156250e+02 4.014531898498535156e+02 2.000000000000000000e+00
6.004385375976562500e+02 3.284409213066101074e+02 6.059335327148437500e+02 3.300654959678649902e+02 6.136776161193847656e+02 3.332972788810729980e+02 2.000000000000000000e+00
6.202575111389160156e+02 3.351297926902770996e+02 6.256706619262695312e+02 3.367432594299316406e+02 6.334248733520507812e+02 3.401452374458312988e+02 2.000000000000000000e+00
2.602045297622680664e+02 4.508143758773803711e+02 2.648286104202270508e+02 4.500985193252563477e+02 2.714737844467163086e+02 4.505402612686157227e+02 2.000000000000000000e+00
3.105590516328811646e+02 4.433766031265258789e+02 3.151454773545265198e+02 4.429011297225952148e+02 3.219206848740577698e+02 4.437405252456665039e+02 2.000000000000000000e+00
2.845373535156250000e+02 3.338162612915039062e+02 2.898593139648437500e+02 3.332497572898864746e+02 2.974913334846496582e+02 3.338091444969177246e+02 2.000000000000000000e+00
4.071164608001708984e+02 3.538252615928649902e+02 4.122664833068847656e+02 3.540644860267639160e+02 4.198062801361083984e+02 3.557413387298583984e+02 2.000000000000000000e+00
4.767611408233642578e+02 2.067587864398956299e+02 4.758101558685302734e+02 2.083770740032196045e+02 4.769998455047607422e+02 2.114208197593688965e+02 1.000000000000000000e+00
4.399839496612548828e+02 3.423131132125854492e+02 4.454150104522705078e+02 3.428284049034118652e+02 4.529261779785156250e+02 3.447624850273132324e+02 2.000000000000000000e+00
5.166058921813964844e+02 3.492509222030639648e+02 5.218610191345214844e+02 3.502494263648986816e+02 5.294902420043945312e+02 3.527375864982604980e+02 2.000000000000000000e+00
5.516305541992187500e+02 4.688295364379882812e+02 5.561010169982910156e+02 4.700640964508056641e+02 5.627944374084472656e+02 4.729897928237915039e+02 2.000000000000000000e+00
3.157734069228172302e+02 5.034489154815673828e+01 3.233029481768608093e+02 4.983123779296875000e+01 3.330557560920715332e+02 5.098505973815917969e+01 2.000000000000000000e+00
5.745872879028320312e+02 2.969139432907104492e+02 5.801529502868652344e+02 2.982507061958312988e+02 5.881738853454589844e+02 3.013239169120788574e+02 2.000000000000000000e+00
3.140562742948532104e+02 4.143180656433105469e+02 3.188485107570886612e+02 4.139452600479125977e+02 3.258238524198532104e+02 4.147218704223632812e+02 2.000000000000000000e+00
5.611923789978027344e+02 2.651843887567520142e+02 5.671807289123535156e+02 2.663803428411483765e+02 5.753772544860839844e+02 2.692880272865295410e+02 2.000000000000000000e+00
3.903487873077392578e+02 4.543473386764526367e+02 3.949303007125854492e+02 4.544540262222290039e+02 4.015916156768798828e+02 4.559613704681396484e+02 2.000000000000000000e+00
5.367930984497070312e+02 2.314261776208877563e+02 5.361662673950195312e+02 2.334954066574573517e+02 5.377681922912597656e+02 2.371064300090074539e+02 1.000000000000000000e+00
5.128028678894042969e+02 2.223495787382125854e+02 5.117700004577636719e+02 2.242599320411682129e+02 5.130062866210937500e+02 2.274949944019317627e+02 1.000000000000000000e+00
5.801524734497070312e+02 2.684193742275238037e+02 5.860858154296875000e+02 2.697214972972869873e+02 5.942921257019042969e+02 2.728206503391265869e+02 2.000000000000000000e+00
5.217788696289062500e+02 1.805288350582122803e+02 5.214056968688964844e+02 1.818596327304840088e+02 5.233566856384277344e+02 1.845938086509704590e+02 1.000000000000000000e+00
5.144890785217285156e+02 3.343975567817687988e+02 5.197888755798339844e+02 3.353889226913452148e+02 5.275198364257812500e+02 3.378375005722045898e+02 2.000000000000000000e+00
3.619212341308593750e+02 4.314802694320678711e+02 3.665887784957885742e+02 4.314389705657958984e+02 3.734188222885131836e+02 4.327145433425903320e+02 2.000000000000000000e+00
2.568089294433593750e+02 3.527763104438781738e+02 2.621495056152343750e+02 3.519560265541076660e+02 2.695936250686645508e+02 3.525425505638122559e+02 2.000000000000000000e+00
4.050719928741455078e+02 4.055144691467285156e+02 4.098810768127441406e+02 4.056848287582397461e+02 4.169459819793701172e+02 4.072685909271240234e+02 2.000000000000000000e+00
3.158963927626609802e+02 4.041281175613403320e+02 3.208645325154066086e+02 4.037127399444580078e+02 3.278728026151657104e+02 4.045808172225952148e+02 2.000000000000000000e+00
2.159401702880859375e+02 2.926474034786224365e+02 2.215321636199951172e+02 2.916376376152038574e+02 2.296234416961669922e+02 2.916961383819580078e+02 2.000000000000000000e+00
3.610880756378173828e+02 4.224324417114257812e+02 3.657932424545288086e+02 4.223885536193847656e+02 3.727815580368041992e+02 4.236566877365112305e+02 2.000000000000000000e+00
2.636357736587524414e+02 4.447988748550415039e+02 2.684340524673461914e+02 4.440884542465209961e+02 2.749228525161743164e+02 4.445684337615966797e+02 2.000000000000000000e+00
5.009356117248535156e+02 3.551827454566955566e+02 5.062376976013183594e+02 3.560999536514282227e+02 5.137299156188964844e+02 3.585014390945434570e+02 2.000000000000000000e+00
6.065751457214355469e+02 4.529658937454223633e+02 6.112243080139160156e+02 4.544599056243896484e+02 6.181963539123535156e+02 4.579255771636962891e+02 2.000000000000000000e+00
5.936555862426757812e+02 4.391992235183715820e+02 5.983474159240722656e+02 4.407046365737915039e+02 6.053075599670410156e+02 4.441147899627685547e+02 2.000000000000000000e+00
5.694655227661132812e+02 4.504337310791015625e+02 5.740288162231445312e+02 4.517136383056640625e+02 5.807761192321777344e+02 4.547892808914184570e+02 2.000000000000000000e+00
5.277519035339355469e+02 1.846288740634918213e+02 5.273552894592285156e+02 1.860353064537048340e+02 5.292403030395507812e+02 1.888204157352447510e+02 1.000000000000000000e+00
1.971634960174560547e+02 3.088945627212524414e+02 2.026665306091308594e+02 3.076678204536437988e+02 2.106355762481689453e+02 3.076394677162170410e+02 2.000000000000000000e+00
