1.890000009536743164e+02 7.399999737739562988e+01 1.805231332778930664e+02 7.190150856971740723e+01 1.693719178438186646e+02 7.244228124618530273e+01 1.000000000000000000e+00
2.140000009536743164e+02 7.399999737739562988e+01 2.050455474853515625e+02 7.185009598731994629e+01 1.934265136718750000e+02 7.250715494155883789e+01 1.000000000000000000e+00
1.650000000000000000e+02 7.899999618530273438e+01 1.569613951444625854e+02 7.697682023048400879e+01 1.464035797119140625e+02 7.747080802917480469e+01 1.000000000000000000e+00
2.490000057220458984e+02 7.399999737739562988e+01 2.394240427017211914e+02 7.181053519248962402e+01 2.272305297851562500e+02 7.237266898155212402e+01 1.000000000000000000e+00
2.000000000000000000e+02 8.799999833106994629e+01 1.912337660789489746e+02 8.568199753761291504e+01 1.797198033332824707e+02 8.601152658462524414e+01 1.000000000000000000e+00
2.619999980926513672e+02 8.299999952316284180e+01 2.523845577239990234e+02 8.062446355819702148e+01 2.401259040832519531e+02 8.094576716423034668e+01 1.000000000000000000e+00
2.050000000000000000e+02 6.699999690055847168e+01 1.962637639045715332e+02 6.491676807403564453e+01 1.846780562400817871e+02 6.555521965026855469e+01 1.000000000000000000e+00
1.940000009536743164e+02 6.499999880790710449e+01 1.854287719726562500e+02 6.294198274612426758e+01 1.742110288143157959e+02 6.353968620300292969e+01 1.000000000000000000e+00
2.020000028610229492e+02 7.699999809265136719e+01 1.933267664909362793e+02 7.486282110214233398e+01 1.818271946907043457e+02 7.545384764671325684e+01 1.000000000000000000e+00
2.480000019073486328e+02 8.499999761581420898e+01 2.383844757080078125e+02 8.257978677749633789e+01 2.262599039077758789e+02 8.290620088577270508e+01 1.000000000000000000e+00
2.359999990463256836e+02 6.899999856948852539e+01 2.263722705841064453e+02 6.682255268096923828e+01 2.141944885253906250e+02 6.747746944427490234e+01 1.000000000000000000e+00
2.209999990463256836e+02 8.099999785423278809e+01 2.119633197784423828e+02 7.866885066032409668e+01 2.002519989013671875e+02 7.923299074172973633e+01 1.000000000000000000e+00
2.240000009536743164e+02 7.299999833106994629e+01 2.147277545928955078e+02 7.084051966667175293e+01 2.029194211959838867e+02 7.150930523872375488e+01 1.000000000000000000e+00
2.410000038146972656e+02 8.499999761581420898e+01 2.313442993164062500e+02 8.254483580589294434e+01 2.193432331085205078e+02 8.291708350181579590e+01 1.000000000000000000e+00
2.350000000000000000e+02 7.199999570846557617e+01 2.253291034698486328e+02 6.981171011924743652e+01 2.131785726547241211e+02 7.046798586845397949e+01 1.000000000000000000e+00
2.009999990463256836e+02 6.699999690055847168e+01 1.923156142234802246e+02 6.493165969848632812e+01 1.808347320556640625e+02 6.553938031196594238e+01 1.000000000000000000e+00
2.230000019073486328e+02 8.299999952316284180e+01 2.139662504196166992e+02 8.066034436225891113e+01 2.022054433822631836e+02 8.120971441268920898e+01 1.000000000000000000e+00
2.370000028610229492e+02 7.299999833106994629e+01 2.273724079132080078e+02 7.080653071403503418e+01 2.152984762191772461e+02 7.144727826118469238e+01 1.000000000000000000e+00
1.690000003576278687e+02 7.599999904632568359e+01 1.609104461967945099e+02 7.395965337753295898e+01 1.503269654512405396e+02 7.446963429450988770e+01 1.000000000000000000e+00
6.099999427795410156e+01 9.999999940395355225e+01 6.915803909301757812e+01 9.989987075328826904e+01 7.509202957153320312e+01 1.024583351612091064e+02 2.000000000000000000e+00
4.599999427795410156e+01 9.799999952316284180e+01 5.370021820068359375e+01 9.783791184425354004e+01 5.908596038818359375e+01 1.002982467412948608e+02 2.000000000000000000e+00
8.199999809265136719e+01 1.079999989271163940e+02 9.082566738128662109e+01 1.080965951085090637e+02 9.716285705566406250e+01 1.108295667171478271e+02 2.000000000000000000e+00
8.900000095367431641e+01 9.999999940395355225e+01 9.782997131347656250e+01 9.991051375865936279e+01 1.042997503280639648e+02 1.025466066598892212e+02 2.000000000000000000e+00
9.900000095367431641e+01 1.069999989867210388e+02 1.079327440261840820e+02 1.068563988804817200e+02 1.144288396835327148e+02 1.094777441024780273e+02 2.000000000000000000e+00
7.099999427795410156e+01 1.059999990463256836e+02 7.942772865295410156e+01 1.061368480324745178e+02 8.566916465759277344e+01 1.088631659746170044e+02 2.000000000000000000e+00
3.699999809265136719e+01 9.000000000000000000e+01 4.418068885803222656e+01 8.969193220138549805e+01 4.881791114807128906e+01 9.175270736217498779e+01 2.000000000000000000e+00
1.199999809265136719e+01 8.599999666213989258e+01 1.821450233459472656e+01 8.543344616889953613e+01 2.193397521972656250e+01 8.693060159683227539e+01 2.000000000000000000e+00
2.000000000000000000e+01 8.299999952316284180e+01 2.642097473144531250e+01 8.242833495140075684e+01 3.028394699096679688e+01 8.398686647415161133e+01 2.000000000000000000e+00
3.399999618530273438e+01 8.099999785423278809e+01 4.078818321228027344e+01 8.046530842781066895e+01 4.515586853027343750e+01 8.216688394546508789e+01 2.000000000000000000e+00
2.800000190734863281e+01 8.699999928474426270e+01 3.469316482543945312e+01 8.654592633247375488e+01 3.893397331237792969e+01 8.832989931106567383e+01 2.000000000000000000e+00
1.399999618530273438e+01 9.799999952316284180e+01 2.033844947814941406e+01 9.770408570766448975e+01 2.424718856811523438e+01 9.953046262264251709e+01 2.000000000000000000e+00
1.399999618530273438e+01 1.109999996423721313e+02 2.031487464904785156e+01 1.113654702901840210e+02 2.418428421020507812e+01 1.140387873351573944e+02 2.000000000000000000e+00
4.000000000000000000e+01 1.129999995231628418e+02 4.797427177429199219e+01 1.133447107672691345e+02 5.316764831542968750e+01 1.161405788362026215e+02 2.000000000000000000e+00
8.599999904632568359e+01 1.149999998509883881e+02 9.485531330108642578e+01 1.151176831126213074e+02 1.012267923355102539e+02 1.178973998129367828e+02 2.000000000000000000e+00
3.800000190734863281e+01 1.050000000000000000e+02 4.558445930480957031e+01 1.049729830026626587e+02 5.061841011047363281e+01 1.074932321906089783e+02 2.000000000000000000e+00
7.899999618530273438e+01 9.000000000000000000e+01 8.772996425628662109e+01 8.979279756546020508e+01 9.399747371673583984e+01 9.222994029521942139e+01 2.000000000000000000e+00
9.500000000000000000e+01 1.179999998956918716e+02 1.039249658584594727e+02 1.180889587104320526e+02 1.104226589202880859e+02 1.210238190740346909e+02 2.000000000000000000e+00
7.800000190734863281e+01 9.899999856948852539e+01 8.676570892333984375e+01 9.891128361225128174e+01 9.299159049987792969e+01 1.014984279870986938e+02 2.000000000000000000e+00
5.500000000000000000e+01 7.999999880790710449e+01 6.271254539489746094e+01 7.944103717803955078e+01 6.733144760131835938e+01 8.131684541702270508e+01 2.000000000000000000e+00
7.000000000000000000e+01 8.799999833106994629e+01 7.804009437561035156e+01 8.776221156120300293e+01 8.429646968841552734e+01 9.025453090667724609e+01 2.000000000000000000e+00
2.300000190734863281e+01 8.099999785423278809e+01 2.954303741455078125e+01 8.046191811561584473e+01 3.359319686889648438e+01 8.206058979034423828e+01 2.000000000000000000e+00
2.000000000000000000e+01 8.899999737739562988e+01 2.646199226379394531e+01 8.861105203628540039e+01 3.040946006774902344e+01 9.041193187236785889e+01 2.000000000000000000e+00
2.599999427795410156e+01 8.799999833106994629e+01 3.268959999084472656e+01 8.766049861907958984e+01 3.694126129150390625e+01 8.951438069343566895e+01 2.000000000000000000e+00
8.000000000000000000e+01 1.149999998509883881e+02 8.876448154449462891e+01 1.151614759862422943e+02 9.499995231628417969e+01 1.179484404623508453e+02 2.000000000000000000e+00
7.800000190734863281e+01 1.019999992847442627e+02 8.677344322204589844e+01 1.019316852092742920e+02 9.300101280212402344e+01 1.045556026697158813e+02 2.000000000000000000e+00
7.899999618530273438e+01 7.999999880790710449e+01 8.641140460968017578e+01 7.928664207458496094e+01 9.120392322540283203e+01 8.106819033622741699e+01 2.000000000000000000e+00
8.900000095367431641e+01 9.699999868869781494e+01 9.782302856445312500e+01 9.689276754856109619e+01 1.043013143539428711e+02 9.950770497322082520e+01 2.000000000000000000e+00
9.099999904632568359e+01 9.199999809265136719e+01 9.980432033538818359e+01 9.174681723117828369e+01 1.062808275222778320e+02 9.415808022022247314e+01 2.000000000000000000e+00
