1.692603111267089844e+02 2.449089051783084869e+02 1.758319664001464844e+02 2.413270875066518784e+02 1.815096569061279297e+02 2.402123260544613004e+02 2.000000000000000000e+00
2.864076828956604004e+02 2.363633421063423157e+02 2.929004502296447754e+02 2.316375884413719177e+02 2.984086608886718750e+02 2.294436031579971313e+02 2.000000000000000000e+00
4.448816299438476562e+01 2.807443857192993164e+02 5.174579620361328125e+01 2.783848607540130615e+02 5.785608291625976562e+01 2.782575380802154541e+02 2.000000000000000000e+00
4.933145713806152344e+02 1.279044914245605469e+02 4.925942420959472656e+02 1.217463111877441406e+02 4.909270668029785156e+02 1.183646535873413086e+02 1.000000000000000000e+00
1.756928062438964844e+02 2.321603697538375854e+02 1.823056507110595703e+02 2.285307767987251282e+02 1.878005313873291016e+02 2.272666007280349731e+02 2.000000000000000000e+00
2.814027404785156250e+02 2.345343473553657532e+02 2.878364562988281250e+02 2.298482814431190491e+02 2.933329772949218750e+02 2.276404568552970886e+02 2.000000000000000000e+00
2.782477426528930664e+02 2.306523585319519043e+02 2.846739196777343750e+02 2.260237267613410950e+02 2.901875615119934082e+02 2.237802118062973022e+02 2.000000000000000000e+00
1.769710063934326172e+02 2.431561128795146942e+02 1.835559940338134766e+02 2.395200347900390625e+02 1.891401481628417969e+02 2.382685393095016479e+02 2.000000000000000000e+00
3.965047931671142578e+02 1.412792301177978516e+02 3.953972196578979492e+02 1.358574199676513672e+02 3.933865070343017578e+02 1.330739092826843262e+02 1.000000000000000000e+00
2.723743295669555664e+02 2.328641657531261444e+02 2.788089609146118164e+02 2.283007192611694336e+02 2.842889094352722168e+02 2.261091452836990356e+02 2.000000000000000000e+00
2.682345581054687500e+02 2.145584553480148315e+02 2.745601177215576172e+02 2.099924468994140625e+02 2.798223876953125000e+02 2.078245997428894043e+02 2.000000000000000000e+00
2.571925640106201172e+02 2.185814505815505981e+02 2.635853576660156250e+02 2.143001854419708252e+02 2.689914560317993164e+02 2.122887557744979858e+02 2.000000000000000000e+00
1.008840370178222656e+02 2.502784886956214905e+02 1.077834320068359375e+02 2.473505406081676483e+02 1.135835456848144531e+02 2.467548832297325134e+02 2.000000000000000000e+00
4.128701782226562500e+02 1.525259971618652344e+02 4.125419330596923828e+02 1.471001386642456055e+02 4.111296367645263672e+02 1.441680264472961426e+02 1.000000000000000000e+00
4.318189620971679688e+01 2.717749643325805664e+02 5.037719726562500000e+01 2.694275218248367310e+02 5.644874572753906250e+01 2.693080151081085205e+02 2.000000000000000000e+00
4.138043212890625000e+02 3.801761198043823242e+02 4.219046306610107422e+02 3.741412782669067383e+02 4.285345172882080078e+02 3.706870222091674805e+02 2.000000000000000000e+00
9.912727355957031250e+01 3.020360112190246582e+02 1.064112091064453125e+02 2.988793051242828369e+02 1.126981544494628906e+02 2.983243453502655029e+02 2.000000000000000000e+00
4.110835552215576172e+02 3.892465925216674805e+02 4.192176532745361328e+02 3.832549810409545898e+02 4.258913612365722656e+02 3.798082923889160156e+02 2.000000000000000000e+00
4.169690227508544922e+02 2.652160960435867310e+02 4.238043212890625000e+02 2.591742253303527832e+02 4.294850826263427734e+02 2.557606065273284912e+02 2.000000000000000000e+00
3.956150054931640625e+01 2.809639906883239746e+02 4.682481765747070312e+01 2.786405038833618164e+02 5.294540405273437500e+01 2.785596334934234619e+02 2.000000000000000000e+00
2.739468669891357422e+02 2.130372458696365356e+02 2.802939152717590332e+02 2.084031665325164795e+02 2.855131220817565918e+02 2.062384021282196045e+02 2.000000000000000000e+00
1.656291294097900391e+02 2.301792445778846741e+02 1.722470188140869141e+02 2.266864773631095886e+02 1.777631950378417969e+02 2.254913324117660522e+02 2.000000000000000000e+00
1.215904426574707031e+02 2.546288001537322998e+02 1.284095191955566406e+02 2.514604344964027405e+02 1.340261459350585938e+02 2.508135232329368591e+02 2.000000000000000000e+00
2.703339529037475586e+02 2.190284872055053711e+02 2.766589021682739258e+02 2.144225138425827026e+02 2.819534301757812500e+02 2.122515553236007690e+02 2.000000000000000000e+00
4.132006549835205078e+02 2.463170322775840759e+02 4.199149227142333984e+02 2.403483581822365522e+02 4.254647541046142578e+02 2.369341275840997696e+02 2.000000000000000000e+00
4.222596740722656250e+02 3.636499643325805664e+02 4.298623943328857422e+02 3.575528311729431152e+02 4.365615844726562500e+02 3.540359830856323242e+02 2.000000000000000000e+00
8.799257278442382812e+01 2.661412060260772705e+02 9.504470825195312500e+01 2.633943486213684082e+02 1.008226776123046875e+02 2.630385142564773560e+02 2.000000000000000000e+00
4.553319454193115234e+02 3.623168706893920898e+02 4.630511474609375000e+02 3.558100032806396484e+02 4.696882057189941406e+02 3.520893287658691406e+02 2.000000000000000000e+00
1.395659065246582031e+02 2.428481293469667435e+02 1.462215805053710938e+02 2.395958404429256916e+02 1.519429206848144531e+02 2.386511687189340591e+02 2.000000000000000000e+00
4.005492305755615234e+02 1.600985813140869141e+02 3.999960041046142578e+02 1.547457504272460938e+02 3.983634948730468750e+02 1.520528697967529297e+02 1.000000000000000000e+00
1.843491649627685547e+02 2.256313312053680420e+02 1.908622455596923828e+02 2.219489890336990356e+02 1.963209629058837891e+02 2.206196737289428711e+02 2.000000000000000000e+00
1.222075843811035156e+02 2.381924895197153091e+02 1.289996528625488281e+02 2.350788268446922302e+02 1.345082283020019531e+02 2.343767850100994110e+02 2.000000000000000000e+00
2.500808715820312500e+02 2.086693561077117920e+02 2.564157724380493164e+02 2.043183732032775879e+02 2.617391633987426758e+02 2.023668515682220459e+02 2.000000000000000000e+00
3.772764205932617188e+01 2.649930739402770996e+02 4.484886169433593750e+01 2.626808792352676392e+02 5.087612152099609375e+01 2.626192939281463623e+02 2.000000000000000000e+00
4.535431861877441406e+02 1.574446034431457520e+02 4.534302425384521484e+02 1.517365694046020508e+02 4.522178363800048828e+02 1.486177468299865723e+02 1.000000000000000000e+00
9.224412918090820312e+01 3.840618324279785156e+02 1.004591560363769531e+02 3.811524438858032227e+02 1.075071144104003906e+02 3.804820632934570312e+02 2.000000000000000000e+00
4.651239299774169922e+02 3.334557223320007324e+02 4.726252174377441406e+02 3.268921279907226562e+02 4.789519405364990234e+02 3.230274081230163574e+02 2.000000000000000000e+00
1.242962265014648438e+02 3.858348512649536133e+02 1.325108337402343750e+02 3.825426149368286133e+02 1.394576072692871094e+02 3.817523574829101562e+02 2.000000000000000000e+00
5.082701683044433594e+02 1.251808190345764160e+02 5.076267814636230469e+02 1.189790868759155273e+02 5.059644126892089844e+02 1.156072139739990234e+02 1.000000000000000000e+00
4.626821041107177734e+02 3.946468019485473633e+02 4.707616329193115234e+02 3.882043218612670898e+02 4.776440429687500000e+02 3.843872451782226562e+02 2.000000000000000000e+00
1.216782569885253906e+02 3.592878198623657227e+02 1.296500587463378906e+02 3.561561655998229980e+02 1.364175415039062500e+02 3.552232146263122559e+02 2.000000000000000000e+00
7.450363159179687500e+01 2.357401371002197266e+01 7.935136795043945312e+01 2.107020378112792969e+01 8.330644607543945312e+01 2.084163665771484375e+01 2.000000000000000000e+00
4.078168010711669922e+02 2.322349235415458679e+02 4.144254207611083984e+02 2.263606104254722595e+02 4.197437763214111328e+02 2.229055935144424438e+02 2.000000000000000000e+00
4.041492366790771484e+02 2.474595491588115692e+02 4.108496093750000000e+02 2.415094910189509392e+02 4.164213275909423828e+02 2.381516875326633453e+02 2.000000000000000000e+00
4.934365653991699219e+02 1.332618641853332520e+02 4.927771377563476562e+02 1.271222877502441406e+02 4.911224365234375000e+02 1.237352585792541504e+02 1.000000000000000000e+00
3.206814575195312500e+02 4.197114658355712891e+02 3.291208189725875854e+02 4.145962285995483398e+02 3.362472236156463623e+02 4.118403053283691406e+02 2.000000000000000000e+00
4.423411846160888672e+02 3.091318058967590332e+02 4.495900249481201172e+02 3.028690838813781738e+02 4.557043170928955078e+02 2.992372155189514160e+02 2.000000000000000000e+00
4.069102478027343750e+02 2.662524425983428955e+02 4.136975097656250000e+02 2.602173775434494019e+02 4.193771362304687500e+02 2.568098151683807373e+02 2.000000000000000000e+00
2.080066967010498047e+02 2.249447017908096313e+02 2.144693851470947266e+02 2.209514611959457397e+02 2.198777008056640625e+02 2.194679546356201172e+02 2.000000000000000000e+00
2.012914562225341797e+02 2.377861632406711578e+02 2.079056644439697266e+02 2.339305110275745392e+02 2.133678531646728516e+02 2.324744868278503418e+02 2.000000000000000000e+00
1.118356132507324219e+02 3.411636686325073242e+02 1.196471786499023438e+02 3.380982398986816406e+02 1.262485694885253906e+02 3.371569848060607910e+02 2.000000000000000000e+00
4.548532104492187500e+02 4.010510015487670898e+02 4.630068683624267578e+02 3.945895814895629883e+02 4.698991680145263672e+02 3.908729267120361328e+02 2.000000000000000000e+00
9.878904342651367188e+01 3.499064683914184570e+02 1.066301536560058594e+02 3.468653297424316406e+02 1.133221054077148438e+02 3.462248897552490234e+02 2.000000000000000000e+00
4.716938781738281250e+02 3.679870033264160156e+02 4.795543861389160156e+02 3.614570331573486328e+02 4.861878776550292969e+02 3.574833154678344727e+02 2.000000000000000000e+00
5.132830810546875000e+02 1.351930975914001465e+02 5.127256584167480469e+02 1.293055343627929688e+02 5.112022781372070312e+02 1.262331318855285645e+02 1.000000000000000000e+00
3.975075101852416992e+02 1.667751574516296387e+02 3.970179462432861328e+02 1.615683889389038086e+02 3.953859567642211914e+02 1.588902211189270020e+02 1.000000000000000000e+00
1.855639934539794922e+02 2.717146933078765869e+02 1.925558567047119141e+02 2.679583758115768433e+02 1.985367679595947266e+02 2.666361093521118164e+02 2.000000000000000000e+00
7.747833251953125000e+01 3.283027696609497070e+02 8.518505096435546875e+01 3.254652142524719238e+02 9.158172607421875000e+01 3.251089525222778320e+02 2.000000000000000000e+00
2.626045513153076172e+02 4.218612527847290039e+02 2.709965181350708008e+02 4.172898674011230469e+02 2.781706857681274414e+02 4.151838541030883789e+02 2.000000000000000000e+00
5.770553588867187500e+01 3.150646090507507324e+02 6.540594100952148438e+01 3.125559711456298828e+02 7.191671371459960938e+01 3.123392057418823242e+02 2.000000000000000000e+00
2.166706848144531250e+02 2.172373187541961670e+02 2.230525016784667969e+02 2.131861710548400879e+02 2.283476543426513672e+02 2.116162401437759399e+02 2.000000000000000000e+00
2.422756195068359375e+02 2.112705212831497192e+02 2.485909414291381836e+02 2.069706559181213379e+02 2.539528036117553711e+02 2.050690448284149170e+02 2.000000000000000000e+00
1.574349975585937500e+02 2.296299129724502563e+02 1.639868736267089844e+02 2.262314289808273315e+02 1.695074558258056641e+02 2.251199179887771606e+02 2.000000000000000000e+00
1.029894828796386719e+02 7.117795944213867188e+00 1.074851226806640625e+02 4.440937042236328125e+00 1.111080169677734375e+02 4.209079742431640625e+00 2.000000000000000000e+00
4.737278461456298828e+02 3.827978038787841797e+02 4.817720031738281250e+02 3.762539148330688477e+02 4.884852600097656250e+02 3.722339200973510742e+02 2.000000000000000000e+00
1.971291828155517578e+02 2.299016109108924866e+02 2.036842346191406250e+02 2.261102592945098877e+02 2.090731048583984375e+02 2.246638172864913940e+02 2.000000000000000000e+00
4.285726642608642578e+02 4.271127462387084961e+02 4.369971942901611328e+02 4.209180450439453125e+02 4.442741680145263672e+02 4.173487901687622070e+02 2.000000000000000000e+00
1.044489097595214844e+02 3.316694355010986328e+02 1.122436904907226562e+02 3.286261010169982910e+02 1.187632560729980469e+02 3.278985357284545898e+02 2.000000000000000000e+00
1.519333839416503906e+02 3.518233394622802734e+02 1.598325920104980469e+02 3.484095811843872070e+02 1.665335559844970703e+02 3.473309397697448730e+02 2.000000000000000000e+00
3.301109921932220459e+02 4.041569566726684570e+02 3.382848513126373291e+02 3.987723827362060547e+02 3.453224802017211914e+02 3.961238193511962891e+02 2.000000000000000000e+00
1.030550193786621094e+02 2.572198802232742310e+02 1.099896240234375000e+02 2.542272350192070007e+02 1.157385063171386719e+02 2.536783298850059509e+02 2.000000000000000000e+00
3.993500375747680664e+02 1.548902392387390137e+02 3.986665058135986328e+02 1.495875835418701172e+02 3.968504953384399414e+02 1.468355941772460938e+02 1.000000000000000000e+00
3.752937316894531250e+01 2.512747353315353394e+02 4.455329895019531250e+01 2.489497223496437073e+02 5.038074493408203125e+01 2.489697575569152832e+02 2.000000000000000000e+00
1.063871192932128906e+02 3.862114906311035156e+02 1.145710945129394531e+02 3.832470846176147461e+02 1.216920280456542969e+02 3.824108934402465820e+02 2.000000000000000000e+00
2.678263854980468750e+02 2.242186278104782104e+02 2.742742013931274414e+02 2.196331161260604858e+02 2.796397686004638672e+02 2.174848616123199463e+02 2.000000000000000000e+00
4.790603351593017578e+02 1.771085643768310547e+02 4.789218425750732422e+02 1.712911033630371094e+02 4.777511024475097656e+02 1.681813931465148926e+02 1.000000000000000000e+00
9.420267105102539062e+01 2.981227147579193115e+02 1.014538574218750000e+02 2.949898695945739746e+02 1.077377510070800781e+02 2.943950235843658447e+02 2.000000000000000000e+00
4.576076030731201172e+02 2.999237394332885742e+02 4.648255062103271484e+02 2.935526454448699951e+02 4.709073162078857422e+02 2.897398388385772705e+02 2.000000000000000000e+00
1.513317108154296875e+02 3.859041452407836914e+02 1.595672035217285156e+02 3.824918317794799805e+02 1.665338134765625000e+02 3.813557481765747070e+02 2.000000000000000000e+00
8.753053665161132812e+01 3.516370010375976562e+02 9.556150436401367188e+01 3.486683392524719238e+02 1.022416114807128906e+02 3.481507015228271484e+02 2.000000000000000000e+00
1.342323875427246094e+02 3.800623226165771484e+02 1.424333190917968750e+02 3.766614818572998047e+02 1.494030952453613281e+02 3.757263565063476562e+02 2.000000000000000000e+00
4.556718730926513672e+02 3.711478328704833984e+02 4.634280395507812500e+02 3.646946239471435547e+02 4.701317119598388672e+02 3.609107780456542969e+02 2.000000000000000000e+00
2.044181346893310547e+02 3.324673819541931152e+02 2.119044017791748047e+02 3.284955811500549316e+02 2.183095073699951172e+02 3.270189285278320312e+02 2.000000000000000000e+00
1.779028797149658203e+02 3.543182730674743652e+02 1.857090568542480469e+02 3.505469083786010742e+02 1.923534202575683594e+02 3.492546772956848145e+02 2.000000000000000000e+00
4.755105972290039062e+01 3.352429533004760742e+02 5.533679962158203125e+01 3.327093243598937988e+02 6.192184448242187500e+01 3.325380921363830566e+02 2.000000000000000000e+00
3.643177032470703125e+01 2.601857310533523560e+02 4.351160049438476562e+01 2.578460097312927246e+02 4.947904586791992188e+01 2.578295910358428955e+02 2.000000000000000000e+00
4.372272968292236328e+02 2.962548565864562988e+02 4.444290161132812500e+02 2.900219142436981201e+02 4.504830646514892578e+02 2.864435756206512451e+02 2.000000000000000000e+00
1.670169067382812500e+02 3.500981497764587402e+02 1.748564720153808594e+02 3.464336299896240234e+02 1.814244079589843750e+02 3.451918101310729980e+02 2.000000000000000000e+00
3.901149320602416992e+02 4.279712677001953125e+02 3.985310363769531250e+02 4.221816158294677734e+02 4.057916545867919922e+02 4.189223670959472656e+02 2.000000000000000000e+00
4.425921916961669922e+02 1.622910547256469727e+02 4.425057697296142578e+02 1.566621994972229004e+02 4.413652038574218750e+02 1.536515164375305176e+02 1.000000000000000000e+00
8.829607009887695312e+01 3.614154481887817383e+02 9.640981674194335938e+01 3.584332323074340820e+02 1.032808685302734375e+02 3.578024339675903320e+02 2.000000000000000000e+00
4.787621212005615234e+02 3.546773743629455566e+02 4.865552330017089844e+02 3.479621028900146484e+02 4.930072593688964844e+02 3.439364647865295410e+02 2.000000000000000000e+00
3.777044057846069336e+02 1.613933515548706055e+02 3.768403959274291992e+02 1.568468856811523438e+02 3.748775959014892578e+02 1.549744033813476562e+02 1.000000000000000000e+00
8.229572296142578125e+01 3.499282622337341309e+02 9.013502120971679688e+01 3.470531344413757324e+02 9.670564651489257812e+01 3.465403175354003906e+02 2.000000000000000000e+00
3.535032343864440918e+02 4.324152660369873047e+02 3.620269775390625000e+02 4.268998861312866211e+02 3.692813730239868164e+02 4.239367818832397461e+02 2.000000000000000000e+00
2.443138551712036133e+02 2.161701196432113647e+02 2.506466531753540039e+02 2.118326103687286377e+02 2.560348176956176758e+02 2.098959016799926758e+02 2.000000000000000000e+00
2.852073669433593750e+02 2.284069517254829407e+02 2.916421198844909668e+02 2.236806178092956543e+02 2.971350097656250000e+02 2.214756006002426147e+02 2.000000000000000000e+00
3.291534119844436646e+02 4.311489343643188477e+02 3.375598144531250000e+02 4.259554481506347656e+02 3.448139047622680664e+02 4.232266616821289062e+02 2.000000000000000000e+00
3.108837586641311646e+02 4.264004945755004883e+02 3.193014526367187500e+02 4.212642860412597656e+02 3.264366453886032104e+02 4.186505270004272461e+02 2.000000000000000000e+00
1.571098709106445312e+02 3.324840116500854492e+02 1.645743274688720703e+02 3.290317726135253906e+02 1.711474609375000000e+02 3.277829360961914062e+02 2.000000000000000000e+00
6.660078048706054688e+01 4.107648468017578125e+02 7.528015136718750000e+01 4.080626249313354492e+02 8.247255325317382812e+01 4.076052904129028320e+02 2.000000000000000000e+00
9.139890670776367188e+01 3.294346046447753906e+02 9.915998458862304688e+01 3.264257884025573730e+02 1.056931114196777344e+02 3.259151959419250488e+02 2.000000000000000000e+00
4.725373840332031250e+02 1.700975775718688965e+02 4.724058532714843750e+02 1.642669057846069336e+02 4.711236858367919922e+02 1.611182999610900879e+02 1.000000000000000000e+00
2.505866670608520508e+02 3.699108695983886719e+02 2.585285329818725586e+02 3.655575942993164062e+02 2.651838350296020508e+02 3.635679101943969727e+02 2.000000000000000000e+00
4.398232746124267578e+02 3.580165171623229980e+02 4.475344848632812500e+02 3.516740798950195312e+02 4.541237831115722656e+02 3.480513668060302734e+02 2.000000000000000000e+00
1.077445793151855469e+02 3.374821543693542480e+02 1.155460357666015625e+02 3.344104027748107910e+02 1.221398735046386719e+02 3.336123061180114746e+02 2.000000000000000000e+00
4.341191387176513672e+02 1.369800353050231934e+02 4.327926063537597656e+02 1.313900685310363770e+02 4.304643249511718750e+02 1.284829831123352051e+02 1.000000000000000000e+00
4.403074073791503906e+02 3.341272902488708496e+02 4.476775264739990234e+02 3.277469229698181152e+02 4.541299438476562500e+02 3.241281151771545410e+02 2.000000000000000000e+00
4.734774208068847656e+02 3.498573946952819824e+02 4.811505508422851562e+02 3.432358145713806152e+02 4.875484657287597656e+02 3.392652010917663574e+02 2.000000000000000000e+00
2.826628708839416504e+02 2.215729504823684692e+02 2.890505051612854004e+02 2.168837267160415649e+02 2.944680476188659668e+02 2.146734452247619629e+02 2.000000000000000000e+00
1.195747566223144531e+02 3.346116042137145996e+02 1.273548316955566406e+02 3.314614892005920410e+02 1.338785743713378906e+02 3.306717610359191895e+02 2.000000000000000000e+00
4.703691387176513672e+02 3.759894418716430664e+02 4.783260536193847656e+02 3.695319271087646484e+02 4.849818992614746094e+02 3.655383396148681641e+02 2.000000000000000000e+00
1.339755439758300781e+02 3.272715783119201660e+02 1.416046524047851562e+02 3.238608741760253906e+02 1.479670906066894531e+02 3.230258846282958984e+02 2.000000000000000000e+00
3.855491352081298828e+02 2.717520761489868164e+02 3.925144672393798828e+02 2.659753739833831787e+02 3.983208608627319336e+02 2.626950699090957642e+02 2.000000000000000000e+00
6.045392990112304688e+01 3.319101619720458984e+02 6.822599411010742188e+01 3.293889498710632324e+02 7.472616195678710938e+01 3.291873192787170410e+02 2.000000000000000000e+00
4.367799758911132812e+01 3.384810876846313477e+02 5.151031494140625000e+01 3.360432171821594238e+02 5.819074630737304688e+01 3.358875489234924316e+02 2.000000000000000000e+00
2.519702291488647461e+02 3.068363356590270996e+02 2.593377065658569336e+02 3.023696637153625488e+02 2.653833007812500000e+02 3.003928542137145996e+02 2.000000000000000000e+00
1.525741767883300781e+02 2.270378869771957397e+02 1.591089820861816406e+02 2.236604297161102295e+02 1.646828269958496094e+02 2.225894004106521606e+02 2.000000000000000000e+00
5.795249938964843750e+01 2.538199925422668457e+02 6.480434417724609375e+01 2.514409035444259644e+02 7.059324264526367188e+01 2.512545481324195862e+02 2.000000000000000000e+00
1.901527881622314453e+02 2.243029618263244629e+02 1.966687297821044922e+02 2.205271142721176147e+02 2.021103668212890625e+02 2.191797316074371338e+02 2.000000000000000000e+00
4.753345680236816406e+02 3.617973947525024414e+02 4.831324577331542969e+02 3.551867723464965820e+02 4.896414566040039062e+02 3.511961746215820312e+02 2.000000000000000000e+00
8.716407775878906250e+01 3.187816500663757324e+02 9.478050231933593750e+01 3.159406471252441406e+02 1.012918853759765625e+02 3.155058002471923828e+02 2.000000000000000000e+00
4.116860389709472656e+02 1.584060001373291016e+02 4.113411903381347656e+02 1.530071210861206055e+02 4.098095703125000000e+02 1.502300691604614258e+02 1.000000000000000000e+00
2.215858173370361328e+02 2.242557209730148315e+02 2.280041313171386719e+02 2.201363056898117065e+02 2.332608032226562500e+02 2.186285090446472168e+02 2.000000000000000000e+00
3.802041339874267578e+02 1.683623600006103516e+02 3.795889616012573242e+02 1.637681722640991211e+02 3.779064655303955078e+02 1.617510509490966797e+02 1.000000000000000000e+00
4.715605831146240234e+02 2.990801417827606201e+02 4.786141681671142578e+02 2.924333202838897705e+02 4.847883033752441406e+02 2.885493814945220947e+02 2.000000000000000000e+00
4.481378173828125000e+02 3.626471328735351562e+02 4.558020687103271484e+02 3.562547349929809570e+02 4.624741840362548828e+02 3.525488948822021484e+02 2.000000000000000000e+00
5.568305969238281250e+01 2.490058600902557373e+02 6.262107849121093750e+01 2.466275636851787567e+02 6.842456817626953125e+01 2.464477390050888062e+02 2.000000000000000000e+00
3.434573054313659668e+02 3.262197303771972656e+02 3.509020686149597168e+02 3.208208084106445312e+02 3.572643136978149414e+02 3.181230783462524414e+02 2.000000000000000000e+00
1.949981689453125000e+02 3.545929598808288574e+02 2.028377819061279297e+02 3.506584525108337402e+02 2.095352268218994141e+02 3.493252944946289062e+02 2.000000000000000000e+00
2.833067917823791504e+02 4.163686037063598633e+02 2.916427612304687500e+02 4.115540885925292969e+02 2.987514042854309082e+02 4.092390203475952148e+02 2.000000000000000000e+00
3.015269160270690918e+02 4.232526683807373047e+02 3.100269776582717896e+02 4.182389688491821289e+02 3.171346434950828552e+02 4.157674312591552734e+02 2.000000000000000000e+00
4.520843505859375000e+01 2.575969862937927246e+02 5.226108551025390625e+01 2.552549135684967041e+02 5.819747924804687500e+01 2.551518255472183228e+02 2.000000000000000000e+00
2.621968364715576172e+02 4.298100614547729492e+02 2.706470012664794922e+02 4.252240419387817383e+02 2.778995656967163086e+02 4.230974578857421875e+02 2.000000000000000000e+00
2.247698020935058594e+02 3.534234380722045898e+02 2.326364898681640625e+02 3.492983436584472656e+02 2.391061496734619141e+02 3.474699425697326660e+02 2.000000000000000000e+00
7.724098205566406250e+01 4.208284664154052734e+02 8.596601486206054688e+01 4.179920482635498047e+02 9.338464736938476562e+01 4.174704694747924805e+02 2.000000000000000000e+00
2.770308208465576172e+02 2.257464283704757690e+02 2.834587097167968750e+02 2.211479794979095459e+02 2.888408207893371582e+02 2.189179837703704834e+02 2.000000000000000000e+00
8.439186096191406250e+01 3.645595121383666992e+02 9.248620986938476562e+01 3.616279649734497070e+02 9.926008224487304688e+01 3.611124086380004883e+02 2.000000000000000000e+00
4.656559181213378906e+02 3.024832820892333984e+02 4.728655147552490234e+02 2.959436380863189697e+02 4.790254497528076172e+02 2.922023355960845947e+02 2.000000000000000000e+00
1.544169235229492188e+02 2.817794823646545410e+02 1.615574645996093750e+02 2.783040475845336914e+02 1.674942111968994141e+02 2.771895754337310791e+02 2.000000000000000000e+00
2.899850773811340332e+02 4.148708581924438477e+02 2.983921194076538086e+02 4.099889659881591797e+02 3.054449462890625000e+02 4.075979948043823242e+02 2.000000000000000000e+00
4.385251998901367188e+01 3.173854422569274902e+02 5.154823303222656250e+01 3.149489808082580566e+02 5.797035217285156250e+01 3.147796654701232910e+02 2.000000000000000000e+00
1.643191242218017578e+02 2.242106616497039795e+02 1.708615207672119141e+02 2.207239669561386108e+02 1.763619232177734375e+02 2.195335990190505981e+02 2.000000000000000000e+00
4.467315101623535156e+02 3.546994113922119141e+02 4.544233989715576172e+02 3.483390283584594727e+02 4.610335445404052734e+02 3.445846009254455566e+02 2.000000000000000000e+00
5.255365371704101562e+01 3.968073749542236328e+02 6.102029800415039062e+01 3.943162965774536133e+02 6.818178176879882812e+01 3.940215539932250977e+02 2.000000000000000000e+00
9.608133316040039062e+01 3.698260545730590820e+02 1.042567253112792969e+02 3.668639945983886719e+02 1.112126541137695312e+02 3.662040138244628906e+02 2.000000000000000000e+00
3.868013000488281250e+02 1.554903030395507812e+02 3.858191251754760742e+02 1.504922604560852051e+02 3.837669086456298828e+02 1.480505776405334473e+02 1.000000000000000000e+00
4.253319454193115234e+02 3.943760776519775391e+02 4.334495830535888672e+02 3.882795238494873047e+02 4.403034400939941406e+02 3.847099113464355469e+02 2.000000000000000000e+00
4.978292465209960938e+01 2.513645178079605103e+02 5.675273895263671875e+01 2.490043795108795166e+02 6.257795333862304688e+01 2.488638612627983093e+02 2.000000000000000000e+00
2.861811828613281250e+02 4.341659975051879883e+02 2.947072434425354004e+02 4.293743419647216797e+02 3.019550168514251709e+02 4.270281744003295898e+02 2.000000000000000000e+00
4.581248474121093750e+02 3.197459435462951660e+02 4.654300212860107422e+02 3.133512282371520996e+02 4.716785621643066406e+02 3.095060133934020996e+02 2.000000000000000000e+00
3.414327621459960938e+01 2.413574982807040215e+02 4.105604171752929688e+01 2.391097259335219860e+02 4.682510375976562500e+01 2.391535644046962261e+02 2.000000000000000000e+00
7.353340148925781250e+01 3.414562153816223145e+02 8.130613327026367188e+01 3.386722755432128906e+02 8.784543991088867188e+01 3.382427144050598145e+02 2.000000000000000000e+00
2.386734294891357422e+02 3.557015132904052734e+02 2.465111684799194336e+02 3.514879846572875977e+02 2.530178356170654297e+02 3.495779442787170410e+02 2.000000000000000000e+00
3.947651052474975586e+02 2.776091623306274414e+02 4.017527484893798828e+02 2.717598903179168701e+02 4.075298500061035156e+02 2.685290229320526123e+02 2.000000000000000000e+00
2.689107036590576172e+02 3.186224412918090820e+02 2.763421297073364258e+02 3.140629935264587402e+02 2.825940537452697754e+02 3.118647193908691406e+02 2.000000000000000000e+00
3.403096628189086914e+02 4.343685150146484375e+02 3.488371896743774414e+02 4.290504598617553711e+02 3.560339665412902832e+02 4.262502193450927734e+02 2.000000000000000000e+00
3.116784667968750000e+02 3.415166687965393066e+02 3.192199401557445526e+02 3.366279673576354980e+02 3.256188356876373291e+02 3.341581177711486816e+02 2.000000000000000000e+00
1.047601127624511719e+02 2.453592990338802338e+02 1.115917015075683594e+02 2.424397279322147369e+02 1.174218559265136719e+02 2.417634736374020576e+02 2.000000000000000000e+00
8.981241226196289062e+01 3.681527423858642578e+02 9.801584243774414062e+01 3.652152729034423828e+02 1.048787307739257812e+02 3.645758056640625000e+02 2.000000000000000000e+00
7.025402069091796875e+01 2.627668476104736328e+02 7.717145919799804688e+01 2.602074587345123291e+02 8.284900665283203125e+01 2.599285286664962769e+02 2.000000000000000000e+00
1.270967102050781250e+02 2.857246112823486328e+02 1.344095611572265625e+02 2.824570333957672119e+02 1.404922676086425781e+02 2.815869784355163574e+02 2.000000000000000000e+00
3.030128169059753418e+02 4.319270753860473633e+02 3.115104675292968750e+02 4.268528509140014648e+02 3.186567993462085724e+02 4.243848323822021484e+02 2.000000000000000000e+00
2.372799205780029297e+02 3.488073205947875977e+02 2.449909210205078125e+02 3.445934486389160156e+02 2.514938020706176758e+02 3.427546119689941406e+02 2.000000000000000000e+00
9.522256851196289062e+01 4.090150594711303711e+02 1.036080169677734375e+02 4.061143827438354492e+02 1.109269523620605469e+02 4.053693294525146484e+02 2.000000000000000000e+00
3.526171875000000000e+02 3.964416217803955078e+02 3.607362985610961914e+02 3.909084892272949219e+02 3.677277231216430664e+02 3.880693674087524414e+02 2.000000000000000000e+00
1.354042243957519531e+02 2.973895597457885742e+02 1.427493476867675781e+02 2.941261017322540283e+02 1.489363670349121094e+02 2.932690751552581787e+02 2.000000000000000000e+00
4.279094219207763672e+02 1.624066257476806641e+02 4.277319622039794922e+02 1.568912458419799805e+02 4.265467548370361328e+02 1.540239071846008301e+02 1.000000000000000000e+00
4.204108619689941406e+02 3.767236948013305664e+02 4.283881855010986328e+02 3.706698989868164062e+02 4.350146198272705078e+02 3.672026395797729492e+02 2.000000000000000000e+00
4.215917396545410156e+02 4.285355615615844727e+02 4.300746822357177734e+02 4.224805068969726562e+02 4.373645687103271484e+02 4.188375377655029297e+02 2.000000000000000000e+00
4.214535808563232422e+02 4.215563392639160156e+02 4.298943233489990234e+02 4.154887819290161133e+02 4.371384906768798828e+02 4.119032049179077148e+02 2.000000000000000000e+00
1.855554676055908203e+02 2.315348964929580688e+02 1.921176624298095703e+02 2.278094324469566345e+02 1.975673389434814453e+02 2.264765614271163940e+02 2.000000000000000000e+00
8.344366073608398438e+01 3.755298471450805664e+02 9.157016754150390625e+01 3.726330327987670898e+02 9.842220306396484375e+01 3.721146869659423828e+02 2.000000000000000000e+00
3.392597663402557373e+02 4.074848985671997070e+02 3.474637460708618164e+02 4.020224332809448242e+02 3.544571232795715332e+02 3.992953205108642578e+02 2.000000000000000000e+00
2.937560725212097168e+02 3.717586183547973633e+02 3.016176450252532959e+02 3.669175243377685547e+02 3.084014892578125000e+02 3.645479822158813477e+02 2.000000000000000000e+00
3.361467289924621582e+02 2.827386796474456787e+02 3.431597304344177246e+02 2.775405299663543701e+02 3.491217041015625000e+02 2.748566901683807373e+02 2.000000000000000000e+00
1.746571922302246094e+02 3.783979225158691406e+02 1.827662181854248047e+02 3.747206783294677734e+02 1.895832538604736328e+02 3.733629512786865234e+02 2.000000000000000000e+00
2.274419689178466797e+02 3.472708797454833984e+02 2.352417278289794922e+02 3.430948519706726074e+02 2.416794872283935547e+02 3.413096094131469727e+02 2.000000000000000000e+00
1.272393226623535156e+02 3.806594896316528320e+02 1.354388046264648438e+02 3.773380136489868164e+02 1.423596382141113281e+02 3.764532852172851562e+02 2.000000000000000000e+00
6.739656448364257812e+01 3.599535870552062988e+02 7.529523849487304688e+01 3.573559641838073730e+02 8.195997238159179688e+01 3.569610071182250977e+02 2.000000000000000000e+00
4.190639400482177734e+02 4.156383132934570312e+02 4.274139118194580078e+02 4.095604276657104492e+02 4.345926570892333984e+02 4.060880184173583984e+02 2.000000000000000000e+00
1.241742706298828125e+02 2.897178983688354492e+02 1.314743232727050781e+02 2.864922809600830078e+02 1.375754737854003906e+02 2.856127023696899414e+02 2.000000000000000000e+00
9.445398330688476562e+01 3.431778931617736816e+02 1.023362541198730469e+02 3.401500010490417480e+02 1.089156341552734375e+02 3.395079088211059570e+02 2.000000000000000000e+00
4.411657428741455078e+02 3.640550279617309570e+02 4.488151836395263672e+02 3.576711773872375488e+02 4.554229164123535156e+02 3.540686416625976562e+02 2.000000000000000000e+00
1.329694747924804688e+02 3.674049425125122070e+02 1.409646606445312500e+02 3.640904045104980469e+02 1.478139495849609375e+02 3.630550575256347656e+02 2.000000000000000000e+00
1.501574134826660156e+02 3.810433101654052734e+02 1.583192634582519531e+02 3.775910139083862305e+02 1.652596378326416016e+02 3.764820671081542969e+02 2.000000000000000000e+00
8.489074707031250000e+01 3.417381334304809570e+02 9.274751663208007812e+01 3.388064289093017578e+02 9.933074951171875000e+01 3.383621549606323242e+02 2.000000000000000000e+00
1.810832309722900391e+02 2.807670307159423828e+02 1.882485675811767578e+02 2.769775414466857910e+02 1.942103099822998047e+02 2.757069432735443115e+02 2.000000000000000000e+00
1.155378341674804688e+02 4.322152805328369141e+02 1.243252182006835938e+02 4.289949131011962891e+02 1.318221664428710938e+02 4.280800008773803711e+02 2.000000000000000000e+00
4.312140178680419922e+02 2.946037030220031738e+02 4.383602619171142578e+02 2.884400975704193115e+02 4.444708538055419922e+02 2.849228239059448242e+02 2.000000000000000000e+00
2.468586254119873047e+02 3.060645174980163574e+02 2.542336273193359375e+02 3.016003775596618652e+02 2.602857351303100586e+02 2.996946752071380615e+02 2.000000000000000000e+00
1.293268394470214844e+02 2.975578951835632324e+02 1.366566276550292969e+02 2.943394482135772705e+02 1.428450965881347656e+02 2.934719252586364746e+02 2.000000000000000000e+00
1.061622428894042969e+02 3.026992535591125488e+02 1.134169769287109375e+02 2.995508158206939697e+02 1.196539497375488281e+02 2.988982558250427246e+02 2.000000000000000000e+00
3.202911376953125000e+02 4.316507720947265625e+02 3.286735230684280396e+02 4.264716625213623047e+02 3.358975529670715332e+02 4.237486982345581055e+02 2.000000000000000000e+00
4.698580646514892578e+02 3.569990015029907227e+02 4.776064777374267578e+02 3.503667068481445312e+02 4.841519737243652344e+02 3.463888907432556152e+02 2.000000000000000000e+00
3.668954801559448242e+02 3.046123695373535156e+02 3.740882587432861328e+02 2.991362321376800537e+02 3.802680063247680664e+02 2.961527752876281738e+02 2.000000000000000000e+00
2.639514160156250000e+02 2.060282421112060547e+02 2.702894258499145508e+02 2.015009272098541260e+02 2.755152559280395508e+02 1.994587397575378418e+02 2.000000000000000000e+00
2.779461050033569336e+02 3.180931735038757324e+02 2.853599238395690918e+02 3.134587740898132324e+02 2.915859675407409668e+02 3.112879085540771484e+02 2.000000000000000000e+00
1.472301673889160156e+02 3.589530730247497559e+02 1.551367950439453125e+02 3.555079722404479980e+02 1.618390655517578125e+02 3.544267058372497559e+02 2.000000000000000000e+00
2.571520090103149414e+02 3.624839258193969727e+02 2.650163269042968750e+02 3.581363582611083984e+02 2.716044902801513672e+02 3.560984873771667480e+02 2.000000000000000000e+00
3.757568979263305664e+02 2.868135702610015869e+02 3.827640390396118164e+02 2.812971818447113037e+02 3.887119770050048828e+02 2.781524991989135742e+02 2.000000000000000000e+00
1.786440372467041016e+02 3.102795767784118652e+02 1.860467815399169922e+02 3.066074538230895996e+02 1.923873233795166016e+02 3.053470158576965332e+02 2.000000000000000000e+00
2.495316457748413086e+02 3.548999118804931641e+02 2.573609590530395508e+02 3.505586886405944824e+02 2.639003276824951172e+02 3.485641551017761230e+02 2.000000000000000000e+00
3.368257749080657959e+02 3.336329412460327148e+02 3.444286799430847168e+02 3.283302354812622070e+02 3.508066105842590332e+02 3.255713868141174316e+02 2.000000000000000000e+00
1.249315834045410156e+02 4.185187482833862305e+02 1.335997581481933594e+02 4.152518463134765625e+02 1.409690666198730469e+02 4.142332506179809570e+02 2.000000000000000000e+00
1.151027870178222656e+02 3.269304871559143066e+02 1.228079795837402344e+02 3.238201618194580078e+02 1.292938613891601562e+02 3.231083106994628906e+02 2.000000000000000000e+00
1.590225982666015625e+02 4.243286848068237305e+02 1.675379657745361328e+02 4.205547952651977539e+02 1.750152397155761719e+02 4.194111442565917969e+02 2.000000000000000000e+00
2.329422760009765625e+02 3.399922871589660645e+02 2.406056070327758789e+02 3.356905245780944824e+02 2.470710420608520508e+02 3.340092515945434570e+02 2.000000000000000000e+00
3.152827146649360657e+02 2.983286476135253906e+02 3.224965515732765198e+02 2.933410048484802246e+02 3.285289919376373291e+02 2.908178722858428955e+02 2.000000000000000000e+00
7.614744186401367188e+01 2.435614930093288422e+02 8.289308547973632812e+01 2.409599915519356728e+02 8.869344711303710938e+01 2.406044616736471653e+02 2.000000000000000000e+00
3.957711172103881836e+02 3.994334506988525391e+02 4.039268207550048828e+02 3.935368967056274414e+02 4.108599853515625000e+02 3.903178167343139648e+02 2.000000000000000000e+00
4.754756832122802734e+02 3.776655721664428711e+02 4.834976005554199219e+02 3.711327838897705078e+02 4.901865577697753906e+02 3.671020317077636719e+02 2.000000000000000000e+00
3.535271906852722168e+02 3.152433228492736816e+02 3.608656024932861328e+02 3.097203111648559570e+02 3.670805072784423828e+02 3.068898010253906250e+02 2.000000000000000000e+00
6.552467346191406250e+01 3.708312463760375977e+02 7.366527557373046875e+01 3.682195758819580078e+02 8.054841995239257812e+01 3.678036832809448242e+02 2.000000000000000000e+00
4.177777099609375000e+02 2.218174427747726440e+02 4.241770935058593750e+02 2.158054035902023315e+02 4.294151306152343750e+02 2.124093300104141235e+02 2.000000000000000000e+00
2.705376577377319336e+02 4.214303398132324219e+02 2.788881540298461914e+02 4.167259025573730469e+02 2.860999131202697754e+02 4.145524978637695312e+02 2.000000000000000000e+00
8.413536071777343750e+01 2.438942568004131317e+02 9.094211578369140625e+01 2.412475281581282616e+02 9.671995162963867188e+01 2.408104095607995987e+02 2.000000000000000000e+00
8.035398483276367188e+01 4.247049379348754883e+02 8.905096054077148438e+01 4.217908716201782227e+02 9.648866653442382812e+01 4.212973165512084961e+02 2.000000000000000000e+00
4.252739620208740234e+02 2.262794789671897888e+02 4.316499042510986328e+02 2.201766049861907959e+02 4.369606685638427734e+02 2.166017442941665649e+02 2.000000000000000000e+00
3.548277902603149414e+02 3.615628767013549805e+02 3.625532245635986328e+02 3.561868357658386230e+02 3.690990924835205078e+02 3.532566618919372559e+02 2.000000000000000000e+00
1.832063865661621094e+02 3.599524927139282227e+02 1.910034751892089844e+02 3.562129569053649902e+02 1.976231670379638672e+02 3.548074722290039062e+02 2.000000000000000000e+00
3.215942688286304474e+02 3.426089501380920410e+02 3.292066043615341187e+02 3.375828623771667480e+02 3.356099545955657959e+02 3.349920701980590820e+02 2.000000000000000000e+00
2.902778935432434082e+02 4.197964239120483398e+02 2.986835312843322754e+02 4.149021434783935547e+02 3.057691645622253418e+02 4.125179529190063477e+02 2.000000000000000000e+00
7.997819900512695312e+01 3.837055492401123047e+02 8.826704025268554688e+01 3.809304571151733398e+02 9.511569976806640625e+01 3.803832149505615234e+02 2.000000000000000000e+00
2.970902705192565918e+02 3.087335228919982910e+02 3.043717646598815918e+02 3.039503216743469238e+02 3.104918211698532104e+02 3.015722107887268066e+02 2.000000000000000000e+00
9.364820480346679688e+01 3.621436214447021484e+02 1.018062400817871094e+02 3.591553115844726562e+02 1.086740875244140625e+02 3.585083055496215820e+02 2.000000000000000000e+00
2.116693973541259766e+02 2.185380703210830688e+02 2.180906772613525391e+02 2.144744557142257690e+02 2.234168815612792969e+02 2.129436779022216797e+02 2.000000000000000000e+00
1.542471313476562500e+02 4.106395626068115234e+02 1.625418567657470703e+02 4.070621967315673828e+02 1.699461841583251953e+02 4.059363126754760742e+02 2.000000000000000000e+00
3.351401364803314209e+02 4.327600193023681641e+02 3.436298537254333496e+02 4.275319862365722656e+02 3.508323359489440918e+02 4.247122907638549805e+02 2.000000000000000000e+00
4.248223876953125000e+02 3.565948534011840820e+02 4.324903583526611328e+02 3.504469084739685059e+02 4.391643428802490234e+02 3.469022870063781738e+02 2.000000000000000000e+00
8.488672256469726562e+01 4.314007902145385742e+02 9.370481491088867188e+01 4.285011434555053711e+02 1.011752891540527344e+02 4.278653097152709961e+02 2.000000000000000000e+00
4.620299053192138672e+02 3.726437187194824219e+02 4.698264789581298828e+02 3.662142992019653320e+02 4.765165138244628906e+02 3.623486709594726562e+02 2.000000000000000000e+00
8.405248641967773438e+01 3.587742948532104492e+02 9.213268280029296875e+01 3.557797908782958984e+02 9.881971359252929688e+01 3.552488780021667480e+02 2.000000000000000000e+00
4.294265747070312500e+02 2.409526978433132172e+02 4.359897804260253906e+02 2.346928708255290985e+02 4.413716793060302734e+02 2.312363737821578979e+02 2.000000000000000000e+00
4.334305095672607422e+02 3.107094168663024902e+02 4.406914424896240234e+02 3.045623230934143066e+02 4.468698406219482422e+02 3.009579205513000488e+02 2.000000000000000000e+00
3.017163693904876709e+02 4.122174739837646484e+02 3.101359558105468750e+02 4.072439718246459961e+02 3.171621093153953552e+02 4.047649955749511719e+02 2.000000000000000000e+00
6.821180343627929688e+01 2.502480170130729675e+02 7.504281997680664062e+01 2.477633821964263916e+02 8.080339431762695312e+01 2.474803622066974640e+02 2.000000000000000000e+00
1.721257495880126953e+02 2.795660126209259033e+02 1.792308139801025391e+02 2.758678615093231201e+02 1.851192474365234375e+02 2.746393454074859619e+02 2.000000000000000000e+00
1.121349906921386719e+02 3.460916805267333984e+02 1.199236106872558594e+02 3.430003094673156738e+02 1.265078926086425781e+02 3.421622943878173828e+02 2.000000000000000000e+00
1.753726196289062500e+02 2.252448570728302002e+02 1.818746471405029297e+02 2.215901935100555420e+02 1.873838138580322266e+02 2.203616774082183838e+02 2.000000000000000000e+00
9.277416229248046875e+01 4.357410621643066406e+02 1.016621780395507812e+02 4.327711915969848633e+02 1.092061233520507812e+02 4.320103597640991211e+02 2.000000000000000000e+00
3.960881042480468750e+02 2.836074864864349365e+02 4.030898761749267578e+02 2.777160680294036865e+02 4.088199138641357422e+02 2.744821178913116455e+02 2.000000000000000000e+00
2.167667198181152344e+02 2.234528499841690063e+02 2.232263660430908203e+02 2.193807202577590942e+02 2.285506248474121094e+02 2.178387594223022461e+02 2.000000000000000000e+00
2.538282155990600586e+02 2.387179259955883026e+02 2.605797100067138672e+02 2.342272031307220459e+02 2.659873342514038086e+02 2.323460689187049866e+02 2.000000000000000000e+00
2.570890808105468750e+02 2.125353527069091797e+02 2.634425354003906250e+02 2.081881248950958252e+02 2.687788677215576172e+02 2.061838066577911377e+02 2.000000000000000000e+00
3.791813993453979492e+02 3.646952533721923828e+02 3.870373249053955078e+02 3.589906096458435059e+02 3.935616159439086914e+02 3.558310890197753906e+02 2.000000000000000000e+00
1.279155921936035156e+02 2.518348851799964905e+02 1.347695541381835938e+02 2.485862740874290466e+02 1.405000495910644531e+02 2.478006139397621155e+02 2.000000000000000000e+00
1.536507797241210938e+02 2.338710325956344604e+02 1.602551555633544922e+02 2.304707023501396179e+02 1.658145999908447266e+02 2.294070276618003845e+02 2.000000000000000000e+00
7.111330032348632812e+01 4.005145311355590820e+02 7.972482681274414062e+01 3.977430152893066406e+02 8.677906036376953125e+01 3.973280668258666992e+02 2.000000000000000000e+00
2.464565277099609375e+02 3.671113300323486328e+02 2.543576192855834961e+02 3.627934598922729492e+02 2.610099792480468750e+02 3.607919025421142578e+02 2.000000000000000000e+00
4.636027526855468750e+02 3.135643315315246582e+02 4.709153175354003906e+02 3.070922613143920898e+02 4.771121501922607422e+02 3.032815575599670410e+02 2.000000000000000000e+00
1.397014427185058594e+02 3.211141061782836914e+02 1.473277854919433594e+02 3.177082586288452148e+02 1.536850547790527344e+02 3.167988610267639160e+02 2.000000000000000000e+00
4.266268348693847656e+02 3.171038246154785156e+02 4.338420772552490234e+02 3.109239506721496582e+02 4.401224040985107422e+02 3.074032044410705566e+02 2.000000000000000000e+00
1.388736534118652344e+02 3.945669937133789062e+02 1.471886444091796875e+02 3.912445449829101562e+02 1.541906166076660156e+02 3.902045059204101562e+02 2.000000000000000000e+00
4.416205787658691406e+02 2.150585460662841797e+02 4.479543495178222656e+02 2.087282395362854004e+02 4.533290100097656250e+02 2.051757502555847168e+02 2.000000000000000000e+00
3.958885812759399414e+02 3.046011400222778320e+02 4.031447124481201172e+02 2.988243126869201660e+02 4.093007850646972656e+02 2.955902445316314697e+02 2.000000000000000000e+00
4.486389827728271484e+02 1.640172815322875977e+02 4.485332012176513672e+02 1.584063506126403809e+02 4.473406696319580078e+02 1.553696537017822266e+02 1.000000000000000000e+00
1.267534446716308594e+02 3.216431951522827148e+02 1.343471908569335938e+02 3.183721017837524414e+02 1.407552337646484375e+02 3.175144100189208984e+02 2.000000000000000000e+00
4.589910888671875000e+02 3.826304769515991211e+02 4.668696022033691406e+02 3.762219858169555664e+02 4.735920429229736328e+02 3.723525810241699219e+02 2.000000000000000000e+00
6.819253921508789062e+01 2.452494661509990692e+02 7.500568389892578125e+01 2.427532350271940231e+02 8.076984405517578125e+01 2.424719392508268356e+02 2.000000000000000000e+00
2.511738586425781250e+02 2.146924120187759399e+02 2.575086975097656250e+02 2.103711837530136108e+02 2.628560781478881836e+02 2.083855891227722168e+02 2.000000000000000000e+00
2.179175662994384766e+02 3.578035068511962891e+02 2.257053375244140625e+02 3.536857080459594727e+02 2.323584556579589844e+02 3.520277738571166992e+02 2.000000000000000000e+00
3.702272653579711914e+02 3.104247450828552246e+02 3.773878192901611328e+02 3.049085998535156250e+02 3.835717153549194336e+02 3.018659734725952148e+02 2.000000000000000000e+00
3.804895353317260742e+02 3.155099201202392578e+02 3.875847196578979492e+02 3.098570609092712402e+02 3.938088369369506836e+02 3.066848158836364746e+02 2.000000000000000000e+00
1.113958168029785156e+02 3.859250307083129883e+02 1.195723724365234375e+02 3.829125165939331055e+02 1.266514778137207031e+02 3.820722055435180664e+02 2.000000000000000000e+00
4.327306747436523438e+01 3.085647583007812500e+02 5.086057662963867188e+01 3.062050795555114746e+02 5.722496032714843750e+01 3.060594177246093750e+02 2.000000000000000000e+00
2.935285019874572754e+02 2.350435025990009308e+02 3.000687563419342041e+02 2.302978965640068054e+02 3.054888606071472168e+02 2.280017843842506409e+02 2.000000000000000000e+00
2.735952425003051758e+02 3.123007249832153320e+02 2.809489130973815918e+02 3.076415777206420898e+02 2.872318720817565918e+02 3.054824566841125488e+02 2.000000000000000000e+00
3.395758056640625000e+02 2.745402538776397705e+02 3.465130305290222168e+02 2.693517172336578369e+02 3.523714303970336914e+02 2.666617745161056519e+02 2.000000000000000000e+00
1.504280281066894531e+02 2.422817536443471909e+02 1.569506645202636719e+02 2.388932189717888832e+02 1.627002239227294922e+02 2.378522794693708420e+02 2.000000000000000000e+00
1.093605613708496094e+02 3.302838778495788574e+02 1.171126937866210938e+02 3.272088646888732910e+02 1.235967445373535156e+02 3.264158391952514648e+02 2.000000000000000000e+00
3.995654916763305664e+02 3.300984549522399902e+02 4.069439125061035156e+02 3.242702078819274902e+02 4.133361816406250000e+02 3.210696458816528320e+02 2.000000000000000000e+00
1.831597995758056641e+02 2.627941292524337769e+02 1.901349735260009766e+02 2.590777605772018433e+02 1.960448169708251953e+02 2.576987618207931519e+02 2.000000000000000000e+00
1.166429138183593750e+02 2.466047671437263489e+02 1.235270500183105469e+02 2.435028382390737534e+02 1.291181564331054688e+02 2.428680726885795593e+02 2.000000000000000000e+00
4.691348934173583984e+02 3.441301631927490234e+02 4.767269039154052734e+02 3.374942350387573242e+02 4.831361961364746094e+02 3.335596346855163574e+02 2.000000000000000000e+00
4.639458656311035156e+02 4.027228832244873047e+02 4.720921993255615234e+02 3.962635517120361328e+02 4.789863872528076172e+02 3.925055265426635742e+02 2.000000000000000000e+00
1.550153541564941406e+02 3.566258883476257324e+02 1.629530048370361328e+02 3.531478357315063477e+02 1.695398426055908203e+02 3.520313787460327148e+02 2.000000000000000000e+00
3.188263549655675888e+02 4.131041622161865234e+02 3.272761231660842896e+02 4.080152606964111328e+02 3.342710578441619873e+02 4.053469991683959961e+02 2.000000000000000000e+00
1.993886852264404297e+02 3.745832920074462891e+02 2.073932361602783203e+02 3.704828882217407227e+02 2.140754795074462891e+02 3.689952707290649414e+02 2.000000000000000000e+00
4.468060302734375000e+02 2.316387176513671875e+02 4.533220863342285156e+02 2.253045192360877991e+02 4.587104797363281250e+02 2.215968167781829834e+02 2.000000000000000000e+00
3.553402709960937500e+02 3.373993921279907227e+02 3.628637695312500000e+02 3.319667744636535645e+02 3.692855548858642578e+02 3.290274381637573242e+02 2.000000000000000000e+00
5.128661537170410156e+02 1.415284395217895508e+02 5.123939895629882812e+02 1.357159352302551270e+02 5.108330726623535156e+02 1.325697898864746094e+02 1.000000000000000000e+00
4.682192134857177734e+02 2.933654522895812988e+02 4.753175640106201172e+02 2.867331862449645996e+02 4.814015007019042969e+02 2.828861725330352783e+02 2.000000000000000000e+00
1.860816001892089844e+02 2.205975633859634399e+02 1.926112174987792969e+02 2.168694144487380981e+02 1.980430412292480469e+02 2.155510246753692627e+02 2.000000000000000000e+00
4.134982585906982422e+02 2.523277285695075989e+02 4.202814388275146484e+02 2.463535313308238983e+02 4.258358192443847656e+02 2.429418336600065231e+02 2.000000000000000000e+00
3.888714933395385742e+02 4.009595489501953125e+02 3.970991849899291992e+02 3.952051162719726562e+02 4.040642738342285156e+02 3.919791698455810547e+02 2.000000000000000000e+00
2.716437959671020508e+02 2.574604493379592896e+02 2.785181570053100586e+02 2.527320563793182373e+02 2.842672109603881836e+02 2.505401006340980530e+02 2.000000000000000000e+00
2.768124055862426758e+02 4.297972869873046875e+02 2.854075932502746582e+02 4.251212310791015625e+02 2.925766587257385254e+02 4.228210544586181641e+02 2.000000000000000000e+00
3.803119230270385742e+02 1.566320013999938965e+02 3.793550729751586914e+02 1.519936752319335938e+02 3.772953796386718750e+02 1.498862743377685547e+02 1.000000000000000000e+00
3.993854379653930664e+02 3.232044410705566406e+02 4.066811275482177734e+02 3.172980666160583496e+02 4.130806255340576172e+02 3.141008663177490234e+02 2.000000000000000000e+00
4.640866374969482422e+02 4.078820514678955078e+02 4.723183631896972656e+02 4.014038801193237305e+02 4.792641925811767578e+02 3.976595592498779297e+02 2.000000000000000000e+00
2.294608592987060547e+02 2.184611964225769043e+02 2.359113883972167969e+02 2.143317103385925293e+02 2.412173128128051758e+02 2.126509541273117065e+02 2.000000000000000000e+00
3.131672972440719604e+02 4.062993192672729492e+02 3.213954162597656250e+02 4.012204027175903320e+02 3.284923708438873291e+02 3.986099624633789062e+02 2.000000000000000000e+00
4.773055171966552734e+02 3.926693487167358398e+02 4.853567886352539062e+02 3.860573244094848633e+02 4.921233558654785156e+02 3.819444322586059570e+02 2.000000000000000000e+00
4.784637165069580078e+02 3.247037672996520996e+02 4.859180068969726562e+02 3.181145668029785156e+02 4.922402000427246094e+02 3.140916752815246582e+02 2.000000000000000000e+00
1.973390674591064453e+02 2.537857827544212341e+02 2.041961002349853516e+02 2.498125004768371582e+02 2.096921253204345703e+02 2.484255069494247437e+02 2.000000000000000000e+00
4.195932292938232422e+02 3.134902667999267578e+02 4.268180274963378906e+02 3.074192261695861816e+02 4.330845069885253906e+02 3.038781452178955078e+02 2.000000000000000000e+00
1.682771873474121094e+02 3.866843605041503906e+02 1.765592288970947266e+02 3.830984830856323242e+02 1.834758281707763672e+02 3.817370653152465820e+02 2.000000000000000000e+00
3.386048889160156250e+02 3.285112667083740234e+02 3.461869215965270996e+02 3.231750512123107910e+02 3.525204157829284668e+02 3.204272174835205078e+02 2.000000000000000000e+00
2.783209228515625000e+02 3.261330914497375488e+02 2.857438349723815918e+02 3.214847159385681152e+02 2.920265793800354004e+02 3.192993807792663574e+02 2.000000000000000000e+00
2.254981803894042969e+02 3.785472536087036133e+02 2.335205078125000000e+02 3.743496465682983398e+02 2.402993297576904297e+02 3.725668716430664062e+02 2.000000000000000000e+00
1.965249443054199219e+02 4.056293392181396484e+02 2.047660160064697266e+02 4.016849470138549805e+02 2.118391418457031250e+02 4.002176284790039062e+02 2.000000000000000000e+00
4.528271770477294922e+02 2.872982203960418701e+02 4.599580097198486328e+02 2.809906947612762451e+02 4.657875347137451172e+02 2.771987950801849365e+02 2.000000000000000000e+00
2.792603731155395508e+02 4.346942281723022461e+02 2.878166508674621582e+02 4.299866151809692383e+02 2.950934743881225586e+02 4.276957798004150391e+02 2.000000000000000000e+00
4.180556964874267578e+02 2.450048066675662994e+02 4.247097206115722656e+02 2.388587950542569160e+02 4.302514076232910156e+02 2.355502469837665558e+02 2.000000000000000000e+00
1.010500907897949219e+02 3.794930505752563477e+02 1.091797256469726562e+02 3.765298175811767578e+02 1.162584114074707031e+02 3.757819318771362305e+02 2.000000000000000000e+00
2.866157841682434082e+02 3.135277462005615234e+02 2.939750051498413086e+02 3.088419842720031738e+02 3.002241516113281250e+02 3.065963172912597656e+02 2.000000000000000000e+00
2.948401784896850586e+02 3.997978878021240234e+02 3.030028986930847168e+02 3.949261236190795898e+02 3.100379639863967896e+02 3.925769376754760742e+02 2.000000000000000000e+00
1.004387092590332031e+02 2.396768646128475666e+02 1.072172164916992188e+02 2.368357390165328979e+02 1.130360031127929688e+02 2.362416073679924011e+02 2.000000000000000000e+00
2.036688327789306641e+02 3.802128124237060547e+02 2.117377948760986328e+02 3.761630344390869141e+02 2.185599994659423828e+02 3.746062374114990234e+02 2.000000000000000000e+00
1.000488471984863281e+02 1.230445861816406250e+01 1.045584297180175781e+02 9.618186950683593750e+00 1.082181930541992188e+02 9.379820823669433594e+00 2.000000000000000000e+00
2.044003772735595703e+02 2.893532752990722656e+02 2.114756107330322266e+02 2.854044806957244873e+02 2.175682163238525391e+02 2.838287079334259033e+02 2.000000000000000000e+00
2.665708923339843750e+02 3.098010277748107910e+02 2.739024639129638672e+02 3.052829003334045410e+02 2.801522207260131836e+02 3.031257390975952148e+02 2.000000000000000000e+00
3.408593440055847168e+02 4.262965250015258789e+02 3.493167734146118164e+02 4.209688854217529297e+02 3.564916086196899414e+02 4.181983137130737305e+02 2.000000000000000000e+00
3.287431639432907104e+02 4.222099113464355469e+02 3.371869814395904541e+02 4.170512437820434570e+02 3.443700861930847168e+02 4.142743921279907227e+02 2.000000000000000000e+00
6.243198394775390625e+01 3.572261381149291992e+02 7.042312622070312500e+01 3.546075224876403809e+02 7.725149154663085938e+01 3.542743563652038574e+02 2.000000000000000000e+00
4.365987586975097656e+02 4.296734476089477539e+02 4.450456905364990234e+02 4.233601427078247070e+02 4.522554969787597656e+02 4.197162294387817383e+02 2.000000000000000000e+00
3.047345888614654541e+02 3.569672942161560059e+02 3.125145262479782104e+02 3.521218943595886230e+02 3.190869750827550888e+02 3.496377325057983398e+02 2.000000000000000000e+00
4.316772460937500000e+02 2.844515419006347656e+02 4.386259174346923828e+02 2.782973349094390869e+02 4.446933269500732422e+02 2.746527135372161865e+02 2.000000000000000000e+00
4.320965576171875000e+02 3.877814340591430664e+02 4.401935482025146484e+02 3.815763616561889648e+02 4.469034767150878906e+02 3.779963493347167969e+02 2.000000000000000000e+00
1.016580581665039062e+02 3.358530950546264648e+02 1.094495201110839844e+02 3.327694416046142578e+02 1.160183906555175781e+02 3.321640992164611816e+02 2.000000000000000000e+00
3.772790527343750000e+02 3.916853141784667969e+02 3.853056335449218750e+02 3.860452651977539062e+02 3.921733093261718750e+02 3.828891420364379883e+02 2.000000000000000000e+00
2.756028747558593750e+02 3.372845792770385742e+02 2.832853698730468750e+02 3.326145100593566895e+02 2.896671748161315918e+02 3.304527354240417480e+02 2.000000000000000000e+00
3.911827993392944336e+02 3.080326581001281738e+02 3.983239459991455078e+02 3.023194885253906250e+02 4.044798946380615234e+02 2.991596102714538574e+02 2.000000000000000000e+00
4.312189388275146484e+02 3.238233661651611328e+02 4.384025001525878906e+02 3.176463389396667480e+02 4.446496009826660156e+02 3.140991282463073730e+02 2.000000000000000000e+00
2.689012145996093750e+02 3.485914993286132812e+02 2.766025400161743164e+02 3.439943289756774902e+02 2.831381821632385254e+02 3.417944383621215820e+02 2.000000000000000000e+00
2.590839242935180664e+02 3.473739695549011230e+02 2.667956209182739258e+02 3.428711271286010742e+02 2.734191560745239258e+02 3.407927298545837402e+02 2.000000000000000000e+00
4.435048866271972656e+02 2.700380587577819824e+02 4.502665424346923828e+02 2.636334854364395142e+02 4.560231685638427734e+02 2.599732375144958496e+02 2.000000000000000000e+00
1.611812591552734375e+02 4.111982202529907227e+02 1.694465923309326172e+02 4.075674533843994141e+02 1.767984104156494141e+02 4.063751649856567383e+02 2.000000000000000000e+00
1.522670364379882812e+02 3.089738774299621582e+02 1.596420860290527344e+02 3.055002164840698242e+02 1.658324909210205078e+02 3.043993234634399414e+02 2.000000000000000000e+00
1.021476173400878906e+02 3.436935138702392578e+02 1.099838447570800781e+02 3.406682181358337402e+02 1.165666007995605469e+02 3.399479699134826660e+02 2.000000000000000000e+00
2.908760070800781250e+02 3.336698627471923828e+02 2.984548950195312500e+02 3.289380526542663574e+02 3.047113955020904541e+02 3.265884160995483398e+02 2.000000000000000000e+00
3.092951965332031250e+02 4.175213670730590820e+02 3.176213379204273224e+02 4.124892997741699219e+02 3.247485351562500000e+02 4.099155950546264648e+02 2.000000000000000000e+00
4.433748531341552734e+02 2.377855986356735229e+02 4.498590373992919922e+02 2.315243071317672729e+02 4.553196144104003906e+02 2.278496235609054565e+02 2.000000000000000000e+00
2.520360994338989258e+02 3.447857737541198730e+02 2.597063875198364258e+02 3.403691124916076660e+02 2.662930917739868164e+02 3.383985972404479980e+02 2.000000000000000000e+00
8.868318557739257812e+01 4.053049421310424805e+02 9.721076965332031250e+01 4.024354076385498047e+02 1.044375991821289062e+02 4.017167472839355469e+02 2.000000000000000000e+00
3.074277031421661377e+02 3.517959952354431152e+02 3.151165160536766052e+02 3.469130587577819824e+02 3.215942077338695526e+02 3.444828844070434570e+02 2.000000000000000000e+00
1.842939281463623047e+02 2.958229100704193115e+02 1.915707206726074219e+02 2.921150529384613037e+02 1.975781059265136719e+02 2.907879066467285156e+02 2.000000000000000000e+00
5.081437492370605469e+02 1.346691083908081055e+02 5.075790977478027344e+02 1.286942052841186523e+02 5.060448265075683594e+02 1.256333541870117188e+02 1.000000000000000000e+00
3.721539926528930664e+02 4.281395673751831055e+02 3.805778217315673828e+02 4.224479198455810547e+02 3.878881549835205078e+02 4.193920040130615234e+02 2.000000000000000000e+00
2.030009174346923828e+02 3.712747192382812500e+02 2.110111522674560547e+02 3.671682214736938477e+02 2.177003955841064453e+02 3.656312942504882812e+02 2.000000000000000000e+00
2.702347421646118164e+02 4.145075225830078125e+02 2.785013437271118164e+02 4.098270034790039062e+02 2.856112360954284668e+02 4.076183795928955078e+02 2.000000000000000000e+00
1.274040985107421875e+02 4.234041595458984375e+02 1.361344528198242188e+02 4.200583219528198242e+02 1.435220527648925781e+02 4.190690088272094727e+02 2.000000000000000000e+00
2.998278188705444336e+02 4.013930797576904297e+02 3.079371941089630127e+02 3.963985919952392578e+02 3.149396359920501709e+02 3.939925003051757812e+02 2.000000000000000000e+00
1.632186698913574219e+02 2.825040900707244873e+02 1.703192901611328125e+02 2.789364051818847656e+02 1.762674045562744141e+02 2.777911698818206787e+02 2.000000000000000000e+00
4.563160133361816406e+02 3.471951341629028320e+02 4.639261531829833984e+02 3.407592201232910156e+02 4.703934955596923828e+02 3.370335745811462402e+02 2.000000000000000000e+00
2.348629093170166016e+02 3.708949327468872070e+02 2.428532695770263672e+02 3.666329956054687500e+02 2.495752573013305664e+02 3.648093938827514648e+02 2.000000000000000000e+00
1.098533248901367188e+02 2.550387132167816162e+02 1.167278861999511719e+02 2.519672700762748718e+02 1.224897384643554688e+02 2.514110568165779114e+02 2.000000000000000000e+00
4.780390930175781250e+02 3.706211614608764648e+02 4.860134887695312500e+02 3.640430974960327148e+02 4.926477050781250000e+02 3.600128173828125000e+02 2.000000000000000000e+00
4.842917442321777344e+02 1.838586688041687012e+02 4.841969299316406250e+02 1.782743525505065918e+02 4.829916763305664062e+02 1.752160334587097168e+02 1.000000000000000000e+00
9.156850814819335938e+01 3.920387077331542969e+02 9.984231948852539062e+01 3.891656827926635742e+02 1.069490623474121094e+02 3.884668064117431641e+02 2.000000000000000000e+00
8.018560409545898438e+01 2.482705539464950562e+02 8.701227188110351562e+01 2.456135867536067963e+02 9.278329849243164062e+01 2.452608186006546021e+02 2.000000000000000000e+00
1.228289031982421875e+02 3.260683608055114746e+02 1.304965782165527344e+02 3.228062152862548828e+02 1.368354225158691406e+02 3.220687580108642578e+02 2.000000000000000000e+00
1.913050842285156250e+02 4.017951679229736328e+02 1.994880771636962891e+02 3.979470062255859375e+02 2.065595722198486328e+02 3.964631366729736328e+02 2.000000000000000000e+00
4.635116004943847656e+02 3.635386991500854492e+02 4.713091754913330078e+02 3.569942665100097656e+02 4.779298114776611328e+02 3.531331229209899902e+02 2.000000000000000000e+00
1.781140613555908203e+02 2.619008803367614746e+02 1.850636005401611328e+02 2.581981515884399414e+02 1.909713459014892578e+02 2.567952579259872437e+02 2.000000000000000000e+00
1.916592216491699219e+02 3.798917913436889648e+02 1.997520542144775391e+02 3.759000921249389648e+02 2.066144275665283203e+02 3.745043706893920898e+02 2.000000000000000000e+00
4.307727336883544922e+02 2.478967595100402832e+02 4.373862934112548828e+02 2.416472473740577698e+02 4.429462623596191406e+02 2.381758116558194160e+02 2.000000000000000000e+00
4.869364738464355469e+02 1.695707631111145020e+02 4.867268180847167969e+02 1.637120175361633301e+02 4.855531120300292969e+02 1.605496644973754883e+02 1.000000000000000000e+00
2.228276062011718750e+02 4.248206233978271484e+02 2.314216327667236328e+02 4.205973958969116211e+02 2.386353778839111328e+02 4.189095926284790039e+02 2.000000000000000000e+00
2.578232097625732422e+02 3.175036668777465820e+02 2.651818847656250000e+02 3.129533100128173828e+02 2.714396953582763672e+02 3.109053683280944824e+02 2.000000000000000000e+00
3.380464172363281250e+02 2.345370787382125854e+02 3.445199894905090332e+02 2.291549679636955261e+02 3.499568486213684082e+02 2.265056759119033813e+02 2.000000000000000000e+00
3.429332280158996582e+02 2.595513010025024414e+02 3.496331191062927246e+02 2.542567294836044312e+02 3.553610229492187500e+02 2.515186777710914612e+02 2.000000000000000000e+00
4.103135681152343750e+02 4.053931903839111328e+02 4.184621620178222656e+02 3.994017076492309570e+02 4.255243873596191406e+02 3.959631729125976562e+02 2.000000000000000000e+00
1.613123035430908203e+02 2.414971162006258965e+02 1.678747558593750000e+02 2.379751127958297729e+02 1.736200237274169922e+02 2.368899381905794144e+02 2.000000000000000000e+00
3.462717890739440918e+02 3.220107150077819824e+02 3.536286330223083496e+02 3.165517616271972656e+02 3.598888850212097168e+02 3.137773203849792480e+02 2.000000000000000000e+00
2.927781677246093750e+02 4.107670068740844727e+02 3.011421811580657959e+02 4.058981037139892578e+02 3.081669306755065918e+02 4.035283327102661133e+02 2.000000000000000000e+00
4.240081501007080078e+02 4.034885931015014648e+02 4.322330379486083984e+02 3.974133110046386719e+02 4.391715717315673828e+02 3.938747978210449219e+02 2.000000000000000000e+00
4.444675350189208984e+02 3.238248038291931152e+02 4.517208862304687500e+02 3.175281071662902832e+02 4.581503009796142578e+02 3.137594032287597656e+02 2.000000000000000000e+00
3.335754704475402832e+02 4.237420749664306641e+02 3.419484257698059082e+02 4.185105657577514648e+02 3.491394972801208496e+02 4.157193946838378906e+02 2.000000000000000000e+00
6.974981307983398438e+01 3.518751597404479980e+02 7.757059097290039062e+01 3.493047881126403809e+02 8.423742294311523438e+01 3.488147306442260742e+02 2.000000000000000000e+00
2.828923630714416504e+02 3.026145958900451660e+02 2.902025747299194336e+02 2.979412257671356201e+02 2.963188767433166504e+02 2.956932091712951660e+02 2.000000000000000000e+00
2.416056489944458008e+02 4.321444845199584961e+02 2.501981496810913086e+02 4.277844285964965820e+02 2.576123332977294922e+02 4.258402204513549805e+02 2.000000000000000000e+00
4.156837463378906250e+01 2.618746966123580933e+02 4.867542266845703125e+01 2.595413821935653687e+02 5.467174530029296875e+01 2.594661265611648560e+02 2.000000000000000000e+00
2.571173715591430664e+02 2.075187957286834717e+02 2.634272432327270508e+02 2.030792212486267090e+02 2.687344646453857422e+02 2.010909569263458252e+02 2.000000000000000000e+00
1.228328704833984375e+02 3.948611497879028320e+02 1.311906433105468750e+02 3.915837478637695312e+02 1.381822395324707031e+02 3.909102916717529297e+02 2.000000000000000000e+00
1.673215007781982422e+02 3.241541790962219238e+02 1.747309112548828125e+02 3.206087994575500488e+02 1.811444950103759766e+02 3.193717718124389648e+02 2.000000000000000000e+00
2.967597651481628418e+02 4.264509630203247070e+02 3.052480161190032959e+02 4.214286947250366211e+02 3.123664855957031250e+02 4.189779424667358398e+02 2.000000000000000000e+00
4.820847892761230469e+02 1.356005215644836426e+02 4.812020301818847656e+02 1.295254755020141602e+02 4.796357440948486328e+02 1.262318229675292969e+02 1.000000000000000000e+00
4.626720333099365234e+02 2.876561915874481201e+02 4.697282123565673828e+02 2.812644374370574951e+02 4.757189941406250000e+02 2.773863530158996582e+02 2.000000000000000000e+00
4.797922706604003906e+02 1.907198452949523926e+02 4.796807289123535156e+02 1.851375567913055420e+02 4.784881305694580078e+02 1.821643173694610596e+02 1.000000000000000000e+00
2.059420013427734375e+02 3.052959609031677246e+02 2.133527088165283203e+02 3.013328862190246582e+02 2.195585727691650391e+02 2.997608685493469238e+02 2.000000000000000000e+00
1.652636528015136719e+02 4.288275289535522461e+02 1.738698673248291016e+02 4.250429534912109375e+02 1.813357543945312500e+02 4.237641763687133789e+02 2.000000000000000000e+00
1.422810745239257812e+02 2.387203215435147285e+02 1.488070106506347656e+02 2.354503172636032104e+02 1.545074272155761719e+02 2.345042569935321808e+02 2.000000000000000000e+00
3.693666410446166992e+02 3.664787006378173828e+02 3.772144794464111328e+02 3.608528566360473633e+02 3.838370084762573242e+02 3.578430819511413574e+02 2.000000000000000000e+00
8.533159255981445312e+01 2.521724858880043030e+02 9.223875045776367188e+01 2.495312350988388062e+02 9.803548812866210938e+01 2.491655275225639343e+02 2.000000000000000000e+00
1.690901470184326172e+02 3.966124105453491211e+02 1.773466968536376953e+02 3.929267692565917969e+02 1.845028686523437500e+02 3.916310262680053711e+02 2.000000000000000000e+00
3.414325881004333496e+02 3.533028316497802734e+02 3.491257929801940918e+02 3.479348230361938477e+02 3.555496525764465332e+02 3.450589013099670410e+02 2.000000000000000000e+00
7.147430419921875000e+01 3.733287477493286133e+02 7.960744857788085938e+01 3.705750846862792969e+02 8.649085998535156250e+01 3.701220130920410156e+02 2.000000000000000000e+00
1.365212440490722656e+02 3.897184896469116211e+02 1.447326850891113281e+02 3.863759279251098633e+02 1.517320251464843750e+02 3.853915786743164062e+02 2.000000000000000000e+00
1.288688659667968750e+02 2.317438200116157532e+02 1.356273269653320312e+02 2.285941305756568909e+02 1.411343574523925781e+02 2.278231197595596313e+02 2.000000000000000000e+00
1.769880390167236328e+02 2.770010697841644287e+02 1.841423797607421875e+02 2.732790541648864746e+02 1.900805950164794922e+02 2.719586813449859619e+02 2.000000000000000000e+00
3.345890200138092041e+02 3.577713990211486816e+02 3.423952341079711914e+02 3.524899363517761230e+02 3.488483285903930664e+02 3.497190642356872559e+02 2.000000000000000000e+00
2.285132694244384766e+02 2.236125791072845459e+02 2.349052143096923828e+02 2.194948875904083252e+02 2.401725006103515625e+02 2.179109019041061401e+02 2.000000000000000000e+00
3.057621765136718750e+02 3.721206378936767578e+02 3.137104493379592896e+02 3.672455263137817383e+02 3.204043274000287056e+02 3.646789026260375977e+02 2.000000000000000000e+00
2.347450351715087891e+02 3.077769184112548828e+02 2.421800518035888672e+02 3.034163260459899902e+02 2.482436037063598633e+02 3.016378784179687500e+02 2.000000000000000000e+00
4.787695312500000000e+02 3.134609413146972656e+02 4.860243606567382812e+02 3.068758606910705566e+02 4.922738456726074219e+02 3.028298377990722656e+02 2.000000000000000000e+00
2.808795762062072754e+02 4.265227174758911133e+02 2.893481135368347168e+02 4.217532777786254883e+02 2.965408325195312500e+02 4.194543313980102539e+02 2.000000000000000000e+00
7.652429580688476562e+01 9.579691886901855469e+00 8.149686813354492188e+01 6.862163543701171875e+00 8.528362274169921875e+01 6.714692115783691406e+00 2.000000000000000000e+00
4.635152912139892578e+02 3.244866371154785156e+02 4.710384845733642578e+02 3.179899978637695312e+02 4.772488117218017578e+02 3.141564702987670898e+02 2.000000000000000000e+00
3.592971491813659668e+02 3.108054828643798828e+02 3.665561532974243164e+02 3.053657555580139160e+02 3.727185392379760742e+02 3.023919081687927246e+02 2.000000000000000000e+00
6.929933547973632812e+01 3.814205074310302734e+02 7.747734069824218750e+01 3.786023283004760742e+02 8.444353103637695312e+01 3.781567525863647461e+02 2.000000000000000000e+00
3.037168574333190918e+02 3.961044645309448242e+02 3.118389588594436646e+02 3.910431289672851562e+02 3.188137207180261612e+02 3.886040067672729492e+02 2.000000000000000000e+00
4.490390968322753906e+02 3.205005812644958496e+02 4.563409709930419922e+02 3.141774344444274902e+02 4.625762367248535156e+02 3.103297162055969238e+02 2.000000000000000000e+00
4.340978145599365234e+02 1.638768124580383301e+02 4.339647865295410156e+02 1.583711957931518555e+02 4.327565002441406250e+02 1.554393911361694336e+02 1.000000000000000000e+00
1.898339366912841797e+02 3.673456192016601562e+02 1.978160953521728516e+02 3.634033584594726562e+02 2.045721244812011719e+02 3.620178937911987305e+02 2.000000000000000000e+00
4.749575805664062500e+02 3.407623958587646484e+02 4.825644302368164062e+02 3.342044448852539062e+02 4.889686393737792969e+02 3.301777410507202148e+02 2.000000000000000000e+00
4.640023803710937500e+02 3.445295476913452148e+02 4.716117572784423828e+02 3.379942059516906738e+02 4.780007934570312500e+02 3.341799688339233398e+02 2.000000000000000000e+00
1.550499916076660156e+02 2.918692338466644287e+02 1.623084831237792969e+02 2.884382951259613037e+02 1.682719993591308594e+02 2.873145461082458496e+02 2.000000000000000000e+00
1.657378482818603516e+02 3.927196168899536133e+02 1.740486240386962891e+02 3.891252851486206055e+02 1.811358737945556641e+02 3.878044795989990234e+02 2.000000000000000000e+00
2.716974496841430664e+02 2.644838583469390869e+02 2.785639619827270508e+02 2.597760325670242310e+02 2.843190908432006836e+02 2.575814223289489746e+02 2.000000000000000000e+00
4.646781349182128906e+02 3.554191660881042480e+02 4.724325275421142578e+02 3.487757921218872070e+02 4.788862609863281250e+02 3.449024677276611328e+02 2.000000000000000000e+00
4.621379852294921875e+01 4.040622711181640625e+00 5.114290237426757812e+01 1.839237213134765625e+00 5.487804412841796875e+01 2.047834396362304688e+00 2.000000000000000000e+00
2.500934457778930664e+02 4.266064882278442383e+02 2.585499858856201172e+02 4.222241878509521484e+02 2.658509492874145508e+02 4.201695585250854492e+02 2.000000000000000000e+00
7.744371414184570312e+01 2.829110419750213623e+02 8.457494735717773438e+01 2.803786933422088623e+02 9.057914733886718750e+01 2.799446725845336914e+02 2.000000000000000000e+00
4.342027950286865234e+02 2.526179355382919312e+02 4.408073711395263672e+02 2.463551335036754608e+02 4.464105892181396484e+02 2.427884676307439804e+02 2.000000000000000000e+00
2.902663564682006836e+02 3.809361934661865234e+02 2.982222580909729004e+02 3.761489582061767578e+02 3.050370788574218750e+02 3.737579154968261719e+02 2.000000000000000000e+00
4.624017047882080078e+02 3.775083446502685547e+02 4.702825927734375000e+02 3.711153888702392578e+02 4.769170570373535156e+02 3.672552537918090820e+02 2.000000000000000000e+00
3.959885883331298828e+02 3.344444632530212402e+02 4.033037090301513672e+02 3.285859751701354980e+02 4.097138118743896484e+02 3.253974366188049316e+02 2.000000000000000000e+00
2.921369314193725586e+02 4.337282466888427734e+02 3.006364738941192627e+02 4.288433074951171875e+02 3.078791499137878418e+02 4.264820909500122070e+02 2.000000000000000000e+00
4.714475154876708984e+02 1.543159317970275879e+02 4.713247680664062500e+02 1.483926343917846680e+02 4.699971294403076172e+02 1.451881957054138184e+02 1.000000000000000000e+00
4.311721801757812500e+02 3.758740282058715820e+02 4.390445613861083984e+02 3.696742630004882812e+02 4.456984615325927734e+02 3.661409997940063477e+02 2.000000000000000000e+00
3.295184940099716187e+02 3.441533589363098145e+02 3.372252500057220459e+02 3.389667749404907227e+02 3.436698317527770996e+02 3.363540101051330566e+02 2.000000000000000000e+00
3.708994770050048828e+02 3.882027053833007812e+02 3.788795185089111328e+02 3.825057077407836914e+02 3.857022094726562500e+02 3.794517660140991211e+02 2.000000000000000000e+00
2.678480815887451172e+02 3.436172533035278320e+02 2.755480623245239258e+02 3.390339732170104980e+02 2.820549321174621582e+02 3.368302059173583984e+02 2.000000000000000000e+00
3.373038029670715332e+02 3.907063007354736328e+02 3.454378056526184082e+02 3.854002475738525391e+02 3.523104262351989746e+02 3.825959587097167969e+02 2.000000000000000000e+00
1.606745719909667969e+02 2.996682786941528320e+02 1.679313373565673828e+02 2.962104535102844238e+02 1.740525531768798828e+02 2.950622892379760742e+02 2.000000000000000000e+00
7.056388854980468750e+01 4.242936515808105469e+02 7.934144973754882812e+01 4.214234447479248047e+02 8.673351287841796875e+01 4.209207916259765625e+02 2.000000000000000000e+00
1.395837593078613281e+02 4.045610475540161133e+02 1.480621147155761719e+02 4.012292003631591797e+02 1.552028083801269531e+02 4.002316331863403320e+02 2.000000000000000000e+00
2.113748168945312500e+02 3.736060810089111328e+02 2.194258403778076172e+02 3.694778251647949219e+02 2.261353588104248047e+02 3.678237104415893555e+02 2.000000000000000000e+00
3.330770874023437500e+02 2.617178964614868164e+02 3.397462773323059082e+02 2.564374709129333496e+02 3.455196237564086914e+02 2.537899330258369446e+02 2.000000000000000000e+00
3.086556398868560791e+02 3.937442636489868164e+02 3.167395630478858948e+02 3.886653470993041992e+02 3.237356567382812500e+02 3.862187576293945312e+02 2.000000000000000000e+00
2.794667339324951172e+02 2.948184835910797119e+02 2.866505742073059082e+02 2.901739525794982910e+02 2.927420639991760254e+02 2.878540384769439697e+02 2.000000000000000000e+00
3.440803217887878418e+02 4.151403236389160156e+02 3.524450993537902832e+02 4.096734380722045898e+02 3.595090651512145996e+02 4.068637132644653320e+02 2.000000000000000000e+00
3.878550720214843750e+02 3.441756319999694824e+02 3.954438161849975586e+02 3.384331440925598145e+02 4.017900371551513672e+02 3.352209806442260742e+02 2.000000000000000000e+00
1.159533309936523438e+02 3.674870681762695312e+02 1.239911651611328125e+02 3.644136142730712891e+02 1.307693672180175781e+02 3.634855413436889648e+02 2.000000000000000000e+00
5.077496337890625000e+02 1.454245877265930176e+02 5.072470092773437500e+02 1.393380832672119141e+02 5.057223510742187500e+02 1.361069011688232422e+02 1.000000000000000000e+00
2.229911327362060547e+02 4.119330596923828125e+02 2.314691925048828125e+02 4.077447652816772461e+02 2.386037445068359375e+02 4.060191106796264648e+02 2.000000000000000000e+00
1.145301437377929688e+02 3.209015536308288574e+02 1.221763038635253906e+02 3.177717947959899902e+02 1.284574699401855469e+02 3.171195387840270996e+02 2.000000000000000000e+00
4.439834022521972656e+02 4.008912134170532227e+02 4.521827983856201172e+02 3.945171260833740234e+02 4.590917396545410156e+02 3.908619832992553711e+02 2.000000000000000000e+00
3.369259035587310791e+02 3.857087230682373047e+02 3.450220656394958496e+02 3.804791879653930664e+02 3.518804931640625000e+02 3.776740550994873047e+02 2.000000000000000000e+00
3.725254535675048828e+02 3.702735328674316406e+02 3.804986572265625000e+02 3.645880508422851562e+02 3.870953989028930664e+02 3.615674543380737305e+02 2.000000000000000000e+00
4.512131404876708984e+02 4.175112962722778320e+02 4.595207500457763672e+02 4.110429811477661133e+02 4.665896320343017578e+02 4.073857498168945312e+02 2.000000000000000000e+00
4.416761779785156250e+02 2.429261170327663422e+02 4.482705974578857422e+02 2.366133572906255722e+02 4.537560462951660156e+02 2.328929440677165985e+02 2.000000000000000000e+00
4.451716613769531250e+02 2.788775646686553955e+02 4.519910335540771484e+02 2.726164555549621582e+02 4.578758525848388672e+02 2.689343887567520142e+02 2.000000000000000000e+00
4.677534484863281250e+02 2.873414647579193115e+02 4.747611713409423828e+02 2.807924222946166992e+02 4.808010292053222656e+02 2.768762826919555664e+02 2.000000000000000000e+00
1.176501846313476562e+02 2.517610475420951843e+02 1.245255470275878906e+02 2.486161807179450989e+02 1.300571632385253906e+02 2.480632022023200989e+02 2.000000000000000000e+00
7.557479858398437500e+01 4.279336881637573242e+02 8.440425872802734375e+01 4.251384687423706055e+02 9.181917190551757812e+01 4.246204948425292969e+02 2.000000000000000000e+00
4.411887264251708984e+02 2.648761618137359619e+02 4.479137325286865234e+02 2.585809028148651123e+02 4.536272335052490234e+02 2.548471534252166748e+02 2.000000000000000000e+00
2.020825290679931641e+02 2.755538356304168701e+02 2.090145206451416016e+02 2.715502953529357910e+02 2.150768852233886719e+02 2.701299440860748291e+02 2.000000000000000000e+00
3.402195739746093750e+02 2.404855499602854252e+02 3.467253732681274414e+02 2.351170501112937927e+02 3.522091674804687500e+02 2.324480894207954407e+02 2.000000000000000000e+00
4.410299682617187500e+02 3.451003146171569824e+02 4.485603332519531250e+02 3.388356399536132812e+02 4.550724220275878906e+02 3.351329398155212402e+02 2.000000000000000000e+00
8.217529296875000000e+01 3.330845689773559570e+02 8.988605499267578125e+01 3.302435374259948730e+02 9.642364501953125000e+01 3.298025250434875488e+02 2.000000000000000000e+00
2.384029960632324219e+02 2.156016075611114502e+02 2.447528839111328125e+02 2.113841235637664795e+02 2.501190948486328125e+02 2.095102357864379883e+02 2.000000000000000000e+00
4.357096290588378906e+02 3.715384912490844727e+02 4.435386943817138672e+02 3.653193998336791992e+02 4.502556800842285156e+02 3.616709661483764648e+02 2.000000000000000000e+00
7.862224578857421875e+01 3.411933016777038574e+02 8.642782211303710938e+01 3.383667039871215820e+02 9.296453475952148438e+01 3.378670406341552734e+02 2.000000000000000000e+00
4.543492794036865234e+02 2.673105794191360474e+02 4.611724567413330078e+02 2.608940738439559937e+02 4.668884563446044922e+02 2.571460282802581787e+02 2.000000000000000000e+00
4.794112586975097656e+02 3.073524785041809082e+02 4.865562248229980469e+02 3.007138109207153320e+02 4.927554321289062500e+02 2.966955292224884033e+02 2.000000000000000000e+00
3.615945434570312500e+02 3.698372554779052734e+02 3.694717741012573242e+02 3.643679809570312500e+02 3.761629056930541992e+02 3.613766527175903320e+02 2.000000000000000000e+00
6.244115829467773438e+01 2.654788827896118164e+02 6.934736251831054688e+01 2.630353403091430664e+02 7.518520355224609375e+01 2.627937322854995728e+02 2.000000000000000000e+00
2.361283206939697266e+02 4.156285142898559570e+02 2.445021677017211914e+02 4.114180326461791992e+02 2.516661357879638672e+02 4.093844747543334961e+02 2.000000000000000000e+00
4.635414791107177734e+02 2.274331811070442200e+02 4.700088787078857422e+02 2.210626816749572754e+02 4.753516864776611328e+02 2.171923202276229858e+02 2.000000000000000000e+00
4.203789997100830078e+02 3.926114845275878906e+02 4.284951782226562500e+02 3.865335702896118164e+02 4.352808856964111328e+02 3.830375432968139648e+02 2.000000000000000000e+00
3.592297673225402832e+02 4.280144119262695312e+02 3.676431274414062500e+02 4.224608802795410156e+02 3.749335956573486328e+02 4.194637584686279297e+02 2.000000000000000000e+00
9.065734863281250000e+01 3.780308961868286133e+02 9.885017395019531250e+01 3.751401185989379883e+02 1.057992553710937500e+02 3.744932556152343750e+02 2.000000000000000000e+00
8.685512542724609375e+01 2.129722595214843750e+01 9.163263320922851562e+01 1.870432376861572266e+01 9.553035736083984375e+01 1.849092006683349609e+01 2.000000000000000000e+00
4.751920509338378906e+02 3.317278504371643066e+02 4.826550674438476562e+02 3.251601934432983398e+02 4.890839958190917969e+02 3.211167025566101074e+02 2.000000000000000000e+00
1.966099071502685547e+02 3.376511621475219727e+02 2.041743278503417969e+02 3.337049889564514160e+02 2.105760288238525391e+02 3.322710299491882324e+02 2.000000000000000000e+00
2.082555389404296875e+02 3.610147190093994141e+02 2.160174083709716797e+02 3.568022203445434570e+02 2.225508880615234375e+02 3.553781819343566895e+02 2.000000000000000000e+00
4.580890178680419922e+02 2.908382606506347656e+02 4.652287578582763672e+02 2.844844079017639160e+02 4.712206745147705078e+02 2.806449294090270996e+02 2.000000000000000000e+00
4.775134944915771484e+02 2.975587177276611328e+02 4.845888328552246094e+02 2.909092426300048828e+02 4.906713867187500000e+02 2.869160163402557373e+02 2.000000000000000000e+00
1.163694381713867188e+02 4.112187910079956055e+02 1.249522209167480469e+02 4.079152965545654297e+02 1.322139930725097656e+02 4.070412111282348633e+02 2.000000000000000000e+00
1.675226688385009766e+02 4.036421871185302734e+02 1.756790924072265625e+02 4.000293016433715820e+02 1.830369377136230469e+02 3.987140035629272461e+02 2.000000000000000000e+00
1.423317146301269531e+02 2.937166178226470947e+02 1.496706771850585938e+02 2.904119610786437988e+02 1.558449935913085938e+02 2.895408046245574951e+02 2.000000000000000000e+00
2.657124948501586914e+02 3.148492741584777832e+02 2.731068420410156250e+02 3.103268766403198242e+02 2.793793630599975586e+02 3.081882691383361816e+02 2.000000000000000000e+00
4.222211647033691406e+02 1.618050956726074219e+02 4.219207191467285156e+02 1.564313006401062012e+02 4.205261898040771484e+02 1.535671377182006836e+02 1.000000000000000000e+00
2.987589406967163086e+02 3.035634469985961914e+02 3.059993588924407959e+02 2.987545180320739746e+02 3.121435850858688354e+02 2.964123558998107910e+02 2.000000000000000000e+00
3.752365446090698242e+02 3.109798908233642578e+02 3.823636198043823242e+02 3.054543828964233398e+02 3.885615253448486328e+02 3.023521471023559570e+02 2.000000000000000000e+00
4.080895137786865234e+02 4.294349098205566406e+02 4.166190242767333984e+02 4.235094738006591797e+02 4.237525367736816406e+02 4.199646949768066406e+02 2.000000000000000000e+00
1.747645854949951172e+02 7.716751098632812500e+00 1.792148685455322266e+02 4.243426322937011719e+00 1.828877735137939453e+02 3.040637969970703125e+00 2.000000000000000000e+00
4.327106666564941406e+02 2.594591081142425537e+02 4.394309711456298828e+02 2.531851968169212341e+02 4.451720333099365234e+02 2.495811009407043457e+02 2.000000000000000000e+00
1.713559246063232422e+02 3.745712327957153320e+02 1.794942283630371094e+02 3.709431266784667969e+02 1.861827182769775391e+02 3.696346235275268555e+02 2.000000000000000000e+00
4.202941322326660156e+02 2.276220238208770752e+02 4.266974830627441406e+02 2.215603172779083252e+02 4.320156860351562500e+02 2.181681650876998901e+02 2.000000000000000000e+00
2.480121898651123047e+02 4.148734188079833984e+02 2.563655090332031250e+02 4.104992437362670898e+02 2.635323190689086914e+02 4.084396505355834961e+02 2.000000000000000000e+00
4.782417964935302734e+02 1.827494645118713379e+02 4.782096576690673828e+02 1.771499633789062500e+02 4.770350360870361328e+02 1.740531134605407715e+02 1.000000000000000000e+00
4.550953102111816406e+02 1.755337643623352051e+02 4.549613094329833984e+02 1.698938226699829102e+02 4.537672138214111328e+02 1.669577908515930176e+02 1.000000000000000000e+00
4.388863563537597656e+02 2.311168822646141052e+02 4.454056453704833984e+02 2.247877031564712524e+02 4.507491779327392578e+02 2.211853927373886108e+02 2.000000000000000000e+00
4.628970336914062500e+02 1.380108118057250977e+02 4.626739215850830078e+02 1.320341920852661133e+02 4.613925838470458984e+02 1.286538648605346680e+02 1.000000000000000000e+00
3.732867431640625000e+02 2.961644911766052246e+02 3.803211355209350586e+02 2.906138956546783447e+02 3.864222431182861328e+02 2.875787079334259033e+02 2.000000000000000000e+00
2.195955944061279297e+02 3.920469760894775391e+02 2.276815032958984375e+02 3.878715562820434570e+02 2.347008514404296875e+02 3.861482906341552734e+02 2.000000000000000000e+00
1.140063667297363281e+02 3.127536320686340332e+02 1.215872192382812500e+02 3.096093463897705078e+02 1.277904510498046875e+02 3.089613676071166992e+02 2.000000000000000000e+00
2.632236623764038086e+02 3.661732006072998047e+02 2.710879516601562500e+02 3.617378568649291992e+02 2.776611328125000000e+02 3.596302556991577148e+02 2.000000000000000000e+00
1.735122680664062500e+02 3.644195079803466797e+02 1.813697338104248047e+02 3.607165861129760742e+02 1.880252552032470703e+02 3.594179749488830566e+02 2.000000000000000000e+00
7.320466995239257812e+01 2.517862558364868164e+02 7.994924545288085938e+01 2.492846533656120300e+02 8.575431823730468750e+01 2.489304962754249573e+02 2.000000000000000000e+00
2.189234638214111328e+02 3.828530073165893555e+02 2.269488525390625000e+02 3.787054252624511719e+02 2.338127994537353516e+02 3.769577407836914062e+02 2.000000000000000000e+00
1.199048805236816406e+02 4.049999141693115234e+02 1.284578895568847656e+02 4.017715215682983398e+02 1.356877517700195312e+02 4.009220123291015625e+02 2.000000000000000000e+00
3.595351576805114746e+02 3.168379569053649902e+02 3.668462848663330078e+02 3.113979220390319824e+02 3.730544757843017578e+02 3.084533143043518066e+02 2.000000000000000000e+00
4.625876522064208984e+02 4.139426994323730469e+02 4.708423137664794922e+02 4.074672603607177734e+02 4.778558635711669922e+02 4.037295627593994141e+02 2.000000000000000000e+00
4.498676776885986328e+02 4.003256034851074219e+02 4.579771423339843750e+02 3.938711643218994141e+02 4.648976421356201172e+02 3.902355480194091797e+02 2.000000000000000000e+00
4.258546161651611328e+02 4.113465356826782227e+02 4.341865825653076172e+02 4.052475070953369141e+02 4.412570858001708984e+02 4.016590118408203125e+02 2.000000000000000000e+00
4.689554500579833984e+02 1.418025469779968262e+02 4.687300109863281250e+02 1.357589077949523926e+02 4.674483394622802734e+02 1.324605059623718262e+02 1.000000000000000000e+00
5.350229263305664062e+01 2.680701005458831787e+02 6.070213317871093750e+01 2.655872815847396851e+02 6.669496536254882812e+01 2.654189765453338623e+02 2.000000000000000000e+00
