5.560922622680664062e+01 2.630380153656005859e+01 4.139598846435546875e+01 2.408771038055419922e+01 3.615676879882812500e+01 2.428384780883789062e+01 3.000000000000000000e+00
1.139328002929687500e+02 4.447013711929321289e+02 1.005521583557128906e+02 4.431961154937744141e+02 9.516836166381835938e+01 4.435054779052734375e+02 3.000000000000000000e+00
2.184256458282470703e+02 4.458206033706665039e+02 2.052612304687500000e+02 4.439415979385375977e+02 1.999059391021728516e+02 4.444738912582397461e+02 3.000000000000000000e+00
1.348380470275878906e+02 2.548769384622573853e+02 1.109883499145507812e+02 2.524084782600402832e+02 9.526170730590820312e+01 2.521631017327308655e+02 1.000000000000000000e+00
2.542855501174926758e+02 4.542926073074340820e+02 2.412383413314819336e+02 4.524082088470458984e+02 2.359300231933593750e+02 4.529958915710449219e+02 3.000000000000000000e+00
2.224378776550292969e+02 4.438394308090209961e+02 2.092512035369873047e+02 4.420455408096313477e+02 2.039435100555419922e+02 4.425751161575317383e+02 3.000000000000000000e+00
1.120322990417480469e+02 2.424786226451396942e+02 8.778703689575195312e+01 2.400160064699593931e+02 7.188388824462890625e+01 2.398970794631168246e+02 1.000000000000000000e+00
2.553544473648071289e+02 4.493475437164306641e+02 2.423280477523803711e+02 4.474552345275878906e+02 2.370114994049072266e+02 4.479967689514160156e+02 3.000000000000000000e+00
2.577390432357788086e+02 4.213499307632446289e+02 2.447350740432739258e+02 4.194512414932250977e+02 2.393200206756591797e+02 4.200651025772094727e+02 3.000000000000000000e+00
2.462373781204223633e+02 3.043182849884033203e+01 2.323840808868408203e+02 2.832508563995361328e+01 2.272371006011962891e+02 2.866124153137207031e+01 3.000000000000000000e+00
2.167525768280029297e+02 4.276428079605102539e+02 2.038155460357666016e+02 4.257617855072021484e+02 1.983268737792968750e+02 4.263434171676635742e+02 3.000000000000000000e+00
4.728223609924316406e+02 1.598432707786560059e+02 4.594118022918701172e+02 1.578178238868713379e+02 4.543348121643066406e+02 1.586436438560485840e+02 3.000000000000000000e+00
2.936377859115600586e+02 4.311724948883056641e+02 2.805731511116027832e+02 4.292454385757446289e+02 2.752690410614013672e+02 4.297555017471313477e+02 3.000000000000000000e+00
2.067069530487060547e+02 4.354927539825439453e+02 1.936574077606201172e+02 4.336064815521240234e+02 1.882636070251464844e+02 4.341286754608154297e+02 3.000000000000000000e+00
1.405212211608886719e+02 4.644809675216674805e+02 1.273672866821289062e+02 4.627351140975952148e+02 1.219003677368164062e+02 4.633223104476928711e+02 3.000000000000000000e+00
2.584318208694458008e+02 3.176489925384521484e+02 2.453047466278076172e+02 3.156335163116455078e+02 2.401350545883178711e+02 3.163631629943847656e+02 3.000000000000000000e+00
1.554394340515136719e+02 2.218909442424774170e+02 1.318098831176757812e+02 2.196488946676254272e+02 1.164097785949707031e+02 2.196803122758865356e+02 1.000000000000000000e+00
1.274722099304199219e+02 4.692336559295654297e+02 1.142204856872558594e+02 4.675337076187133789e+02 1.088590240478515625e+02 4.681064558029174805e+02 3.000000000000000000e+00
2.536873626708984375e+02 4.213344526290893555e+02 2.406078958511352539e+02 4.194204854965209961e+02 2.352274894714355469e+02 4.200105428695678711e+02 3.000000000000000000e+00
1.405308532714843750e+02 4.695534753799438477e+02 1.273858833312988281e+02 4.678348445892333984e+02 1.219362449645996094e+02 4.684681177139282227e+02 3.000000000000000000e+00
5.907432365417480469e+02 1.506327795982360840e+02 5.770861816406250000e+02 1.484484672546386719e+02 5.719049072265625000e+02 1.491782355308532715e+02 3.000000000000000000e+00
3.173855283856391907e+02 4.505796861648559570e+02 3.043020629882812500e+02 4.486589813232421875e+02 2.989750361442565918e+02 4.491709756851196289e+02 3.000000000000000000e+00
2.926446843147277832e+02 4.260732507705688477e+02 2.795465087890625000e+02 4.240975713729858398e+02 2.743163728713989258e+02 4.247366380691528320e+02 3.000000000000000000e+00
2.310326480865478516e+02 4.149709510803222656e+02 2.179345703125000000e+02 4.131935834884643555e+02 2.126909732818603516e+02 4.137628269195556641e+02 3.000000000000000000e+00
5.603294181823730469e+02 1.437633132934570312e+02 5.466131019592285156e+02 1.416564273834228516e+02 5.414420127868652344e+02 1.423716259002685547e+02 3.000000000000000000e+00
1.774203968048095703e+02 4.680248165130615234e+02 1.641938591003417969e+02 4.663538932800292969e+02 1.588146018981933594e+02 4.668695211410522461e+02 3.000000000000000000e+00
2.655017995834350586e+02 4.425981903076171875e+02 2.524757671356201172e+02 4.407110023498535156e+02 2.471972656250000000e+02 4.412826919555664062e+02 3.000000000000000000e+00
5.452603149414062500e+02 7.440746784210205078e+01 5.314552688598632812e+02 7.235222339630126953e+01 5.262815666198730469e+02 7.309660434722900391e+01 3.000000000000000000e+00
2.433244323730468750e+02 4.541568088531494141e+02 2.302364444732666016e+02 4.523190164566040039e+02 2.249782848358154297e+02 4.528612804412841797e+02 3.000000000000000000e+00
1.154202079772949219e+02 2.360314786434173584e+02 9.116285324096679688e+01 2.336047053337097168e+02 7.523473739624023438e+01 2.335135343670845032e+02 1.000000000000000000e+00
4.904434776306152344e+02 2.562513130903244019e+02 4.852866172790527344e+02 2.548022773861885071e+02 4.881267738342285156e+02 2.562675172090530396e+02 2.000000000000000000e+00
1.161747550964355469e+02 2.419434356689453125e+02 9.200525283813476562e+01 2.395364074409008026e+02 7.612258911132812500e+01 2.394449462369084358e+02 1.000000000000000000e+00
5.410668373107910156e+02 1.455482268333435059e+02 5.274147987365722656e+02 1.434183597564697266e+02 5.221571731567382812e+02 1.440803003311157227e+02 3.000000000000000000e+00
1.191889381408691406e+02 4.137474060058593750e+01 1.049605560302734375e+02 3.921627044677734375e+01 9.965457916259765625e+01 3.941731452941894531e+01 3.000000000000000000e+00
2.774538564682006836e+02 4.468223047256469727e+02 2.643813467025756836e+02 4.450047397613525391e+02 2.591242074966430664e+02 4.455201244354248047e+02 3.000000000000000000e+00
3.062850642204284668e+02 4.443823957443237305e+02 2.932181382179260254e+02 4.424660396575927734e+02 2.880179738998413086e+02 4.429988765716552734e+02 3.000000000000000000e+00
2.706236553192138672e+02 4.306767940521240234e+02 2.575339365005493164e+02 4.288395738601684570e+02 2.522693014144897461e+02 4.293985319137573242e+02 3.000000000000000000e+00
2.739209604263305664e+02 4.097138786315917969e+02 2.607702016830444336e+02 4.078544998168945312e+02 2.555580902099609375e+02 4.085177993774414062e+02 3.000000000000000000e+00
2.492928457260131836e+02 4.542258167266845703e+02 2.362309741973876953e+02 4.523587131500244141e+02 2.309207725524902344e+02 4.529288434982299805e+02 3.000000000000000000e+00
4.993761634826660156e+02 2.562094116210937500e+02 4.942031669616699219e+02 2.547009435296058655e+02 4.970430564880371094e+02 2.561957108974456787e+02 2.000000000000000000e+00
2.956788015365600586e+02 4.221595287322998047e+02 2.825817871093750000e+02 4.202286529541015625e+02 2.773370361328125000e+02 4.208109569549560547e+02 3.000000000000000000e+00
4.976324272155761719e+02 9.572486400604248047e+01 4.842204666137695312e+02 9.366219520568847656e+01 4.790228271484375000e+02 9.440141201019287109e+01 3.000000000000000000e+00
4.079108333587646484e+02 4.583171796798706055e+02 3.948916625976562500e+02 4.561275386810302734e+02 3.896087026596069336e+02 4.568454122543334961e+02 3.000000000000000000e+00
1.026649093627929688e+02 6.716073989868164062e+01 8.840902328491210938e+01 6.502175331115722656e+01 8.302017211914062500e+01 6.522027969360351562e+01 3.000000000000000000e+00
3.570209050178527832e+02 4.613650274276733398e+02 3.440047001838684082e+02 4.592971944808959961e+02 3.387406313419342041e+02 4.598643636703491211e+02 3.000000000000000000e+00
9.109251022338867188e+01 2.060204923152923584e+02 6.654657363891601562e+01 2.037614285945892334e+02 5.038398742675781250e+01 2.037118041515350342e+02 1.000000000000000000e+00
1.143152618408203125e+02 2.467076723277568817e+02 9.012733459472656250e+01 2.442927400767803192e+02 7.423990249633789062e+01 2.441494296491146088e+02 1.000000000000000000e+00
3.002778315544128418e+02 4.491848230361938477e+02 2.872015690803527832e+02 4.472541618347167969e+02 2.820292353630065918e+02 4.478121757507324219e+02 3.000000000000000000e+00
2.750949716567993164e+02 4.047536373138427734e+02 2.619041109085083008e+02 4.028842878341674805e+02 2.566816711425781250e+02 4.035128259658813477e+02 3.000000000000000000e+00
3.590750432014465332e+02 4.573808383941650391e+02 3.460489201545715332e+02 4.553222465515136719e+02 3.407611083984375000e+02 4.559042787551879883e+02 3.000000000000000000e+00
2.704985952377319336e+02 4.406891584396362305e+02 2.574021911621093750e+02 4.388126993179321289e+02 2.521236848831176758e+02 4.393892955780029297e+02 3.000000000000000000e+00
4.922397422790527344e+02 2.892380690574645996e+02 4.868123245239257812e+02 2.873324918746948242e+02 4.895492935180664062e+02 2.883304452896118164e+02 2.000000000000000000e+00
3.193835754320025444e+02 4.456091451644897461e+02 3.062985229492187500e+02 4.436768245697021484e+02 3.009924316406250000e+02 4.442044830322265625e+02 3.000000000000000000e+00
4.288735961914062500e+02 4.697672224044799805e+02 4.157828426361083984e+02 4.675449371337890625e+02 4.105774879455566406e+02 4.683261823654174805e+02 3.000000000000000000e+00
6.067980384826660156e+02 1.605994820594787598e+02 5.931987380981445312e+02 1.584223437309265137e+02 5.879434204101562500e+02 1.593510389328002930e+02 3.000000000000000000e+00
2.595755290985107422e+02 4.385216760635375977e+02 2.465227031707763672e+02 4.366541862487792969e+02 2.412227773666381836e+02 4.372457313537597656e+02 3.000000000000000000e+00
2.982984924316406250e+02 4.452092456817626953e+02 2.851809072494506836e+02 4.432880687713623047e+02 2.800069260597229004e+02 4.438159561157226562e+02 3.000000000000000000e+00
2.907186579704284668e+02 4.180163097381591797e+02 2.776160860061645508e+02 4.160883235931396484e+02 2.724144268035888672e+02 4.166982221603393555e+02 3.000000000000000000e+00
3.972919034957885742e+02 4.530294656753540039e+02 3.841683959960937500e+02 4.509036111831665039e+02 3.788422870635986328e+02 4.515847921371459961e+02 3.000000000000000000e+00
1.524187088012695312e+02 2.064425039291381836e+02 1.286991310119628906e+02 2.044478595256805420e+02 1.133078575134277344e+02 2.046580195426940918e+02 1.000000000000000000e+00
4.494139766693115234e+02 2.614273989200592041e+02 4.447158813476562500e+02 2.599558120965957642e+02 4.481133460998535156e+02 2.613689893484115601e+02 2.000000000000000000e+00
5.674889564514160156e+02 3.013655447959899902e+02 5.610704994201660156e+02 2.992215907573699951e+02 5.626878738403320312e+02 3.001502394676208496e+02 2.000000000000000000e+00
2.846937561035156250e+02 4.219466972351074219e+02 2.715992116928100586e+02 4.200471353530883789e+02 2.664054536819458008e+02 4.206803083419799805e+02 3.000000000000000000e+00
1.462597084045410156e+02 2.332362972199916840e+02 1.224055480957031250e+02 2.309907522797584534e+02 1.067786216735839844e+02 2.310043939948081970e+02 1.000000000000000000e+00
4.098915767669677734e+02 4.643655538558959961e+02 3.968755817413330078e+02 4.621666717529296875e+02 3.915769672393798828e+02 4.628699827194213867e+02 3.000000000000000000e+00
1.762937641143798828e+02 2.266494441032409668e+02 1.528532409667968750e+02 2.244777059555053711e+02 1.376307296752929688e+02 2.245641767978668213e+02 1.000000000000000000e+00
2.666066598892211914e+02 4.376170492172241211e+02 2.534983062744140625e+02 4.357581853866577148e+02 2.482240915298461914e+02 4.363016796112060547e+02 3.000000000000000000e+00
2.675467538833618164e+02 3.186705350875854492e+02 2.544063425064086914e+02 3.166533851623535156e+02 2.492358827590942383e+02 3.173715519905090332e+02 3.000000000000000000e+00
6.002163696289062500e+02 2.046189844608306885e+02 5.866200637817382812e+02 2.024535512924194336e+02 5.813555908203125000e+02 2.033265066146850586e+02 3.000000000000000000e+00
1.505228614807128906e+02 2.306335750222206116e+02 1.269461822509765625e+02 2.284742885828018188e+02 1.114653205871582031e+02 2.284837487339973450e+02 1.000000000000000000e+00
2.894486999511718750e+02 4.480917406082153320e+02 2.763425874710083008e+02 4.462059402465820312e+02 2.711773967742919922e+02 4.467076492309570312e+02 3.000000000000000000e+00
1.734960651397705078e+02 4.689870071411132812e+02 1.602483081817626953e+02 4.673379278182983398e+02 1.548896217346191406e+02 4.678564023971557617e+02 3.000000000000000000e+00
5.435862541198730469e+02 2.554606944322586060e+02 5.377080154418945312e+02 2.539140477776527405e+02 5.399876785278320312e+02 2.553860324621200562e+02 2.000000000000000000e+00
3.113111263513565063e+02 4.454858779907226562e+02 2.982586359977722168e+02 4.435657453536987305e+02 2.929235219955444336e+02 4.440820169448852539e+02 3.000000000000000000e+00
6.047289466857910156e+02 1.556139492988586426e+02 5.911242103576660156e+02 1.534258103370666504e+02 5.858648109436035156e+02 1.543317961692810059e+02 3.000000000000000000e+00
3.264081728458404541e+02 4.536699628829956055e+02 3.132897335290908813e+02 4.516836690902709961e+02 3.079361259937286377e+02 4.522922515869140625e+02 3.000000000000000000e+00
1.808298778533935547e+02 4.398567008972167969e+02 1.675261974334716797e+02 4.381178140640258789e+02 1.623045921325683594e+02 4.386518096923828125e+02 3.000000000000000000e+00
2.132949829101562500e+02 4.699269819259643555e+02 2.002200603485107422e+02 4.681557798385620117e+02 1.948586082458496094e+02 4.686255025863647461e+02 3.000000000000000000e+00
2.093245792388916016e+02 4.679199600219726562e+02 1.962377166748046875e+02 4.661508893966674805e+02 1.909106159210205078e+02 4.666623973846435547e+02 3.000000000000000000e+00
2.748500967025756836e+02 4.146791410446166992e+02 2.617561626434326172e+02 4.128218507766723633e+02 2.565374755859375000e+02 4.134497165679931641e+02 3.000000000000000000e+00
2.923693537712097168e+02 4.451460742950439453e+02 2.792490816116333008e+02 4.432644796371459961e+02 2.740945434570312500e+02 4.437481784820556641e+02 3.000000000000000000e+00
5.698882484436035156e+02 3.004686284065246582e+02 5.634710693359375000e+02 2.983536422252655029e+02 5.651073074340820312e+02 2.993247699737548828e+02 2.000000000000000000e+00
2.596983957290649414e+02 4.274223089218139648e+02 2.466776895523071289e+02 4.255480813980102539e+02 2.412901926040649414e+02 4.261694097518920898e+02 3.000000000000000000e+00
6.225545883178710938e+01 4.336057233810424805e+02 4.877738952636718750e+01 4.320883226394653320e+02 4.336467742919921875e+01 4.325163745880126953e+02 3.000000000000000000e+00
4.965802574157714844e+02 1.626943945884704590e+02 4.831921768188476562e+02 1.605988597869873047e+02 4.780413818359375000e+02 1.613778948783874512e+02 3.000000000000000000e+00
3.620787954330444336e+02 4.704895734786987305e+02 3.491049194335937500e+02 4.684405374526977539e+02 3.437406015396118164e+02 4.690324544906616211e+02 3.000000000000000000e+00
3.082752990722656250e+02 4.514395523071289062e+02 2.952195429801940918e+02 4.495199632644653320e+02 2.899791550636291504e+02 4.500430440902709961e+02 3.000000000000000000e+00
2.497255086898803711e+02 4.203047561645507812e+02 2.366430377960205078e+02 4.183977699279785156e+02 2.312941455841064453e+02 4.189395189285278320e+02 3.000000000000000000e+00
7.202039718627929688e+01 4.953354835510253906e+01 5.771306991577148438e+01 4.739427566528320312e+01 5.236789703369140625e+01 4.753013134002685547e+01 3.000000000000000000e+00
4.975028419494628906e+02 1.557028341293334961e+02 4.840770339965820312e+02 1.535960054397583008e+02 4.789048194885253906e+02 1.543971204757690430e+02 3.000000000000000000e+00
2.775413799285888672e+02 4.378413248062133789e+02 2.644351816177368164e+02 4.359115362167358398e+02 2.592106628417968750e+02 4.365135240554809570e+02 3.000000000000000000e+00
5.013027000427246094e+02 2.892770719528198242e+02 4.960549736022949219e+02 2.874403095245361328e+02 4.987955284118652344e+02 2.883473217487335205e+02 2.000000000000000000e+00
2.676425457000732422e+02 3.008362483978271484e+02 2.544444417953491211e+02 2.988943219184875488e+02 2.493060159683227539e+02 2.993927943706512451e+02 3.000000000000000000e+00
4.966631126403808594e+02 8.674305438995361328e+01 4.832508277893066406e+02 8.461087703704833984e+01 4.780607604980468750e+02 8.531046867370605469e+01 3.000000000000000000e+00
3.738781452178955078e+02 4.677189445495605469e+02 3.609774494171142578e+02 4.656534862518310547e+02 3.556733393669128418e+02 4.662727403640747070e+02 3.000000000000000000e+00
5.871134757995605469e+02 2.125403434038162231e+02 5.735623168945312500e+02 2.103323954343795776e+02 5.686046791076660156e+02 2.110725545883178711e+02 3.000000000000000000e+00
2.432997274398803711e+02 4.581527280807495117e+02 2.302092742919921875e+02 4.563045215606689453e+02 2.249568748474121094e+02 4.568537950515747070e+02 3.000000000000000000e+00
1.574276924133300781e+02 2.259339442849159241e+02 1.338527488708496094e+02 2.236905670166015625e+02 1.184302711486816406e+02 2.237277209758758545e+02 1.000000000000000000e+00
2.982868337631225586e+02 4.531609010696411133e+02 2.851817917823791504e+02 4.512121438980102539e+02 2.800070786476135254e+02 4.518198966979980469e+02 3.000000000000000000e+00
5.656206703186035156e+02 1.588983392715454102e+02 5.520013999938964844e+02 1.567495250701904297e+02 5.469652748107910156e+02 1.575491595268249512e+02 3.000000000000000000e+00
2.905157470703125000e+02 4.411121892929077148e+02 2.773965120315551758e+02 4.391449356079101562e+02 2.721853637695312500e+02 4.396820497512817383e+02 3.000000000000000000e+00
3.173513793945312500e+02 4.555935144424438477e+02 3.042673647403717041e+02 4.536447000503540039e+02 2.989586186408996582e+02 4.541571807861328125e+02 3.000000000000000000e+00
2.206004619598388672e+02 4.277667903900146484e+02 2.077157688140869141e+02 4.259085845947265625e+02 2.023098278045654297e+02 4.265239620208740234e+02 3.000000000000000000e+00
5.671806716918945312e+02 1.377836894989013672e+02 5.534280395507812500e+02 1.356814956665039062e+02 5.481577110290527344e+02 1.364465618133544922e+02 3.000000000000000000e+00
2.437924194335937500e+02 4.203003931045532227e+02 2.307173728942871094e+02 4.183669281005859375e+02 2.253800201416015625e+02 4.189144420623779297e+02 3.000000000000000000e+00
3.610481882095336914e+02 4.634395265579223633e+02 3.480236506462097168e+02 4.613973569869995117e+02 3.427475285530090332e+02 4.619645833969116211e+02 3.000000000000000000e+00
2.834967947006225586e+02 4.460034227371215820e+02 2.703928804397583008e+02 4.441883611679077148e+02 2.651431560516357422e+02 4.446481990814208984e+02 3.000000000000000000e+00
1.564042472839355469e+02 4.654697942733764648e+02 1.432330322265625000e+02 4.638421440124511719e+02 1.378127098083496094e+02 4.644109582901000977e+02 3.000000000000000000e+00
2.694418954849243164e+02 4.446466827392578125e+02 2.563663911819458008e+02 4.427823543548583984e+02 2.511025094985961914e+02 4.433396959304809570e+02 3.000000000000000000e+00
2.557147073745727539e+02 4.263739156723022461e+02 2.426720714569091797e+02 4.244755411148071289e+02 2.372543430328369141e+02 4.250959253311157227e+02 3.000000000000000000e+00
9.410440444946289062e+01 2.142573076486587524e+02 6.959932327270507812e+01 2.119024497270584106e+02 5.342466354370117188e+01 2.117275536060333252e+02 1.000000000000000000e+00
4.502534484863281250e+02 2.644842231273651123e+02 4.455445003509521484e+02 2.630470293760299683e+02 4.489014911651611328e+02 2.644471442699432373e+02 2.000000000000000000e+00
2.247226810455322266e+02 4.288226366043090820e+02 2.118333911895751953e+02 4.269897794723510742e+02 2.064650535583496094e+02 4.275730419158935547e+02 3.000000000000000000e+00
2.438099050521850586e+02 4.253038358688354492e+02 2.307230186462402344e+02 4.233569669723510742e+02 2.253821563720703125e+02 4.238956689834594727e+02 3.000000000000000000e+00
2.775711059570312500e+02 4.277497959136962891e+02 2.644565725326538086e+02 4.258483028411865234e+02 2.593654489517211914e+02 4.264954376220703125e+02 3.000000000000000000e+00
5.391804885864257812e+02 1.556007528305053711e+02 5.256046104431152344e+02 1.535328197479248047e+02 5.203706169128417969e+02 1.542602348327636719e+02 3.000000000000000000e+00
5.379030799865722656e+02 2.563710647821426392e+02 5.320712852478027344e+02 2.548024150729179382e+02 5.343643760681152344e+02 2.562883919477462769e+02 2.000000000000000000e+00
2.585837411880493164e+02 2.998407018184661865e+02 2.454081583023071289e+02 2.979091215133666992e+02 2.402899169921875000e+02 2.983843731880187988e+02 3.000000000000000000e+00
4.745272254943847656e+02 1.014201021194458008e+02 4.610760498046875000e+02 9.930481910705566406e+01 4.559258174896240234e+02 9.996364116668701172e+01 3.000000000000000000e+00
5.074669265747070312e+02 1.568028187751770020e+02 4.939884948730468750e+02 1.546971702575683594e+02 4.888344764709472656e+02 1.552713918685913086e+02 3.000000000000000000e+00
4.169023132324218750e+02 4.655058717727661133e+02 4.038952064514160156e+02 4.632972764968872070e+02 3.986392545700073242e+02 4.640291833877563477e+02 3.000000000000000000e+00
5.458550453186035156e+02 1.425365424156188965e+02 5.321577262878417969e+02 1.403991007804870605e+02 5.269016838073730469e+02 1.411058163642883301e+02 3.000000000000000000e+00
5.849352455139160156e+02 1.954292571544647217e+02 5.714060020446777344e+02 1.932404315471649170e+02 5.662573814392089844e+02 1.940451622009277344e+02 3.000000000000000000e+00
2.865569758415222168e+02 4.341060018539428711e+02 2.734775686264038086e+02 4.321338272094726562e+02 2.681968688964843750e+02 4.327004241943359375e+02 3.000000000000000000e+00
1.478948593139648438e+02 2.267051231861114502e+02 1.243227767944335938e+02 2.245437312126159668e+02 1.088419151306152344e+02 2.245749503374099731e+02 1.000000000000000000e+00
5.074197769165039062e+02 1.617829370498657227e+02 4.939483451843261719e+02 1.596842479705810547e+02 4.887903785705566406e+02 1.602577042579650879e+02 3.000000000000000000e+00
4.997196388244628906e+02 2.300789335370063782e+02 4.943843650817871094e+02 2.288909903168678284e+02 4.970433044433593750e+02 2.308293449878692627e+02 2.000000000000000000e+00
2.677605867385864258e+02 4.195982122421264648e+02 2.546869802474975586e+02 4.177917623519897461e+02 2.494426870346069336e+02 4.183425092697143555e+02 3.000000000000000000e+00
5.451230430603027344e+02 2.935921347141265869e+02 5.393496131896972656e+02 2.915845370292663574e+02 5.415268516540527344e+02 2.926304948329925537e+02 2.000000000000000000e+00
2.819063711166381836e+02 4.117908096313476562e+02 2.687181091308593750e+02 4.099408721923828125e+02 2.635935068130493164e+02 4.105616855621337891e+02 3.000000000000000000e+00
5.655230140686035156e+02 1.487688374519348145e+02 5.518529701232910156e+02 1.466745400428771973e+02 5.467596435546875000e+02 1.473807907104492188e+02 3.000000000000000000e+00
5.586574172973632812e+02 3.043654489517211914e+02 5.522325515747070312e+02 3.021802425384521484e+02 5.539661216735839844e+02 3.030047607421875000e+02 2.000000000000000000e+00
2.522869873046875000e+02 4.602330493927001953e+02 2.391925907135009766e+02 4.583701658248901367e+02 2.339331340789794922e+02 4.589086675643920898e+02 3.000000000000000000e+00
3.670045804977416992e+02 4.665333080291748047e+02 3.540281677246093750e+02 4.644678497314453125e+02 3.487299799919128418e+02 4.651145696640014648e+02 3.000000000000000000e+00
1.607231140136718750e+02 2.565000003576278687e+02 1.368730926513671875e+02 2.539514932036399841e+02 1.211125755310058594e+02 2.537583625316619873e+02 1.000000000000000000e+00
8.137905120849609375e+01 2.957961559295654297e+01 6.711671829223632812e+01 2.737122058868408203e+01 6.170986175537109375e+01 2.753026485443115234e+01 3.000000000000000000e+00
2.736514282226562500e+02 4.256939792633056641e+02 2.605812358856201172e+02 4.238235855102539062e+02 2.554768657684326172e+02 4.244641256332397461e+02 3.000000000000000000e+00
2.767711496353149414e+02 4.207331085205078125e+02 2.636153554916381836e+02 4.188558197021484375e+02 2.585252046585083008e+02 4.194908523559570312e+02 3.000000000000000000e+00
1.258257675170898438e+02 2.416554566100239754e+02 1.019560813903808594e+02 2.394590911455452442e+02 8.623073577880859375e+01 2.394760436564683914e+02 1.000000000000000000e+00
3.411834716796875000e+02 4.601013851165771484e+02 3.280342406034469604e+02 4.579726409912109375e+02 3.227742919325828552e+02 4.586130523681640625e+02 3.000000000000000000e+00
1.251775932312011719e+02 2.330994871258735657e+02 1.011152648925781250e+02 2.307945549488067627e+02 8.526880264282226562e+01 2.307917475700378418e+02 1.000000000000000000e+00
2.574006938934326172e+02 2.552026748657226562e+01 2.436717510223388672e+02 2.338952064514160156e+01 2.385654258728027344e+02 2.373569011688232422e+01 3.000000000000000000e+00
2.517068767547607422e+02 4.314034223556518555e+02 2.386632633209228516e+02 4.295324134826660156e+02 2.332608890533447266e+02 4.300384855270385742e+02 3.000000000000000000e+00
3.324906623363494873e+02 4.548632955551147461e+02 3.192491760104894638e+02 4.528155899047851562e+02 3.140698546171188354e+02 4.534517955780029297e+02 3.000000000000000000e+00
4.612085247039794922e+02 2.267472830414772034e+02 4.562681865692138672e+02 2.259270009398460388e+02 4.596711158752441406e+02 2.276506796479225159e+02 2.000000000000000000e+00
4.705077838897705078e+02 2.304473564028739929e+02 4.655712032318115234e+02 2.295228418707847595e+02 4.687528419494628906e+02 2.312180784344673157e+02 2.000000000000000000e+00
2.828178095817565918e+02 4.158108901977539062e+02 2.697080993652343750e+02 4.139665603637695312e+02 2.645527315139770508e+02 4.145727968215942383e+02 3.000000000000000000e+00
5.090055847167968750e+02 2.340723109245300293e+02 5.037273025512695312e+02 2.329669645428657532e+02 5.064717102050781250e+02 2.346793055534362793e+02 2.000000000000000000e+00
5.720972061157226562e+01 4.325653123855590820e+02 4.376342773437500000e+01 4.310240936279296875e+02 3.831104278564453125e+01 4.314776372909545898e+02 3.000000000000000000e+00
2.824996638298034668e+02 4.499837493896484375e+02 2.693825960159301758e+02 4.482033205032348633e+02 2.641740417480468750e+02 4.486427450180053711e+02 3.000000000000000000e+00
2.270073699951171875e+02 4.158819723129272461e+02 2.139167022705078125e+02 4.141015434265136719e+02 2.086733722686767578e+02 4.147044467926025391e+02 3.000000000000000000e+00
4.563950252532958984e+02 2.412937164679169655e+02 4.515567970275878906e+02 2.399871063226601109e+02 4.548731136322021484e+02 2.416215820983052254e+02 2.000000000000000000e+00
2.935132145881652832e+02 4.381655931472778320e+02 2.803564143180847168e+02 4.362084102630615234e+02 2.751800203323364258e+02 4.367510461807250977e+02 3.000000000000000000e+00
2.531871652603149414e+02 4.681756639480590820e+02 2.400768136978149414e+02 4.663107347488403320e+02 2.348689556121826172e+02 4.668299388885498047e+02 3.000000000000000000e+00
2.387165355682373047e+02 4.242300796508789062e+02 2.255861186981201172e+02 4.224201822280883789e+02 2.203962039947509766e+02 4.228965282440185547e+02 3.000000000000000000e+00
6.458988189697265625e+01 3.333529472351074219e+01 5.036325454711914062e+01 3.112485408782958984e+01 4.511911392211914062e+01 3.131104946136474609e+01 3.000000000000000000e+00
2.846085190773010254e+02 4.259380960464477539e+02 2.715136384963989258e+02 4.239970207214355469e+02 2.663308095932006836e+02 4.246615076065063477e+02 3.000000000000000000e+00
5.956542396545410156e+02 2.901478314399719238e+02 5.885114097595214844e+02 2.881257963180541992e+02 5.897011756896972656e+02 2.891754162311553955e+02 2.000000000000000000e+00
4.913258171081542969e+02 4.429863452911376953e+02 4.781511878967285156e+02 4.407558345794677734e+02 4.728427410125732422e+02 4.414075469970703125e+02 3.000000000000000000e+00
1.478468513488769531e+02 2.372873532772064209e+02 1.241151237487792969e+02 2.350807642936706543e+02 1.084845161437988281e+02 2.350985258817672729e+02 1.000000000000000000e+00
2.804926753044128418e+02 4.429466629028320312e+02 2.673853445053100586e+02 4.410691881179809570e+02 2.621247529983520508e+02 4.415748453140258789e+02 3.000000000000000000e+00
1.488544082641601562e+02 2.084383678436279297e+02 1.249077033996582031e+02 2.063062262535095215e+02 1.092971229553222656e+02 2.064583575725555420e+02 1.000000000000000000e+00
6.028121948242187500e+02 4.438376426696777344e+01 5.891065788269042969e+02 4.230814933776855469e+01 5.837609291076660156e+02 4.316559791564941406e+01 3.000000000000000000e+00
5.369633293151855469e+02 2.668708509206771851e+02 5.311549186706542969e+02 2.652872014045715332e+02 5.333790969848632812e+02 2.665518808364868164e+02 2.000000000000000000e+00
2.865445852279663086e+02 4.400466442108154297e+02 2.734003591537475586e+02 4.381021785736083984e+02 2.681459665298461914e+02 4.386563873291015625e+02 3.000000000000000000e+00
1.544088554382324219e+02 2.107890003919601440e+02 1.307473945617675781e+02 2.088037383556365967e+02 1.154061508178710938e+02 2.090525507926940918e+02 1.000000000000000000e+00
2.602706909179687500e+02 4.533866357803344727e+02 2.472214508056640625e+02 4.514773321151733398e+02 2.419339275360107422e+02 4.520816516876220703e+02 3.000000000000000000e+00
4.364881610870361328e+02 4.208209276199340820e+02 4.233695411682128906e+02 4.186461925506591797e+02 4.182088375091552734e+02 4.193322229385375977e+02 3.000000000000000000e+00
1.464533424377441406e+02 4.665048694610595703e+02 1.333441543579101562e+02 4.647935628890991211e+02 1.278573608398437500e+02 4.653663110733032227e+02 3.000000000000000000e+00
2.867306518554687500e+02 4.159118986129760742e+02 2.736482858657836914e+02 4.140034246444702148e+02 2.684424734115600586e+02 4.146416759490966797e+02 3.000000000000000000e+00
5.068764305114746094e+02 2.330693659186363220e+02 5.015095901489257812e+02 2.319644317030906677e+02 5.042691421508789062e+02 2.336883848905563354e+02 2.000000000000000000e+00
5.479099082946777344e+02 1.555959749221801758e+02 5.342264366149902344e+02 1.534845685958862305e+02 5.290252113342285156e+02 1.542318248748779297e+02 3.000000000000000000e+00
2.673037385940551758e+02 4.546268463134765625e+02 2.542310953140258789e+02 4.527576971054077148e+02 2.489329195022583008e+02 4.532847976684570312e+02 3.000000000000000000e+00
1.752170085906982422e+02 2.392193450778722763e+02 1.516038703918457031e+02 2.368671110272407532e+02 1.361477088928222656e+02 2.368202054500579834e+02 1.000000000000000000e+00
9.645870208740234375e+01 2.080245208740234375e+02 7.196203231811523438e+01 2.057503330707550049e+02 5.577262878417968750e+01 2.057409667968750000e+02 1.000000000000000000e+00
5.371526527404785156e+02 1.505832338333129883e+02 5.235436439514160156e+02 1.484938430786132812e+02 5.182905387878417969e+02 1.491580581665039062e+02 3.000000000000000000e+00
4.997336196899414062e+02 2.407823486812412739e+02 4.944876098632812500e+02 2.397725677303969860e+02 4.972486305236816406e+02 2.411691895499825478e+02 2.000000000000000000e+00
1.980640411376953125e+02 4.273511695861816406e+02 1.850330638885498047e+02 4.255211877822875977e+02 1.795258045196533203e+02 4.260362005233764648e+02 3.000000000000000000e+00
1.242734527587890625e+02 3.142611980438232422e+01 1.101251602172851562e+02 2.922918319702148438e+01 1.048149299621582031e+02 2.943142890930175781e+01 3.000000000000000000e+00
1.624606609344482422e+02 2.477012336254119873e+02 1.385524749755859375e+02 2.453485719859600067e+02 1.227604103088378906e+02 2.452495425939559937e+02 1.000000000000000000e+00
6.046915245056152344e+02 1.885682666301727295e+02 5.911390495300292969e+02 1.863465249538421631e+02 5.858206176757812500e+02 1.873350334167480469e+02 3.000000000000000000e+00
4.238106727600097656e+02 4.696794605255126953e+02 4.107301616668701172e+02 4.674488639831542969e+02 4.055259990692138672e+02 4.682034158706665039e+02 3.000000000000000000e+00
5.577377891540527344e+02 5.355188369750976562e+01 5.439001464843750000e+02 5.147043228149414062e+01 5.387301635742187500e+02 5.233972549438476562e+01 3.000000000000000000e+00
5.929940795898437500e+02 2.175890028476715088e+02 5.795253944396972656e+02 2.153908985853195190e+02 5.746293449401855469e+02 2.160773295164108276e+02 3.000000000000000000e+00
1.146297836303710938e+02 4.678029012680053711e+02 1.013220405578613281e+02 4.662451887130737305e+02 9.588274002075195312e+01 4.666662168502807617e+02 3.000000000000000000e+00
4.984878349304199219e+02 4.340761184692382812e+02 4.853147888183593750e+02 4.318050384521484375e+02 4.799588012695312500e+02 4.324527025222778320e+02 3.000000000000000000e+00
5.918173789978027344e+02 4.217305040359497070e+02 5.784496498107910156e+02 4.193827056884765625e+02 5.731824302673339844e+02 4.201348686218261719e+02 3.000000000000000000e+00
4.998990440368652344e+02 2.687525653839111328e+02 4.946806716918945312e+02 2.670663464069366455e+02 4.975408744812011719e+02 2.683373737335205078e+02 2.000000000000000000e+00
4.054867267608642578e+02 3.743045425415039062e+02 3.924147653579711914e+02 3.721492052078247070e+02 3.872643756866455078e+02 3.728260803222656250e+02 3.000000000000000000e+00
4.666680622100830078e+02 2.492748570442199707e+02 4.617340087890625000e+02 2.478798222541809082e+02 4.649804115295410156e+02 2.493382421135902405e+02 2.000000000000000000e+00
5.162253379821777344e+02 5.997292041778564453e+01 5.025798606872558594e+02 5.790111064910888672e+01 4.976301574707031250e+02 5.864350318908691406e+01 3.000000000000000000e+00
4.473166561126708984e+02 4.371673107147216797e+02 4.341580486297607422e+02 4.349426364898681641e+02 4.289449214935302734e+02 4.355833196640014648e+02 3.000000000000000000e+00
2.765530061721801758e+02 4.327930068969726562e+02 2.635136413574218750e+02 4.309120845794677734e+02 2.583242464065551758e+02 4.315258312225341797e+02 3.000000000000000000e+00
4.853641319274902344e+02 2.701365995407104492e+02 4.801966857910156250e+02 2.682705098390579224e+02 4.831242942810058594e+02 2.693895882368087769e+02 2.000000000000000000e+00
4.122703838348388672e+02 4.366011428833007812e+02 3.992285156250000000e+02 4.344180965423583984e+02 3.938920307159423828e+02 4.351222658157348633e+02 3.000000000000000000e+00
2.874832749366760254e+02 4.440636348724365234e+02 2.743520784378051758e+02 4.421576929092407227e+02 2.691410207748413086e+02 4.426812887191772461e+02 3.000000000000000000e+00
1.226807022094726562e+02 2.366207273304462433e+02 9.860937118530273438e+01 2.343259428441524506e+02 8.276832580566406250e+01 2.343182064592838287e+02 1.000000000000000000e+00
3.869327116012573242e+02 4.679431200027465820e+02 3.738814687728881836e+02 4.658476066589355469e+02 3.686632108688354492e+02 4.664349174499511719e+02 3.000000000000000000e+00
3.133534544706344604e+02 4.525597715377807617e+02 3.003125917911529541e+02 4.506266641616821289e+02 2.949772953987121582e+02 4.511444807052612305e+02 3.000000000000000000e+00
5.987159538269042969e+02 3.629240512847900391e+01 5.849255943298339844e+02 3.422092437744140625e+01 5.796563720703125000e+02 3.505660057067871094e+01 3.000000000000000000e+00
4.994627761840820312e+02 4.381430196762084961e+02 4.862631797790527344e+02 4.358550882339477539e+02 4.809322547912597656e+02 4.365038251876831055e+02 3.000000000000000000e+00
5.436530113220214844e+02 2.657388621568679810e+02 5.378002929687500000e+02 2.640999770164489746e+02 5.400078201293945312e+02 2.655719304084777832e+02 2.000000000000000000e+00
4.909882926940917969e+02 2.680920428037643433e+02 4.857662773132324219e+02 2.663272422552108765e+02 4.886251640319824219e+02 2.675510877370834351e+02 2.000000000000000000e+00
5.772099113464355469e+02 2.789176046848297119e+02 5.707546424865722656e+02 2.771217656135559082e+02 5.724311637878417969e+02 2.784509003162384033e+02 2.000000000000000000e+00
2.874749135971069336e+02 4.519909429550170898e+02 2.743358755111694336e+02 4.500868606567382812e+02 2.691738557815551758e+02 4.506501531600952148e+02 3.000000000000000000e+00
2.718071603775024414e+02 4.186833572387695312e+02 2.587483215332031250e+02 4.168469381332397461e+02 2.535581207275390625e+02 4.174430322647094727e+02 3.000000000000000000e+00
5.436138916015625000e+02 2.630567944049835205e+02 5.377262687683105469e+02 2.615032660961151123e+02 5.399516105651855469e+02 2.629216933250427246e+02 2.000000000000000000e+00
2.576692485809326172e+02 4.314401578903198242e+02 2.446636056900024414e+02 4.295842123031616211e+02 2.392611980438232422e+02 4.301562023162841797e+02 3.000000000000000000e+00
1.547552680969238281e+02 2.308023217320442200e+02 1.311954116821289062e+02 2.285954126715660095e+02 1.156997489929199219e+02 2.286071616411209106e+02 1.000000000000000000e+00
2.616536569595336914e+02 4.314937877655029297e+02 2.486167287826538086e+02 4.296435070037841797e+02 2.432803201675415039e+02 4.302207469940185547e+02 3.000000000000000000e+00
5.353626060485839844e+02 1.625192213058471680e+02 5.218980216979980469e+02 1.604226493835449219e+02 5.166306114196777344e+02 1.611583328247070312e+02 3.000000000000000000e+00
6.026666831970214844e+02 2.816087365150451660e+02 5.955191612243652344e+02 2.797621464729309082e+02 5.967034339904785156e+02 2.809071671962738037e+02 2.000000000000000000e+00
4.049677181243896484e+02 4.612472677230834961e+02 3.919202566146850586e+02 4.590804576873779297e+02 3.866120910644531250e+02 4.597759580612182617e+02 3.000000000000000000e+00
5.123249626159667969e+02 5.687989711761474609e+01 4.986385536193847656e+02 5.480848789215087891e+01 4.937029457092285156e+02 5.554511547088623047e+01 3.000000000000000000e+00
1.576352691650390625e+02 2.347183071076869965e+02 1.340661239624023438e+02 2.324990075826644897e+02 1.185854911804199219e+02 2.325176538527011871e+02 1.000000000000000000e+00
1.486327552795410156e+02 3.773131370544433594e+01 1.345923614501953125e+02 3.559085369110107422e+01 1.294104194641113281e+02 3.583431243896484375e+01 3.000000000000000000e+00
1.787873554229736328e+02 2.422951814532279968e+02 1.551332283020019531e+02 2.399135284381918609e+02 1.396120452880859375e+02 2.398455810500308871e+02 1.000000000000000000e+00
4.912052917480468750e+02 5.861559391021728516e+01 4.775233173370361328e+02 5.653045177459716797e+01 4.723657226562500000e+02 5.732208251953125000e+01 3.000000000000000000e+00
2.264393615722656250e+02 4.478554201126098633e+02 2.132543277740478516e+02 4.460661363601684570e+02 2.079146289825439453e+02 4.465911054611206055e+02 3.000000000000000000e+00
5.423044395446777344e+02 6.431221961975097656e+01 5.285034751892089844e+02 6.223989486694335938e+01 5.233252525329589844e+02 6.299735069274902344e+01 3.000000000000000000e+00
8.897541046142578125e+01 4.491927051544189453e+02 7.546287536621093750e+01 4.475304079055786133e+02 7.009767532348632812e+01 4.479505062103271484e+02 3.000000000000000000e+00
4.779464721679687500e+02 4.007016420364379883e+02 4.647309589385986328e+02 3.984474563598632812e+02 4.595744323730468750e+02 3.992544364929199219e+02 3.000000000000000000e+00
7.420492172241210938e+01 4.452787399291992188e+01 5.987565994262695312e+01 4.240555286407470703e+01 5.451658248901367188e+01 4.255313873291015625e+01 3.000000000000000000e+00
2.457570171356201172e+02 4.312932586669921875e+02 2.326809024810791016e+02 4.294168424606323242e+02 2.273445987701416016e+02 4.299485921859741211e+02 3.000000000000000000e+00
4.351002216339111328e+02 4.518757438659667969e+02 4.220536231994628906e+02 4.496694374084472656e+02 4.167782878875732422e+02 4.504280805587768555e+02 3.000000000000000000e+00
5.580701255798339844e+02 2.979469299316406250e+01 5.443353843688964844e+02 2.788403034210205078e+01 5.390708732604980469e+02 2.873077869415283203e+01 3.000000000000000000e+00
5.584246253967285156e+02 1.567743945121765137e+02 5.447242546081542969e+02 1.546542477607727051e+02 5.396718788146972656e+02 1.554209232330322266e+02 3.000000000000000000e+00
5.272324180603027344e+02 1.363987684249877930e+02 5.135712242126464844e+02 1.342118811607360840e+02 5.083019065856933594e+02 1.348154711723327637e+02 3.000000000000000000e+00
4.523604774475097656e+02 3.882297134399414062e+02 4.391033077239990234e+02 3.860600423812866211e+02 4.339582252502441406e+02 3.867471742630004883e+02 3.000000000000000000e+00
4.516085243225097656e+02 4.181052303314208984e+02 4.384392738342285156e+02 4.159084510803222656e+02 4.332756328582763672e+02 4.165909481048583984e+02 3.000000000000000000e+00
6.067932128906250000e+02 1.515986752510070801e+02 5.931707763671875000e+02 1.494218873977661133e+02 5.879553222656250000e+02 1.503482937812805176e+02 3.000000000000000000e+00
4.188669490814208984e+02 3.554829168319702148e+02 4.057496643066406250e+02 3.534378433227539062e+02 4.005060768127441406e+02 3.540287518501281738e+02 3.000000000000000000e+00
5.527438354492187500e+02 2.554931348562240601e+02 5.468051147460937500e+02 2.539353945851325989e+02 5.490396118164062500e+02 2.554050296545028687e+02 2.000000000000000000e+00
4.593702983856201172e+02 2.441661836206912994e+02 4.545024776458740234e+02 2.428391877561807632e+02 4.577650451660156250e+02 2.442875978350639343e+02 2.000000000000000000e+00
5.662785720825195312e+02 1.911179316043853760e+02 5.527904701232910156e+02 1.888165855407714844e+02 5.474832725524902344e+02 1.896913111209869385e+02 3.000000000000000000e+00
5.577052116394042969e+02 6.057164669036865234e+01 5.438808631896972656e+02 5.849511623382568359e+01 5.387121009826660156e+02 5.937297821044921875e+01 3.000000000000000000e+00
5.986417961120605469e+02 2.823941373825073242e+02 5.915018272399902344e+02 2.805390357971191406e+02 5.927107048034667969e+02 2.816196620464324951e+02 2.000000000000000000e+00
4.724453449249267578e+02 3.744948434829711914e+02 4.592599487304687500e+02 3.722664499282836914e+02 4.540741634368896484e+02 3.729147434234619141e+02 3.000000000000000000e+00
5.510091590881347656e+02 1.416183900833129883e+02 5.372948074340820312e+02 1.394730663299560547e+02 5.320119094848632812e+02 1.402085351943969727e+02 3.000000000000000000e+00
4.423505592346191406e+02 3.881030702590942383e+02 4.291479492187500000e+02 3.859209394454956055e+02 4.239165019989013672e+02 3.866302299499511719e+02 3.000000000000000000e+00
4.212918090820312500e+02 3.302785706520080566e+02 4.081078529357910156e+02 3.281785011291503906e+02 4.030092144012451172e+02 3.288172960281372070e+02 3.000000000000000000e+00
4.847053527832031250e+02 1.792257213592529297e+02 4.736796569824218750e+02 1.786757040023803711e+02 4.695808696746826172e+02 1.798811030387878418e+02 3.000000000000000000e+00
2.646944284439086914e+02 4.285289382934570312e+02 2.516440439224243164e+02 4.267056655883789062e+02 2.463277101516723633e+02 4.272520494461059570e+02 3.000000000000000000e+00
5.642782020568847656e+02 2.716144430637359619e+02 5.571275711059570312e+02 2.692614144086837769e+02 5.581251335144042969e+02 2.699352729320526123e+02 2.000000000000000000e+00
5.705428504943847656e+02 2.778464055061340332e+02 5.639658164978027344e+02 2.756575334072113037e+02 5.655524253845214844e+02 2.768735969066619873e+02 2.000000000000000000e+00
4.636506652832031250e+02 3.613278293609619141e+02 4.505459308624267578e+02 3.590467286109924316e+02 4.453451824188232422e+02 3.597354769706726074e+02 3.000000000000000000e+00
5.926881217956542969e+02 1.555790519714355469e+02 5.790817260742187500e+02 1.533981156349182129e+02 5.738332557678222656e+02 1.541662430763244629e+02 3.000000000000000000e+00
2.107750415802001953e+02 4.295693492889404297e+02 1.977793407440185547e+02 4.276758813858032227e+02 1.922694110870361328e+02 4.282599592208862305e+02 3.000000000000000000e+00
4.708699703216552734e+02 4.595877456665039062e+02 4.577908611297607422e+02 4.573324728012084961e+02 4.524428462982177734e+02 4.579980325698852539e+02 3.000000000000000000e+00
1.260272216796875000e+02 2.539852300286293030e+02 1.020581436157226562e+02 2.515746313333511353e+02 8.625928878784179688e+01 2.514044657349586487e+02 1.000000000000000000e+00
1.293786239624023438e+02 2.239887714385986328e+01 1.152675819396972656e+02 2.015749454498291016e+01 1.099875450134277344e+02 2.039839267730712891e+01 3.000000000000000000e+00
5.976152420043945312e+02 1.755116844177246094e+02 5.840306472778320312e+02 1.733328080177307129e+02 5.788139152526855469e+02 1.742309975624084473e+02 3.000000000000000000e+00
6.684547424316406250e+01 4.627631950378417969e+02 5.330863952636718750e+01 4.612074136734008789e+02 4.778020858764648438e+01 4.616655349731445312e+02 3.000000000000000000e+00
2.502163219451904297e+02 4.652154636383056641e+02 2.371258354187011719e+02 4.633537387847900391e+02 2.318418598175048828e+02 4.638985776901245117e+02 3.000000000000000000e+00
4.494246578216552734e+02 3.791752767562866211e+02 4.362708473205566406e+02 3.769701576232910156e+02 4.310515117645263672e+02 3.776198816299438477e+02 3.000000000000000000e+00
5.245191764831542969e+02 4.436331939697265625e+02 5.112638854980468750e+02 4.412951087951660156e+02 5.058966445922851562e+02 4.420698595046997070e+02 3.000000000000000000e+00
4.666891765594482422e+02 2.415392761677503586e+02 4.618244647979736328e+02 2.403567352518439293e+02 4.651273250579833984e+02 2.418862152099609375e+02 2.000000000000000000e+00
3.814458847045898438e+01 4.561161947250366211e+02 2.439920425415039062e+01 4.545756912231445312e+02 1.901193618774414062e+01 4.551354217529296875e+02 3.000000000000000000e+00
5.642858314514160156e+02 2.870511817932128906e+02 5.577038574218750000e+02 2.849099135398864746e+02 5.594383621215820312e+02 2.858775973320007324e+02 2.000000000000000000e+00
5.514309120178222656e+02 1.736479425430297852e+02 5.379127883911132812e+02 1.715230536460876465e+02 5.326771926879882812e+02 1.723899507522583008e+02 3.000000000000000000e+00
2.665269136428833008e+02 3.057971835136413574e+02 2.533667612075805664e+02 3.038494920730590820e+02 2.482169008255004883e+02 3.043308448791503906e+02 3.000000000000000000e+00
5.469092369079589844e+02 1.515890908241271973e+02 5.332301139831542969e+02 1.494653105735778809e+02 5.279901123046875000e+02 1.501352047920227051e+02 3.000000000000000000e+00
9.571208953857421875e+01 2.036470019817352295e+02 7.120227813720703125e+01 2.014004659652709961e+02 5.505071640014648438e+01 2.013521397113800049e+02 1.000000000000000000e+00
1.010038185119628906e+02 2.227595812082290649e+02 7.659515380859375000e+01 2.203576183319091797e+02 6.040760040283203125e+01 2.200524741411209106e+02 1.000000000000000000e+00
1.189044952392578125e+02 2.499835976958274841e+02 9.480142593383789062e+01 2.475921785831451416e+02 7.894605636596679688e+01 2.474476169049739838e+02 1.000000000000000000e+00
4.190992450714111328e+02 3.354548048973083496e+02 4.058726787567138672e+02 3.333795833587646484e+02 4.007941341400146484e+02 3.340960407257080078e+02 3.000000000000000000e+00
4.777542781829833984e+02 8.233486175537109375e+01 4.642584896087646484e+02 8.026850223541259766e+01 4.591651630401611328e+02 8.098627567291259766e+01 3.000000000000000000e+00
6.005326652526855469e+02 1.884710347652435303e+02 5.869853591918945312e+02 1.862847411632537842e+02 5.817327308654785156e+02 1.872341895103454590e+02 3.000000000000000000e+00
4.664943885803222656e+02 2.296388241648674011e+02 4.615122127532958984e+02 2.287493589520454407e+02 4.646966838836669922e+02 2.305039975047111511e+02 2.000000000000000000e+00
5.579044914245605469e+02 2.838428664207458496e+02 5.516557121276855469e+02 2.817904973030090332e+02 5.535661125183105469e+02 2.829066181182861328e+02 2.000000000000000000e+00
5.732233238220214844e+02 1.992968130111694336e+02 5.596707725524902344e+02 1.970770096778869629e+02 5.544024658203125000e+02 1.978226137161254883e+02 3.000000000000000000e+00
4.668059730529785156e+02 4.676589775085449219e+02 4.537268733978271484e+02 4.654539012908935547e+02 4.484169292449951172e+02 4.661142683029174805e+02 3.000000000000000000e+00
5.583344841003417969e+02 1.487494611740112305e+02 5.446089553833007812e+02 1.466326975822448730e+02 5.394796752929687500e+02 1.473410582542419434e+02 3.000000000000000000e+00
2.523349618911743164e+02 2.546274662017822266e+01 2.385023212432861328e+02 2.334221363067626953e+01 2.333013916015625000e+02 2.370182991027832031e+01 3.000000000000000000e+00
4.700164794921875000e+02 2.407138214260339737e+02 4.652083492279052734e+02 2.395877685304731131e+02 4.683550453186035156e+02 2.411321412026882172e+02 2.000000000000000000e+00
5.062009239196777344e+02 1.759812569618225098e+02 4.928365898132324219e+02 1.738089895248413086e+02 4.876210594177246094e+02 1.745008850097656250e+02 3.000000000000000000e+00
3.779819631576538086e+02 4.667708301544189453e+02 3.650192594528198242e+02 4.646848583221435547e+02 3.597280883789062500e+02 4.653183746337890625e+02 3.000000000000000000e+00
5.961729812622070312e+02 2.075626981258392334e+02 5.825725746154785156e+02 2.053858172893524170e+02 5.773953819274902344e+02 2.062551105022430420e+02 3.000000000000000000e+00
1.973317050933837891e+02 3.658414363861083984e+01 1.836325550079345703e+02 3.441410064697265625e+01 1.786299705505371094e+02 3.465248107910156250e+01 3.000000000000000000e+00
4.884131813049316406e+02 2.400500030536204576e+02 4.831850242614746094e+02 2.388570098206400871e+02 4.860159111022949219e+02 2.403735351841896772e+02 2.000000000000000000e+00
4.574215412139892578e+02 3.762367343902587891e+02 4.443023681640625000e+02 3.740284252166748047e+02 4.390626239776611328e+02 3.746795654296875000e+02 3.000000000000000000e+00
2.381474876403808594e+02 4.713289546966552734e+02 2.250815868377685547e+02 4.694899177551269531e+02 2.197744560241699219e+02 4.700489044189453125e+02 3.000000000000000000e+00
5.623615074157714844e+02 1.920791280269622803e+02 5.488580322265625000e+02 1.897774171829223633e+02 5.435244178771972656e+02 1.906574678421020508e+02 3.000000000000000000e+00
4.631833839416503906e+02 3.944622945785522461e+02 4.499211406707763672e+02 3.922267484664916992e+02 4.447528362274169922e+02 3.930181360244750977e+02 3.000000000000000000e+00
5.054726219177246094e+02 2.664037799835205078e+02 5.002333450317382812e+02 2.647243362665176392e+02 5.030059623718261719e+02 2.661383378505706787e+02 2.000000000000000000e+00
1.867782402038574219e+02 4.419611549377441406e+02 1.733863830566406250e+02 4.402135133743286133e+02 1.682191276550292969e+02 4.407296848297119141e+02 3.000000000000000000e+00
5.285347366333007812e+02 4.366070938110351562e+02 5.152537345886230469e+02 4.342774486541748047e+02 5.099606132507324219e+02 4.350290966033935547e+02 3.000000000000000000e+00
4.221774578094482422e+02 3.896496677398681641e+02 4.090272521972656250e+02 3.875223398208618164e+02 4.037569332122802734e+02 3.882557773590087891e+02 3.000000000000000000e+00
5.771102905273437500e+02 1.993626523017883301e+02 5.635636711120605469e+02 1.971503269672393799e+02 5.583109092712402344e+02 1.979476296901702881e+02 3.000000000000000000e+00
5.316907310485839844e+02 1.011993741989135742e+02 5.178781127929687500e+02 9.915060997009277344e+01 5.127702140808105469e+02 9.974876403808593750e+01 3.000000000000000000e+00
4.249090862274169922e+02 3.444549036026000977e+02 4.117423439025878906e+02 3.423600482940673828e+02 4.066244792938232422e+02 3.430445337295532227e+02 3.000000000000000000e+00
2.807543325424194336e+02 4.228198385238647461e+02 2.676275634765625000e+02 4.209485006332397461e+02 2.624931955337524414e+02 4.215701150894165039e+02 3.000000000000000000e+00
4.680889034271240234e+02 2.706716644763946533e+02 4.633245563507080078e+02 2.686058664321899414e+02 4.664829730987548828e+02 2.696728831529617310e+02 2.000000000000000000e+00
4.367259216308593750e+02 3.648669147491455078e+02 4.235264587402343750e+02 3.627314758300781250e+02 4.182975769042968750e+02 3.633085155487060547e+02 3.000000000000000000e+00
5.742052078247070312e+02 1.932735121250152588e+02 5.606587028503417969e+02 1.909911632537841797e+02 5.553903770446777344e+02 1.918519091606140137e+02 3.000000000000000000e+00
5.431533241271972656e+02 1.546061182022094727e+02 5.295616531372070312e+02 1.525139093399047852e+02 5.243233680725097656e+02 1.532639122009277344e+02 3.000000000000000000e+00
2.498856210708618164e+02 4.113196849822998047e+02 2.366376209259033203e+02 4.093430614471435547e+02 2.314349079132080078e+02 4.099414730072021484e+02 3.000000000000000000e+00
5.690902709960937500e+02 2.122231435775756836e+02 5.556428909301757812e+02 2.100565320253372192e+02 5.505841064453125000e+02 2.109152823686599731e+02 3.000000000000000000e+00
4.743682289123535156e+02 2.312407681345939636e+02 4.694740295410156250e+02 2.302717280387878418e+02 4.725948810577392578e+02 2.318734735250473022e+02 2.000000000000000000e+00
4.829258155822753906e+02 4.077672243118286133e+02 4.697174739837646484e+02 4.054908227920532227e+02 4.645453166961669922e+02 4.062936115264892578e+02 3.000000000000000000e+00
5.687019157409667969e+02 1.629267811775207520e+02 5.551263427734375000e+02 1.607633757591247559e+02 5.500874137878417969e+02 1.616101169586181641e+02 3.000000000000000000e+00
5.540477943420410156e+02 1.527833676338195801e+02 5.403604125976562500e+02 1.506421494483947754e+02 5.351085853576660156e+02 1.513636565208435059e+02 3.000000000000000000e+00
3.013609921932220459e+02 4.422050571441650391e+02 2.882532334327697754e+02 4.402349996566772461e+02 2.830709528923034668e+02 4.407997512817382812e+02 3.000000000000000000e+00
1.504296302795410156e+02 4.695280551910400391e+02 1.372804641723632812e+02 4.678178215026855469e+02 1.318039321899414062e+02 4.683883523941040039e+02 3.000000000000000000e+00
5.549276161193847656e+02 3.628277921676635742e+02 5.416034507751464844e+02 3.605478858947753906e+02 5.363927650451660156e+02 3.613545942306518555e+02 3.000000000000000000e+00
4.143772888183593750e+02 4.286133813858032227e+02 4.012519836425781250e+02 4.264412927627563477e+02 3.960069608688354492e+02 4.271481084823608398e+02 3.000000000000000000e+00
5.378468132019042969e+02 8.642761230468750000e+01 5.241701126098632812e+02 8.431604862213134766e+01 5.189032554626464844e+02 8.512729167938232422e+01 3.000000000000000000e+00
4.615138912200927734e+02 3.682905006408691406e+02 4.483949279785156250e+02 3.660528373718261719e+02 4.431622600555419922e+02 3.667094421386718750e+02 3.000000000000000000e+00
6.047431755065917969e+02 3.837724685668945312e+01 5.909937858581542969e+02 3.629187583923339844e+01 5.856913566589355469e+02 3.712985515594482422e+01 3.000000000000000000e+00
5.558698081970214844e+02 3.678661251068115234e+02 5.425502967834472656e+02 3.655787086486816406e+02 5.373457717895507812e+02 3.664049434661865234e+02 3.000000000000000000e+00
4.535192012786865234e+02 4.241892528533935547e+02 4.403888893127441406e+02 4.219892978668212891e+02 4.351702022552490234e+02 4.226496362686157227e+02 3.000000000000000000e+00
9.553701400756835938e+01 4.662831258773803711e+02 8.230836868286132812e+01 4.647309064865112305e+02 7.677827835083007812e+01 4.652435731887817383e+02 3.000000000000000000e+00
5.887377929687500000e+02 1.393770217895507812e+01 5.751002311706542969e+02 1.186241626739501953e+01 5.700268554687500000e+02 1.278659820556640625e+01 3.000000000000000000e+00
4.761058998107910156e+02 2.410105896368622780e+02 4.711061382293701172e+02 2.398598785372450948e+02 4.742185974121093750e+02 2.414198913797736168e+02 2.000000000000000000e+00
4.722514343261718750e+02 1.370733618736267090e+02 4.587122249603271484e+02 1.350430870056152344e+02 4.536633968353271484e+02 1.356604242324829102e+02 3.000000000000000000e+00
4.170110225677490234e+02 3.404335713386535645e+02 4.038291645050048828e+02 3.383433580398559570e+02 3.987212848663330078e+02 3.390285086631774902e+02 3.000000000000000000e+00
4.259277629852294922e+02 3.545513963699340820e+02 4.127632808685302734e+02 3.524764180183410645e+02 4.074961280822753906e+02 3.530731844902038574e+02 3.000000000000000000e+00
5.477410316467285156e+02 2.904714703559875488e+02 5.418631553649902344e+02 2.884875512123107910e+02 5.440993690490722656e+02 2.894931042194366455e+02 2.000000000000000000e+00
4.522578430175781250e+02 2.224558854103088379e+02 4.473157024383544922e+02 2.215666186809539795e+02 4.509970092773437500e+02 2.233371573686599731e+02 2.000000000000000000e+00
5.494217491149902344e+02 2.652433186769485474e+02 5.435281372070312500e+02 2.636219805479049683e+02 5.457191848754882812e+02 2.650068068504333496e+02 2.000000000000000000e+00
4.161476802825927734e+02 4.436084461212158203e+02 4.031184101104736328e+02 4.414448976516723633e+02 3.978305053710937500e+02 4.422069740295410156e+02 3.000000000000000000e+00
4.209454059600830078e+02 3.434582877159118652e+02 4.077540016174316406e+02 3.413570022583007812e+02 4.026363849639892578e+02 3.420575952529907227e+02 3.000000000000000000e+00
1.198419570922851562e+02 4.517762804031372070e+02 1.064988327026367188e+02 4.502649307250976562e+02 1.010741996765136719e+02 4.505733489990234375e+02 3.000000000000000000e+00
2.487655305862426758e+02 4.363314914703369141e+02 2.357327079772949219e+02 4.344752597808837891e+02 2.304208374023437500e+02 4.349777269363403320e+02 3.000000000000000000e+00
4.317812538146972656e+02 3.627915716171264648e+02 4.186049556732177734e+02 3.606733417510986328e+02 4.133838844299316406e+02 3.612653017044067383e+02 3.000000000000000000e+00
5.372462272644042969e+02 2.889515089988708496e+02 5.314413452148437500e+02 2.869754970073699951e+02 5.336497306823730469e+02 2.879856884479522705e+02 2.000000000000000000e+00
5.807075309753417969e+02 2.832817697525024414e+02 5.742565917968750000e+02 2.813638615608215332e+02 5.756923294067382812e+02 2.826050448417663574e+02 2.000000000000000000e+00
4.859402275085449219e+02 7.057740211486816406e+01 4.723540019989013672e+02 6.846420764923095703e+01 4.671868610382080078e+02 6.921697139739990234e+01 3.000000000000000000e+00
4.729078102111816406e+02 1.193538236618041992e+02 4.594163227081298828e+02 1.173672008514404297e+02 4.543651771545410156e+02 1.178974199295043945e+02 3.000000000000000000e+00
5.229054069519042969e+02 4.648467206954956055e+02 5.096678733825683594e+02 4.625161314010620117e+02 5.043208885192871094e+02 4.632502841949462891e+02 3.000000000000000000e+00
4.516081523895263672e+02 2.185426712036132812e+01 4.378049659729003906e+02 1.976119995117187500e+01 4.327956295013427734e+02 2.050446510314941406e+01 3.000000000000000000e+00
2.646806001663208008e+02 4.244975709915161133e+02 2.516218709945678711e+02 4.226835107803344727e+02 2.463101053237915039e+02 4.232375335693359375e+02 3.000000000000000000e+00
4.020057106018066406e+02 4.641385889053344727e+02 3.889651823043823242e+02 4.619887161254882812e+02 3.836424875259399414e+02 4.626827859878540039e+02 3.000000000000000000e+00
5.054529190063476562e+02 4.311771011352539062e+02 4.923106956481933594e+02 4.288887119293212891e+02 4.869112014770507812e+02 4.295087385177612305e+02 3.000000000000000000e+00
4.706167316436767578e+02 2.722802460193634033e+02 4.654077816009521484e+02 2.702237248420715332e+02 4.685105609893798828e+02 2.712753939628601074e+02 2.000000000000000000e+00
5.380186271667480469e+02 8.242811679840087891e+01 5.242575073242187500e+02 8.035263061523437500e+01 5.190603637695312500e+02 8.111457824707031250e+01 3.000000000000000000e+00
8.242313385009765625e+01 2.461194992065429688e+01 6.815618515014648438e+01 2.241804599761962891e+01 6.277729034423828125e+01 2.254015445709228516e+01 3.000000000000000000e+00
1.763830280303955078e+02 4.608195018768310547e+02 1.630801200866699219e+02 4.591849422454833984e+02 1.578198432922363281e+02 4.596775674819946289e+02 3.000000000000000000e+00
4.250776386260986328e+02 3.354922556877136230e+02 4.118577289581298828e+02 3.334236216545104980e+02 4.067739295959472656e+02 3.341367816925048828e+02 3.000000000000000000e+00
5.066546058654785156e+02 2.649199229478836060e+02 5.014196777343750000e+02 2.634775704145431519e+02 5.042200660705566406e+02 2.648960888385772705e+02 2.000000000000000000e+00
5.214750480651855469e+02 4.295777320861816406e+02 5.082507324218750000e+02 4.272990846633911133e+02 5.029494667053222656e+02 4.280055999755859375e+02 3.000000000000000000e+00
2.624606943130493164e+02 3.156414198875427246e+02 2.493273591995239258e+02 3.136418223381042480e+02 2.441537475585937500e+02 3.143395757675170898e+02 3.000000000000000000e+00
5.323544311523437500e+02 4.321735382080078125e+01 5.188994216918945312e+02 4.111617565155029297e+01 5.137764358520507812e+02 4.180293560028076172e+01 3.000000000000000000e+00
5.146191406250000000e+02 2.359848171472549438e+02 5.089965820312500000e+02 2.348711849749088287e+02 5.115346336364746094e+02 2.365675353258848190e+02 2.000000000000000000e+00
5.329053878784179688e+01 4.634564352035522461e+02 3.958459854125976562e+01 4.619458723068237305e+02 3.420158386230468750e+01 4.624273824691772461e+02 3.000000000000000000e+00
1.048837852478027344e+02 2.364746244996786118e+02 8.062152862548828125e+01 2.339813992381095886e+02 6.473649978637695312e+01 2.339045865833759308e+02 1.000000000000000000e+00
4.744244098663330078e+02 1.084012842178344727e+02 4.609145259857177734e+02 1.063075017929077148e+02 4.557713603973388672e+02 1.069582414627075195e+02 3.000000000000000000e+00
9.402938842773437500e+01 4.283187103271484375e+02 8.059347152709960938e+01 4.266370010375976562e+02 7.516284942626953125e+01 4.271275091171264648e+02 3.000000000000000000e+00
4.546422767639160156e+02 3.662412500381469727e+02 4.415300655364990234e+02 3.640230417251586914e+02 4.362986183166503906e+02 3.646711492538452148e+02 3.000000000000000000e+00
2.438585662841796875e+02 4.133533143997192383e+02 2.307386779785156250e+02 4.113955450057983398e+02 2.254213237762451172e+02 4.119862461090087891e+02 3.000000000000000000e+00
5.997331619262695312e+02 2.694178175926208496e+02 5.924990844726562500e+02 2.676846331357955933e+02 5.936588859558105469e+02 2.692918717861175537e+02 2.000000000000000000e+00
4.191602516174316406e+02 3.294589304924011230e+02 4.059350013732910156e+02 3.273876714706420898e+02 4.008446025848388672e+02 3.280730652809143066e+02 3.000000000000000000e+00
2.191360473632812500e+02 4.148339080810546875e+02 2.060413074493408203e+02 4.129703807830810547e+02 2.008365726470947266e+02 4.136210775375366211e+02 3.000000000000000000e+00
1.749094390869140625e+02 2.484583595395088196e+02 1.511707878112792969e+02 2.460663302242755890e+02 1.355436706542968750e+02 2.459397281706333160e+02 1.000000000000000000e+00
4.184661293029785156e+02 4.246382188796997070e+02 4.053096294403076172e+02 4.224620819091796875e+02 4.001111125946044922e+02 4.231621170043945312e+02 3.000000000000000000e+00
4.114843750000000000e+02 3.753994560241699219e+02 3.984125089645385742e+02 3.732582092285156250e+02 3.931959247589111328e+02 3.739351844787597656e+02 3.000000000000000000e+00
4.783624267578125000e+02 3.836030387878417969e+02 4.651755428314208984e+02 3.813913106918334961e+02 4.600439739227294922e+02 3.820070886611938477e+02 3.000000000000000000e+00
5.250188636779785156e+02 3.574213600158691406e+02 5.116788673400878906e+02 3.552007198333740234e+02 5.065213966369628906e+02 3.558883452415466309e+02 3.000000000000000000e+00
4.699547481536865234e+02 2.340809628367424011e+02 4.651124286651611328e+02 2.330481715500354767e+02 4.683032894134521484e+02 2.346385037899017334e+02 2.000000000000000000e+00
4.763676738739013672e+02 1.573281812667846680e+02 4.629376506805419922e+02 1.552569365501403809e+02 4.578152179718017578e+02 1.561506915092468262e+02 3.000000000000000000e+00
2.372320270538330078e+02 4.530402946472167969e+02 2.241843128204345703e+02 4.513107061386108398e+02 2.188737964630126953e+02 4.517702150344848633e+02 3.000000000000000000e+00
4.592134094238281250e+02 4.494813966751098633e+02 4.460758972167968750e+02 4.472256946563720703e+02 4.407736492156982422e+02 4.478172111511230469e+02 3.000000000000000000e+00
5.092049980163574219e+02 2.385198210552334785e+02 5.039199638366699219e+02 2.373920591175556183e+02 5.066801452636718750e+02 2.390199736878275871e+02 2.000000000000000000e+00
4.800275039672851562e+02 2.791571974754333496e+02 4.749720478057861328e+02 2.771542990207672119e+02 4.779379558563232422e+02 2.782353544235229492e+02 2.000000000000000000e+00
5.539845085144042969e+02 4.582362842559814453e+02 5.406923294067382812e+02 4.558133411407470703e+02 5.354384231567382812e+02 4.565141344070434570e+02 3.000000000000000000e+00
5.810113525390625000e+02 2.154192638397216797e+02 5.674700927734375000e+02 2.132139426469802856e+02 5.624323844909667969e+02 2.140344983339309692e+02 3.000000000000000000e+00
3.154297178983688354e+02 4.435694360733032227e+02 3.023414611816406250e+02 4.416543960571289062e+02 2.970272517204284668e+02 4.421675205230712891e+02 3.000000000000000000e+00
4.447847652435302734e+02 4.070148038864135742e+02 4.316734600067138672e+02 4.048384237289428711e+02 4.264569377899169922e+02 4.055910158157348633e+02 3.000000000000000000e+00
4.618164730072021484e+02 2.474326631426811218e+02 4.569349670410156250e+02 2.460626529157161713e+02 4.603103065490722656e+02 2.475215917825698853e+02 2.000000000000000000e+00
4.685771179199218750e+02 1.533682680130004883e+02 4.551858234405517578e+02 1.514369916915893555e+02 4.500503253936767578e+02 1.521410965919494629e+02 3.000000000000000000e+00
4.605626201629638672e+02 1.494206428527832031e+01 4.468369483947753906e+02 1.286058425903320312e+01 4.418771076202392578e+02 1.360992908477783203e+01 3.000000000000000000e+00
1.604425525665283203e+02 4.593923091888427734e+02 1.472883987426757812e+02 4.577173519134521484e+02 1.418889999389648438e+02 4.583189535140991211e+02 3.000000000000000000e+00
8.856050491333007812e+01 4.651329803466796875e+02 7.535093307495117188e+01 4.635916614532470703e+02 6.982727050781250000e+01 4.641220521926879883e+02 3.000000000000000000e+00
5.665087890625000000e+02 1.029721927642822266e+02 5.527426719665527344e+02 1.010097455978393555e+02 5.474415969848632812e+02 1.016714143753051758e+02 3.000000000000000000e+00
4.380800819396972656e+02 3.979555749893188477e+02 4.249500179290771484e+02 3.957576370239257812e+02 4.196771907806396484e+02 3.965457487106323242e+02 3.000000000000000000e+00
4.465161418914794922e+02 3.700721740722656250e+02 4.333733272552490234e+02 3.679090976715087891e+02 4.281409645080566406e+02 3.685263061523437500e+02 3.000000000000000000e+00
4.040304851531982422e+02 3.333197951316833496e+02 3.908520221710205078e+02 3.312364554405212402e+02 3.858602905273437500e+02 3.318466830253601074e+02 3.000000000000000000e+00
4.819740104675292969e+02 2.433740387856960297e+02 4.768747615814208984e+02 2.421799622476100922e+02 4.799398231506347656e+02 2.437170106172561646e+02 2.000000000000000000e+00
4.952491188049316406e+02 3.886446046829223633e+02 4.819879722595214844e+02 3.864155387878417969e+02 4.767780780792236328e+02 3.870815563201904297e+02 3.000000000000000000e+00
6.724714279174804688e+01 4.266256141662597656e+02 5.380313873291015625e+01 4.251273536682128906e+02 4.838977813720703125e+01 4.255515861511230469e+02 3.000000000000000000e+00
6.161043167114257812e+01 2.832085132598876953e+01 4.739461898803710938e+01 2.611607551574707031e+01 4.215026855468750000e+01 2.630613327026367188e+01 3.000000000000000000e+00
4.239519691467285156e+02 4.556004810333251953e+02 4.109329509735107422e+02 4.534223127365112305e+02 4.056823158264160156e+02 4.541537904739379883e+02 3.000000000000000000e+00
5.133261680603027344e+02 4.691127777099609375e+01 4.997680091857910156e+02 4.488422870635986328e+01 4.948440933227539062e+02 4.565083980560302734e+01 3.000000000000000000e+00
5.324985313415527344e+02 4.347071886062622070e+02 5.192030715942382812e+02 4.323621940612792969e+02 5.139010620117187500e+02 4.331389331817626953e+02 3.000000000000000000e+00
2.913620305061340332e+02 4.550285482406616211e+02 2.782370615005493164e+02 4.532331991195678711e+02 2.730663728713989258e+02 4.537899827957153320e+02 3.000000000000000000e+00
4.618281555175781250e+02 4.635674285888671875e+02 4.487481117248535156e+02 4.613487625122070312e+02 4.434415340423583984e+02 4.620183277130126953e+02 3.000000000000000000e+00
4.756422710418701172e+02 2.484165805578231812e+02 4.705198097229003906e+02 2.470610354840755463e+02 4.735332012176513672e+02 2.484609988331794739e+02 2.000000000000000000e+00
5.016906166076660156e+02 1.387889528274536133e+02 4.883448600769042969e+02 1.366892480850219727e+02 4.831236839294433594e+02 1.376060271263122559e+02 3.000000000000000000e+00
4.733318519592285156e+02 2.433503877371549606e+02 4.682997417449951172e+02 2.421597596257925034e+02 4.714671993255615234e+02 2.436573182791471481e+02 2.000000000000000000e+00
5.183807945251464844e+02 1.662231087684631348e+02 5.048742485046386719e+02 1.641159653663635254e+02 4.997555541992187500e+02 1.647408127784729004e+02 3.000000000000000000e+00
1.654766368865966797e+02 4.688340282440185547e+02 1.522481155395507812e+02 4.671640777587890625e+02 1.469288063049316406e+02 4.676729536056518555e+02 3.000000000000000000e+00
5.986027908325195312e+02 2.419871807098388672e+01 5.848668289184570312e+02 2.218581676483154297e+01 5.796843338012695312e+02 2.302197933197021484e+01 3.000000000000000000e+00
4.065382671356201172e+02 2.814212322235107422e+01 3.931867694854736328e+02 2.603560924530029297e+01 3.881573820114135742e+02 2.665889739990234375e+01 3.000000000000000000e+00
1.767685985565185547e+02 4.468111038208007812e+02 1.634557342529296875e+02 4.450987672805786133e+02 1.582272911071777344e+02 4.456222629547119141e+02 3.000000000000000000e+00
1.916963005065917969e+02 2.380138700455427170e+02 1.681995868682861328e+02 2.356871031224727631e+02 1.527435493469238281e+02 2.356719204783439636e+02 1.000000000000000000e+00
5.901403808593750000e+02 2.035148763656616211e+02 5.765617179870605469e+02 2.013264763355255127e+02 5.713961219787597656e+02 2.021939992904663086e+02 3.000000000000000000e+00
5.987370681762695312e+02 4.129158496856689453e+01 5.849635124206542969e+02 3.921167850494384766e+01 5.796590042114257812e+02 4.005240440368652344e+01 3.000000000000000000e+00
4.225092506408691406e+02 4.216505241394042969e+02 4.093364906311035156e+02 4.194603967666625977e+02 4.040875911712646484e+02 4.201822328567504883e+02 3.000000000000000000e+00
4.282274818420410156e+02 3.857485771179199219e+02 4.151161861419677734e+02 3.836284589767456055e+02 4.097615051269531250e+02 3.843691778182983398e+02 3.000000000000000000e+00
3.350597846508026123e+02 5.679588317871093750e+00 3.215308837592601776e+02 3.546767234802246094e+00 3.164365538954734802e+02 4.057960510253906250e+00 3.000000000000000000e+00
3.907017517089843750e+02 3.709717226028442383e+02 3.775297880172729492e+02 3.689063215255737305e+02 3.723427724838256836e+02 3.696190881729125977e+02 3.000000000000000000e+00
4.982100296020507812e+02 6.868147373199462891e+01 4.844730186462402344e+02 6.658896446228027344e+01 4.792586994171142578e+02 6.740062236785888672e+01 3.000000000000000000e+00
5.423930168151855469e+02 5.136985301971435547e+01 5.286519241333007812e+02 4.926252365112304688e+01 5.234531211853027344e+02 5.008120536804199219e+01 3.000000000000000000e+00
4.810668945312500000e+02 7.047828197479248047e+01 4.674972534179687500e+02 6.838398456573486328e+01 4.623791503906250000e+02 6.910265922546386719e+01 3.000000000000000000e+00
4.251090431213378906e+02 3.937136650085449219e+02 4.119601726531982422e+02 3.915843915939331055e+02 4.066987895965576172e+02 3.923322200775146484e+02 3.000000000000000000e+00
6.935052871704101562e+01 3.571608352661132812e+02 5.581790924072265625e+01 3.554235935211181641e+02 5.054298400878906250e+01 3.558512949943542480e+02 3.000000000000000000e+00
5.908111572265625000e+02 2.114323139190673828e+01 5.771712112426757812e+02 1.905170917510986328e+01 5.719990921020507812e+02 1.991987228393554688e+01 3.000000000000000000e+00
2.017963123321533203e+02 6.650733947753906250e+00 1.878851795196533203e+02 4.506211280822753906e+00 1.826938629150390625e+02 4.786076545715332031e+00 3.000000000000000000e+00
5.968261718750000000e+02 4.629691600799560547e+01 5.830831336975097656e+02 4.417436599731445312e+01 5.777605056762695312e+02 4.505301475524902344e+01 3.000000000000000000e+00
4.808084487915039062e+02 7.740653514862060547e+01 4.673243141174316406e+02 7.532295227050781250e+01 4.622402667999267578e+02 7.603267192840576172e+01 3.000000000000000000e+00
4.385427570343017578e+02 3.739876413345336914e+02 4.253975200653076172e+02 3.718160820007324219e+02 4.201961421966552734e+02 3.724191284179687500e+02 3.000000000000000000e+00
4.621015357971191406e+02 2.404811401851475239e+02 4.573118305206298828e+02 2.393017119728028774e+02 4.605595111846923828e+02 2.408562775142490864e+02 2.000000000000000000e+00
4.614265727996826172e+02 2.287656784057617188e+01 4.476836585998535156e+02 2.081890583038330078e+01 4.427366065979003906e+02 2.156116962432861328e+01 3.000000000000000000e+00
4.433977413177490234e+02 3.831042909622192383e+02 4.302387428283691406e+02 3.809047651290893555e+02 4.249664592742919922e+02 3.815722131729125977e+02 3.000000000000000000e+00
4.328950500488281250e+02 4.678898763656616211e+02 4.197876262664794922e+02 4.656348752975463867e+02 4.145278930664062500e+02 4.664596652984619141e+02 3.000000000000000000e+00
5.222917556762695312e+02 5.609843730926513672e+01 5.085762405395507812e+02 5.400601387023925781e+01 5.037365150451660156e+02 5.475677490234375000e+01 3.000000000000000000e+00
2.664957284927368164e+02 3.126465153694152832e+02 2.533469390869140625e+02 3.106467318534851074e+02 2.481739187240600586e+02 3.113377118110656738e+02 3.000000000000000000e+00
1.694858264923095703e+02 2.471817782521247864e+02 1.456221961975097656e+02 2.447659608721733093e+02 1.298929214477539062e+02 2.446981966495513916e+02 1.000000000000000000e+00
5.290945434570312500e+02 1.414578509330749512e+02 5.154563713073730469e+02 1.392979073524475098e+02 5.102908706665039062e+02 1.398722004890441895e+02 3.000000000000000000e+00
3.722548818588256836e+02 3.998509025573730469e+02 3.591571664810180664e+02 3.977287673950195312e+02 3.539714980125427246e+02 3.984240245819091797e+02 3.000000000000000000e+00
5.460793495178222656e+02 8.244628429412841797e+01 5.322930908203125000e+02 8.037002563476562500e+01 5.271232414245605469e+02 8.113504886627197266e+01 3.000000000000000000e+00
2.713309335708618164e+02 3.187128925323486328e+02 2.581508159637451172e+02 3.167510747909545898e+02 2.530194854736328125e+02 3.174808073043823242e+02 3.000000000000000000e+00
4.929079627990722656e+02 1.760069990158081055e+02 4.796219539642333984e+02 1.740347528457641602e+02 4.747564983367919922e+02 1.747877311706542969e+02 3.000000000000000000e+00
3.949187612533569336e+02 4.670775890350341797e+02 3.818794584274291992e+02 4.649639940261840820e+02 3.764808368682861328e+02 4.656405401229858398e+02 3.000000000000000000e+00
4.943885612487792969e+02 4.479714202880859375e+02 4.811761856079101562e+02 4.456943464279174805e+02 4.758979511260986328e+02 4.464344930648803711e+02 3.000000000000000000e+00
5.930579185485839844e+02 1.944493246078491211e+02 5.795037269592285156e+02 1.923023343086242676e+02 5.743130493164062500e+02 1.931271028518676758e+02 3.000000000000000000e+00
4.269104671478271484e+02 3.586811256408691406e+02 4.137128925323486328e+02 3.565823721885681152e+02 4.084460735321044922e+02 3.571844530105590820e+02 3.000000000000000000e+00
5.837877273559570312e+02 1.284304618835449219e+01 5.701085281372070312e+02 1.076375484466552734e+01 5.651807975769042969e+02 1.177129268646240234e+01 3.000000000000000000e+00
5.850279617309570312e+02 2.034673154354095459e+02 5.714550781250000000e+02 2.012791121006011963e+02 5.663371658325195312e+02 2.021185576915740967e+02 3.000000000000000000e+00
4.779198360443115234e+02 4.077063417434692383e+02 4.647194576263427734e+02 4.054513263702392578e+02 4.595683956146240234e+02 4.062485504150390625e+02 3.000000000000000000e+00
5.617959594726562500e+02 5.455937862396240234e+01 5.480073928833007812e+02 5.250356197357177734e+01 5.427868652343750000e+02 5.337083816528320312e+01 3.000000000000000000e+00
4.301532936096191406e+02 3.938182210922241211e+02 4.169964885711669922e+02 3.916816806793212891e+02 4.116961669921875000e+02 3.924340867996215820e+02 3.000000000000000000e+00
5.233846473693847656e+02 3.800725936889648438e+01 5.098261451721191406e+02 3.602251052856445312e+01 5.048091697692871094e+02 3.667987346649169922e+01 3.000000000000000000e+00
5.671765136718750000e+02 2.899630773067474365e+02 5.607904052734375000e+02 2.879090595245361328e+02 5.624629592895507812e+02 2.888615441322326660e+02 2.000000000000000000e+00
8.533847808837890625e+01 3.544089746475219727e+02 7.187458038330078125e+01 3.526392245292663574e+02 6.638784408569335938e+01 3.530762386322021484e+02 3.000000000000000000e+00
4.182637977600097656e+02 3.925089740753173828e+02 4.051057434082031250e+02 3.904432725906372070e+02 3.998668527603149414e+02 3.910993766784667969e+02 3.000000000000000000e+00
2.290383625030517578e+02 4.068818807601928711e+02 2.159354114532470703e+02 4.051148414611816406e+02 2.106634521484375000e+02 4.057170438766479492e+02 3.000000000000000000e+00
2.654234600067138672e+02 9.627327919006347656e+00 2.516325664520263672e+02 7.479729652404785156e+00 2.464243173599243164e+02 7.780952453613281250e+00 3.000000000000000000e+00
2.798875093460083008e+02 3.449982047080993652e+02 2.667259216308593750e+02 3.429374170303344727e+02 2.615493440628051758e+02 3.434968042373657227e+02 3.000000000000000000e+00
4.329583454132080078e+02 4.008595991134643555e+02 4.198548889160156250e+02 3.987006568908691406e+02 4.146192359924316406e+02 3.994868803024291992e+02 3.000000000000000000e+00
5.034212303161621094e+02 4.432567548751831055e+02 4.902876853942871094e+02 4.409895372390747070e+02 4.848550987243652344e+02 4.415901660919189453e+02 3.000000000000000000e+00
5.564302444458007812e+02 1.617837953567504883e+02 5.427805900573730469e+02 1.596229076385498047e+02 5.376296997070312500e+02 1.604326272010803223e+02 3.000000000000000000e+00
2.674456453323364258e+02 4.486346483230590820e+02 2.543852233886718750e+02 4.467579174041748047e+02 2.491083955764770508e+02 4.472754335403442383e+02 3.000000000000000000e+00
5.216583824157714844e+02 3.733230972290039062e+02 5.084118461608886719e+02 3.710195446014404297e+02 5.032454299926757812e+02 3.716731309890747070e+02 3.000000000000000000e+00
4.378444862365722656e+02 4.710381031036376953e+02 4.246562480926513672e+02 4.687768077850341797e+02 4.195536804199218750e+02 4.695817995071411133e+02 3.000000000000000000e+00
8.612682342529296875e+01 4.332122898101806641e+02 7.262470245361328125e+01 4.315417814254760742e+02 6.724660873413085938e+01 4.320422744750976562e+02 3.000000000000000000e+00
5.323624992370605469e+02 2.841894543170928955e+02 5.265945434570312500e+02 2.822038578987121582e+02 5.288026237487792969e+02 2.832650470733642578e+02 2.000000000000000000e+00
4.119492530822753906e+02 4.543258810043334961e+02 3.989335012435913086e+02 4.521566534042358398e+02 3.936318063735961914e+02 4.528253602981567383e+02 3.000000000000000000e+00
2.077523136138916016e+02 2.959909915924072266e+01 1.938812828063964844e+02 2.747819423675537109e+01 1.887991809844970703e+02 2.774265289306640625e+01 3.000000000000000000e+00
4.850573730468750000e+02 2.430649414658546448e+02 4.800228691101074219e+02 2.418498077988624573e+02 4.828636741638183594e+02 2.433173067122697830e+02 2.000000000000000000e+00
4.489219379425048828e+02 4.592625188827514648e+02 4.357420635223388672e+02 4.569798088073730469e+02 4.305890846252441406e+02 4.577012157440185547e+02 3.000000000000000000e+00
1.088244247436523438e+02 2.383074340224266052e+02 8.456293106079101562e+01 2.357830654084682465e+02 6.868352890014648438e+01 2.357083739340305328e+02 1.000000000000000000e+00
4.810604667663574219e+02 4.497000789642333984e+02 4.679620361328125000e+02 4.474282979965209961e+02 4.626727008819580078e+02 4.481752109527587891e+02 3.000000000000000000e+00
1.344330787658691406e+02 4.694675731658935547e+02 1.212819290161132812e+02 4.677194595336914062e+02 1.158447265625000000e+02 4.683367967605590820e+02 3.000000000000000000e+00
5.615160560607910156e+02 1.528344225883483887e+02 5.478695106506347656e+02 1.506946635246276855e+02 5.427803421020507812e+02 1.514066863059997559e+02 3.000000000000000000e+00
1.528830909729003906e+02 4.294965362548828125e+02 1.395841217041015625e+02 4.277591657638549805e+02 1.342801284790039062e+02 4.283238887786865234e+02 3.000000000000000000e+00
4.422379207611083984e+02 3.920683050155639648e+02 4.290202331542968750e+02 3.898581361770629883e+02 4.237860393524169922e+02 3.905961370468139648e+02 3.000000000000000000e+00
4.688787269592285156e+02 1.465615797042846680e+02 4.554532814025878906e+02 1.446017861366271973e+02 4.503172016143798828e+02 1.453302597999572754e+02 3.000000000000000000e+00
4.609542560577392578e+02 2.832802462577819824e+02 4.561663246154785156e+02 2.813477182388305664e+02 4.593431377410888672e+02 2.823492443561553955e+02 2.000000000000000000e+00
5.638349723815917969e+02 3.661257934570312500e+02 5.505437660217285156e+02 3.637567234039306641e+02 5.453323936462402344e+02 3.645203018188476562e+02 3.000000000000000000e+00
6.026975822448730469e+02 2.606202095746994019e+02 5.955488395690917969e+02 2.588948678970336914e+02 5.967055702209472656e+02 2.606029665470123291e+02 2.000000000000000000e+00
1.316394996643066406e+02 2.416715393587946892e+02 1.077803611755371094e+02 2.394363555684685707e+02 9.209968566894531250e+01 2.394671325199306011e+02 1.000000000000000000e+00
5.806074142456054688e+01 1.435345172882080078e+01 4.364953994750976562e+01 1.214083671569824219e+01 3.836645126342773438e+01 1.225586414337158203e+01 3.000000000000000000e+00
2.349386310577392578e+02 4.150896978378295898e+02 2.217952537536621094e+02 4.132547664642333984e+02 2.165475273132324219e+02 4.137939834594726562e+02 3.000000000000000000e+00
5.499054527282714844e+02 3.638714361190795898e+02 5.365918540954589844e+02 3.615861511230468750e+02 5.314021110534667969e+02 3.623548364639282227e+02 3.000000000000000000e+00
4.811639404296875000e+02 1.720697593688964844e+02 4.687894344329833984e+02 1.712731003761291504e+02 4.643258094787597656e+02 1.727370285987854004e+02 3.000000000000000000e+00
5.770373535156250000e+02 2.133549177646636963e+02 5.634777832031250000e+02 2.111592847108840942e+02 5.583724403381347656e+02 2.119776749610900879e+02 3.000000000000000000e+00
5.797951126098632812e+02 4.206228733062744141e+02 5.664233970642089844e+02 4.183515357971191406e+02 5.610872840881347656e+02 4.190547895431518555e+02 3.000000000000000000e+00
5.587744140625000000e+02 4.854144573211669922e+01 5.449627685546875000e+02 4.644865036010742188e+01 5.397570800781250000e+02 4.727269649505615234e+01 3.000000000000000000e+00
4.685253047943115234e+02 3.703824806213378906e+02 4.553733539581298828e+02 3.681234169006347656e+02 4.502234554290771484e+02 3.687823820114135742e+02 3.000000000000000000e+00
5.352062416076660156e+02 4.507164144515991211e+02 5.219573974609375000e+02 4.484336328506469727e+02 5.166415405273437500e+02 4.491934919357299805e+02 3.000000000000000000e+00
3.820192337036132812e+01 4.481100511550903320e+02 2.451427459716796875e+01 4.465753841400146484e+02 1.910022735595703125e+01 4.471312665939331055e+02 3.000000000000000000e+00
5.883606529235839844e+02 5.706424713134765625e+01 5.748156166076660156e+02 5.498165130615234375e+01 5.694562339782714844e+02 5.588227272033691406e+01 3.000000000000000000e+00
4.422149944305419922e+02 4.410909175872802734e+02 4.290883159637451172e+02 4.388375329971313477e+02 4.238719844818115234e+02 4.395247936248779297e+02 3.000000000000000000e+00
4.524783325195312500e+02 3.751742935180664062e+02 4.393533611297607422e+02 3.729974699020385742e+02 4.341732501983642578e+02 3.736428308486938477e+02 3.000000000000000000e+00
4.596284484863281250e+02 3.622569322586059570e+02 4.465149211883544922e+02 3.599736714363098145e+02 4.413360595703125000e+02 3.606910514831542969e+02 3.000000000000000000e+00
5.263759803771972656e+02 2.439882659912109375e+02 5.207172203063964844e+02 2.426723022758960724e+02 5.231527709960937500e+02 2.442238618433475494e+02 2.000000000000000000e+00
5.448623657226562500e+02 1.365631985664367676e+02 5.311674880981445312e+02 1.344243264198303223e+02 5.258831214904785156e+02 1.351340889930725098e+02 3.000000000000000000e+00
7.724925994873046875e+01 3.758052349090576172e+01 6.295438766479492188e+01 3.543444156646728516e+01 5.754234313964843750e+01 3.562198162078857422e+01 3.000000000000000000e+00
4.868546104431152344e+02 1.776492905616760254e+02 4.750870418548583984e+02 1.769472455978393555e+02 4.707208538055419922e+02 1.780409216880798340e+02 3.000000000000000000e+00
4.480918884277343750e+02 5.983686447143554688e+01 4.347022724151611328e+02 5.781219005584716797e+01 4.295626258850097656e+02 5.851295471191406250e+01 3.000000000000000000e+00
6.192981719970703125e+01 6.032408237457275391e+01 4.767501831054687500e+01 5.818426609039306641e+01 4.233699798583984375e+01 5.837037563323974609e+01 3.000000000000000000e+00
1.494783210754394531e+02 4.625289058685302734e+02 1.363838195800781250e+02 4.608243227005004883e+02 1.308825683593750000e+02 4.613763570785522461e+02 3.000000000000000000e+00
6.811536788940429688e+01 4.316259241104125977e+02 5.468593597412109375e+01 4.301282787322998047e+02 4.930112838745117188e+01 4.305636405944824219e+02 3.000000000000000000e+00
2.595075368881225586e+02 3.077769470214843750e+02 2.463551616668701172e+02 3.058224821090698242e+02 2.411904907226562500e+02 3.063171100616455078e+02 3.000000000000000000e+00
5.819942092895507812e+02 2.777847325801849365e+02 5.754640579223632812e+02 2.760835289955139160e+02 5.769161415100097656e+02 2.774185216426849365e+02 2.000000000000000000e+00
1.766327667236328125e+02 3.181655287742614746e+02 1.633371543884277344e+02 3.162866234779357910e+02 1.581144332885742188e+02 3.167969369888305664e+02 3.000000000000000000e+00
5.521121215820312500e+02 1.928841054439544678e+02 5.385088539123535156e+02 1.906635725498199463e+02 5.332410240173339844e+02 1.914999210834503174e+02 3.000000000000000000e+00
4.720578002929687500e+02 4.506134748458862305e+02 4.590125465393066406e+02 4.483510208129882812e+02 4.536458110809326172e+02 4.490288543701171875e+02 3.000000000000000000e+00
6.004741859436035156e+02 2.665568858385086060e+02 5.932865715026855469e+02 2.648202520608901978e+02 5.944458007812500000e+02 2.664884966611862183e+02 2.000000000000000000e+00
3.164087828993797302e+02 3.655106019973754883e+02 3.033241569995880127e+02 3.635916566848754883e+02 2.981655573844909668e+02 3.641700267791748047e+02 3.000000000000000000e+00
4.550361919403076172e+02 5.598232269287109375e+01 4.415922260284423828e+02 5.396100997924804688e+01 4.364154052734375000e+02 5.461157798767089844e+01 3.000000000000000000e+00
5.016662979125976562e+02 9.478268623352050781e+01 4.882462501525878906e+02 9.269522666931152344e+01 4.830454444885253906e+02 9.345261096954345703e+01 3.000000000000000000e+00
5.754519653320312500e+02 4.098285198211669922e+01 5.618372917175292969e+02 3.882691383361816406e+01 5.567163658142089844e+02 3.974222660064697266e+01 3.000000000000000000e+00
1.300246810913085938e+02 4.281902217864990234e+02 1.166608428955078125e+02 4.263892936706542969e+02 1.113599395751953125e+02 4.268952369689941406e+02 3.000000000000000000e+00
8.452220916748046875e+01 4.670698928833007812e+02 7.125593185424804688e+01 4.655044412612915039e+02 6.577619552612304688e+01 4.660378789901733398e+02 3.000000000000000000e+00
4.556729793548583984e+02 3.622390508651733398e+02 4.425542640686035156e+02 3.599810242652893066e+02 4.373688697814941406e+02 3.606536865234375000e+02 3.000000000000000000e+00
1.166391372680664062e+02 4.627870559692382812e+02 1.033168220520019531e+02 4.612250232696533203e+02 9.794668197631835938e+01 4.616575384140014648e+02 3.000000000000000000e+00
5.664985466003417969e+02 2.789459252357482910e+02 5.598558998107910156e+02 2.767564094066619873e+02 5.614226722717285156e+02 2.779162931442260742e+02 2.000000000000000000e+00
5.976611328125000000e+02 5.026639938354492188e+01 5.839816856384277344e+02 4.817088603973388672e+01 5.786858558654785156e+02 4.906983375549316406e+01 3.000000000000000000e+00
3.808535480499267578e+02 3.557523894309997559e+02 3.677529907226562500e+02 3.537266564369201660e+02 3.625613403320312500e+02 3.544597220420837402e+02 3.000000000000000000e+00
6.926242828369140625e+01 3.621633911132812500e+02 5.572725296020507812e+01 3.604340600967407227e+02 5.042629241943359375e+01 3.608447599411010742e+02 3.000000000000000000e+00
4.689483642578125000e+02 2.828769242763519287e+02 4.639530372619628906e+02 2.809052467346191406e+02 4.670422077178955078e+02 2.819068622589111328e+02 2.000000000000000000e+00
4.817299461364746094e+02 2.484543308615684509e+02 4.765636634826660156e+02 2.471020665764808655e+02 4.793834590911865234e+02 2.484908142685890198e+02 2.000000000000000000e+00
5.542440795898437500e+02 3.920848703384399414e+02 5.408926391601562500e+02 3.897829055786132812e+02 5.355661582946777344e+02 3.906074953079223633e+02 3.000000000000000000e+00
1.832460784912109375e+02 4.060557603836059570e+02 1.701275634765625000e+02 4.042591094970703125e+02 1.647078227996826172e+02 4.047676134109497070e+02 3.000000000000000000e+00
4.612319946289062500e+01 3.785228919982910156e+02 3.248569488525390625e+01 3.768752145767211914e+02 2.709568023681640625e+01 3.773570394515991211e+02 3.000000000000000000e+00
1.888947868347167969e+02 2.973018229007720947e+02 1.755647754669189453e+02 2.954578900337219238e+02 1.703391838073730469e+02 2.959159862995147705e+02 3.000000000000000000e+00
5.402798461914062500e+02 1.595605301856994629e+02 5.267351722717285156e+02 1.574646878242492676e+02 5.214553833007812500e+02 1.582028317451477051e+02 3.000000000000000000e+00
5.701515579223632812e+02 2.927613866329193115e+02 5.637503623962402344e+02 2.906842374801635742e+02 5.654475212097167969e+02 2.916890287399291992e+02 2.000000000000000000e+00
4.655040931701660156e+02 4.184417867660522461e+02 4.524010658264160156e+02 4.162671661376953125e+02 4.471408081054687500e+02 4.170551204681396484e+02 3.000000000000000000e+00
4.900896072387695312e+02 3.977182388305664062e+02 4.768373775482177734e+02 3.954476165771484375e+02 4.716620826721191406e+02 3.962843656539916992e+02 3.000000000000000000e+00
5.382968711853027344e+02 6.428044795989990234e+01 5.244946861267089844e+02 6.218496322631835938e+01 5.193251419067382812e+02 6.298078536987304688e+01 3.000000000000000000e+00
5.658740806579589844e+02 5.460117816925048828e+01 5.520904541015625000e+02 5.254345893859863281e+01 5.468507194519042969e+02 5.340692996978759766e+01 3.000000000000000000e+00
5.054292678833007812e+02 4.240650987625122070e+02 4.922596740722656250e+02 4.217659664154052734e+02 4.869797134399414062e+02 4.224287223815917969e+02 3.000000000000000000e+00
1.009316253662109375e+02 4.404358577728271484e+02 8.751922607421875000e+01 4.387270545959472656e+02 8.216341018676757812e+01 4.392248010635375977e+02 3.000000000000000000e+00
5.009739494323730469e+02 4.100512790679931641e+02 4.877486228942871094e+02 4.077325201034545898e+02 4.824448585510253906e+02 4.084259176254272461e+02 3.000000000000000000e+00
4.555863666534423828e+02 4.171481466293334961e+02 4.424436950683593750e+02 4.149593639373779297e+02 4.372384357452392578e+02 4.156477117538452148e+02 3.000000000000000000e+00
5.212802696228027344e+02 4.310005187988281250e+01 5.076531410217285156e+02 4.105407714843750000e+01 5.026986122131347656e+02 4.176538467407226562e+01 3.000000000000000000e+00
1.078362274169921875e+02 3.286712694168090820e+02 9.438238143920898438e+01 3.269791030883789062e+02 8.900276184082031250e+01 3.274078130722045898e+02 3.000000000000000000e+00
2.722321462631225586e+02 3.967937135696411133e+02 2.591990661621093750e+02 3.948422670364379883e+02 2.538845348358154297e+02 3.954966831207275391e+02 3.000000000000000000e+00
5.049836158752441406e+02 4.050066947937011719e+02 4.918019676208496094e+02 4.027006959915161133e+02 4.864216041564941406e+02 4.033898448944091797e+02 3.000000000000000000e+00
5.313103675842285156e+02 1.153413677215576172e+02 5.175662803649902344e+02 1.132174587249755859e+02 5.123487663269042969e+02 1.138867664337158203e+02 3.000000000000000000e+00
4.182806110382080078e+02 4.366427421569824219e+02 4.052381324768066406e+02 4.344652748107910156e+02 3.999191284179687500e+02 4.351930332183837891e+02 3.000000000000000000e+00
1.707445812225341797e+02 4.447511100769042969e+02 1.576462554931640625e+02 4.430595445632934570e+02 1.523600959777832031e+02 4.435778045654296875e+02 3.000000000000000000e+00
4.153047466278076172e+02 3.894637155532836914e+02 4.021680641174316406e+02 3.873969841003417969e+02 3.969214773178100586e+02 3.880315876007080078e+02 3.000000000000000000e+00
5.787838745117187500e+02 2.863562357425689697e+02 5.723843383789062500e+02 2.843096637725830078e+02 5.738779258728027344e+02 2.853782665729522705e+02 2.000000000000000000e+00
4.358239173889160156e+02 3.587677073478698730e+02 4.226030921936035156e+02 3.566512227058410645e+02 4.173719501495361328e+02 3.572419166564941406e+02 3.000000000000000000e+00
4.929607391357421875e+01 4.464389419555664062e+02 3.562395095825195312e+01 4.448744916915893555e+02 3.024492263793945312e+01 4.454227638244628906e+02 3.000000000000000000e+00
5.128848838806152344e+02 4.707999944686889648e+02 4.997432518005371094e+02 4.684870433807373047e+02 4.943965721130371094e+02 4.692167758941650391e+02 3.000000000000000000e+00
8.671264648437500000e+01 1.167381763458251953e+01 7.252904891967773438e+01 9.500370025634765625e+00 6.721569061279296875e+01 9.580507278442382812e+00 3.000000000000000000e+00
2.584852600097656250e+02 3.126231694221496582e+02 2.453440713882446289e+02 3.106264972686767578e+02 2.401759004592895508e+02 3.113226342201232910e+02 3.000000000000000000e+00
5.424961662292480469e+02 1.115086412429809570e+02 5.287582969665527344e+02 1.093634319305419922e+02 5.235157585144042969e+02 1.100136137008666992e+02 3.000000000000000000e+00
5.074242973327636719e+02 5.776602745056152344e+01 4.937509727478027344e+02 5.571115493774414062e+01 4.887994384765625000e+02 5.644899845123291016e+01 3.000000000000000000e+00
9.959657669067382812e+01 4.654053497314453125e+02 8.635734558105468750e+01 4.638520288467407227e+02 8.082906723022460938e+01 4.643274593353271484e+02 3.000000000000000000e+00
2.226836204528808594e+02 1.384115695953369141e+01 2.088190746307373047e+02 1.168068408966064453e+01 2.036114501953125000e+02 1.201230525970458984e+01 3.000000000000000000e+00
1.079023361206054688e+02 4.674089527130126953e+02 9.456190109252929688e+01 4.658055782318115234e+02 8.909940719604492188e+01 4.662868738174438477e+02 3.000000000000000000e+00
4.213386535644531250e+02 4.336833858489990234e+02 4.082384681701660156e+02 4.315031862258911133e+02 4.029666423797607422e+02 4.322145795822143555e+02 3.000000000000000000e+00
3.214560241997241974e+02 3.646510076522827148e+02 3.083595573902130127e+02 3.627118349075317383e+02 3.031788933277130127e+02 3.633081436157226562e+02 3.000000000000000000e+00
5.385381507873535156e+02 4.209971094131469727e+02 5.253365516662597656e+02 4.185858249664306641e+02 5.199776649475097656e+02 4.193564558029174805e+02 3.000000000000000000e+00
4.681924438476562500e+02 4.415538167953491211e+02 4.551425170898437500e+02 4.392895889282226562e+02 4.497176551818847656e+02 4.399788379669189453e+02 3.000000000000000000e+00
4.091217994689941406e+02 3.253884601593017578e+02 3.959612131118774414e+02 3.233126878738403320e+02 3.909658813476562500e+02 3.239910936355590820e+02 3.000000000000000000e+00
4.495315265655517578e+02 4.271203136444091797e+02 4.363644123077392578e+02 4.249401283264160156e+02 4.311988544464111328e+02 4.255909824371337891e+02 3.000000000000000000e+00
4.411748027801513672e+02 4.450459671020507812e+02 4.280698299407958984e+02 4.428366565704345703e+02 4.228421306610107422e+02 4.435094404220581055e+02 3.000000000000000000e+00
5.002278137207031250e+02 6.167924880981445312e+01 4.865512084960937500e+02 5.957952976226806641e+01 4.813792228698730469e+02 6.037659645080566406e+01 3.000000000000000000e+00
1.001777458190917969e+02 3.627171993255615234e+02 8.677106857299804688e+01 3.609591722488403320e+02 8.138515472412109375e+01 3.614314270019531250e+02 3.000000000000000000e+00
5.851238441467285156e+02 4.701014900207519531e+02 5.718197631835937500e+02 4.675907421112060547e+02 5.664898681640625000e+02 4.683842039108276367e+02 3.000000000000000000e+00
2.682939147949218750e+02 3.957518148422241211e+02 2.552690410614013672e+02 3.938168764114379883e+02 2.499632406234741211e+02 3.944428110122680664e+02 3.000000000000000000e+00
