6.277849197387695312e+01 3.282428741455078125e+01 7.084087371826171875e+01 3.433110237121582031e+01 7.793260574340820312e+01 3.477799415588378906e+01 3.000000000000000000e+00
1.226914787292480469e+02 4.503937768936157227e+02 1.302431297302246094e+02 4.517219638824462891e+02 1.365052223205566406e+02 4.522915220260620117e+02 3.000000000000000000e+00
2.271649646759033203e+02 4.506234884262084961e+02 2.345066928863525391e+02 4.522952985763549805e+02 2.406690502166748047e+02 4.528880453109741211e+02 3.000000000000000000e+00
2.027392673492431641e+02 2.625353407859802246e+02 2.004584789276123047e+02 2.639630448818206787e+02 1.970417308807373047e+02 2.643165296316146851e+02 1.000000000000000000e+00
2.630593538284301758e+02 4.588144969940185547e+02 2.704070711135864258e+02 4.605718803405761719e+02 2.765613412857055664e+02 4.613279199600219727e+02 3.000000000000000000e+00
2.311369037628173828e+02 4.485851812362670898e+02 2.385174274444580078e+02 4.503314352035522461e+02 2.446632528305053711e+02 4.508814811706542969e+02 3.000000000000000000e+00
1.808583927154541016e+02 2.503606116771697998e+02 1.785764789581298828e+02 2.516974648833274841e+02 1.748860740661621094e+02 2.519217994809150696e+02 1.000000000000000000e+00
2.641462993621826172e+02 4.538144016265869141e+02 2.714355134963989258e+02 4.556053590774536133e+02 2.776137685775756836e+02 4.563517856597900391e+02 3.000000000000000000e+00
2.661628723144531250e+02 4.259206008911132812e+02 2.736850595474243164e+02 4.275502681732177734e+02 2.797863149642944336e+02 4.283565473556518555e+02 3.000000000000000000e+00
2.529360628128051758e+02 3.494130134582519531e+01 2.610106182098388672e+02 3.681335449218750000e+01 2.677089214324951172e+02 3.774687767028808594e+01 3.000000000000000000e+00
2.255108165740966797e+02 4.325278472900390625e+02 2.326983928680419922e+02 4.340884208679199219e+02 2.389783477783203125e+02 4.347970104217529297e+02 3.000000000000000000e+00
4.797507381439208984e+02 1.599389576911926270e+02 4.875111198425292969e+02 1.626554560661315918e+02 4.942566490173339844e+02 1.646646380424499512e+02 3.000000000000000000e+00
3.021101677417755127e+02 4.353315210342407227e+02 3.095020449161529541e+02 4.371776819229125977e+02 3.156673583388328552e+02 4.380051326751708984e+02 3.000000000000000000e+00
2.154093933105468750e+02 4.404665565490722656e+02 2.227841281890869141e+02 4.419729423522949219e+02 2.290301322937011719e+02 4.426836347579956055e+02 3.000000000000000000e+00
1.494649505615234375e+02 4.697416162490844727e+02 1.567831039428710938e+02 4.712063169479370117e+02 1.630299186706542969e+02 4.717184543609619141e+02 3.000000000000000000e+00
2.661783123016357422e+02 3.221205782890319824e+02 2.737612009048461914e+02 3.238617610931396484e+02 2.801380300521850586e+02 3.246304965019226074e+02 3.000000000000000000e+00
2.192978191375732422e+02 2.265821832418441772e+02 2.180228710174560547e+02 2.287101584672927856e+02 2.153826141357421875e+02 2.296655881404876709e+02 1.000000000000000000e+00
1.364209938049316406e+02 4.746606588363647461e+02 1.437743568420410156e+02 4.761208963394165039e+02 1.501033782958984375e+02 4.765667581558227539e+02 3.000000000000000000e+00
2.621094942092895508e+02 4.259140777587890625e+02 2.695932912826538086e+02 4.275215005874633789e+02 2.757380676269531250e+02 4.283516693115234375e+02 3.000000000000000000e+00
1.494659423828125000e+02 4.747876739501953125e+02 1.567794799804687500e+02 4.762555932998657227e+02 1.630340576171875000e+02 4.767694187164306641e+02 3.000000000000000000e+00
5.976150512695312500e+02 1.518135809898376465e+02 6.055415725708007812e+02 1.542940449714660645e+02 6.124053955078125000e+02 1.558753037452697754e+02 3.000000000000000000e+00
3.260651856660842896e+02 4.545269823074340820e+02 3.333579719066619873e+02 4.563950014114379883e+02 3.396017158031463623e+02 4.573734283447265625e+02 3.000000000000000000e+00
3.011391603946685791e+02 4.302587699890136719e+02 3.085151970386505127e+02 4.321053028106689453e+02 3.146834105253219604e+02 4.329333257675170898e+02 3.000000000000000000e+00
2.394268512725830078e+02 4.196567201614379883e+02 2.468709564208984375e+02 4.213339662551879883e+02 2.531166982650756836e+02 4.220954990386962891e+02 3.000000000000000000e+00
5.674498367309570312e+02 1.455251884460449219e+02 5.753572463989257812e+02 1.478820419311523438e+02 5.821022415161132812e+02 1.494195985794067383e+02 3.000000000000000000e+00
1.862767124176025391e+02 4.730168581008911133e+02 1.936215305328369141e+02 4.746019649505615234e+02 1.998373699188232422e+02 4.751890754699707031e+02 3.000000000000000000e+00
2.741593933105468750e+02 4.469112682342529297e+02 2.815064692497253418e+02 4.487362718582153320e+02 2.876604604721069336e+02 4.495403909683227539e+02 3.000000000000000000e+00
5.519405555725097656e+02 7.628703117370605469e+01 5.599456787109375000e+02 7.863329887390136719e+01 5.668522453308105469e+02 8.000006675720214844e+01 3.000000000000000000e+00
2.520062255859375000e+02 4.587458038330078125e+02 2.594378328323364258e+02 4.604987239837646484e+02 2.655677795410156250e+02 4.612320041656494141e+02 3.000000000000000000e+00
1.844313526153564453e+02 2.437902376055717468e+02 1.821778392791748047e+02 2.451965792477130890e+02 1.784688854217529297e+02 2.454450380802154541e+02 1.000000000000000000e+00
4.482751178741455078e+02 2.538540199398994446e+02 4.642698097229003906e+02 2.570510870218276978e+02 4.792760372161865234e+02 2.591668099164962769e+02 2.000000000000000000e+00
1.850397777557373047e+02 2.497569429874420166e+02 1.827369499206542969e+02 2.511677402257919312e+02 1.791378116607666016e+02 2.514038854837417603e+02 1.000000000000000000e+00
5.482736206054687500e+02 1.473857545852661133e+02 5.561260986328125000e+02 1.496902871131896973e+02 5.628080558776855469e+02 1.511204481124877930e+02 3.000000000000000000e+00
1.261734199523925781e+02 4.710333824157714844e+01 1.343053627014160156e+02 4.865617275238037109e+01 1.411313819885253906e+02 4.939493179321289062e+01 3.000000000000000000e+00
2.860653686523437500e+02 4.511522340774536133e+02 2.934259629249572754e+02 4.529214906692504883e+02 2.996287226676940918e+02 4.537693834304809570e+02 3.000000000000000000e+00
3.149557191133499146e+02 4.485104799270629883e+02 3.222900390625000000e+02 4.503286600112915039e+02 3.284785765409469604e+02 4.512483644485473633e+02 3.000000000000000000e+00
2.791166353225708008e+02 4.349910449981689453e+02 2.865907287597656250e+02 4.368267631530761719e+02 2.926799321174621582e+02 4.376344728469848633e+02 3.000000000000000000e+00
2.822014760971069336e+02 4.141269350051879883e+02 2.897182011604309082e+02 4.159136438369750977e+02 2.959159231185913086e+02 4.166968488693237305e+02 3.000000000000000000e+00
2.580421113967895508e+02 4.587695789337158203e+02 2.653876638412475586e+02 4.605470752716064453e+02 2.715416240692138672e+02 4.612832450866699219e+02 3.000000000000000000e+00
4.572314453125000000e+02 2.538433840870857239e+02 4.732204341888427734e+02 2.570150756835937500e+02 4.882194519042968750e+02 2.591756898164749146e+02 2.000000000000000000e+00
3.041967773437500000e+02 4.263430881500244141e+02 3.115349119901657104e+02 4.281719827651977539e+02 3.177111205458641052e+02 4.290037965774536133e+02 3.000000000000000000e+00
5.039094924926757812e+02 9.799806118011474609e+01 5.118224143981933594e+02 1.002499008178710938e+02 5.186790275573730469e+02 1.015841960906982422e+02 3.000000000000000000e+00
4.167849731445312500e+02 4.615882015228271484e+02 4.240642452239990234e+02 4.636716985702514648e+02 4.302144813537597656e+02 4.647851943969726562e+02 3.000000000000000000e+00
1.101129722595214844e+02 7.277652740478515625e+01 1.180968666076660156e+02 7.451040744781494141e+01 1.249059295654296875e+02 7.506186962127685547e+01 3.000000000000000000e+00
3.659800100326538086e+02 4.649437665939331055e+02 3.731408405303955078e+02 4.669712018966674805e+02 3.792432260513305664e+02 4.679834747314453125e+02 3.000000000000000000e+00
1.604419708251953125e+02 2.137121254205703735e+02 1.583096694946289062e+02 2.150775432586669922e+02 1.547413063049316406e+02 2.152630609273910522e+02 1.000000000000000000e+00
1.825214672088623047e+02 2.540964362025260925e+02 1.802304840087890625e+02 2.554343122243881226e+02 1.765636157989501953e+02 2.556027388572692871e+02 1.000000000000000000e+00
3.089598381519317627e+02 4.534064769744873047e+02 3.163135376572608948e+02 4.552196788787841797e+02 3.224861450493335724e+02 4.560923337936401367e+02 3.000000000000000000e+00
2.833064866065979004e+02 4.091470670700073242e+02 2.907633972167968750e+02 4.109237766265869141e+02 2.970924067497253418e+02 4.117144918441772461e+02 3.000000000000000000e+00
3.679869985580444336e+02 4.609540271759033203e+02 3.751386404037475586e+02 4.629914617538452148e+02 3.812576293945312500e+02 4.640050506591796875e+02 3.000000000000000000e+00
2.790493774414062500e+02 4.450213479995727539e+02 2.864716792106628418e+02 4.468304586410522461e+02 2.926383352279663086e+02 4.476555347442626953e+02 3.000000000000000000e+00
4.506702613830566406e+02 2.897908365726470947e+02 4.665282917022705078e+02 2.924043595790863037e+02 4.813277053833007812e+02 2.938991725444793701e+02 2.000000000000000000e+00
3.280609434843063354e+02 4.495528078079223633e+02 3.353525388240814209e+02 4.514045763015747070e+02 3.416003417968750000e+02 4.524018716812133789e+02 3.000000000000000000e+00
4.378363990783691406e+02 4.727588939666748047e+02 4.450588703155517578e+02 4.749953699111938477e+02 4.512136840820312500e+02 4.762792825698852539e+02 3.000000000000000000e+00
6.136723709106445312e+02 1.619202661514282227e+02 6.216833496093750000e+02 1.643544888496398926e+02 6.283807945251464844e+02 1.659031033515930176e+02 3.000000000000000000e+00
2.681064462661743164e+02 4.428795003890991211e+02 2.755430889129638672e+02 4.446913862228393555e+02 2.817090439796447754e+02 4.454757499694824219e+02 3.000000000000000000e+00
3.069473874568939209e+02 4.494265794754028320e+02 3.143433839082717896e+02 4.512231588363647461e+02 3.205014343187212944e+02 4.521234226226806641e+02 3.000000000000000000e+00
2.991556096076965332e+02 4.222630977630615234e+02 3.065606987476348877e+02 4.240573167800903320e+02 3.127525937557220459e+02 4.249147367477416992e+02 3.000000000000000000e+00
4.059570980072021484e+02 4.564300060272216797e+02 4.131880474090576172e+02 4.585283660888671875e+02 4.194415283203125000e+02 4.596748495101928711e+02 3.000000000000000000e+00
2.184344959259033203e+02 2.115920555591583252e+02 2.171797180175781250e+02 2.133467388153076172e+02 2.141043853759765625e+02 2.141036510467529297e+02 1.000000000000000000e+00
4.044048213958740234e+02 2.595501101016998291e+02 4.208185482025146484e+02 2.623380446434020996e+02 4.361073303222656250e+02 2.643399971723556519e+02 2.000000000000000000e+00
5.337316322326660156e+02 3.023049330711364746e+02 5.483882522583007812e+02 3.049116253852844238e+02 5.615941238403320312e+02 3.066302847862243652e+02 2.000000000000000000e+00
2.931331181526184082e+02 4.262059164047241211e+02 3.005545961856842041e+02 4.280120372772216797e+02 3.067311704158782959e+02 4.288526344299316406e+02 3.000000000000000000e+00
2.116906547546386719e+02 2.387110137194395065e+02 2.101619434356689453e+02 2.407054138742387295e+02 2.071442985534667969e+02 2.413308868557214737e+02 1.000000000000000000e+00
4.188235759735107422e+02 4.675990390777587891e+02 4.260592937469482422e+02 4.697043228149414062e+02 4.322104835510253906e+02 4.708321380615234375e+02 3.000000000000000000e+00
2.397723102569580078e+02 2.306939694285392761e+02 2.385387420654296875e+02 2.330187986791133881e+02 2.359096622467041016e+02 2.342157438397407532e+02 1.000000000000000000e+00
2.751365327835083008e+02 4.419189548492431641e+02 2.825570988655090332e+02 4.437312698364257812e+02 2.887048029899597168e+02 4.445392799377441406e+02 3.000000000000000000e+00
2.752864074707031250e+02 3.231362986564636230e+02 2.828300476074218750e+02 3.248673462867736816e+02 2.892088913917541504e+02 3.256487131118774414e+02 3.000000000000000000e+00
6.071648025512695312e+02 2.061107325553894043e+02 6.149849891662597656e+02 2.085510098934173584e+02 6.217395591735839844e+02 2.101702719926834106e+02 3.000000000000000000e+00
2.150401020050048828e+02 2.356843413412570953e+02 2.136264801025390625e+02 2.377647855877876282e+02 2.108403491973876953e+02 2.384813689067959785e+02 1.000000000000000000e+00
2.980947256088256836e+02 4.523352098464965820e+02 3.054374384880065918e+02 4.541306877136230469e+02 3.116398620605468750e+02 4.549969625473022461e+02 3.000000000000000000e+00
1.823462772369384766e+02 4.739875030517578125e+02 1.896603393554687500e+02 4.755834102630615234e+02 1.958770561218261719e+02 4.761313962936401367e+02 3.000000000000000000e+00
5.050765037536621094e+02 2.530481421947479248e+02 5.204125404357910156e+02 2.562604379653930664e+02 5.347460365295410156e+02 2.584973162412643433e+02 2.000000000000000000e+00
3.199665832519531250e+02 4.495308637619018555e+02 3.272989195585250854e+02 4.513614606857299805e+02 3.335306394100189209e+02 4.523180294036865234e+02 3.000000000000000000e+00
6.116212844848632812e+02 1.568756675720214844e+02 6.196210289001464844e+02 1.593284869194030762e+02 6.263578605651855469e+02 1.609182572364807129e+02 3.000000000000000000e+00
3.349674689769744873e+02 4.575938558578491211e+02 3.423677992820739746e+02 4.594802999496459961e+02 3.485771799087524414e+02 4.604925012588500977e+02 3.000000000000000000e+00
1.892911624908447266e+02 4.450366258621215820e+02 1.968872070312500000e+02 4.465208816528320312e+02 2.030714702606201172e+02 4.472013044357299805e+02 3.000000000000000000e+00
2.219206333160400391e+02 4.744373846054077148e+02 2.293706035614013672e+02 4.761299800872802734e+02 2.356511783599853516e+02 4.769633960723876953e+02 3.000000000000000000e+00
2.180138111114501953e+02 4.724675130844116211e+02 2.254489612579345703e+02 4.741680479049682617e+02 2.317151355743408203e+02 4.749695920944213867e+02 3.000000000000000000e+00
2.831870102882385254e+02 4.190456056594848633e+02 2.906843876838684082e+02 4.208857870101928711e+02 2.968401169776916504e+02 4.216510963439941406e+02 3.000000000000000000e+00
3.010485839843750000e+02 4.493770265579223633e+02 3.083932185173034668e+02 4.511820173263549805e+02 3.145551145076751709e+02 4.520586919784545898e+02 3.000000000000000000e+00
5.361834144592285156e+02 3.013284301757812500e+02 5.507672691345214844e+02 3.039855408668518066e+02 5.639767456054687500e+02 3.056898808479309082e+02 2.000000000000000000e+00
2.681367778778076172e+02 4.319509649276733398e+02 2.756776428222656250e+02 4.336088705062866211e+02 2.817601013183593750e+02 4.344176101684570312e+02 3.000000000000000000e+00
7.105218887329101562e+01 4.397186994552612305e+02 7.858566284179687500e+01 4.409375953674316406e+02 8.494352340698242188e+01 4.412298345565795898e+02 3.000000000000000000e+00
5.034639549255371094e+02 1.650973463058471680e+02 5.112804985046386719e+02 1.673353815078735352e+02 5.178956413269042969e+02 1.687431764602661133e+02 3.000000000000000000e+00
3.709827899932861328e+02 4.740347385406494141e+02 3.781174039840698242e+02 4.761006546020507812e+02 3.842854928970336914e+02 4.771133279800415039e+02 3.000000000000000000e+00
3.169387206435203552e+02 4.555233621597290039e+02 3.242751464247703552e+02 4.573498392105102539e+02 3.304784548282623291e+02 4.582881546020507812e+02 3.000000000000000000e+00
2.581688547134399414e+02 4.249048233032226562e+02 2.655908489227294922e+02 4.264946079254150391e+02 2.717807006835937500e+02 4.273311281204223633e+02 3.000000000000000000e+00
7.928827285766601562e+01 5.568858146667480469e+01 8.745260238647460938e+01 5.723835468292236328e+01 9.442729949951171875e+01 5.775306701660156250e+01 3.000000000000000000e+00
5.044160461425781250e+02 1.580984759330749512e+02 5.122268676757812500e+02 1.603478622436523438e+02 5.188563346862792969e+02 1.617604923248291016e+02 3.000000000000000000e+00
2.860991501808166504e+02 4.421262931823730469e+02 2.934978032112121582e+02 4.439143466949462891e+02 2.996756887435913086e+02 4.447758293151855469e+02 3.000000000000000000e+00
4.597329998016357422e+02 2.899381113052368164e+02 4.755895709991455078e+02 2.925126385688781738e+02 4.904240989685058594e+02 2.941675758361816406e+02 2.000000000000000000e+00
2.752982187271118164e+02 3.052740526199340820e+02 2.828738403320312500e+02 3.069495606422424316e+02 2.893238210678100586e+02 3.078057575225830078e+02 3.000000000000000000e+00
5.029283714294433594e+02 8.899207592010498047e+01 5.108404350280761719e+02 9.120876789093017578e+01 5.177046585083007812e+02 9.252575397491455078e+01 3.000000000000000000e+00
3.827312040328979492e+02 4.711806821823120117e+02 3.900516080856323242e+02 4.733222723007202148e+02 3.962240934371948242e+02 4.743724536895751953e+02 3.000000000000000000e+00
5.943393516540527344e+02 2.140154099464416504e+02 6.022422599792480469e+02 2.164684438705444336e+02 6.090747642517089844e+02 2.179345232248306274e+02 3.000000000000000000e+00
2.520018911361694336e+02 4.627429962158203125e+02 2.594300508499145508e+02 4.644913101196289062e+02 2.655646371841430664e+02 4.652165079116821289e+02 3.000000000000000000e+00
2.213502788543701172e+02 2.305780631303787231e+02 2.200432395935058594e+02 2.327368770539760590e+02 2.173981189727783203e+02 2.336959071457386017e+02 1.000000000000000000e+00
3.069531548023223877e+02 4.573896932601928711e+02 3.143630677461624146e+02 4.591832971572875977e+02 3.204945678636431694e+02 4.600980091094970703e+02 3.000000000000000000e+00
5.725555992126464844e+02 1.605825161933898926e+02 5.804913902282714844e+02 1.629227399826049805e+02 5.872788047790527344e+02 1.645061302185058594e+02 3.000000000000000000e+00
2.990893554687500000e+02 4.453211402893066406e+02 3.064506828784942627e+02 4.471561431884765625e+02 3.126507872343063354e+02 4.480148077011108398e+02 3.000000000000000000e+00
3.260074466466903687e+02 4.595233869552612305e+02 3.333592832088470459e+02 4.613928651809692383e+02 3.395697021484375000e+02 4.624016904830932617e+02 3.000000000000000000e+00
2.293891429901123047e+02 4.325679731369018555e+02 2.366413116455078125e+02 4.341901588439941406e+02 2.428826284408569336e+02 4.348910379409790039e+02 3.000000000000000000e+00
5.744292068481445312e+02 1.395270609855651855e+02 5.823269081115722656e+02 1.419486165046691895e+02 5.889723587036132812e+02 1.434501314163208008e+02 3.000000000000000000e+00
2.522210693359375000e+02 4.248808622360229492e+02 2.596309185028076172e+02 4.264532804489135742e+02 2.658565044403076172e+02 4.273419857025146484e+02 3.000000000000000000e+00
3.699590444564819336e+02 4.669771242141723633e+02 3.771262216567993164e+02 4.690475320816040039e+02 3.832693481445312500e+02 4.700592184066772461e+02 3.000000000000000000e+00
2.921057128906250000e+02 4.503212356567382812e+02 2.994724106788635254e+02 4.520510387420654297e+02 3.056345522403717041e+02 4.529467248916625977e+02 3.000000000000000000e+00
1.653680896759033203e+02 4.707957601547241211e+02 1.726281452178955078e+02 4.722137546539306641e+02 1.788263988494873047e+02 4.727325868606567383e+02 3.000000000000000000e+00
2.780664062500000000e+02 4.490016317367553711e+02 2.854487919807434082e+02 4.508132171630859375e+02 2.915935969352722168e+02 4.516099405288696289e+02 3.000000000000000000e+00
2.641329622268676758e+02 4.309447717666625977e+02 2.716269207000732422e+02 4.325614786148071289e+02 2.777635478973388672e+02 4.333858108520507812e+02 3.000000000000000000e+00
1.636694622039794922e+02 2.223178088665008545e+02 1.614893817901611328e+02 2.235024404525756836e+02 1.578631782531738281e+02 2.236484974622726440e+02 1.000000000000000000e+00
4.053308391571044922e+02 2.626525586843490601e+02 4.216770362854003906e+02 2.654564827680587769e+02 4.369527912139892578e+02 2.674302077293395996e+02 2.000000000000000000e+00
2.334149646759033203e+02 4.335366582870483398e+02 2.406593322753906250e+02 4.352512979507446289e+02 2.469687795639038086e+02 4.359485006332397461e+02 3.000000000000000000e+00
2.522426128387451172e+02 4.298840475082397461e+02 2.596141052246093750e+02 4.314545345306396484e+02 2.658743572235107422e+02 4.323473596572875977e+02 3.000000000000000000e+00
2.860801386833190918e+02 4.320578384399414062e+02 2.935283207893371582e+02 4.338940286636352539e+02 2.996645808219909668e+02 4.347131395339965820e+02 3.000000000000000000e+00
5.462966346740722656e+02 1.574937701225280762e+02 5.541835403442382812e+02 1.598388504981994629e+02 5.608517456054687500e+02 1.612792754173278809e+02 3.000000000000000000e+00
4.992548179626464844e+02 2.540445104241371155e+02 5.146087074279785156e+02 2.572252213954925537e+02 5.289822959899902344e+02 2.594454056024551392e+02 2.000000000000000000e+00
2.662368774414062500e+02 3.042576313018798828e+02 2.738508892059326172e+02 3.059480309486389160e+02 2.802773427963256836e+02 3.068000507354736328e+02 3.000000000000000000e+00
4.807461929321289062e+02 1.038904380798339844e+02 4.886955833435058594e+02 1.061062002182006836e+02 4.955496597290039062e+02 1.073043107986450195e+02 3.000000000000000000e+00
5.143703651428222656e+02 1.591865658760070801e+02 5.222067832946777344e+02 1.614181137084960938e+02 5.287825393676757812e+02 1.627533531188964844e+02 3.000000000000000000e+00
4.258025264739990234e+02 4.686188793182373047e+02 4.330731201171875000e+02 4.707982921600341797e+02 4.391847229003906250e+02 4.719623851776123047e+02 3.000000000000000000e+00
5.532143020629882812e+02 1.443748140335083008e+02 5.610531044006347656e+02 1.466738104820251465e+02 5.677575683593750000e+02 1.481565642356872559e+02 3.000000000000000000e+00
5.922842979431152344e+02 1.968726646900177002e+02 6.001743888854980469e+02 1.992919886112213135e+02 6.068430137634277344e+02 2.008681154251098633e+02 3.000000000000000000e+00
2.950666189193725586e+02 4.382825088500976562e+02 3.024959719181060791e+02 4.401217174530029297e+02 3.086336672306060791e+02 4.409797525405883789e+02 3.000000000000000000e+00
2.121633148193359375e+02 2.319314110279083252e+02 2.108154392242431641e+02 2.339515225589275360e+02 2.080676746368408203e+02 2.346297910809516907e+02 1.000000000000000000e+00
5.143466758728027344e+02 1.641823840141296387e+02 5.221759033203125000e+02 1.664116644859313965e+02 5.287786865234375000e+02 1.677502226829528809e+02 3.000000000000000000e+00
4.578437805175781250e+02 2.255092611908912659e+02 4.739320659637451172e+02 2.289064326882362366e+02 4.886917686462402344e+02 2.314230492711067200e+02 2.000000000000000000e+00
2.761747121810913086e+02 4.239874935150146484e+02 2.836976623535156250e+02 4.258201360702514648e+02 2.897952580451965332e+02 4.265608978271484375e+02 3.000000000000000000e+00
5.063749694824218750e+02 2.941624796390533447e+02 5.217125320434570312e+02 2.969706130027770996e+02 5.360911941528320312e+02 2.986359894275665283e+02 2.000000000000000000e+00
2.902115464210510254e+02 4.161555576324462891e+02 2.976647949218750000e+02 4.179356718063354492e+02 3.039066767692565918e+02 4.187505912780761719e+02 3.000000000000000000e+00
5.725037956237792969e+02 1.505541300773620605e+02 5.804367065429687500e+02 1.529089164733886719e+02 5.872477531433105469e+02 1.544364595413208008e+02 3.000000000000000000e+00
5.245418167114257812e+02 3.055175542831420898e+02 5.392315673828125000e+02 3.080920457839965820e+02 5.525615310668945312e+02 3.096557021141052246e+02 2.000000000000000000e+00
2.609984445571899414e+02 4.647835779190063477e+02 2.683966970443725586e+02 4.665355968475341797e+02 2.745657634735107422e+02 4.672727108001708984e+02 3.000000000000000000e+00
3.759078693389892578e+02 4.700349855422973633e+02 3.831064176559448242e+02 4.721739292144775391e+02 3.892597675323486328e+02 4.731576633453369141e+02 3.000000000000000000e+00
2.270207309722900391e+02 2.636029368638992310e+02 2.250079345703125000e+02 2.652585160732269287e+02 2.220082664489746094e+02 2.656717854738235474e+02 1.000000000000000000e+00
8.843706130981445312e+01 3.580804824829101562e+01 9.655149459838867188e+01 3.739459991455078125e+01 1.035866355895996094e+02 3.800973415374755859e+01 3.000000000000000000e+00
2.821748661994934082e+02 4.300190162658691406e+02 2.896185302734375000e+02 4.318606996536254883e+02 2.956977224349975586e+02 4.326646184921264648e+02 3.000000000000000000e+00
2.851518249511718750e+02 4.250524091720581055e+02 2.926040029525756836e+02 4.268756532669067383e+02 2.988313293457031250e+02 4.276922035217285156e+02 3.000000000000000000e+00
1.935590648651123047e+02 2.489250952005386353e+02 1.914535999298095703e+02 2.504299780726432800e+02 1.880362033843994141e+02 2.508081060647964478e+02 1.000000000000000000e+00
3.497706007957458496e+02 4.638812398910522461e+02 3.572395324707031250e+02 4.658257913589477539e+02 3.631722402572631836e+02 4.667904424667358398e+02 3.000000000000000000e+00
1.932400321960449219e+02 2.403009033389389515e+02 1.911693668365478516e+02 2.418042756244540215e+02 1.875232505798339844e+02 2.422277527302503586e+02 1.000000000000000000e+00
2.641556692123413086e+02 3.000752449035644531e+01 2.719487905502319336e+02 3.193333625793457031e+01 2.788846445083618164e+02 3.280999660491943359e+01 3.000000000000000000e+00
2.602167367935180664e+02 4.359110784530639648e+02 2.676197481155395508e+02 4.375625753402709961e+02 2.737781381607055664e+02 4.383905410766601562e+02 3.000000000000000000e+00
3.409487605094909668e+02 4.587379217147827148e+02 3.484403395652770996e+02 4.606104612350463867e+02 3.545021367073059082e+02 4.616462230682373047e+02 3.000000000000000000e+00
4.168821430206298828e+02 2.221923208236694336e+02 4.331930828094482422e+02 2.257471463084220886e+02 4.484195613861083984e+02 2.283106836676597595e+02 2.000000000000000000e+00
4.264840412139892578e+02 2.261065971851348877e+02 4.427760314941406250e+02 2.294885095953941345e+02 4.580451393127441406e+02 2.319867396354675293e+02 2.000000000000000000e+00
2.911819458007812500e+02 4.201582431793212891e+02 2.986358022689819336e+02 4.219545936584472656e+02 3.048500061035156250e+02 4.227616739273071289e+02 3.000000000000000000e+00
4.675885295867919922e+02 2.299428400397300720e+02 4.835926246643066406e+02 2.333123163878917694e+02 4.983158874511718750e+02 2.357274779677391052e+02 2.000000000000000000e+00
6.606647491455078125e+01 4.386960840225219727e+02 7.356391906738281250e+01 4.399005889892578125e+02 7.995065689086914062e+01 4.401750612258911133e+02 3.000000000000000000e+00
2.911008596420288086e+02 4.543268823623657227e+02 2.984972524642944336e+02 4.560283041000366211e+02 3.046583855152130127e+02 4.569187974929809570e+02 3.000000000000000000e+00
2.354399967193603516e+02 4.205930614471435547e+02 2.429087209701538086e+02 4.222646856307983398e+02 2.491506195068359375e+02 4.230029726028442383e+02 3.000000000000000000e+00
4.115640544891357422e+02 2.378190153837203979e+02 4.280750179290771484e+02 2.410880585387349129e+02 4.433315181732177734e+02 2.434086609631776810e+02 2.000000000000000000e+00
3.020540463924407959e+02 4.423619127273559570e+02 3.094167780876159668e+02 4.442164134979248047e+02 3.156223753094673157e+02 4.450233936309814453e+02 3.000000000000000000e+00
2.619629526138305664e+02 4.727780628204345703e+02 2.693669128417968750e+02 4.745011138916015625e+02 2.754718923568725586e+02 4.752560520172119141e+02 3.000000000000000000e+00
2.471988821029663086e+02 4.287974023818969727e+02 2.545546102523803711e+02 4.305334854125976562e+02 2.607940340042114258e+02 4.313184642791748047e+02 3.000000000000000000e+00
7.171442031860351562e+01 3.976952075958251953e+01 7.980772018432617188e+01 4.133139610290527344e+01 8.689075469970703125e+01 4.178669929504394531e+01 3.000000000000000000e+00
2.931248474121093750e+02 4.302069139480590820e+02 3.005243837833404541e+02 4.320277547836303711e+02 3.066741335391998291e+02 4.328443050384521484e+02 3.000000000000000000e+00
5.634220695495605469e+02 2.905504488945007324e+02 5.775787925720214844e+02 2.932455790042877197e+02 5.907614707946777344e+02 2.949936246871948242e+02 2.000000000000000000e+00
5.001937866210937500e+02 4.455116415023803711e+02 5.075414848327636719e+02 4.479014968872070312e+02 5.137434768676757812e+02 4.493760108947753906e+02 3.000000000000000000e+00
2.134041881561279297e+02 2.426351930201053619e+02 2.117498588562011719e+02 2.446531373262405396e+02 2.087988853454589844e+02 2.452471773326396942e+02 1.000000000000000000e+00
2.890837097167968750e+02 4.472535467147827148e+02 2.964791870117187500e+02 4.489902162551879883e+02 3.026174616813659668e+02 4.498848438262939453e+02 3.000000000000000000e+00
2.144819355010986328e+02 2.143310844898223877e+02 2.132429218292236328e+02 2.159469437599182129e+02 2.102642059326171875e+02 2.166012561321258545e+02 1.000000000000000000e+00
6.085060501098632812e+02 4.561795234680175781e+01 6.166895866394042969e+02 4.805364131927490234e+01 6.239058876037597656e+02 4.957750797271728516e+01 3.000000000000000000e+00
4.982808876037597656e+02 2.655007642507553101e+02 5.136373329162597656e+02 2.684168404340744019e+02 5.280029296875000000e+02 2.705102241039276123e+02 2.000000000000000000e+00
2.951045536994934082e+02 4.442942333221435547e+02 3.024548029899597168e+02 4.461056327819824219e+02 3.086565852165222168e+02 4.469468736648559570e+02 3.000000000000000000e+00
2.193820190429687500e+02 2.156883537769317627e+02 2.181472778320312500e+02 2.174639117717742920e+02 2.151712799072265625e+02 2.182634264230728149e+02 1.000000000000000000e+00
2.690398836135864258e+02 4.578588724136352539e+02 2.763167715072631836e+02 4.596350812911987305e+02 2.825384211540222168e+02 4.603985738754272461e+02 3.000000000000000000e+00
4.451578712463378906e+02 4.237528181076049805e+02 4.523909282684326172e+02 4.259981489181518555e+02 4.585425090789794922e+02 4.272815608978271484e+02 3.000000000000000000e+00
1.554730796813964844e+02 4.718074750900268555e+02 1.627363109588623047e+02 4.732154703140258789e+02 1.689514732360839844e+02 4.737165355682373047e+02 3.000000000000000000e+00
2.951694321632385254e+02 4.202065801620483398e+02 3.025735163688659668e+02 4.220000696182250977e+02 3.087600708007812500e+02 4.228369903564453125e+02 3.000000000000000000e+00
4.650266170501708984e+02 2.289235532283782959e+02 4.811176490783691406e+02 2.322953796386718750e+02 4.958785438537597656e+02 2.347096247971057892e+02 2.000000000000000000e+00
5.552001380920410156e+02 1.574950218200683594e+02 5.630810546875000000e+02 1.598429703712463379e+02 5.697717857360839844e+02 1.612789750099182129e+02 3.000000000000000000e+00
2.759846496582031250e+02 4.590425205230712891e+02 2.833341670036315918e+02 4.607971572875976562e+02 2.895588684082031250e+02 4.615847253799438477e+02 3.000000000000000000e+00
2.394904899597167969e+02 2.438403019309043884e+02 2.379781436920166016e+02 2.460625916719436646e+02 2.352277946472167969e+02 2.471862034499645233e+02 1.000000000000000000e+00
1.660837554931640625e+02 2.152156966924667358e+02 1.638467884063720703e+02 2.166740244626998901e+02 1.602295970916748047e+02 2.171351909637451172e+02 1.000000000000000000e+00
5.443023681640625000e+02 1.524510455131530762e+02 5.521640586853027344e+02 1.547811985015869141e+02 5.588317298889160156e+02 1.561662411689758301e+02 3.000000000000000000e+00
4.578747558593750000e+02 2.373457639664411545e+02 4.739471721649169922e+02 2.405017089843750000e+02 4.887299537658691406e+02 2.428773958235979080e+02 2.000000000000000000e+00
2.065865421295166016e+02 4.323527383804321289e+02 2.140218448638916016e+02 4.338502264022827148e+02 2.202505588531494141e+02 4.345752954483032227e+02 3.000000000000000000e+00
1.312196159362792969e+02 3.712534904479980469e+01 1.393096160888671875e+02 3.874614715576171875e+01 1.462073516845703125e+02 3.940368175506591797e+01 3.000000000000000000e+00
2.294373607635498047e+02 2.526099398732185364e+02 2.271543121337890625e+02 2.547989049553871155e+02 2.240014743804931641e+02 2.557723098993301392e+02 1.000000000000000000e+00
6.116757774353027344e+02 1.901273488998413086e+02 6.195641517639160156e+02 1.925457429885864258e+02 6.263360023498535156e+02 1.940894758701324463e+02 3.000000000000000000e+00
4.328426265716552734e+02 4.727306699752807617e+02 4.400358295440673828e+02 4.749235010147094727e+02 4.462371826171875000e+02 4.761513233184814453e+02 3.000000000000000000e+00
5.642040443420410156e+02 5.522462368011474609e+01 5.722427940368652344e+02 5.749596118927001953e+01 5.791877555847167969e+02 5.914548397064208984e+01 3.000000000000000000e+00
6.003604698181152344e+02 2.189264202117919922e+02 6.082662963867187500e+02 2.214204847812652588e+02 6.151857376098632812e+02 2.229453581571578979e+02 3.000000000000000000e+00
1.235891151428222656e+02 4.734878396987915039e+02 1.308141517639160156e+02 4.747558164596557617e+02 1.371127128601074219e+02 4.752262401580810547e+02 3.000000000000000000e+00
5.073185539245605469e+02 4.365158557891845703e+02 5.146651077270507812e+02 4.388670730590820312e+02 5.208782386779785156e+02 4.403640890121459961e+02 3.000000000000000000e+00
6.004951286315917969e+02 4.234746837615966797e+02 6.080675125122070312e+02 4.260355997085571289e+02 6.144410514831542969e+02 4.276654386520385742e+02 3.000000000000000000e+00
4.579081726074218750e+02 2.682433480024337769e+02 4.738427734375000000e+02 2.710199296474456787e+02 4.887705039978027344e+02 2.727711510658264160e+02 2.000000000000000000e+00
4.135917091369628906e+02 3.774810934066772461e+02 4.210410499572753906e+02 3.795425748825073242e+02 4.274028682708740234e+02 3.807126474380493164e+02 3.000000000000000000e+00
4.225999450683593750e+02 2.467360080778598785e+02 4.390387916564941406e+02 2.499546208977699280e+02 4.541637325286865234e+02 2.520575872063636780e+02 2.000000000000000000e+00
5.222047805786132812e+02 6.209564208984375000e+01 5.302260780334472656e+02 6.437225818634033203e+01 5.373113441467285156e+02 6.567410945892333984e+01 3.000000000000000000e+00
4.560919857025146484e+02 4.399273109436035156e+02 4.634313106536865234e+02 4.422188472747802734e+02 4.695633220672607422e+02 4.435875892639160156e+02 3.000000000000000000e+00
2.851483464241027832e+02 4.370903491973876953e+02 2.925262451171875000e+02 4.388997888565063477e+02 2.986857604980468750e+02 4.397467803955078125e+02 3.000000000000000000e+00
4.432200908660888672e+02 2.706751728057861328e+02 4.591166114807128906e+02 2.732975792884826660e+02 4.740806579589843750e+02 2.748052382469177246e+02 2.000000000000000000e+00
4.209881305694580078e+02 4.396986150741577148e+02 4.283381652832031250e+02 4.418653678894042969e+02 4.345769977569580078e+02 4.431309986114501953e+02 3.000000000000000000e+00
2.961036372184753418e+02 4.483111667633056641e+02 3.034705507755279541e+02 4.501078319549560547e+02 3.096580195426940918e+02 4.509785842895507812e+02 3.000000000000000000e+00
1.908689689636230469e+02 2.441543278098106384e+02 1.886935901641845703e+02 2.455663606524467468e+02 1.852255821228027344e+02 2.458979648351669312e+02 1.000000000000000000e+00
3.957760334014892578e+02 4.712958812713623047e+02 4.031305885314941406e+02 4.734346675872802734e+02 4.092145729064941406e+02 4.745251321792602539e+02 3.000000000000000000e+00
3.219921265542507172e+02 4.565513706207275391e+02 3.293293154239654541e+02 4.583883762359619141e+02 3.355699467658996582e+02 4.593767452239990234e+02 3.000000000000000000e+00
6.044999504089355469e+02 3.755202770233154297e+01 6.126560783386230469e+02 3.993666172027587891e+01 6.198100662231445312e+02 4.148365974426269531e+01 3.000000000000000000e+00
5.082823753356933594e+02 4.405498123168945312e+02 5.156198120117187500e+02 4.429418706893920898e+02 5.218432617187500000e+02 4.444041824340820312e+02 3.000000000000000000e+00
5.051185035705566406e+02 2.638657844066619873e+02 5.204744338989257812e+02 2.668786633014678955e+02 5.347945022583007812e+02 2.689479696750640869e+02 2.000000000000000000e+00
4.489475440979003906e+02 2.678915727138519287e+02 4.648814392089843750e+02 2.705169689655303955e+02 4.798144531250000000e+02 2.722274780273437500e+02 2.000000000000000000e+00
5.448357009887695312e+02 2.789975917339324951e+02 5.590245437622070312e+02 2.817183566093444824e+02 5.723526573181152344e+02 2.837620568275451660e+02 2.000000000000000000e+00
2.961502075195312500e+02 4.562631368637084961e+02 3.034906923770904541e+02 4.580689859390258789e+02 3.096766352653503418e+02 4.589077806472778320e+02 3.000000000000000000e+00
2.802169179916381836e+02 4.230647420883178711e+02 2.876813960075378418e+02 4.248742818832397461e+02 2.938296818733215332e+02 4.256562566757202148e+02 3.000000000000000000e+00
5.050632095336914062e+02 2.607922071218490601e+02 5.204246330261230469e+02 2.639674687385559082e+02 5.347241783142089844e+02 2.662137472629547119e+02 2.000000000000000000e+00
2.661816406250000000e+02 4.359249973297119141e+02 2.736600923538208008e+02 4.376177215576171875e+02 2.797510385513305664e+02 4.384225273132324219e+02 3.000000000000000000e+00
2.190487003326416016e+02 2.355930022895336151e+02 2.176513481140136719e+02 2.377520140260457993e+02 2.149573326110839844e+02 2.385914915800094604e+02 1.000000000000000000e+00
2.701897573471069336e+02 4.359011077880859375e+02 2.776199007034301758e+02 4.376731681823730469e+02 2.837049245834350586e+02 4.384731817245483398e+02 3.000000000000000000e+00
5.423888015747070312e+02 1.644584798812866211e+02 5.502904701232910156e+02 1.667984604835510254e+02 5.569242668151855469e+02 1.681827950477600098e+02 3.000000000000000000e+00
5.715541458129882812e+02 2.800668668746948242e+02 5.855760574340820312e+02 2.831363224983215332e+02 5.986560058593750000e+02 2.854518771171569824e+02 2.000000000000000000e+00
4.138208675384521484e+02 4.645395326614379883e+02 4.211002540588378906e+02 4.666480493545532227e+02 4.272676372528076172e+02 4.677598142623901367e+02 3.000000000000000000e+00
5.182814407348632812e+02 5.904221534729003906e+01 5.262928581237792969e+02 6.134536743164062500e+01 5.333132362365722656e+02 6.263216972351074219e+01 3.000000000000000000e+00
2.218729114532470703e+02 2.393631591461598873e+02 2.203692722320556641e+02 2.415230408683419228e+02 2.177458667755126953e+02 2.424394532293081284e+02 1.000000000000000000e+00
1.553338813781738281e+02 4.328493118286132812e+01 1.634355449676513672e+02 4.490796089172363281e+01 1.704091453552246094e+02 4.562740802764892578e+01 3.000000000000000000e+00
2.436318635940551758e+02 2.472528997063636780e+02 2.419913148880004883e+02 2.494255068898200989e+02 2.391575908660888672e+02 2.504978638887405396e+02 1.000000000000000000e+00
4.971018028259277344e+02 6.097254753112792969e+01 5.051698303222656250e+02 6.322985172271728516e+01 5.119915580749511719e+02 6.450013160705566406e+01 3.000000000000000000e+00
2.351521396636962891e+02 4.525847911834716797e+02 2.425154256820678711e+02 4.543495559692382812e+02 2.486657381057739258e+02 4.548789167404174805e+02 3.000000000000000000e+00
5.489726066589355469e+02 6.627083301544189453e+01 5.570023918151855469e+02 6.857534408569335938e+01 5.638866615295410156e+02 6.991142749786376953e+01 3.000000000000000000e+00
9.769939422607421875e+01 4.549881362915039062e+02 1.053352928161621094e+02 4.563856887817382812e+02 1.115549468994140625e+02 4.566701173782348633e+02 3.000000000000000000e+00
4.864534378051757812e+02 4.032561779022216797e+02 4.938652038574218750e+02 4.055704164505004883e+02 5.001642799377441406e+02 4.069301605224609375e+02 3.000000000000000000e+00
8.139631271362304688e+01 5.066469669342041016e+01 8.948492050170898438e+01 5.226901531219482422e+01 9.654937744140625000e+01 5.274295806884765625e+01 3.000000000000000000e+00
2.542790651321411133e+02 4.358673477172851562e+02 2.616417837142944336e+02 4.374944829940795898e+02 2.678667879104614258e+02 4.383432483673095703e+02 3.000000000000000000e+00
4.439326477050781250e+02 4.548638677597045898e+02 4.512922954559326172e+02 4.571476793289184570e+02 4.574182796478271484e+02 4.583094263076782227e+02 3.000000000000000000e+00
5.643836784362792969e+02 3.143979549407958984e+01 5.725494956970214844e+02 3.374270439147949219e+01 5.794127273559570312e+02 3.535959720611572266e+01 3.000000000000000000e+00
5.655144691467285156e+02 1.585442733764648438e+02 5.734389686584472656e+02 1.609092378616333008e+02 5.802070426940917969e+02 1.624295926094055176e+02 3.000000000000000000e+00
5.343577957153320312e+02 1.383552503585815430e+02 5.422796058654785156e+02 1.406194567680358887e+02 5.490151977539062500e+02 1.419191837310791016e+02 3.000000000000000000e+00
4.605655860900878906e+02 3.909134960174560547e+02 4.679778194427490234e+02 3.931410598754882812e+02 4.743162250518798828e+02 3.944468450546264648e+02 3.000000000000000000e+00
4.601748657226562500e+02 4.208769321441650391e+02 4.675575923919677734e+02 4.231840038299560547e+02 4.737035560607910156e+02 4.244219112396240234e+02 3.000000000000000000e+00
6.136604118347167969e+02 1.529248023033142090e+02 6.216684532165527344e+02 1.553533101081848145e+02 6.283765983581542969e+02 1.569037771224975586e+02 3.000000000000000000e+00
4.267474365234375000e+02 3.584828853607177734e+02 4.343314552307128906e+02 3.606506681442260742e+02 4.406521892547607422e+02 3.617939758300781250e+02 3.000000000000000000e+00
5.146013832092285156e+02 2.530727854371070862e+02 5.298574829101562500e+02 2.562594008445739746e+02 5.441212844848632812e+02 2.584973466396331787e+02 2.000000000000000000e+00
4.145154094696044922e+02 2.407567901909351349e+02 4.310006427764892578e+02 2.439805604517459869e+02 4.462895202636718750e+02 2.463349919021129608e+02 2.000000000000000000e+00
5.734844398498535156e+02 1.925288200378417969e+02 5.813285636901855469e+02 1.949125635623931885e+02 5.879674148559570312e+02 1.966941511631011963e+02 3.000000000000000000e+00
5.641524696350097656e+02 6.226521492004394531e+01 5.721942138671875000e+02 6.453472137451171875e+01 5.791566276550292969e+02 6.618936538696289062e+01 3.000000000000000000e+00
5.671879386901855469e+02 2.818856835365295410e+02 5.813504600524902344e+02 2.846394968032836914e+02 5.945427894592285156e+02 2.864298713207244873e+02 2.000000000000000000e+00
4.806427383422851562e+02 3.771271991729736328e+02 4.882385635375976562e+02 3.793585252761840820e+02 4.945358848571777344e+02 3.806393766403198242e+02 3.000000000000000000e+00
5.583325195312500000e+02 1.434242677688598633e+02 5.661656570434570312e+02 1.457369828224182129e+02 5.729109573364257812e+02 1.472700762748718262e+02 3.000000000000000000e+00
4.506049537658691406e+02 3.908765029907226562e+02 4.580044555664062500e+02 3.930655002593994141e+02 4.643209552764892578e+02 3.943592548370361328e+02 3.000000000000000000e+00
4.289922523498535156e+02 3.333744549751281738e+02 4.365705871582031250e+02 3.354284691810607910e+02 4.429163551330566406e+02 3.366179895401000977e+02 3.000000000000000000e+00
4.893092155456542969e+02 1.777597761154174805e+02 4.972601127624511719e+02 1.803491485118865967e+02 5.045388221740722656e+02 1.825705218315124512e+02 3.000000000000000000e+00
2.731671762466430664e+02 4.329473304748535156e+02 2.806552720069885254e+02 4.347331380844116211e+02 2.867459416389465332e+02 4.355020236968994141e+02 3.000000000000000000e+00
5.318173789978027344e+02 2.718792450428009033e+02 5.465813636779785156e+02 2.748385655879974365e+02 5.602367019653320312e+02 2.770574676990509033e+02 2.000000000000000000e+00
5.370658683776855469e+02 2.774908483028411865e+02 5.515500450134277344e+02 2.804490673542022705e+02 5.652013015747070312e+02 2.826522231101989746e+02 2.000000000000000000e+00
4.716669940948486328e+02 3.639468812942504883e+02 4.792186641693115234e+02 3.661946439743041992e+02 4.855903434753417969e+02 3.674393749237060547e+02 3.000000000000000000e+00
5.996186637878417969e+02 1.567786645889282227e+02 6.075148391723632812e+02 1.592878675460815430e+02 6.143610191345214844e+02 1.608537840843200684e+02 3.000000000000000000e+00
2.194432544708251953e+02 4.344875907897949219e+02 2.267495250701904297e+02 4.360534715652465820e+02 2.329831218719482422e+02 4.367377424240112305e+02 3.000000000000000000e+00
4.799559974670410156e+02 4.622369527816772461e+02 4.872717094421386719e+02 4.645293760299682617e+02 4.933888816833496094e+02 4.659490728378295898e+02 3.000000000000000000e+00
1.939019012451171875e+02 2.615355849266052246e+02 1.916162872314453125e+02 2.629389041662216187e+02 1.882444858551025391e+02 2.632879954576492310e+02 1.000000000000000000e+00
1.362490081787109375e+02 2.818004608154296875e+01 1.444006919860839844e+02 2.984075546264648438e+01 1.513165473937988281e+02 3.046910762786865234e+01 3.000000000000000000e+00
6.047122764587402344e+02 1.769308590888977051e+02 6.126620483398437500e+02 1.793765258789062500e+02 6.194168090820312500e+02 1.810561788082122803e+02 3.000000000000000000e+00
7.577999114990234375e+01 4.688270044326782227e+02 8.323471069335937500e+01 4.700583314895629883e+02 8.948213577270507812e+01 4.703489255905151367e+02 3.000000000000000000e+00
2.589696359634399414e+02 4.698027420043945312e+02 2.663638591766357422e+02 4.715054798126220703e+02 2.724985027313232422e+02 4.722535800933837891e+02 3.000000000000000000e+00
4.576229572296142578e+02 3.819291114807128906e+02 4.650850582122802734e+02 3.841462755203247070e+02 4.713770771026611328e+02 3.853847980499267578e+02 3.000000000000000000e+00
5.333192253112792969e+02 4.457607793807983398e+02 5.407469558715820312e+02 4.482819271087646484e+02 5.469304847717285156e+02 4.498193407058715820e+02 3.000000000000000000e+00
4.222522640228271484e+02 2.380976714193820953e+02 4.386248493194580078e+02 2.412680359929800034e+02 4.538488769531250000e+02 2.436093293130397797e+02 2.000000000000000000e+00
4.697460174560546875e+01 4.624092149734497070e+02 5.449512481689453125e+01 4.635389757156372070e+02 6.076290130615234375e+01 4.637111377716064453e+02 3.000000000000000000e+00
5.300139236450195312e+02 2.874418973922729492e+02 5.445084953308105469e+02 2.901501202583312988e+02 5.583814811706542969e+02 2.920046424865722656e+02 2.000000000000000000e+00
5.584890174865722656e+02 1.755729174613952637e+02 5.663644981384277344e+02 1.779222106933593750e+02 5.729632568359375000e+02 1.793906092643737793e+02 3.000000000000000000e+00
2.742080688476562500e+02 3.102337360382080078e+02 2.818049621582031250e+02 3.119356083869934082e+02 2.882142949104309082e+02 3.127758836746215820e+02 3.000000000000000000e+00
5.542291831970214844e+02 1.534692764282226562e+02 5.620809936523437500e+02 1.558045005798339844e+02 5.687607383728027344e+02 1.571957230567932129e+02 3.000000000000000000e+00
1.652557468414306641e+02 2.109871047735214233e+02 1.630445575714111328e+02 2.124463784694671631e+02 1.593808174133300781e+02 2.128590989112854004e+02 1.000000000000000000e+00
1.706110382080078125e+02 2.305173638463020325e+02 1.683867454528808594e+02 2.320010831952095032e+02 1.647391223907470703e+02 2.323210752010345459e+02 1.000000000000000000e+00
1.870836353302001953e+02 2.574331676959991455e+02 1.848158264160156250e+02 2.588655710220336914e+02 1.812888145446777344e+02 2.591212785243988037e+02 1.000000000000000000e+00
4.268329524993896484e+02 3.385548162460327148e+02 4.344019794464111328e+02 3.406259179115295410e+02 4.407954692840576172e+02 3.418248009681701660e+02 3.000000000000000000e+00
4.839140319824218750e+02 8.481642723083496094e+01 4.918927574157714844e+02 8.700366497039794922e+01 4.986932373046875000e+02 8.838714122772216797e+01 3.000000000000000000e+00
6.076074790954589844e+02 1.900664019584655762e+02 6.155012893676757812e+02 1.925021195411682129e+02 6.223048782348632812e+02 1.940362358093261719e+02 3.000000000000000000e+00
4.224578285217285156e+02 2.251869955658912659e+02 4.387187480926513672e+02 2.286541441082954407e+02 4.539201068878173828e+02 2.312129965424537659e+02 2.000000000000000000e+00
5.226146316528320312e+02 2.844797980785369873e+02 5.371977043151855469e+02 2.872362077236175537e+02 5.512636756896972656e+02 2.889057326316833496e+02 2.000000000000000000e+00
5.804026603698730469e+02 2.008743739128112793e+02 5.882778358459472656e+02 2.033222329616546631e+02 5.949309730529785156e+02 2.047997260093688965e+02 3.000000000000000000e+00
4.759072589874267578e+02 4.702144002914428711e+02 4.832224464416503906e+02 4.725390386581420898e+02 4.893120384216308594e+02 4.739894199371337891e+02 3.000000000000000000e+00
5.654509353637695312e+02 1.505291104316711426e+02 5.733673095703125000e+02 1.528824734687805176e+02 5.801561355590820312e+02 1.543798470497131348e+02 3.000000000000000000e+00
2.589742422103881836e+02 2.998074531555175781e+01 2.669891357421875000e+02 3.186954975128173828e+01 2.738014841079711914e+02 3.276047229766845703e+01 3.000000000000000000e+00
4.258810710906982422e+02 2.372411801666021347e+02 4.421912574768066406e+02 2.404031524993479252e+02 4.574345397949218750e+02 2.427192536741495132e+02 2.000000000000000000e+00
5.132594108581542969e+02 1.782222747802734375e+02 5.210801506042480469e+02 1.804687321186065674e+02 5.277210807800292969e+02 1.818390762805938721e+02 3.000000000000000000e+00
3.867172574996948242e+02 4.702146148681640625e+02 3.940956115722656250e+02 4.723514270782470703e+02 4.002918148040771484e+02 4.733833980560302734e+02 3.000000000000000000e+00
6.032336997985839844e+02 2.090469038486480713e+02 6.110757446289062500e+02 2.114828485250473022e+02 6.178432655334472656e+02 2.131088250875473022e+02 3.000000000000000000e+00
2.046309471130371094e+02 4.148735046386718750e+01 2.124358177185058594e+02 4.335292339324951172e+01 2.192997550964355469e+02 4.415515422821044922e+01 3.000000000000000000e+00
4.462873554229736328e+02 2.368852843344211578e+02 4.623513507843017578e+02 2.400965881417505443e+02 4.772684669494628906e+02 2.423878479748964310e+02 2.000000000000000000e+00
4.655375385284423828e+02 3.789489269256591797e+02 4.730288410186767578e+02 3.811841440200805664e+02 4.793810462951660156e+02 3.824259138107299805e+02 3.000000000000000000e+00
2.470253133773803711e+02 4.758377552032470703e+02 2.543076944351196289e+02 4.776061534881591797e+02 2.603631591796875000e+02 4.783379316329956055e+02 3.000000000000000000e+00
5.695089149475097656e+02 1.935491931438446045e+02 5.773694419860839844e+02 1.959378039836883545e+02 5.839778518676757812e+02 1.976752924919128418e+02 3.000000000000000000e+00
4.714147377014160156e+02 3.970206928253173828e+02 4.787849140167236328e+02 3.993201684951782227e+02 4.852235794067382812e+02 4.006622028350830078e+02 3.000000000000000000e+00
4.636233234405517578e+02 2.654824841022491455e+02 4.795594501495361328e+02 2.683550727367401123e+02 4.944267654418945312e+02 2.701836562156677246e+02 2.000000000000000000e+00
1.952424716949462891e+02 4.470969629287719727e+02 2.028924655914306641e+02 4.485676431655883789e+02 2.090525150299072266e+02 4.492428731918334961e+02 3.000000000000000000e+00
5.372833824157714844e+02 4.387388420104980469e+02 5.446980667114257812e+02 4.412562990188598633e+02 5.508999061584472656e+02 4.427569055557250977e+02 3.000000000000000000e+00
4.304437923431396484e+02 3.926450300216674805e+02 4.378277873992919922e+02 3.947807693481445312e+02 4.441530132293701172e+02 3.959911251068115234e+02 3.000000000000000000e+00
5.843350219726562500e+02 2.009298062324523926e+02 5.922337722778320312e+02 2.033638286590576172e+02 5.988999748229980469e+02 2.048692917823791504e+02 3.000000000000000000e+00
5.385899734497070312e+02 1.032102155685424805e+02 5.465263748168945312e+02 1.054704380035400391e+02 5.533181762695312500e+02 1.068033885955810547e+02 3.000000000000000000e+00
4.328217506408691406e+02 3.475112342834472656e+02 4.403861141204833984e+02 3.496199727058410645e+02 4.466855525970458984e+02 3.508016395568847656e+02 3.000000000000000000e+00
2.891581726074218750e+02 4.271197843551635742e+02 2.965718674659729004e+02 4.289211559295654297e+02 3.027936708927154541e+02 4.297649574279785156e+02 3.000000000000000000e+00
4.250440692901611328e+02 2.722731649875640869e+02 4.410974407196044922e+02 2.746413910388946533e+02 4.559360408782958984e+02 2.760397982597351074e+02 2.000000000000000000e+00
4.447256183624267578e+02 3.677522993087768555e+02 4.523270320892333984e+02 3.699766874313354492e+02 4.585815143585205078e+02 3.711819219589233398e+02 3.000000000000000000e+00
5.813499832153320312e+02 1.946274554729461670e+02 5.892271232604980469e+02 1.970278000831604004e+02 5.959300041198730469e+02 1.987877190113067627e+02 3.000000000000000000e+00
5.502979850769042969e+02 1.564986562728881836e+02 5.581762695312500000e+02 1.588419914245605469e+02 5.648428916931152344e+02 1.602845120429992676e+02 3.000000000000000000e+00
2.581511545181274414e+02 4.159016561508178711e+02 2.656415414810180664e+02 4.175057744979858398e+02 2.719465017318725586e+02 4.183379030227661133e+02 3.000000000000000000e+00
5.763256835937500000e+02 2.139177989959716797e+02 5.842074012756347656e+02 2.163330370187759399e+02 5.909690666198730469e+02 2.178028088808059692e+02 3.000000000000000000e+00
4.304632568359375000e+02 2.269983056187629700e+02 4.467341041564941406e+02 2.303507074713706970e+02 4.619992351531982422e+02 2.328007963299751282e+02 2.000000000000000000e+00
4.914288902282714844e+02 4.102891302108764648e+02 4.988577270507812500e+02 4.126298332214355469e+02 5.051325416564941406e+02 4.139661312103271484e+02 3.000000000000000000e+00
5.756239700317382812e+02 1.645849585533142090e+02 5.835521316528320312e+02 1.669606447219848633e+02 5.903615760803222656e+02 1.685275197029113770e+02 3.000000000000000000e+00
5.613205528259277344e+02 1.545518445968627930e+02 5.691657066345214844e+02 1.569223165512084961e+02 5.758828735351562500e+02 1.583647441864013672e+02 3.000000000000000000e+00
3.099958491325378418e+02 4.463995170593261719e+02 3.173364561796188354e+02 4.482384395599365234e+02 3.235320740938186646e+02 4.490940713882446289e+02 3.000000000000000000e+00
1.593931198120117188e+02 4.747919082641601562e+02 1.666920757293701172e+02 4.762035942077636719e+02 1.729187870025634766e+02 4.767079925537109375e+02 3.000000000000000000e+00
5.630314445495605469e+02 3.647646903991699219e+02 5.705875968933105469e+02 3.672791576385498047e+02 5.770510292053222656e+02 3.687773466110229492e+02 3.000000000000000000e+00
4.230203533172607422e+02 4.316659641265869141e+02 4.303832721710205078e+02 4.338495540618896484e+02 4.365944576263427734e+02 4.351009368896484375e+02 3.000000000000000000e+00
5.447143554687500000e+02 8.830490112304687500e+01 5.526690101623535156e+02 9.064534664154052734e+01 5.594701576232910156e+02 9.206305503845214844e+01 3.000000000000000000e+00
4.696254253387451172e+02 3.709987306594848633e+02 4.771767616271972656e+02 3.732327604293823242e+02 4.835000991821289062e+02 3.744675636291503906e+02 3.000000000000000000e+00
6.104732131958007812e+02 3.958475589752197266e+01 6.186624145507812500e+02 4.201054573059082031e+01 6.258565711975097656e+02 4.354246616363525391e+01 3.000000000000000000e+00
5.640394973754882812e+02 3.697536706924438477e+02 5.715786743164062500e+02 3.722845172882080078e+02 5.779853630065917969e+02 3.738353061676025391e+02 3.000000000000000000e+00
4.621249389648437500e+02 4.269146490097045898e+02 4.695191097259521484e+02 4.292398738861083984e+02 4.756648540496826172e+02 4.305126428604125977e+02 3.000000000000000000e+00
1.046324157714843750e+02 4.721800947189331055e+02 1.120933151245117188e+02 4.734215211868286133e+02 1.183321380615234375e+02 4.737884044647216797e+02 3.000000000000000000e+00
5.946662712097167969e+02 1.545411586761474609e+01 6.028587150573730469e+02 1.776861190795898438e+01 6.100059318542480469e+02 1.925763130187988281e+01 3.000000000000000000e+00
4.323888587951660156e+02 2.374271086603403091e+02 4.486188983917236328e+02 2.405686035566031933e+02 4.637879085540771484e+02 2.429204104095697403e+02 2.000000000000000000e+00
4.789160442352294922e+02 1.394868993759155273e+02 4.868480873107910156e+02 1.417463207244873047e+02 4.935490798950195312e+02 1.430016589164733887e+02 3.000000000000000000e+00
4.248208332061767578e+02 3.435198140144348145e+02 4.323949337005615234e+02 3.456123733520507812e+02 4.387082576751708984e+02 3.468041110038757324e+02 3.000000000000000000e+00
4.337964534759521484e+02 3.575463938713073730e+02 4.413793945312500000e+02 3.597167444229125977e+02 4.477019977569580078e+02 3.608877611160278320e+02 3.000000000000000000e+00
5.091337585449218750e+02 2.911347055435180664e+02 5.244791984558105469e+02 2.939328038692474365e+02 5.388166618347167969e+02 2.955905163288116455e+02 2.000000000000000000e+00
4.071065711975097656e+02 2.181292873620986938e+02 4.235890483856201172e+02 2.217283934354782104e+02 4.387826251983642578e+02 2.242371815443038940e+02 2.000000000000000000e+00
5.109451293945312500e+02 2.628301405906677246e+02 5.262979125976562500e+02 2.661399239301681519e+02 5.406063842773437500e+02 2.683708816766738892e+02 2.000000000000000000e+00
4.249454975128173828e+02 4.467231559753417969e+02 4.322988033294677734e+02 4.488653612136840820e+02 4.385047626495361328e+02 4.501273584365844727e+02 3.000000000000000000e+00
4.288120460510253906e+02 3.465171861648559570e+02 4.363537311553955078e+02 3.486220765113830566e+02 4.426770019531250000e+02 3.497968482971191406e+02 3.000000000000000000e+00
1.286437988281250000e+02 4.574373579025268555e+02 1.361755561828613281e+02 4.587850141525268555e+02 1.424654579162597656e+02 4.593538999557495117e+02 3.000000000000000000e+00
2.573911142349243164e+02 4.408263301849365234e+02 2.646530437469482422e+02 4.425263500213623047e+02 2.708974885940551758e+02 4.433256626129150391e+02 3.000000000000000000e+00
4.397106075286865234e+02 3.656846952438354492e+02 4.473316097259521484e+02 3.679082107543945312e+02 4.536258220672607422e+02 3.691178369522094727e+02 3.000000000000000000e+00
4.983961486816406250e+02 2.893538224697113037e+02 5.138209342956542969e+02 2.920818829536437988e+02 5.281820678710937500e+02 2.938552594184875488e+02 2.000000000000000000e+00
5.485002517700195312e+02 2.827410292625427246e+02 5.625820350646972656e+02 2.857268106937408447e+02 5.753931236267089844e+02 2.878497326374053955e+02 2.000000000000000000e+00
4.920272827148437500e+02 7.294325351715087891e+01 4.999964904785156250e+02 7.516802787780761719e+01 5.068840980529785156e+02 7.645344257354736328e+01 3.000000000000000000e+00
4.794164466857910156e+02 1.218525624275207520e+02 4.873894119262695312e+02 1.240630960464477539e+02 4.941414833068847656e+02 1.252886366844177246e+02 3.000000000000000000e+00
5.319541740417480469e+02 4.667928886413574219e+02 5.393921470642089844e+02 4.693859338760375977e+02 5.456058311462402344e+02 4.709513998031616211e+02 3.000000000000000000e+00
4.571345806121826172e+02 2.456917762756347656e+01 4.652272033691406250e+02 2.672198295593261719e+01 4.721243286132812500e+02 2.792627334594726562e+01 3.000000000000000000e+00
2.731271982192993164e+02 4.289187669754028320e+02 2.806142568588256836e+02 4.307238292694091797e+02 2.867347097396850586e+02 4.314774942398071289e+02 3.000000000000000000e+00
4.108725261688232422e+02 4.674832820892333984e+02 4.181416034698486328e+02 4.695877218246459961e+02 4.242913532257080078e+02 4.706789731979370117e+02 3.000000000000000000e+00
5.142844963073730469e+02 4.335647392272949219e+02 5.216530227661132812e+02 4.359456825256347656e+02 5.278645133972167969e+02 4.374271917343139648e+02 3.000000000000000000e+00
4.281910991668701172e+02 2.737099921703338623e+02 4.441121578216552734e+02 2.761653149127960205e+02 4.589107036590576172e+02 2.775309455394744873e+02 2.000000000000000000e+00
5.447768592834472656e+02 8.428833961486816406e+01 5.527421379089355469e+02 8.663877010345458984e+01 5.596422767639160156e+02 8.802217483520507812e+01 3.000000000000000000e+00
8.942884445190429688e+01 3.077997207641601562e+01 9.757350921630859375e+01 3.239866733551025391e+01 1.046205902099609375e+02 3.300667762756347656e+01 3.000000000000000000e+00
1.852425098419189453e+02 4.660481643676757812e+02 1.925705528259277344e+02 4.675015926361083984e+02 1.987622833251953125e+02 4.680780172348022461e+02 3.000000000000000000e+00
4.328437232971191406e+02 3.385598230361938477e+02 4.404146766662597656e+02 3.406539988517761230e+02 4.467846107482910156e+02 3.418420171737670898e+02 3.000000000000000000e+00
4.647848510742187500e+02 2.627254951000213623e+02 4.807044982910156250e+02 2.659099137783050537e+02 4.955789756774902344e+02 2.680173969268798828e+02 2.000000000000000000e+00
5.302260780334472656e+02 4.318128204345703125e+02 5.375801467895507812e+02 4.343287754058837891e+02 5.437974357604980469e+02 4.357045698165893555e+02 3.000000000000000000e+00
2.701751708984375000e+02 3.201024198532104492e+02 2.777639770507812500e+02 3.218412208557128906e+02 2.841378164291381836e+02 3.226250624656677246e+02 3.000000000000000000e+00
5.383240318298339844e+02 4.517771244049072266e+01 5.463956260681152344e+02 4.747581481933593750e+01 5.534810256958007812e+02 4.880663394927978516e+01 3.000000000000000000e+00
4.738893413543701172e+02 2.319277954101562500e+02 4.897014236450195312e+02 2.353244170546531677e+02 5.044034385681152344e+02 2.377407836169004440e+02 2.000000000000000000e+00
6.207406997680664062e+01 4.696223545074462891e+02 6.948820114135742188e+01 4.708065319061279297e+02 7.580902099609375000e+01 4.710669708251953125e+02 3.000000000000000000e+00
1.742742443084716797e+02 2.442888946831226349e+02 1.720201683044433594e+02 2.455807650089263916e+02 1.683172416687011719e+02 2.458307343721389771e+02 1.000000000000000000e+00
4.807107543945312500e+02 1.108855819702148438e+02 4.886147117614746094e+02 1.130951786041259766e+02 4.954411888122558594e+02 1.142840766906738281e+02 3.000000000000000000e+00
1.027249717712402344e+02 4.341349554061889648e+02 1.102572631835937500e+02 4.354017734527587891e+02 1.165640258789062500e+02 4.357660961151123047e+02 3.000000000000000000e+00
4.627035236358642578e+02 3.689616107940673828e+02 4.702623653411865234e+02 3.711952257156372070e+02 4.765582275390625000e+02 3.724057388305664062e+02 3.000000000000000000e+00
2.521805429458618164e+02 4.179109954833984375e+02 2.596636056900024414e+02 4.194993638992309570e+02 2.659078073501586914e+02 4.203759813308715820e+02 3.000000000000000000e+00
5.685221672058105469e+02 2.673811358213424683e+02 5.826335525512695312e+02 2.703942275047302246e+02 5.956943321228027344e+02 2.726314115524291992e+02 2.000000000000000000e+00
4.268284606933593750e+02 3.325639700889587402e+02 4.344352722167968750e+02 3.346274757385253906e+02 4.408028888702392578e+02 3.358302998542785645e+02 3.000000000000000000e+00
2.276525974273681641e+02 4.195868253707885742e+02 2.351055431365966797e+02 4.211764955520629883e+02 2.412542724609375000e+02 4.219652795791625977e+02 3.000000000000000000e+00
2.406391429901123047e+02 2.539637455344200134e+02 2.387112712860107422e+02 2.559703981876373291e+02 2.356327342987060547e+02 2.568766182661056519e+02 1.000000000000000000e+00
4.270568275451660156e+02 4.276176595687866211e+02 4.344236183166503906e+02 4.298733329772949219e+02 4.406095600128173828e+02 4.311158609390258789e+02 3.000000000000000000e+00
4.196038246154785156e+02 3.785430622100830078e+02 4.270985126495361328e+02 3.806337976455688477e+02 4.334324645996093750e+02 3.818165302276611328e+02 3.000000000000000000e+00
4.866126823425292969e+02 3.862291574478149414e+02 4.941768836975097656e+02 3.884321022033691406e+02 5.003952980041503906e+02 3.897545814514160156e+02 3.000000000000000000e+00
5.330247306823730469e+02 3.596813106536865234e+02 5.406245231628417969e+02 3.620670175552368164e+02 5.470648193359375000e+02 3.635024213790893555e+02 3.000000000000000000e+00
4.257055377960205078e+02 2.298525077104568481e+02 4.420407390594482422e+02 2.332485499978065491e+02 4.573418617248535156e+02 2.356796872615814209e+02 2.000000000000000000e+00
4.835326576232910156e+02 1.588313126564025879e+02 4.912122917175292969e+02 1.613543629646301270e+02 4.978243446350097656e+02 1.630794024467468262e+02 3.000000000000000000e+00
2.460017824172973633e+02 4.576883411407470703e+02 2.533880901336669922e+02 4.594410467147827148e+02 2.594650554656982422e+02 4.601457881927490234e+02 3.000000000000000000e+00
4.680902767181396484e+02 4.521578121185302734e+02 4.754392147064208984e+02 4.544202089309692383e+02 4.815967750549316406e+02 4.557961893081665039e+02 3.000000000000000000e+00
4.675840759277343750e+02 2.345560759305953979e+02 4.835678672790527344e+02 2.378295439481735229e+02 4.983061027526855469e+02 2.403346405271440744e+02 2.000000000000000000e+00
4.378344726562500000e+02 2.795619535446166992e+02 4.537602901458740234e+02 2.821136498451232910e+02 4.685340309143066406e+02 2.838035917282104492e+02 2.000000000000000000e+00
5.629914665222167969e+02 4.601676464080810547e+02 5.704729080200195312e+02 4.626635313034057617e+02 5.766930580139160156e+02 4.643511486053466797e+02 3.000000000000000000e+00
5.882960319519042969e+02 2.170448452234268188e+02 5.961477661132812500e+02 2.194669640064239502e+02 6.029669761657714844e+02 2.209100639820098877e+02 3.000000000000000000e+00
3.240536805987358093e+02 4.475252151489257812e+02 3.313714599609375000e+02 4.493842935562133789e+02 3.376150512695312500e+02 4.503572845458984375e+02 3.000000000000000000e+00
4.532761859893798828e+02 4.098456573486328125e+02 4.607030010223388672e+02 4.121285247802734375e+02 4.669120216369628906e+02 4.133798360824584961e+02 3.000000000000000000e+00
4.172210693359375000e+02 2.448096317052841187e+02 4.336613178253173828e+02 2.480230566859245300e+02 4.488760662078857422e+02 2.501546332240104675e+02 2.000000000000000000e+00
4.755262470245361328e+02 1.546431112289428711e+02 4.832484817504882812e+02 1.577169585227966309e+02 4.899892616271972656e+02 1.595227932929992676e+02 3.000000000000000000e+00
4.661626338958740234e+02 1.761086940765380859e+01 4.742876625061035156e+02 1.979178428649902344e+01 4.811806106567382812e+02 2.101388454437255859e+01 3.000000000000000000e+00
1.693980503082275391e+02 4.646891641616821289e+02 1.766493225097656250e+02 4.661588287353515625e+02 1.829218101501464844e+02 4.666244029998779297e+02 3.000000000000000000e+00
9.766735076904296875e+01 4.710882997512817383e+02 1.051095581054687500e+02 4.723274087905883789e+02 1.113789939880371094e+02 4.726730775833129883e+02 3.000000000000000000e+00
5.736036491394042969e+02 1.046474361419677734e+02 5.815001296997070312e+02 1.070627117156982422e+02 5.882973098754882812e+02 1.084867143630981445e+02 3.000000000000000000e+00
4.464414691925048828e+02 4.007955694198608398e+02 4.538556861877441406e+02 4.029713201522827148e+02 4.600744342803955078e+02 4.043088769912719727e+02 3.000000000000000000e+00
4.546272277832031250e+02 3.729007387161254883e+02 4.621515846252441406e+02 3.750967168807983398e+02 4.684066200256347656e+02 3.763436079025268555e+02 3.000000000000000000e+00
4.118454265594482422e+02 3.364645457267761230e+02 4.194006061553955078e+02 3.385107135772705078e+02 4.257374286651611328e+02 3.397933387756347656e+02 3.000000000000000000e+00
4.387496089935302734e+02 2.401275329617783427e+02 4.548767089843750000e+02 2.432605288177728653e+02 4.699945068359375000e+02 2.455418398976325989e+02 2.000000000000000000e+00
5.035932922363281250e+02 3.912948131561279297e+02 5.110695457458496094e+02 3.935766077041625977e+02 5.174391555786132812e+02 3.949769067764282227e+02 3.000000000000000000e+00
7.603330612182617188e+01 4.326924562454223633e+02 8.361894607543945312e+01 4.339586591720581055e+02 8.993650436401367188e+01 4.342356634140014648e+02 3.000000000000000000e+00
6.875087738037109375e+01 3.480351448059082031e+01 7.683151245117187500e+01 3.634232997894287109e+01 8.392454147338867188e+01 3.679208278656005859e+01 3.000000000000000000e+00
4.328422260284423828e+02 4.586524200439453125e+02 4.401328754425048828e+02 4.608826160430908203e+02 4.464060401916503906e+02 4.620857048034667969e+02 3.000000000000000000e+00
5.192636108398437500e+02 4.907449722290039062e+01 5.272986412048339844e+02 5.138910770416259766e+01 5.344122886657714844e+02 5.273670673370361328e+01 3.000000000000000000e+00
5.412652587890625000e+02 4.368364906311035156e+02 5.486811637878417969e+02 4.393568515777587891e+02 5.549056434631347656e+02 4.408658266067504883e+02 3.000000000000000000e+00
3.000647270679473877e+02 4.593197393417358398e+02 3.073868405818939209e+02 4.611175346374511719e+02 3.135809630155563354e+02 4.619463586807250977e+02 3.000000000000000000e+00
4.709082317352294922e+02 4.662032604217529297e+02 4.782464599609375000e+02 4.684696483612060547e+02 4.843427848815917969e+02 4.698926210403442383e+02 3.000000000000000000e+00
4.325471210479736328e+02 2.458987122774124146e+02 4.487255287170410156e+02 2.491082462668418884e+02 4.637710571289062500e+02 2.512080082297325134e+02 2.000000000000000000e+00
5.085249710083007812e+02 1.410746383666992188e+02 5.163614463806152344e+02 1.433451175689697266e+02 5.230557250976562500e+02 1.448107409477233887e+02 3.000000000000000000e+00
4.294699096679687500e+02 2.400216979987453669e+02 4.456742000579833984e+02 2.431610414385795593e+02 4.608691120147705078e+02 2.454894411563873291e+02 2.000000000000000000e+00
5.253596305847167969e+02 1.683093094825744629e+02 5.331874465942382812e+02 1.705767202377319336e+02 5.397830772399902344e+02 1.719287252426147461e+02 3.000000000000000000e+00
1.743742656707763672e+02 4.739201545715332031e+02 1.816651439666748047e+02 4.755240583419799805e+02 1.878754901885986328e+02 4.760268402099609375e+02 3.000000000000000000e+00
6.045288658142089844e+02 2.551320075988769531e+01 6.127122879028320312e+02 2.787610530853271484e+01 6.197424316406250000e+02 2.940218925476074219e+01 3.000000000000000000e+00
4.124612140655517578e+02 3.132665634155273438e+01 4.203418922424316406e+02 3.338953971862792969e+01 4.273157024383544922e+02 3.448651313781738281e+01 3.000000000000000000e+00
1.852596759796142578e+02 4.520289087295532227e+02 1.928672885894775391e+02 4.535095024108886719e+02 1.990204620361328125e+02 4.541465806961059570e+02 3.000000000000000000e+00
2.564274883270263672e+02 2.424858400225639343e+02 2.548865795135498047e+02 2.448028720915317535e+02 2.522872781753540039e+02 2.460813447833061218e+02 1.000000000000000000e+00
5.972606849670410156e+02 2.050591707229614258e+02 6.051257324218750000e+02 2.074887084960937500e+02 6.118410110473632812e+02 2.090434384346008301e+02 3.000000000000000000e+00
6.044901084899902344e+02 4.257664203643798828e+01 6.126704216003417969e+02 4.497519493103027344e+01 6.198112869262695312e+02 4.650694370269775391e+01 3.000000000000000000e+00
4.310775184631347656e+02 4.245909547805786133e+02 4.384077167510986328e+02 4.268153429031372070e+02 4.445745563507080078e+02 4.280598878860473633e+02 3.000000000000000000e+00
4.365099239349365234e+02 3.887019395828247070e+02 4.439263916015625000e+02 3.908309412002563477e+02 4.501852130889892578e+02 3.921231794357299805e+02 3.000000000000000000e+00
3.413515639305114746e+02 9.418416023254394531e+00 3.492419433593750000e+02 1.151185512542724609e+01 3.562333679199218750e+02 1.245047092437744141e+01 3.000000000000000000e+00
3.986329030990600586e+02 3.743682575225830078e+02 4.061147785186767578e+02 3.764181947708129883e+02 4.124839210510253906e+02 3.774557018280029297e+02 3.000000000000000000e+00
5.040491294860839844e+02 7.100566864013671875e+01 5.120841026306152344e+02 7.322022914886474609e+01 5.189074134826660156e+02 7.453921794891357422e+01 3.000000000000000000e+00
5.490350341796875000e+02 5.330117225646972656e+01 5.570722007751464844e+02 5.554276943206787109e+01 5.638633537292480469e+02 5.689739227294921875e+01 3.000000000000000000e+00
4.871321105957031250e+02 7.288435935974121094e+01 4.951198387145996094e+02 7.512878894805908203e+01 5.020070266723632812e+02 7.641428947448730469e+01 3.000000000000000000e+00
4.334497737884521484e+02 3.966537809371948242e+02 4.408673095703125000e+02 3.988075017929077148e+02 4.471153545379638672e+02 4.000964498519897461e+02 3.000000000000000000e+00
7.757966995239257812e+01 3.631879949569702148e+02 8.525651931762695312e+01 3.644746112823486328e+02 9.177251815795898438e+01 3.647535753250122070e+02 3.000000000000000000e+00
5.966940307617187500e+02 2.255626201629638672e+01 6.048888015747070312e+02 2.490064144134521484e+01 6.119832229614257812e+02 2.636176586151123047e+01 3.000000000000000000e+00
2.083632183074951172e+02 1.170332908630371094e+01 2.164271640777587891e+02 1.348772048950195312e+01 2.234361362457275391e+02 1.434569835662841797e+01 3.000000000000000000e+00
6.025591468811035156e+02 4.759410381317138672e+01 6.107541465759277344e+02 5.000314235687255859e+01 6.178796386718750000e+02 5.148007392883300781e+01 3.000000000000000000e+00
4.869633293151855469e+02 7.982131004333496094e+01 4.949363708496093750e+02 8.203246593475341797e+01 5.017880821228027344e+02 8.339291095733642578e+01 3.000000000000000000e+00
4.467100238800048828e+02 3.768497657775878906e+02 4.542008972167968750e+02 3.790488910675048828e+02 4.604371929168701172e+02 3.802811336517333984e+02 3.000000000000000000e+00
4.174400043487548828e+02 2.370039823651313782e+02 4.338547420501708984e+02 2.402194824395701289e+02 4.491847229003906250e+02 2.425490876287221909e+02 2.000000000000000000e+00
4.670921039581298828e+02 2.559838771820068359e+01 4.752096557617187500e+02 2.775984764099121094e+01 4.820799636840820312e+02 2.896589756011962891e+01 3.000000000000000000e+00
4.516382503509521484e+02 3.858463239669799805e+02 4.590675067901611328e+02 3.880390119552612305e+02 4.653452205657958984e+02 3.892677354812622070e+02 3.000000000000000000e+00
4.418600749969482422e+02 4.707849884033203125e+02 4.491226196289062500e+02 4.730011367797851562e+02 4.552398109436035156e+02 4.743282938003540039e+02 3.000000000000000000e+00
5.283006668090820312e+02 5.814481258392333984e+01 5.363193321228027344e+02 6.044367313385009766e+01 5.434157752990722656e+02 6.175692558288574219e+01 3.000000000000000000e+00
2.741943025588989258e+02 3.170979952812194824e+02 2.817760014533996582e+02 3.188591337203979492e+02 2.881730651855468750e+02 3.196197223663330078e+02 3.000000000000000000e+00
2.354277610778808594e+02 2.522591257095336914e+02 2.333901691436767578e+02 2.543730327486991882e+02 2.302769279479980469e+02 2.553801727294921875e+02 1.000000000000000000e+00
5.361693191528320312e+02 1.433982467651367188e+02 5.440723991394042969e+02 1.456616306304931641e+02 5.507777786254882812e+02 1.470099878311157227e+02 3.000000000000000000e+00
3.803915739059448242e+02 4.032876062393188477e+02 3.878321218490600586e+02 4.053500461578369141e+02 3.940924406051635742e+02 4.064471197128295898e+02 3.000000000000000000e+00
5.528008460998535156e+02 8.427991390228271484e+01 5.607688713073730469e+02 8.663732528686523438e+01 5.676875686645507812e+02 8.803934097290039062e+01 3.000000000000000000e+00
2.790269470214843750e+02 3.232229375839233398e+02 2.866165161132812500e+02 3.248651504516601562e+02 2.929822683334350586e+02 3.256671810150146484e+02 3.000000000000000000e+00
5.000529479980468750e+02 1.781620287895202637e+02 5.077374649047851562e+02 1.804212927818298340e+02 5.144550895690917969e+02 1.818100261688232422e+02 3.000000000000000000e+00
4.037569332122802734e+02 4.704728794097900391e+02 4.109080505371093750e+02 4.726032543182373047e+02 4.171814918518066406e+02 4.736242532730102539e+02 3.000000000000000000e+00
5.031949806213378906e+02 4.504706811904907227e+02 5.105313110351562500e+02 4.528802061080932617e+02 5.167492675781250000e+02 4.543278264999389648e+02 3.000000000000000000e+00
6.003291130065917969e+02 1.960208094120025635e+02 6.081868934631347656e+02 1.984373438358306885e+02 6.147995567321777344e+02 1.999352717399597168e+02 3.000000000000000000e+00
4.347773170471191406e+02 3.616278505325317383e+02 4.423799419403076172e+02 3.638165903091430664e+02 4.486719036102294922e+02 3.650059890747070312e+02 3.000000000000000000e+00
5.896737670898437500e+02 1.442916870117187500e+01 5.978758621215820312e+02 1.671754360198974609e+01 6.050269889831542969e+02 1.817228794097900391e+01 3.000000000000000000e+00
5.922974967956542969e+02 2.050222456455230713e+02 6.002019691467285156e+02 2.074514150619506836e+02 6.068787193298339844e+02 2.089880204200744629e+02 3.000000000000000000e+00
4.864428138732910156e+02 4.102684736251831055e+02 4.938868713378906250e+02 4.125910663604736328e+02 5.001520156860351562e+02 4.139509391784667969e+02 3.000000000000000000e+00
5.682492065429687500e+02 5.623300552368164062e+01 5.762833976745605469e+02 5.851648807525634766e+01 5.832592773437500000e+02 6.013986110687255859e+01 3.000000000000000000e+00
4.384450054168701172e+02 3.967134761810302734e+02 4.458708858489990234e+02 3.988878250122070312e+02 4.521084880828857422e+02 4.001837253570556641e+02 3.000000000000000000e+00
5.292949867248535156e+02 4.014943599700927734e+01 5.373820877075195312e+02 4.242510795593261719e+01 5.443910026550292969e+02 4.376004695892333984e+01 3.000000000000000000e+00
5.328051757812500000e+02 2.904348778724670410e+02 5.472838211059570312e+02 2.931549096107482910e+02 5.611095046997070312e+02 2.949626791477203369e+02 2.000000000000000000e+00
9.343288421630859375e+01 3.603545951843261719e+02 1.011399650573730469e+02 3.616033029556274414e+02 1.076498985290527344e+02 3.619973516464233398e+02 3.000000000000000000e+00
4.264200782775878906e+02 3.956123685836791992e+02 4.338422298431396484e+02 3.977106142044067383e+02 4.401890277862548828e+02 3.989084815979003906e+02 3.000000000000000000e+00
2.374579715728759766e+02 4.116099357604980469e+02 2.448997020721435547e+02 4.132743644714355469e+02 2.511442422866821289e+02 4.140229940414428711e+02 3.000000000000000000e+00
2.720644235610961914e+02 1.405436038970947266e+01 2.801272273063659668e+02 1.590302467346191406e+01 2.869162297248840332e+02 1.683239936828613281e+01 3.000000000000000000e+00
2.876811814308166504e+02 3.492911124229431152e+02 2.953475642204284668e+02 3.510061669349670410e+02 3.016410219669342041e+02 3.518779635429382324e+02 3.000000000000000000e+00
4.413973712921142578e+02 4.037604475021362305e+02 4.488125038146972656e+02 4.059346675872802734e+02 4.550421810150146484e+02 4.072611808776855469e+02 3.000000000000000000e+00
5.123312950134277344e+02 4.456673097610473633e+02 5.196450805664062500e+02 4.480817127227783203e+02 5.258036613464355469e+02 4.495141983032226562e+02 3.000000000000000000e+00
5.635185050964355469e+02 1.635645532608032227e+02 5.714226150512695312e+02 1.659324789047241211e+02 5.780784988403320312e+02 1.674118638038635254e+02 3.000000000000000000e+00
2.761225271224975586e+02 4.529796266555786133e+02 2.834388113021850586e+02 4.547629165649414062e+02 2.896372365951538086e+02 4.555743455886840820e+02 3.000000000000000000e+00
5.299104118347167969e+02 3.755860090255737305e+02 5.374184608459472656e+02 3.779694271087646484e+02 5.437213134765625000e+02 3.794390916824340820e+02 3.000000000000000000e+00
4.468830299377441406e+02 4.738851070404052734e+02 4.541820716857910156e+02 4.760813426971435547e+02 4.603354835510253906e+02 4.774665641784667969e+02 3.000000000000000000e+00
9.479324340820312500e+01 4.390662574768066406e+02 1.023691940307617188e+02 4.403651189804077148e+02 1.086695289611816406e+02 4.406833934783935547e+02 3.000000000000000000e+00
4.934577941894531250e+02 2.844208395481109619e+02 5.088985252380371094e+02 2.871668708324432373e+02 5.232718467712402344e+02 2.889801979064941406e+02 2.000000000000000000e+00
4.208473205566406250e+02 4.575520706176757812e+02 4.281046485900878906e+02 4.596572685241699219e+02 4.342805194854736328e+02 4.608594131469726562e+02 3.000000000000000000e+00
2.144183921813964844e+02 3.457853794097900391e+01 2.224321269989013672e+02 3.638703346252441406e+01 2.293028736114501953e+02 3.721748828887939453e+01 3.000000000000000000e+00
4.423546791076660156e+02 2.399622650141827762e+02 4.584238624572753906e+02 2.431288301199674606e+02 4.734439754486083984e+02 2.453854067623615265e+02 2.000000000000000000e+00
4.578057003021240234e+02 4.620777654647827148e+02 4.652267456054687500e+02 4.643450689315795898e+02 4.713431072235107422e+02 4.656428575515747070e+02 3.000000000000000000e+00
1.779658794403076172e+02 2.461521153151988983e+02 1.756728458404541016e+02 2.474696508049964905e+02 1.719773101806640625e+02 2.476914677023887634e+02 1.000000000000000000e+00
4.900669860839843750e+02 4.522748565673828125e+02 4.974020767211914062e+02 4.546225690841674805e+02 5.035507202148437500e+02 4.560994434356689453e+02 3.000000000000000000e+00
1.434627342224121094e+02 4.747014856338500977e+02 1.507822227478027344e+02 4.762253522872924805e+02 1.570594024658203125e+02 4.767003536224365234e+02 3.000000000000000000e+00
5.685299110412597656e+02 1.545603561401367188e+02 5.764608764648437500e+02 1.569186544418334961e+02 5.832374954223632812e+02 1.584087467193603516e+02 3.000000000000000000e+00
1.616121006011962891e+02 4.348376226425170898e+02 1.688726902008056641e+02 4.362879753112792969e+02 1.752003002166748047e+02 4.367707872390747070e+02 3.000000000000000000e+00
4.505154132843017578e+02 3.948529386520385742e+02 4.579336547851562500e+02 3.970506334304809570e+02 4.641956806182861328e+02 3.983458900451660156e+02 3.000000000000000000e+00
4.757612037658691406e+02 1.489639878273010254e+02 4.835553932189941406e+02 1.512250471115112305e+02 4.903319740295410156e+02 1.527248811721801758e+02 3.000000000000000000e+00
4.167342853546142578e+02 2.838695704936981201e+02 4.330124187469482422e+02 2.864177870750427246e+02 4.482291889190673828e+02 2.880885958671569824e+02 2.000000000000000000e+00
5.719205284118652344e+02 3.679124164581298828e+02 5.795401000976562500e+02 3.704562807083129883e+02 5.859558677673339844e+02 3.720570802688598633e+02 3.000000000000000000e+00
5.716185951232910156e+02 2.581288164854049683e+02 5.855676841735839844e+02 2.612397158145904541e+02 5.985914421081542969e+02 2.635254532098770142e+02 2.000000000000000000e+00
1.989210224151611328e+02 2.484297645092010498e+02 1.968646335601806641e+02 2.500805059075355530e+02 1.935717010498046875e+02 2.505076450109481812e+02 1.000000000000000000e+00
6.488134384155273438e+01 2.077812194824218750e+01 7.322689056396484375e+01 2.225807189941406250e+01 8.029191970825195312e+01 2.275290012359619141e+01 3.000000000000000000e+00
2.433623933792114258e+02 4.197466850280761719e+02 2.507358551025390625e+02 4.214015865325927734e+02 2.570113229751586914e+02 4.222068643569946289e+02 3.000000000000000000e+00
5.580111122131347656e+02 3.658159589767456055e+02 5.655653762817382812e+02 3.683186101913452148e+02 5.720343017578125000e+02 3.697790050506591797e+02 3.000000000000000000e+00
4.856488418579101562e+02 1.708213305473327637e+02 4.936717224121093750e+02 1.734541296958923340e+02 5.005820655822753906e+02 1.752048754692077637e+02 3.000000000000000000e+00
5.842590904235839844e+02 2.150313091278076172e+02 5.921219444274902344e+02 2.174437701702117920e+02 5.989138793945312500e+02 2.188766777515411377e+02 3.000000000000000000e+00
5.884344482421875000e+02 4.223882246017456055e+02 5.960625076293945312e+02 4.249945449829101562e+02 6.023855018615722656e+02 4.265568637847900391e+02 3.000000000000000000e+00
5.652502441406250000e+02 5.025072097778320312e+01 5.733038902282714844e+02 5.251383304595947266e+01 5.802288246154785156e+02 5.414218425750732422e+01 3.000000000000000000e+00
4.766578960418701172e+02 3.730260944366455078e+02 4.842315101623535156e+02 3.752832126617431641e+02 4.905453491210937500e+02 3.765192604064941406e+02 3.000000000000000000e+00
5.441191482543945312e+02 4.529036664962768555e+02 5.515780067443847656e+02 4.554307079315185547e+02 5.577771568298339844e+02 4.569608545303344727e+02 3.000000000000000000e+00
4.700685501098632812e+01 4.543906688690185547e+02 5.457387924194335938e+01 4.555280828475952148e+02 6.087213516235351562e+01 4.556969118118286133e+02 3.000000000000000000e+00
5.943714714050292969e+02 5.857984542846679688e+01 6.025451087951660156e+02 6.094153404235839844e+01 6.096256065368652344e+02 6.243455886840820312e+01 3.000000000000000000e+00
4.510416889190673828e+02 4.439170646667480469e+02 4.583857440948486328e+02 4.462142086029052734e+02 4.644981670379638672e+02 4.474532032012939453e+02 3.000000000000000000e+00
4.606371212005615234e+02 3.779465961456298828e+02 4.681185626983642578e+02 3.801749324798583984e+02 4.744202613830566406e+02 3.813969182968139648e+02 3.000000000000000000e+00
4.676699542999267578e+02 3.649398851394653320e+02 4.752100563049316406e+02 3.671865606307983398e+02 4.815814018249511719e+02 3.684306049346923828e+02 3.000000000000000000e+00
4.865271949768066406e+02 2.403465271275490522e+02 5.022807121276855469e+02 2.436379853636026382e+02 5.166597938537597656e+02 2.460897526144981384e+02 2.000000000000000000e+00
5.522453117370605469e+02 1.383748412132263184e+02 5.600292396545410156e+02 1.406786870956420898e+02 5.667562294006347656e+02 1.421710324287414551e+02 3.000000000000000000e+00
8.440896987915039062e+01 4.369985103607177734e+01 9.249156951904296875e+01 4.539274692535400391e+01 9.955495834350585938e+01 4.585690498352050781e+01 3.000000000000000000e+00
4.927770805358886719e+02 1.780297636985778809e+02 5.006601905822753906e+02 1.804537332057952881e+02 5.075947380065917969e+02 1.822735261917114258e+02 3.000000000000000000e+00
4.541056537628173828e+02 6.269276618957519531e+01 4.621552467346191406e+02 6.477068424224853516e+01 4.689373779296875000e+02 6.609084606170654297e+01 3.000000000000000000e+00
6.920801162719726562e+01 6.660647392272949219e+01 7.742916107177734375e+01 6.811886787414550781e+01 8.430509567260742188e+01 6.864340782165527344e+01 3.000000000000000000e+00
1.584628486633300781e+02 4.677958202362060547e+02 1.657339572906494141e+02 4.691980075836181641e+02 1.719415569305419922e+02 4.697079277038574219e+02 3.000000000000000000e+00
7.693243026733398438e+01 4.377076864242553711e+02 8.451097488403320312e+01 4.389438629150390625e+02 9.085828781127929688e+01 4.392540693283081055e+02 3.000000000000000000e+00
2.672063875198364258e+02 3.121961688995361328e+02 2.747968721389770508e+02 3.139319157600402832e+02 2.812077331542968750e+02 3.147645020484924316e+02 3.000000000000000000e+00
5.503513908386230469e+02 2.774208998680114746e+02 5.642911338806152344e+02 2.803233039379119873e+02 5.771613121032714844e+02 2.823454928398132324e+02 2.000000000000000000e+00
1.843913269042968750e+02 3.231431937217712402e+02 1.920039653778076172e+02 3.248091459274291992e+02 1.985289764404296875e+02 3.253905057907104492e+02 3.000000000000000000e+00
5.589630126953125000e+02 1.946860313415527344e+02 5.668135452270507812e+02 1.970875239372253418e+02 5.735593223571777344e+02 1.985517561435699463e+02 3.000000000000000000e+00
4.810962867736816406e+02 4.532439422607421875e+02 4.883770561218261719e+02 4.555382251739501953e+02 4.945602226257324219e+02 4.569613695144653320e+02 3.000000000000000000e+00
5.693123245239257812e+02 2.644332593679428101e+02 5.834144973754882812e+02 2.674281942844390869e+02 5.964830398559570312e+02 2.696595472097396851e+02 2.000000000000000000e+00
3.246233826875686646e+02 3.695793771743774414e+02 3.320762026309967041e+02 3.714256668090820312e+02 3.383427739143371582e+02 3.723630380630493164e+02 3.000000000000000000e+00
4.611199378967285156e+02 5.873951911926269531e+01 4.691617107391357422e+02 6.086111068725585938e+01 4.759164714813232422e+02 6.217520713806152344e+01 3.000000000000000000e+00
5.079195213317871094e+02 9.702228069305419922e+01 5.158444786071777344e+02 9.929150104522705078e+01 5.226871299743652344e+02 1.006119203567504883e+02 3.000000000000000000e+00
5.813342857360839844e+02 4.251817703247070312e+01 5.894803428649902344e+02 4.490315437316894531e+01 5.966983604431152344e+02 4.630289554595947266e+01 3.000000000000000000e+00
1.386401939392089844e+02 4.336321449279785156e+02 1.460654258728027344e+02 4.350587224960327148e+02 1.524103546142578125e+02 4.355293321609497070e+02 3.000000000000000000e+00
9.360445022583007812e+01 4.730245828628540039e+02 1.010791587829589844e+02 4.742831182479858398e+02 1.073132896423339844e+02 4.746107912063598633e+02 3.000000000000000000e+00
4.637133502960205078e+02 3.649375677108764648e+02 4.712461853027343750e+02 3.671850585937500000e+02 4.776074504852294922e+02 3.684069299697875977e+02 3.000000000000000000e+00
1.255885314941406250e+02 4.684446859359741211e+02 1.329097366333007812e+02 4.697676515579223633e+02 1.391793251037597656e+02 4.702391767501831055e+02 3.000000000000000000e+00
5.327108764648437500e+02 2.789953029155731201e+02 5.473918533325195312e+02 2.816117584705352783e+02 5.611549758911132812e+02 2.837509489059448242e+02 2.000000000000000000e+00
6.035268020629882812e+02 5.160449981689453125e+01 6.117031860351562500e+02 5.400343894958496094e+01 6.188180541992187500e+02 5.548536300659179688e+01 3.000000000000000000e+00
3.887882995605468750e+02 3.592308425903320312e+02 3.962827157974243164e+02 3.612037467956542969e+02 4.025934791564941406e+02 3.623530054092407227e+02 3.000000000000000000e+00
7.753351211547851562e+01 3.681803369522094727e+02 8.524744033813476562e+01 3.694607877731323242e+02 9.173404693603515625e+01 3.697498226165771484e+02 3.000000000000000000e+00
4.256799602508544922e+02 2.835375094413757324e+02 4.417381000518798828e+02 2.860794997215270996e+02 4.566737651824951172e+02 2.877019071578979492e+02 2.000000000000000000e+00
4.391778564453125000e+02 2.459550480544567108e+02 4.551342487335205078e+02 2.491637429594993591e+02 4.701711463928222656e+02 2.512734380364418030e+02 2.000000000000000000e+00
5.627443313598632812e+02 3.940487194061279297e+02 5.702979850769042969e+02 3.965057516098022461e+02 5.765609169006347656e+02 3.980172872543334961e+02 3.000000000000000000e+00
1.916154289245605469e+02 4.111795806884765625e+02 1.990933990478515625e+02 4.126859235763549805e+02 2.054050731658935547e+02 4.133310270309448242e+02 3.000000000000000000e+00
5.456426620483398438e+01 3.847984743118286133e+02 6.218162536621093750e+01 3.859801769256591797e+02 6.861356735229492188e+01 3.862485408782958984e+02 3.000000000000000000e+00
1.964797496795654297e+02 3.024219059944152832e+02 2.039853477478027344e+02 3.038520812988281250e+02 2.106697845458984375e+02 3.045549058914184570e+02 3.000000000000000000e+00
5.473660850524902344e+02 1.614958906173706055e+02 5.552583694458007812e+02 1.638471651077270508e+02 5.618912315368652344e+02 1.652312922477722168e+02 3.000000000000000000e+00
5.361146926879882812e+02 2.934256911277770996e+02 5.504983520507812500e+02 2.961467313766479492e+02 5.640908813476562500e+02 2.978472948074340820e+02 2.000000000000000000e+00
4.741341590881347656e+02 4.211103057861328125e+02 4.815594863891601562e+02 4.233645486831665039e+02 4.877592277526855469e+02 4.247615718841552734e+02 3.000000000000000000e+00
4.985631370544433594e+02 4.003364896774291992e+02 5.060163879394531250e+02 4.026358795166015625e+02 5.123624229431152344e+02 4.039601182937622070e+02 3.000000000000000000e+00
5.449689292907714844e+02 6.625941753387451172e+01 5.529949951171875000e+02 6.856224060058593750e+01 5.598853111267089844e+02 6.989740848541259766e+01 3.000000000000000000e+00
5.722933387756347656e+02 5.627110004425048828e+01 5.803439331054687500e+02 5.855998992919921875e+01 5.872844886779785156e+02 6.015496730804443359e+01 3.000000000000000000e+00
5.142051506042480469e+02 4.264793729782104492e+02 5.216268348693847656e+02 4.288365554809570312e+02 5.278668212890625000e+02 4.303392362594604492e+02 3.000000000000000000e+00
1.096912956237792969e+02 4.462010622024536133e+02 1.171252250671386719e+02 4.475159454345703125e+02 1.234152412414550781e+02 4.478734302520751953e+02 3.000000000000000000e+00
5.094346046447753906e+02 4.124781560897827148e+02 5.168851280212402344e+02 4.148344230651855469e+02 5.230988883972167969e+02 4.162160396575927734e+02 3.000000000000000000e+00
4.642033386230468750e+02 4.198954010009765625e+02 4.715834712982177734e+02 4.221906280517578125e+02 4.777265644073486328e+02 4.234541416168212891e+02 3.000000000000000000e+00
5.272243118286132812e+02 4.513123512268066406e+01 5.352873611450195312e+02 4.741516113281250000e+01 5.422578239440917969e+02 4.878869533538818359e+01 3.000000000000000000e+00
1.156677055358886719e+02 3.344974136352539062e+02 1.234870910644531250e+02 3.358434462547302246e+02 1.298425292968750000e+02 3.363496756553649902e+02 3.000000000000000000e+00
2.805984807014465332e+02 4.011037015914916992e+02 2.878838181495666504e+02 4.029206085205078125e+02 2.941528916358947754e+02 4.037436676025390625e+02 3.000000000000000000e+00
5.134452629089355469e+02 4.074708938598632812e+02 5.208708572387695312e+02 4.098307514190673828e+02 5.271331214904785156e+02 4.111789941787719727e+02 3.000000000000000000e+00
5.384404945373535156e+02 1.172529888153076172e+02 5.462921142578125000e+02 1.195610189437866211e+02 5.530868530273437500e+02 1.209652376174926758e+02 3.000000000000000000e+00
4.270092773437500000e+02 4.397090005874633789e+02 4.343697834014892578e+02 4.418848943710327148e+02 4.406010437011718750e+02 4.431344032287597656e+02 3.000000000000000000e+00
1.794230651855468750e+02 4.500158214569091797e+02 1.869437885284423828e+02 4.515090179443359375e+02 1.931079673767089844e+02 4.521368551254272461e+02 3.000000000000000000e+00
4.234706115722656250e+02 3.926297378540039062e+02 4.308807373046875000e+02 3.946963548660278320e+02 4.372349834442138672e+02 3.958737945556640625e+02 3.000000000000000000e+00
5.455479240417480469e+02 2.864595043659210205e+02 5.596002769470214844e+02 2.892783236503601074e+02 5.728961753845214844e+02 2.911858534812927246e+02 2.000000000000000000e+00
4.437501525878906250e+02 3.616519260406494141e+02 4.513677978515625000e+02 3.638727235794067383e+02 4.576351356506347656e+02 3.651032495498657227e+02 3.000000000000000000e+00
5.808300018310546875e+01 4.526533985137939453e+02 6.561840057373046875e+01 4.538592624664306641e+02 7.196973800659179688e+01 4.540927219390869141e+02 3.000000000000000000e+00
5.219958496093750000e+02 4.727499246597290039e+02 5.293936157226562500e+02 4.753365325927734375e+02 5.355899047851562500e+02 4.768859052658081055e+02 3.000000000000000000e+00
9.368396759033203125e+01 1.798019886016845703e+01 1.018604278564453125e+02 1.946990489959716797e+01 1.088614463806152344e+02 2.016612052917480469e+01 3.000000000000000000e+00
2.661960458755493164e+02 3.170784330368041992e+02 2.737832927703857422e+02 3.188529109954833984e+02 2.801803588867187500e+02 3.195992159843444824e+02 3.000000000000000000e+00
5.495673942565917969e+02 1.133687925338745117e+02 5.574768066406250000e+02 1.156440639495849609e+02 5.642598915100097656e+02 1.170551347732543945e+02 3.000000000000000000e+00
5.132963371276855469e+02 5.998619556427001953e+01 5.213195800781250000e+02 6.229423999786376953e+01 5.283449745178222656e+02 6.360281467437744141e+01 3.000000000000000000e+00
1.086754417419433594e+02 4.712609624862670898e+02 1.160744476318359375e+02 4.724997997283935547e+02 1.223385429382324219e+02 4.728839206695556641e+02 3.000000000000000000e+00
2.291733264923095703e+02 1.874705314636230469e+01 2.372598266601562500e+02 2.058345794677734375e+01 2.441831350326538086e+02 2.138723373413085938e+01 3.000000000000000000e+00
1.169223213195800781e+02 4.731855583190917969e+02 1.243093490600585938e+02 4.744571399688720703e+02 1.304444313049316406e+02 4.748215198516845703e+02 3.000000000000000000e+00
4.300263404846191406e+02 4.367153120040893555e+02 4.374001789093017578e+02 4.388905191421508789e+02 4.435893535614013672e+02 4.401454210281372070e+02 3.000000000000000000e+00
3.296354067325592041e+02 3.686302900314331055e+02 3.370495605468750000e+02 3.704732179641723633e+02 3.433537602424621582e+02 3.714343929290771484e+02 3.000000000000000000e+00
5.473413658142089844e+02 4.230983304977416992e+02 5.547114944458007812e+02 4.255623292922973633e+02 5.609942054748535156e+02 4.270603179931640625e+02 3.000000000000000000e+00
4.770444393157958984e+02 4.442045688629150391e+02 4.844075393676757812e+02 4.465077352523803711e+02 4.905701065063476562e+02 4.478704977035522461e+02 3.000000000000000000e+00
4.169270038604736328e+02 3.284939002990722656e+02 4.244655799865722656e+02 3.305548167228698730e+02 4.308163738250732422e+02 3.318068861961364746e+02 3.000000000000000000e+00
4.581315612792968750e+02 4.299098539352416992e+02 4.654996013641357422e+02 4.322083282470703125e+02 4.716888713836669922e+02 4.335033988952636719e+02 3.000000000000000000e+00
4.500036048889160156e+02 4.479432821273803711e+02 4.573673439025878906e+02 4.502396678924560547e+02 4.635100746154785156e+02 4.514302539825439453e+02 3.000000000000000000e+00
5.060938072204589844e+02 6.397984027862548828e+01 5.141489982604980469e+02 6.625581264495849609e+01 5.209683799743652344e+02 6.753948211669921875e+01 3.000000000000000000e+00
1.083739471435546875e+02 3.684933900833129883e+02 1.160378456115722656e+02 3.698436069488525391e+02 1.225168609619140625e+02 3.702527189254760742e+02 3.000000000000000000e+00
5.942580604553222656e+02 4.715703248977661133e+02 6.016995811462402344e+02 4.743093395233154297e+02 6.079214477539062500e+02 4.759211540222167969e+02 3.000000000000000000e+00
2.766538381576538086e+02 4.000647068023681641e+02 2.839448857307434082e+02 4.018728733062744141e+02 2.901774907112121582e+02 4.026937580108642578e+02 3.000000000000000000e+00
