4.597456073760986328e+02 3.275089144706726074e+02 4.618664264678955078e+02 3.395845699310302734e+02 4.671765422821044922e+02 3.486347079277038574e+02 1.000000000000000000e+00
4.931460571289062500e+02 3.384641790390014648e+02 4.954150199890136719e+02 3.504793453216552734e+02 5.009181785583496094e+02 3.594994568824768066e+02 1.000000000000000000e+00
4.767553710937500000e+02 3.760731267929077148e+02 4.792134761810302734e+02 3.884046077728271484e+02 4.847361183166503906e+02 3.976057863235473633e+02 1.000000000000000000e+00
4.649252986907958984e+02 3.387243676185607910e+02 4.670371150970458984e+02 3.509110450744628906e+02 4.724032306671142578e+02 3.600941562652587891e+02 1.000000000000000000e+00
4.794700050354003906e+02 3.142464637756347656e+02 4.816426086425781250e+02 3.261769437789916992e+02 4.870633506774902344e+02 3.350396490097045898e+02 1.000000000000000000e+00
4.606327533721923828e+02 3.103682613372802734e+02 4.626226234436035156e+02 3.218562340736389160e+02 4.676755046844482422e+02 3.299863600730895996e+02 1.000000000000000000e+00
4.767855262756347656e+02 3.967771339416503906e+02 4.791610145568847656e+02 4.092748546600341797e+02 4.847771072387695312e+02 4.186925411224365234e+02 1.000000000000000000e+00
3.540898442268371582e+02 4.025076341629028320e+02 3.557576918601989746e+02 4.151891899108886719e+02 3.607636117935180664e+02 4.248251724243164062e+02 1.000000000000000000e+00
3.443098449707031250e+02 4.083566379547119141e+02 3.458685302734375000e+02 4.210292100906372070e+02 3.508199763298034668e+02 4.308391571044921875e+02 1.000000000000000000e+00
4.790837383270263672e+02 4.100683736801147461e+02 4.814671325683593750e+02 4.225506448745727539e+02 4.870952796936035156e+02 4.320766639709472656e+02 1.000000000000000000e+00
5.298765945434570312e+02 3.409244441986083984e+02 5.324068641662597656e+02 3.531056571006774902e+02 5.382999992370605469e+02 3.620350170135498047e+02 1.000000000000000000e+00
4.983762931823730469e+02 3.319664382934570312e+02 5.005908012390136719e+02 3.439310359954833984e+02 5.062540245056152344e+02 3.529675340652465820e+02 1.000000000000000000e+00
4.823551750183105469e+02 3.073762822151184082e+02 4.844501304626464844e+02 3.191840243339538574e+02 4.897534751892089844e+02 3.278613352775573730e+02 1.000000000000000000e+00
5.797386550903320312e+02 3.890733146667480469e+02 5.828298377990722656e+02 4.016204023361206055e+02 5.893146324157714844e+02 4.107641744613647461e+02 1.000000000000000000e+00
5.812382316589355469e+02 3.797212314605712891e+02 5.842154502868652344e+02 3.919125080108642578e+02 5.905374717712402344e+02 4.009735250473022461e+02 1.000000000000000000e+00
5.144039916992187500e+02 3.345885658264160156e+02 5.167166137695312500e+02 3.466265916824340820e+02 5.226370239257812500e+02 3.555734324455261230e+02 1.000000000000000000e+00
3.817326974868774414e+02 4.147715234756469727e+02 3.881377887725830078e+02 4.273499822616577148e+02 3.976097106933593750e+02 4.369061422348022461e+02 1.000000000000000000e+00
5.581276893615722656e+02 3.393444299697875977e+02 5.608346557617187500e+02 3.514013743400573730e+02 5.669600868225097656e+02 3.604318284988403320e+02 1.000000000000000000e+00
4.935275268554687500e+02 3.254835891723632812e+02 4.957783317565917969e+02 3.374209070205688477e+02 5.013282203674316406e+02 3.464194393157958984e+02 1.000000000000000000e+00
4.576782512664794922e+02 3.909897279739379883e+02 4.599616146087646484e+02 4.036795091629028320e+02 4.654469966888427734e+02 4.131370639801025391e+02 1.000000000000000000e+00
4.114557552337646484e+02 4.124068450927734375e+02 4.135345172882080078e+02 4.250079202651977539e+02 4.188730144500732422e+02 4.345935773849487305e+02 1.000000000000000000e+00
4.541066932678222656e+02 3.369320154190063477e+02 4.561960124969482422e+02 3.491143584251403809e+02 4.615064430236816406e+02 3.582802462577819824e+02 1.000000000000000000e+00
3.664728689193725586e+02 4.003595924377441406e+02 3.682568073272705078e+02 4.128859949111938477e+02 3.733493947982788086e+02 4.225539350509643555e+02 1.000000000000000000e+00
3.479224252700805664e+02 4.096302509307861328e+02 3.496185922622680664e+02 4.223795557022094727e+02 3.546443796157836914e+02 4.321272325515747070e+02 1.000000000000000000e+00
3.278078615665435791e+02 4.021429252624511719e+02 3.294588321447372437e+02 4.148443078994750977e+02 3.342924499511718750e+02 4.245893096923828125e+02 1.000000000000000000e+00
4.168544960021972656e+02 4.039064168930053711e+02 4.188931560516357422e+02 4.164533758163452148e+02 4.243056011199951172e+02 4.259334468841552734e+02 1.000000000000000000e+00
4.984569358825683594e+02 3.376847004890441895e+02 5.007080650329589844e+02 3.497050523757934570e+02 5.064087295532226562e+02 3.587033414840698242e+02 1.000000000000000000e+00
3.917441701889038086e+02 4.034520721435546875e+02 3.936934518814086914e+02 4.160750484466552734e+02 3.989803457260131836e+02 4.256403636932373047e+02 1.000000000000000000e+00
3.487108159065246582e+02 4.083673524856567383e+02 3.504374384880065918e+02 4.210986757278442383e+02 3.554703688621520996e+02 4.308240079879760742e+02 1.000000000000000000e+00
5.239756584167480469e+02 3.932572460174560547e+02 5.265963745117187500e+02 4.056634855270385742e+02 5.325143432617187500e+02 4.151084947586059570e+02 1.000000000000000000e+00
4.057125854492187500e+02 4.013507223129272461e+02 4.076806640625000000e+02 4.138982677459716797e+02 4.130427837371826172e+02 4.234338712692260742e+02 1.000000000000000000e+00
3.824699115753173828e+02 4.028557491302490234e+02 3.843381357192993164e+02 4.154806280136108398e+02 3.895435810089111328e+02 4.251005029678344727e+02 1.000000000000000000e+00
4.905916404724121094e+02 3.178333783149719238e+02 4.928367042541503906e+02 3.297764325141906738e+02 4.983504676818847656e+02 3.387197327613830566e+02 1.000000000000000000e+00
4.467084407806396484e+02 3.297666335105895996e+02 4.489616394042968750e+02 3.420802330970764160e+02 4.542964458465576172e+02 3.513649034500122070e+02 1.000000000000000000e+00
4.954532241821289062e+02 3.926435565948486328e+02 4.978875541687011719e+02 4.050193262100219727e+02 5.037289810180664062e+02 4.144440364837646484e+02 1.000000000000000000e+00
3.336608278751373291e+02 4.019960117340087891e+02 3.352959907054901123e+02 4.146830892562866211e+02 3.401655268669128418e+02 4.244401359558105469e+02 1.000000000000000000e+00
5.747002029418945312e+02 3.477463459968566895e+02 5.775853919982910156e+02 3.597520208358764648e+02 5.838887405395507812e+02 3.687109136581420898e+02 1.000000000000000000e+00
4.867587280273437500e+02 3.227840924263000488e+02 4.890289115905761719e+02 3.347532391548156738e+02 4.945260047912597656e+02 3.436797237396240234e+02 1.000000000000000000e+00
5.437716674804687500e+02 3.414838600158691406e+02 5.466300773620605469e+02 3.536098408699035645e+02 5.527015495300292969e+02 3.625370264053344727e+02 1.000000000000000000e+00
5.752380943298339844e+02 3.405825233459472656e+02 5.781191444396972656e+02 3.526656532287597656e+02 5.843873977661132812e+02 3.615937328338623047e+02 1.000000000000000000e+00
5.813201332092285156e+02 3.544237732887268066e+02 5.842369461059570312e+02 3.663953876495361328e+02 5.905170249938964844e+02 3.753432655334472656e+02 1.000000000000000000e+00
4.688293457031250000e+02 3.968640518188476562e+02 4.711788082122802734e+02 4.094579315185546875e+02 4.767901897430419922e+02 4.188832426071166992e+02 1.000000000000000000e+00
3.403051757812500000e+02 4.097691392898559570e+02 3.419272470474243164e+02 4.224264335632324219e+02 3.469155883789062500e+02 4.322304725646972656e+02 1.000000000000000000e+00
3.984284353256225586e+02 4.004456233978271484e+02 4.003856563568115234e+02 4.130294322967529297e+02 4.056089210510253906e+02 4.225737762451171875e+02 1.000000000000000000e+00
5.116721534729003906e+02 3.934285354614257812e+02 5.142642784118652344e+02 4.058097553253173828e+02 5.201058387756347656e+02 4.152714586257934570e+02 1.000000000000000000e+00
4.889181327819824219e+02 3.770949411392211914e+02 4.912843132019042969e+02 3.893172740936279297e+02 4.970865249633789062e+02 3.985616540908813477e+02 1.000000000000000000e+00
5.732299232482910156e+02 3.853909063339233398e+02 5.762489128112792969e+02 3.976703310012817383e+02 5.825130081176757812e+02 4.067150115966796875e+02 1.000000000000000000e+00
5.387486076354980469e+02 3.289800167083740234e+02 5.414099121093750000e+02 3.410716009140014648e+02 5.473711585998535156e+02 3.499902677536010742e+02 1.000000000000000000e+00
3.550201416015625000e+02 4.108541679382324219e+02 3.566796565055847168e+02 4.236657571792602539e+02 3.617054748535156250e+02 4.334564352035522461e+02 1.000000000000000000e+00
5.432385826110839844e+02 4.081333637237548828e+02 5.460839843750000000e+02 4.205493021011352539e+02 5.523405838012695312e+02 4.298804998397827148e+02 1.000000000000000000e+00
5.799585533142089844e+02 3.865748691558837891e+02 5.829927444458007812e+02 3.989795351028442383e+02 5.893942832946777344e+02 4.080930805206298828e+02 1.000000000000000000e+00
4.477743816375732422e+02 3.456320858001708984e+02 4.497986507415771484e+02 3.577639532089233398e+02 4.550736427307128906e+02 3.669605827331542969e+02 1.000000000000000000e+00
5.290999221801757812e+02 3.342073130607604980e+02 5.314645957946777344e+02 3.462687420845031738e+02 5.374401283264160156e+02 3.551989173889160156e+02 1.000000000000000000e+00
4.914302062988281250e+02 3.534428429603576660e+02 4.938582229614257812e+02 3.654329538345336914e+02 4.996739768981933594e+02 3.744198989868164062e+02 1.000000000000000000e+00
4.890055274963378906e+02 3.074770832061767578e+02 4.911751365661621094e+02 3.192725872993469238e+02 4.964777183532714844e+02 3.279759263992309570e+02 1.000000000000000000e+00
4.544011592864990234e+02 3.472648358345031738e+02 4.564138221740722656e+02 3.594510269165039062e+02 4.617489624023437500e+02 3.686506462097167969e+02 1.000000000000000000e+00
5.084632682800292969e+02 3.394754076004028320e+02 5.107995414733886719e+02 3.515231108665466309e+02 5.166644287109375000e+02 3.605888414382934570e+02 1.000000000000000000e+00
5.397003173828125000e+02 3.928909921646118164e+02 5.425934410095214844e+02 4.053986549377441406e+02 5.485501670837402344e+02 4.147374343872070312e+02 1.000000000000000000e+00
4.526396465301513672e+02 3.258888888359069824e+02 4.547743511199951172e+02 3.380472493171691895e+02 4.601494121551513672e+02 3.472211694717407227e+02 1.000000000000000000e+00
3.767590332031250000e+02 4.002685260772705078e+02 3.785710477828979492e+02 4.127757024765014648e+02 3.838023710250854492e+02 4.224353742599487305e+02 1.000000000000000000e+00
4.515576457977294922e+02 3.186248803138732910e+02 4.537117004394531250e+02 3.307726192474365234e+02 4.590171527862548828e+02 3.398843407630920410e+02 1.000000000000000000e+00
3.317561948299407959e+02 4.080966854095458984e+02 3.334097898006439209e+02 4.207658243179321289e+02 3.383037114143371582e+02 4.306734752655029297e+02 1.000000000000000000e+00
4.866322708129882812e+02 3.523115301132202148e+02 4.889393615722656250e+02 3.643586540222167969e+02 4.945928382873535156e+02 3.733467435836791992e+02 1.000000000000000000e+00
5.479586791992187500e+02 3.863913917541503906e+02 5.508517456054687500e+02 3.987931537628173828e+02 5.569743728637695312e+02 4.081380701065063477e+02 1.000000000000000000e+00
4.790909767150878906e+02 3.502701473236083984e+02 4.813475990295410156e+02 3.623270702362060547e+02 4.869481849670410156e+02 3.713451290130615234e+02 1.000000000000000000e+00
5.730376625061035156e+02 3.891925477981567383e+02 5.761562538146972656e+02 4.017220830917358398e+02 5.825038528442382812e+02 4.109224319458007812e+02 1.000000000000000000e+00
4.455760860443115234e+02 3.494528532028198242e+02 4.475806331634521484e+02 3.615593290328979492e+02 4.529457092285156250e+02 3.708165407180786133e+02 1.000000000000000000e+00
3.414097285270690918e+02 4.121818256378173828e+02 3.431398940086364746e+02 4.247674083709716797e+02 3.482944035530090332e+02 4.345270156860351562e+02 1.000000000000000000e+00
4.387966632843017578e+02 3.420619869232177734e+02 4.412270545959472656e+02 3.543244671821594238e+02 4.467263221740722656e+02 3.637824726104736328e+02 1.000000000000000000e+00
4.731625366210937500e+02 3.083443665504455566e+02 4.751162719726562500e+02 3.199269747734069824e+02 4.800269889831542969e+02 3.279325032234191895e+02 1.000000000000000000e+00
4.879537010192871094e+02 4.065662670135498047e+02 4.903683853149414062e+02 4.189911603927612305e+02 4.961134147644042969e+02 4.284472990036010742e+02 1.000000000000000000e+00
4.807924461364746094e+02 3.712450361251831055e+02 4.830306434631347656e+02 3.834269428253173828e+02 4.884151268005371094e+02 3.926492643356323242e+02 1.000000000000000000e+00
5.677429199218750000e+02 3.928623104095458984e+02 5.708353996276855469e+02 4.054908227920532227e+02 5.771554565429687500e+02 4.147464752197265625e+02 1.000000000000000000e+00
4.466591167449951172e+02 3.595291471481323242e+02 4.487116718292236328e+02 3.716594266891479492e+02 4.541359233856201172e+02 3.808791303634643555e+02 1.000000000000000000e+00
4.345205688476562500e+02 4.007935523986816406e+02 4.365980243682861328e+02 4.133041763305664062e+02 4.419606971740722656e+02 4.227225065231323242e+02 1.000000000000000000e+00
4.454072570800781250e+02 4.169627237319946289e+02 4.476690101623535156e+02 4.295915651321411133e+02 4.536486530303955078e+02 4.390693473815917969e+02 1.000000000000000000e+00
2.062917613983154297e+02 3.519296622276306152e+02 2.112557792663574219e+02 3.650177335739135742e+02 2.197069358825683594e+02 3.747273874282836914e+02 2.000000000000000000e+00
2.150111103057861328e+02 3.459360122680664062e+02 2.199223899841308594e+02 3.590950083732604980e+02 2.283686923980712891e+02 3.687516832351684570e+02 2.000000000000000000e+00
2.072570514678955078e+02 3.288413429260253906e+02 2.121374034881591797e+02 3.420357728004455566e+02 2.203332996368408203e+02 3.516744446754455566e+02 2.000000000000000000e+00
2.213680744171142578e+02 3.317992329597473145e+02 2.263778400421142578e+02 3.449866104125976562e+02 2.346925163269042969e+02 3.546248245239257812e+02 2.000000000000000000e+00
2.152906799316406250e+02 3.228464698791503906e+02 2.202325916290283203e+02 3.360414505004882812e+02 2.284404850006103516e+02 3.456875967979431152e+02 2.000000000000000000e+00
2.092520713806152344e+02 3.178401803970336914e+02 2.141315174102783203e+02 3.310297608375549316e+02 2.223357868194580078e+02 3.406856131553649902e+02 2.000000000000000000e+00
2.367619419097900391e+02 3.702383852005004883e+02 2.418163585662841797e+02 3.833961296081542969e+02 2.501443481445312500e+02 3.930563449859619141e+02 2.000000000000000000e+00
2.203990459442138672e+02 3.398835468292236328e+02 2.254082584381103516e+02 3.530655598640441895e+02 2.337423706054687500e+02 3.626866579055786133e+02 2.000000000000000000e+00
1.748596000671386719e+02 4.075254964828491211e+02 1.799729442596435547e+02 4.207896852493286133e+02 1.884095287322998047e+02 4.304783964157104492e+02 2.000000000000000000e+00
1.789056491851806641e+02 4.125120019912719727e+02 1.840219688415527344e+02 4.257906961441040039e+02 1.924303531646728516e+02 4.354598808288574219e+02 2.000000000000000000e+00
2.077429485321044922e+02 3.910634279251098633e+02 2.128675937652587891e+02 4.042488241195678711e+02 2.211428070068359375e+02 4.139358043670654297e+02 2.000000000000000000e+00
1.770896911621093750e+02 3.314227652549743652e+02 1.821123313903808594e+02 3.445859098434448242e+02 1.903044891357421875e+02 3.543073153495788574e+02 2.000000000000000000e+00
1.591975784301757812e+02 3.446213150024414062e+02 1.640557384490966797e+02 3.578374385833740234e+02 1.723442363739013672e+02 3.676434946060180664e+02 2.000000000000000000e+00
2.076706790924072266e+02 3.789258527755737305e+02 2.128188323974609375e+02 3.922315120697021484e+02 2.210720348358154297e+02 4.019578599929809570e+02 2.000000000000000000e+00
1.743810081481933594e+02 3.674217939376831055e+02 1.793682098388671875e+02 3.807149076461791992e+02 1.878561401367187500e+02 3.903855085372924805e+02 2.000000000000000000e+00
5.097713279724121094e+02 4.375718736648559570e+02 5.150115966796875000e+02 4.500946712493896484e+02 5.235521888732910156e+02 4.592642068862915039e+02 2.000000000000000000e+00
1.652398777008056641e+02 3.445403766632080078e+02 1.700765514373779297e+02 3.577836942672729492e+02 1.784142017364501953e+02 3.675718116760253906e+02 2.000000000000000000e+00
5.168107986450195312e+02 4.365490579605102539e+02 5.220524978637695312e+02 4.490169525146484375e+02 5.305505943298339844e+02 4.582288599014282227e+02 2.000000000000000000e+00
2.162317657470703125e+02 3.148207139968872070e+02 2.211221027374267578e+02 3.280021691322326660e+02 2.293577098846435547e+02 3.376800584793090820e+02 2.000000000000000000e+00
1.747018146514892578e+02 3.874791383743286133e+02 1.797870159149169922e+02 4.007067346572875977e+02 1.882343769073486328e+02 4.104908895492553711e+02 2.000000000000000000e+00
1.677236938476562500e+02 3.854677248001098633e+02 1.727668857574462891e+02 3.987359333038330078e+02 1.811595916748046875e+02 4.085485553741455078e+02 2.000000000000000000e+00
1.489232444763183594e+02 3.295846009254455566e+02 1.538514137268066406e+02 3.428370380401611328e+02 1.620917797088623047e+02 3.525965952873229980e+02 2.000000000000000000e+00
5.267155265808105469e+02 4.364369058609008789e+02 5.319128990173339844e+02 4.488814830780029297e+02 5.404539299011230469e+02 4.581151199340820312e+02 2.000000000000000000e+00
1.612565422058105469e+02 3.515770339965820312e+02 1.661490726470947266e+02 3.648190069198608398e+02 1.744274234771728516e+02 3.747015380859375000e+02 2.000000000000000000e+00
4.898573684692382812e+02 4.344124889373779297e+02 4.950354576110839844e+02 4.470387411117553711e+02 5.035229301452636719e+02 4.563161087036132812e+02 2.000000000000000000e+00
1.520928955078125000e+02 3.356042861938476562e+02 1.569749069213867188e+02 3.488526391983032227e+02 1.652182006835937500e+02 3.586029124259948730e+02 2.000000000000000000e+00
2.435077190399169922e+02 4.296926736831665039e+02 2.486727762222290039e+02 4.427748155593872070e+02 2.570723867416381836e+02 4.524762725830078125e+02 2.000000000000000000e+00
2.306406688690185547e+02 3.701646423339843750e+02 2.357229423522949219e+02 3.833734273910522461e+02 2.440450143814086914e+02 3.930416679382324219e+02 2.000000000000000000e+00
2.199762058258056641e+02 3.517840003967285156e+02 2.249587726593017578e+02 3.649005174636840820e+02 2.332569599151611328e+02 3.745819473266601562e+02 2.000000000000000000e+00
1.516738700866699219e+02 3.635812425613403320e+02 1.566315269470214844e+02 3.768176651000976562e+02 1.649984836578369141e+02 3.866314744949340820e+02 2.000000000000000000e+00
1.655679416656494141e+02 3.214378738403320312e+02 1.704552936553955078e+02 3.347062397003173828e+02 1.786763095855712891e+02 3.444651818275451660e+02 2.000000000000000000e+00
2.260501575469970703e+02 3.909317064285278320e+02 2.311416625976562500e+02 4.040071249008178711e+02 2.395056629180908203e+02 4.136327362060546875e+02 2.000000000000000000e+00
2.306241130828857422e+02 3.357147860527038574e+02 2.356129550933837891e+02 3.487948966026306152e+02 2.440218210220336914e+02 3.584553623199462891e+02 2.000000000000000000e+00
1.766130924224853516e+02 3.814462709426879883e+02 1.816704273223876953e+02 3.947040224075317383e+02 1.901090335845947266e+02 4.044730281829833984e+02 2.000000000000000000e+00
1.741988849639892578e+02 3.141485309600830078e+02 1.789575004577636719e+02 3.273249220848083496e+02 1.871339416503906250e+02 3.370644879341125488e+02 2.000000000000000000e+00
1.551385498046875000e+02 3.184129714965820312e+02 1.600133991241455078e+02 3.316986107826232910e+02 1.683429431915283203e+02 3.414809918403625488e+02 2.000000000000000000e+00
4.941758155822753906e+02 4.284890556335449219e+02 4.991743850708007812e+02 4.411204576492309570e+02 5.075730705261230469e+02 4.502995061874389648e+02 2.000000000000000000e+00
5.315735435485839844e+02 4.407041072845458984e+02 5.367719841003417969e+02 4.532579469680786133e+02 5.453285026550292969e+02 4.624728155136108398e+02 2.000000000000000000e+00
1.468408584594726562e+02 3.094680547714233398e+02 1.517111968994140625e+02 3.227054786682128906e+02 1.599808692932128906e+02 3.325613451004028320e+02 2.000000000000000000e+00
1.544827461242675781e+02 3.936567163467407227e+02 1.596192359924316406e+02 4.069771242141723633e+02 1.679327964782714844e+02 4.167460155487060547e+02 2.000000000000000000e+00
1.616187286376953125e+02 3.997466468811035156e+02 1.667284202575683594e+02 4.129803800582885742e+02 1.750586795806884766e+02 4.227921581268310547e+02 2.000000000000000000e+00
2.221644306182861328e+02 3.709069919586181641e+02 2.271204471588134766e+02 3.842020368576049805e+02 2.354791069030761719e+02 3.938806486129760742e+02 2.000000000000000000e+00
1.794747257232666016e+02 3.734159660339355469e+02 1.844847106933593750e+02 3.866743183135986328e+02 1.929456329345703125e+02 3.964028120040893555e+02 2.000000000000000000e+00
1.631940174102783203e+02 3.103959059715270996e+02 1.679946708679199219e+02 3.236813735961914062e+02 1.761540699005126953e+02 3.334205961227416992e+02 2.000000000000000000e+00
1.491364479064941406e+02 3.426003456115722656e+02 1.539753723144531250e+02 3.558556866645812988e+02 1.622539329528808594e+02 3.656663274765014648e+02 2.000000000000000000e+00
1.676007366180419922e+02 3.774545001983642578e+02 1.726546001434326172e+02 3.906822538375854492e+02 1.810129070281982422e+02 4.004702854156494141e+02 2.000000000000000000e+00
1.717674541473388672e+02 3.966068744659423828e+02 1.768783092498779297e+02 4.098363733291625977e+02 1.853350067138671875e+02 4.196023035049438477e+02 2.000000000000000000e+00
2.149516868591308594e+02 4.000613164901733398e+02 2.200658702850341797e+02 4.132602596282958984e+02 2.283492088317871094e+02 4.229350948333740234e+02 2.000000000000000000e+00
1.781036186218261719e+02 3.423867273330688477e+02 1.831058502197265625e+02 3.556078219413757324e+02 1.913613224029541016e+02 3.653725004196166992e+02 2.000000000000000000e+00
3.459316706657409668e+02 4.308066129684448242e+02 3.509802246093750000e+02 4.437725257873535156e+02 3.594277048110961914e+02 4.535974216461181641e+02 2.000000000000000000e+00
2.202002429962158203e+02 3.815315008163452148e+02 2.252223968505859375e+02 3.947136354446411133e+02 2.335552692413330078e+02 4.044578075408935547e+02 2.000000000000000000e+00
2.213207244873046875e+02 3.247966361045837402e+02 2.263112735748291016e+02 3.379744005203247070e+02 2.345759677886962891e+02 3.476253104209899902e+02 2.000000000000000000e+00
3.308957517147064209e+02 4.342758035659790039e+02 3.359452211856842041e+02 4.470264387130737305e+02 3.443833923339843750e+02 4.565225887298583984e+02 2.000000000000000000e+00
5.197008132934570312e+02 4.267324876785278320e+02 5.247949790954589844e+02 4.392337131500244141e+02 5.332866287231445312e+02 4.484741878509521484e+02 2.000000000000000000e+00
2.065626049041748047e+02 3.719114112854003906e+02 2.117554759979248047e+02 3.852150678634643555e+02 2.200690269470214844e+02 3.949764776229858398e+02 2.000000000000000000e+00
5.059746742248535156e+02 4.280719327926635742e+02 5.112140846252441406e+02 4.405505132675170898e+02 5.196527099609375000e+02 4.497103643417358398e+02 2.000000000000000000e+00
2.281436252593994141e+02 3.598539805412292480e+02 2.331029605865478516e+02 3.730481386184692383e+02 2.414397287368774414e+02 3.826790285110473633e+02 2.000000000000000000e+00
3.820246887207031250e+02 4.394210672378540039e+02 3.871405935287475586e+02 4.519465112686157227e+02 3.956120634078979492e+02 4.613035726547241211e+02 2.000000000000000000e+00
1.812067127227783203e+02 4.329462146759033203e+02 1.861504936218261719e+02 4.461940097808837891e+02 1.947058391571044922e+02 4.559896945953369141e+02 2.000000000000000000e+00
2.305094909667968750e+02 3.477452731132507324e+02 2.354374027252197266e+02 3.608516550064086914e+02 2.438368654251098633e+02 3.704831600189208984e+02 2.000000000000000000e+00
3.156863096356391907e+02 4.379511165618896484e+02 3.208505249023437500e+02 4.508128452301025391e+02 3.293450927734375000e+02 4.604021072387695312e+02 2.000000000000000000e+00
3.097355949878692627e+02 4.371562957763671875e+02 3.148364561796188354e+02 4.500987052917480469e+02 3.233500671386718750e+02 4.595798206329345703e+02 2.000000000000000000e+00
2.078446674346923828e+02 4.181584882736206055e+02 2.131169700622558594e+02 4.313697052001953125e+02 2.214829730987548828e+02 4.409606409072875977e+02 2.000000000000000000e+00
2.068551445007324219e+02 4.050797796249389648e+02 2.120318412780761719e+02 4.182487249374389648e+02 2.204040241241455078e+02 4.279202127456665039e+02 2.000000000000000000e+00
1.783260822296142578e+02 3.594355201721191406e+02 1.833100986480712891e+02 3.726472234725952148e+02 1.917057800292968750e+02 3.823611831665039062e+02 2.000000000000000000e+00
1.591609764099121094e+02 3.366345906257629395e+02 1.640416717529296875e+02 3.498254442214965820e+02 1.722729206085205078e+02 3.595908594131469727e+02 2.000000000000000000e+00
2.080405521392822266e+02 4.303935098648071289e+02 2.132912445068359375e+02 4.434515476226806641e+02 2.217274761199951172e+02 4.530973863601684570e+02 2.000000000000000000e+00
3.566388249397277832e+02 4.298133087158203125e+02 3.616675424575805664e+02 4.428580427169799805e+02 3.699595022201538086e+02 4.527949047088623047e+02 2.000000000000000000e+00
1.722121429443359375e+02 3.455154204368591309e+02 1.771824359893798828e+02 3.587214732170104980e+02 1.854667472839355469e+02 3.685061073303222656e+02 2.000000000000000000e+00
2.254166507720947266e+02 3.756622982025146484e+02 2.305010795593261719e+02 3.888759183883666992e+02 2.388247680664062500e+02 3.985632133483886719e+02 2.000000000000000000e+00
1.742259502410888672e+02 3.253792476654052734e+02 1.792245483398437500e+02 3.385502386093139648e+02 1.874125671386718750e+02 3.482989883422851562e+02 2.000000000000000000e+00
2.240870761871337891e+02 3.989697074890136719e+02 2.291613101959228516e+02 4.121477079391479492e+02 2.375027275085449219e+02 4.218009138107299805e+02 2.000000000000000000e+00
3.928156137466430664e+02 4.328338766098022461e+02 3.979160451889038086e+02 4.455574464797973633e+02 4.064294147491455078e+02 4.549764490127563477e+02 2.000000000000000000e+00
2.137893676757812500e+02 3.848819017410278320e+02 2.188836956024169922e+02 3.981738996505737305e+02 2.271927165985107422e+02 4.078819084167480469e+02 2.000000000000000000e+00
1.492663955688476562e+02 3.516237831115722656e+02 1.541190528869628906e+02 3.648873424530029297e+02 1.624333000183105469e+02 3.747821044921875000e+02 2.000000000000000000e+00
1.672568511962890625e+02 3.375230741500854492e+02 1.721951103210449219e+02 3.507248282432556152e+02 1.803941154479980469e+02 3.604857873916625977e+02 2.000000000000000000e+00
2.485204601287841797e+02 4.340133762359619141e+02 2.537018251419067383e+02 4.470920276641845703e+02 2.621005868911743164e+02 4.567360639572143555e+02 2.000000000000000000e+00
1.660328483581542969e+02 4.346467065811157227e+02 1.712290287017822266e+02 4.480958318710327148e+02 1.795924186706542969e+02 4.578230094909667969e+02 2.000000000000000000e+00
1.580024909973144531e+02 3.294917321205139160e+02 1.628826427459716797e+02 3.427263879776000977e+02 1.711146259307861328e+02 3.524726915359497070e+02 2.000000000000000000e+00
1.669654178619384766e+02 4.137690210342407227e+02 1.720872974395751953e+02 4.269779491424560547e+02 1.804647350311279297e+02 4.367065286636352539e+02 2.000000000000000000e+00
2.234001922607421875e+02 3.469398880004882812e+02 2.283296489715576172e+02 3.601250982284545898e+02 2.366996574401855469e+02 3.697189950942993164e+02 2.000000000000000000e+00
2.133162689208984375e+02 3.318388438224792480e+02 2.182856464385986328e+02 3.450659251213073730e+02 2.265300464630126953e+02 3.547129297256469727e+02 2.000000000000000000e+00
3.378570556640625000e+02 4.367764949798583984e+02 3.429455876350402832e+02 4.495453548431396484e+02 3.514507746696472168e+02 4.590883541107177734e+02 2.000000000000000000e+00
