4.770324993133544922e+02 3.643377685546875000e+02 4.810210227966308594e+02 3.659859752655029297e+02 4.866823387145996094e+02 3.649432182312011719e+02 1.000000000000000000e+00
5.109816932678222656e+02 3.746704101562500000e+02 5.151277542114257812e+02 3.764566755294799805e+02 5.208096313476562500e+02 3.755482578277587891e+02 1.000000000000000000e+00
4.946989440917968750e+02 4.136441087722778320e+02 4.986032485961914062e+02 4.155987882614135742e+02 5.042770767211914062e+02 4.145283937454223633e+02 1.000000000000000000e+00
4.824593544006347656e+02 3.758375072479248047e+02 4.865659904479980469e+02 3.776098966598510742e+02 4.923738479614257812e+02 3.764942979812622070e+02 1.000000000000000000e+00
4.967306327819824219e+02 3.501536607742309570e+02 5.006582641601562500e+02 3.517091131210327148e+02 5.063631629943847656e+02 3.506834149360656738e+02 1.000000000000000000e+00
4.760877704620361328e+02 3.431770992279052734e+02 4.800318717956542969e+02 3.446542739868164062e+02 4.855701637268066406e+02 3.437706327438354492e+02 1.000000000000000000e+00
4.949223709106445312e+02 4.347213792800903320e+02 4.988159561157226562e+02 4.366866016387939453e+02 5.044566345214843750e+02 4.360901355743408203e+02 1.000000000000000000e+00
3.696234750747680664e+02 4.414582872390747070e+02 3.728658771514892578e+02 4.435368776321411133e+02 3.776134061813354492e+02 4.426628780364990234e+02 1.000000000000000000e+00
3.595426344871520996e+02 4.476055955886840820e+02 3.627726459503173828e+02 4.497263288497924805e+02 3.675137662887573242e+02 4.488941717147827148e+02 1.000000000000000000e+00
4.973118019104003906e+02 4.481813478469848633e+02 5.012271118164062500e+02 4.502042627334594727e+02 5.066554260253906250e+02 4.499332666397094727e+02 1.000000000000000000e+00
5.490174674987792969e+02 3.768375921249389648e+02 5.537081909179687500e+02 3.783097600936889648e+02 5.600012779235839844e+02 3.773973226547241211e+02 1.000000000000000000e+00
5.162539672851562500e+02 3.679190683364868164e+02 5.204403686523437500e+02 3.695258617401123047e+02 5.262271118164062500e+02 3.686088037490844727e+02 1.000000000000000000e+00
4.994676589965820312e+02 3.430301856994628906e+02 5.035023880004882812e+02 3.446316003799438477e+02 5.091618347167968750e+02 3.436029124259948730e+02 1.000000000000000000e+00
6.014573478698730469e+02 4.255260372161865234e+02 6.065596389770507812e+02 4.270121240615844727e+02 6.135011100769042969e+02 4.261661767959594727e+02 1.000000000000000000e+00
6.025178337097167969e+02 4.153879451751708984e+02 6.075833129882812500e+02 4.166392850875854492e+02 6.144970703125000000e+02 4.155421829223632812e+02 1.000000000000000000e+00
5.332339477539062500e+02 3.704076290130615234e+02 5.376042556762695312e+02 3.718600845336914062e+02 5.438029289245605469e+02 3.709130001068115234e+02 1.000000000000000000e+00
4.152451515197753906e+02 4.538440990447998047e+02 4.228468608856201172e+02 4.561855602264404297e+02 4.313700580596923828e+02 4.555458211898803711e+02 1.000000000000000000e+00
5.788194656372070312e+02 3.750138330459594727e+02 5.842650794982910156e+02 3.764574909210205078e+02 5.912761878967285156e+02 3.755396175384521484e+02 1.000000000000000000e+00
5.112539100646972656e+02 3.613612747192382812e+02 5.153814697265625000e+02 3.629910993576049805e+02 5.212314414978027344e+02 3.620763587951660156e+02 1.000000000000000000e+00
4.753486633300781250e+02 4.291307115554809570e+02 4.792232990264892578e+02 4.311277627944946289e+02 4.847057914733886719e+02 4.307013702392578125e+02 1.000000000000000000e+00
4.285347938537597656e+02 4.511657810211181641e+02 4.322518634796142578e+02 4.533166551589965820e+02 4.374683856964111328e+02 4.526303529739379883e+02 1.000000000000000000e+00
4.714198017120361328e+02 3.740593385696411133e+02 4.754916381835937500e+02 3.757150268554687500e+02 4.812213516235351562e+02 3.747085046768188477e+02 1.000000000000000000e+00
3.822384643554687500e+02 4.391215610504150391e+02 3.854904174804687500e+02 4.412329244613647461e+02 3.903310537338256836e+02 4.404264307022094727e+02 1.000000000000000000e+00
3.635310363769531250e+02 4.491501331329345703e+02 3.667525959014892578e+02 4.512779331207275391e+02 3.764883422851562500e+02 4.505249404907226562e+02 1.000000000000000000e+00
3.427588510513305664e+02 4.414416933059692383e+02 3.458613276481628418e+02 4.433568763732910156e+02 3.506100463867187500e+02 4.423967456817626953e+02 1.000000000000000000e+00
4.337645626068115234e+02 4.423296546936035156e+02 4.373866271972656250e+02 4.445232582092285156e+02 4.425561809539794922e+02 4.437947559356689453e+02 1.000000000000000000e+00
5.165413284301757812e+02 3.736546325683593750e+02 5.207678222656250000e+02 3.753134822845458984e+02 5.264729690551757812e+02 3.744417142868041992e+02 1.000000000000000000e+00
4.080879497528076172e+02 4.421731710433959961e+02 4.115635681152343750e+02 4.442964935302734375e+02 4.165138912200927734e+02 4.434892702102661133e+02 1.000000000000000000e+00
3.643368864059448242e+02 4.475575304031372070e+02 3.675355243682861328e+02 4.496575355529785156e+02 3.722850656509399414e+02 4.488888645172119141e+02 1.000000000000000000e+00
5.436031532287597656e+02 4.304817867279052734e+02 5.485019493103027344e+02 4.322994518280029297e+02 5.546239662170410156e+02 4.316948318481445312e+02 1.000000000000000000e+00
4.223722839355468750e+02 4.398052453994750977e+02 4.258675289154052734e+02 4.420231676101684570e+02 4.310812377929687500e+02 4.412515640258789062e+02 1.000000000000000000e+00
3.985195016860961914e+02 4.416167163848876953e+02 4.019708538055419922e+02 4.436719751358032227e+02 4.068460369110107422e+02 4.428772687911987305e+02 1.000000000000000000e+00
5.082832717895507812e+02 3.537230587005615234e+02 5.124330520629882812e+02 3.553935599327087402e+02 5.182730674743652344e+02 3.544032955169677734e+02 1.000000000000000000e+00
4.641114807128906250e+02 3.673216867446899414e+02 4.680897235870361328e+02 3.690551805496215820e+02 4.738641071319580078e+02 3.683689928054809570e+02 1.000000000000000000e+00
5.146613883972167969e+02 4.302873086929321289e+02 5.188232421875000000e+02 4.322237920761108398e+02 5.247562980651855469e+02 4.315177059173583984e+02 1.000000000000000000e+00
3.486820077896118164e+02 4.412397909164428711e+02 3.518022775650024414e+02 4.431732273101806641e+02 3.565450453758239746e+02 4.422039270401000977e+02 1.000000000000000000e+00
5.961552238464355469e+02 3.831422567367553711e+02 6.019069290161132812e+02 3.843611526489257812e+02 6.085247802734375000e+02 3.832863807678222656e+02 1.000000000000000000e+00
5.044325065612792969e+02 3.587959027290344238e+02 5.085480690002441406e+02 3.604207563400268555e+02 5.143690872192382812e+02 3.594751310348510742e+02 1.000000000000000000e+00
5.640723228454589844e+02 3.771545791625976562e+02 5.687416458129882812e+02 3.785486841201782227e+02 5.752197265625000000e+02 3.776320552825927734e+02 1.000000000000000000e+00
5.962183952331542969e+02 3.760705089569091797e+02 6.017824745178222656e+02 3.773286867141723633e+02 6.085556030273437500e+02 3.763340520858764648e+02 1.000000000000000000e+00
6.022980308532714844e+02 3.896083402633666992e+02 6.075208091735839844e+02 3.908140325546264648e+02 6.143817138671875000e+02 3.895251274108886719e+02 1.000000000000000000e+00
4.869163322448730469e+02 4.349403476715087891e+02 4.908004188537597656e+02 4.369181871414184570e+02 4.964121055603027344e+02 4.364327859878540039e+02 1.000000000000000000e+00
3.554751586914062500e+02 4.493371725082397461e+02 3.587142348289489746e+02 4.514835691452026367e+02 3.689167785644531250e+02 4.505942487716674805e+02 1.000000000000000000e+00
4.147743511199951172e+02 4.390318393707275391e+02 4.183000850677490234e+02 4.411958169937133789e+02 4.233225154876708984e+02 4.403791236877441406e+02 1.000000000000000000e+00
5.311815261840820312e+02 4.307896184921264648e+02 5.355349731445312500e+02 4.327088785171508789e+02 5.415673828125000000e+02 4.320277547836303711e+02 1.000000000000000000e+00
5.086990928649902344e+02 4.144473123550415039e+02 5.136829185485839844e+02 4.164937877655029297e+02 5.198278236389160156e+02 4.153411102294921875e+02 1.000000000000000000e+00
5.944124794006347656e+02 4.211712741851806641e+02 5.995031166076660156e+02 4.225123643875122070e+02 6.063607215881347656e+02 4.218982601165771484e+02 1.000000000000000000e+00
5.583523559570312500e+02 3.646169185638427734e+02 5.630654335021972656e+02 3.660825920104980469e+02 5.693904495239257812e+02 3.650493192672729492e+02 1.000000000000000000e+00
3.706045866012573242e+02 4.503373289108276367e+02 3.789374399185180664e+02 4.527176284790039062e+02 3.932021188735961914e+02 4.525908565521240234e+02 1.000000000000000000e+00
5.636907386779785156e+02 4.452883958816528320e+02 5.685384559631347656e+02 4.471656560897827148e+02 5.745832633972167969e+02 4.465393209457397461e+02 1.000000000000000000e+00
6.014592361450195312e+02 4.223969793319702148e+02 6.065371704101562500e+02 4.236638832092285156e+02 6.134981727600097656e+02 4.228073215484619141e+02 1.000000000000000000e+00
4.650288391113281250e+02 3.826807022094726562e+02 4.691612911224365234e+02 3.845235013961791992e+02 4.748025512695312500e+02 3.838157129287719727e+02 1.000000000000000000e+00
5.481662559509277344e+02 3.699300956726074219e+02 5.528301429748535156e+02 3.714061689376831055e+02 5.589716148376464844e+02 3.704469966888427734e+02 1.000000000000000000e+00
5.101024246215820312e+02 3.898036336898803711e+02 5.141057205200195312e+02 3.915838336944580078e+02 5.199180984497070312e+02 3.907713460922241211e+02 1.000000000000000000e+00
5.062375450134277344e+02 3.430828285217285156e+02 5.103927612304687500e+02 3.446467351913452148e+02 5.160055541992187500e+02 3.436239981651306152e+02 1.000000000000000000e+00
4.717990112304687500e+02 3.843643283843994141e+02 4.759650325775146484e+02 3.861302518844604492e+02 4.816614723205566406e+02 3.851733541488647461e+02 1.000000000000000000e+00
5.272321128845214844e+02 3.753105211257934570e+02 5.315270423889160156e+02 3.767870807647705078e+02 5.376837158203125000e+02 3.759227371215820312e+02 1.000000000000000000e+00
5.599487304687500000e+02 4.299957418441772461e+02 5.647664260864257812e+02 4.316746902465820312e+02 5.711690711975097656e+02 4.312538480758666992e+02 1.000000000000000000e+00
4.699467468261718750e+02 3.629907274246215820e+02 4.739607906341552734e+02 3.646157884597778320e+02 4.796201801300048828e+02 3.637014770507812500e+02 1.000000000000000000e+00
3.927110910415649414e+02 4.388939666748046875e+02 3.961490488052368164e+02 4.409733724594116211e+02 4.010030269622802734e+02 4.402007818222045898e+02 1.000000000000000000e+00
4.686936950683593750e+02 3.554647564888000488e+02 4.726254558563232422e+02 3.571573877334594727e+02 4.782424640655517578e+02 3.563128709793090820e+02 1.000000000000000000e+00
3.467732548713684082e+02 4.475691318511962891e+02 3.498953866958618164e+02 4.497667980194091797e+02 3.546262812614440918e+02 4.488205003738403320e+02 1.000000000000000000e+00
5.045798301696777344e+02 3.887088060379028320e+02 5.086190223693847656e+02 3.905017518997192383e+02 5.142922973632812500e+02 3.896806955337524414e+02 1.000000000000000000e+00
5.684740066528320312e+02 4.234875011444091797e+02 5.734500694274902344e+02 4.248561859130859375e+02 5.799447631835937500e+02 4.242844963073730469e+02 1.000000000000000000e+00
4.969322776794433594e+02 3.867383766174316406e+02 5.008622169494628906e+02 3.885063600540161133e+02 5.065286064147949219e+02 3.877290773391723633e+02 1.000000000000000000e+00
5.944512367248535156e+02 4.256258583068847656e+02 5.995842933654785156e+02 4.273068952560424805e+02 6.064142417907714844e+02 4.264230108261108398e+02 1.000000000000000000e+00
4.627651977539062500e+02 3.863007545471191406e+02 4.668382263183593750e+02 3.880198144912719727e+02 4.725380897521972656e+02 3.872416162490844727e+02 1.000000000000000000e+00
3.564239192008972168e+02 4.515383434295654297e+02 3.592999887466430664e+02 4.536675882339477539e+02 3.637347745895385742e+02 4.527013921737670898e+02 1.000000000000000000e+00
4.568460369110107422e+02 3.798853540420532227e+02 4.612216186523437500e+02 3.817446613311767578e+02 4.668910884857177734e+02 3.813765048980712891e+02 1.000000000000000000e+00
4.890963554382324219e+02 3.420647335052490234e+02 4.930261611938476562e+02 3.434749531745910645e+02 4.986314773559570312e+02 3.425187706947326660e+02 1.000000000000000000e+00
5.064308166503906250e+02 4.444265556335449219e+02 5.104401588439941406e+02 4.463846826553344727e+02 5.159673500061035156e+02 4.457303810119628906e+02 1.000000000000000000e+00
4.983345603942871094e+02 4.085933589935302734e+02 5.023439598083496094e+02 4.105877208709716797e+02 5.080484580993652344e+02 4.094799327850341797e+02 1.000000000000000000e+00
5.890189170837402344e+02 4.295492076873779297e+02 5.940462684631347656e+02 4.313481473922729492e+02 6.009553337097167969e+02 4.304646062850952148e+02 1.000000000000000000e+00
4.638924312591552734e+02 3.963731718063354492e+02 4.678602886199951172e+02 3.982251405715942383e+02 4.734770202636718750e+02 3.973958158493041992e+02 1.000000000000000000e+00
4.515507507324218750e+02 4.389746761322021484e+02 4.552015972137451172e+02 4.411132907867431641e+02 4.603238201141357422e+02 4.405546331405639648e+02 1.000000000000000000e+00
4.645696163177490234e+02 4.556549119949340820e+02 4.688693904876708984e+02 4.578665828704833984e+02 4.742123126983642578e+02 4.573719263076782227e+02 1.000000000000000000e+00
2.358930206298828125e+02 3.911669111251831055e+02 2.435425996780395508e+02 3.928216266632080078e+02 2.529947042465209961e+02 3.915797567367553711e+02 2.000000000000000000e+00
2.445033884048461914e+02 3.851757574081420898e+02 2.521549081802368164e+02 3.867860555648803711e+02 2.615986633300781250e+02 3.855681896209716797e+02 2.000000000000000000e+00
2.365789508819580078e+02 3.681419134140014648e+02 2.441953563690185547e+02 3.696949195861816406e+02 2.536939096450805664e+02 3.685093116760253906e+02 2.000000000000000000e+00
2.508778810501098633e+02 3.709594774246215820e+02 2.583858013153076172e+02 3.725681161880493164e+02 2.678305339813232422e+02 3.713566589355468750e+02 2.000000000000000000e+00
2.446470308303833008e+02 3.621081876754760742e+02 2.521997213363647461e+02 3.636199665069580078e+02 2.616806030273437500e+02 3.624913644790649414e+02 2.000000000000000000e+00
2.385138416290283203e+02 3.571361446380615234e+02 2.461009216308593750e+02 3.586181974411010742e+02 2.555756235122680664e+02 3.574927711486816406e+02 2.000000000000000000e+00
2.664533662796020508e+02 4.093791532516479492e+02 2.740566682815551758e+02 4.109523439407348633e+02 2.834386277198791504e+02 4.097374963760375977e+02 2.000000000000000000e+00
2.499966287612915039e+02 3.790587902069091797e+02 2.575158357620239258e+02 3.806503343582153320e+02 2.669684743881225586e+02 3.794400358200073242e+02 2.000000000000000000e+00
2.048380565643310547e+02 4.471721935272216797e+02 2.124698638916015625e+02 4.488086700439453125e+02 2.217739200592041016e+02 4.476016902923583984e+02 2.000000000000000000e+00
2.089227008819580078e+02 4.521232080459594727e+02 2.165414142608642578e+02 4.538062906265258789e+02 2.258575439453125000e+02 4.525877809524536133e+02 2.000000000000000000e+00
2.377150249481201172e+02 4.303409528732299805e+02 2.452754354476928711e+02 4.319664144515991211e+02 2.546595001220703125e+02 4.307382631301879883e+02 2.000000000000000000e+00
2.065548229217529297e+02 3.708802843093872070e+02 2.141747570037841797e+02 3.725716352462768555e+02 2.236153984069824219e+02 3.713101530075073242e+02 2.000000000000000000e+00
1.887106037139892578e+02 3.842511034011840820e+02 1.963527965545654297e+02 3.859108400344848633e+02 2.057951164245605469e+02 3.846444511413574219e+02 2.000000000000000000e+00
2.376162242889404297e+02 4.183338975906372070e+02 2.451843261718750000e+02 4.199479436874389648e+02 2.545509958267211914e+02 4.186875057220458984e+02 2.000000000000000000e+00
2.041649436950683594e+02 4.070023298263549805e+02 2.117266845703125000e+02 4.087223339080810547e+02 2.212145996093750000e+02 4.074185228347778320e+02 2.000000000000000000e+00
5.403047561645507812e+02 4.744497871398925781e+02 5.478149986267089844e+02 4.762823009490966797e+02 5.571722984313964844e+02 4.754799270629882812e+02 2.000000000000000000e+00
1.947535419464111328e+02 3.841652870178222656e+02 2.023983478546142578e+02 3.858311605453491211e+02 2.118565940856933594e+02 3.845380926132202148e+02 2.000000000000000000e+00
5.473243522644042969e+02 4.733960151672363281e+02 5.548474693298339844e+02 4.752139377593994141e+02 5.641854858398437500e+02 4.744585990905761719e+02 2.000000000000000000e+00
2.454828023910522461e+02 3.540948843955993652e+02 2.530594635009765625e+02 3.555913782119750977e+02 2.625459909439086914e+02 3.544750428199768066e+02 2.000000000000000000e+00
2.045861816406250000e+02 4.270929050445556641e+02 2.122357749938964844e+02 4.286946773529052734e+02 2.215670490264892578e+02 4.274568557739257812e+02 2.000000000000000000e+00
1.975373077392578125e+02 4.251467657089233398e+02 2.051951694488525391e+02 4.267936134338378906e+02 2.145390796661376953e+02 4.254872274398803711e+02 2.000000000000000000e+00
1.784893894195556641e+02 3.693230295181274414e+02 1.860955047607421875e+02 3.710250377655029297e+02 1.955584716796875000e+02 3.696660804748535156e+02 2.000000000000000000e+00
5.572590446472167969e+02 4.732981395721435547e+02 5.647796058654785156e+02 4.750131940841674805e+02 5.741329383850097656e+02 4.742812013626098633e+02 2.000000000000000000e+00
1.908122253417968750e+02 3.912731981277465820e+02 1.984556388854980469e+02 3.928899049758911133e+02 2.079025745391845703e+02 3.916324281692504883e+02 2.000000000000000000e+00
5.202021598815917969e+02 4.716717910766601562e+02 5.278160476684570312e+02 4.734076309204101562e+02 5.371251296997070312e+02 4.726095342636108398e+02 2.000000000000000000e+00
1.816132354736328125e+02 3.753057575225830078e+02 1.892366886138916016e+02 3.770179510116577148e+02 1.986816501617431641e+02 3.756739282608032227e+02 2.000000000000000000e+00
2.736395883560180664e+02 4.687500715255737305e+02 2.812860107421875000e+02 4.704389476776123047e+02 2.905454397201538086e+02 4.692170476913452148e+02 2.000000000000000000e+00
2.603214406967163086e+02 4.093888664245605469e+02 2.679109477996826172e+02 4.109588956832885742e+02 2.773332214355468750e+02 4.097224760055541992e+02 2.000000000000000000e+00
2.494799327850341797e+02 3.909320211410522461e+02 2.570827341079711914e+02 3.926398086547851562e+02 2.664837932586669922e+02 3.914246606826782227e+02 2.000000000000000000e+00
1.813409233093261719e+02 4.033676290512084961e+02 1.889684391021728516e+02 4.050134325027465820e+02 1.984481048583984375e+02 4.036521720886230469e+02 2.000000000000000000e+00
1.947591686248779297e+02 3.610340023040771484e+02 2.023331928253173828e+02 3.627610301971435547e+02 2.117833805084228516e+02 3.613981676101684570e+02 2.000000000000000000e+00
2.559892416000366211e+02 4.299903059005737305e+02 2.635779094696044922e+02 4.316366672515869141e+02 2.729086589813232422e+02 4.304762649536132812e+02 2.000000000000000000e+00
2.602067232131958008e+02 3.747218370437622070e+02 2.675572824478149414e+02 3.763484573364257812e+02 2.770382976531982422e+02 3.751860666275024414e+02 2.000000000000000000e+00
2.064907550811767578e+02 4.210480499267578125e+02 2.141207695007324219e+02 4.226525402069091797e+02 2.234825229644775391e+02 4.213939905166625977e+02 2.000000000000000000e+00
2.031473827362060547e+02 3.535696792602539062e+02 2.106644439697265625e+02 3.553118634223937988e+02 2.199994754791259766e+02 3.541315054893493652e+02 2.000000000000000000e+00
1.844971179962158203e+02 3.581078267097473145e+02 1.920638561248779297e+02 3.597865676879882812e+02 2.015559864044189453e+02 3.584263372421264648e+02 2.000000000000000000e+00
5.241708374023437500e+02 4.654034185409545898e+02 5.317509269714355469e+02 4.671008062362670898e+02 5.410531616210937500e+02 4.662213563919067383e+02 2.000000000000000000e+00
5.621286582946777344e+02 4.775937366485595703e+02 5.696975135803222656e+02 4.793379020690917969e+02 5.791044998168945312e+02 4.785585737228393555e+02 2.000000000000000000e+00
1.761835193634033203e+02 3.492820215225219727e+02 1.837956047058105469e+02 3.508292627334594727e+02 1.933327198028564453e+02 3.496276617050170898e+02 2.000000000000000000e+00
1.843878269195556641e+02 4.334386682510375977e+02 1.919922351837158203e+02 4.351627063751220703e+02 2.014511108398437500e+02 4.338366794586181641e+02 2.000000000000000000e+00
1.915581512451171875e+02 4.394409656524658203e+02 1.991323661804199219e+02 4.410512208938598633e+02 2.085021209716796875e+02 4.398229122161865234e+02 2.000000000000000000e+00
2.517676401138305664e+02 4.102522087097167969e+02 2.593996858596801758e+02 4.118143415451049805e+02 2.687520742416381836e+02 4.106229400634765625e+02 2.000000000000000000e+00
2.092724704742431641e+02 4.130112361907958984e+02 2.168741130828857422e+02 4.146390151977539062e+02 2.263101673126220703e+02 4.133584356307983398e+02 2.000000000000000000e+00
1.921933078765869141e+02 3.499835872650146484e+02 1.997078418731689453e+02 3.516964173316955566e+02 2.090842914581298828e+02 3.504013395309448242e+02 2.000000000000000000e+00
1.786625671386718750e+02 3.823318862915039062e+02 1.862909793853759766e+02 3.840117931365966797e+02 1.957339763641357422e+02 3.826714897155761719e+02 2.000000000000000000e+00
1.973820018768310547e+02 4.170638465881347656e+02 2.049622440338134766e+02 4.187421941757202148e+02 2.143695926666259766e+02 4.174794960021972656e+02 2.000000000000000000e+00
2.017035388946533203e+02 4.363172435760498047e+02 2.093660545349121094e+02 4.378967428207397461e+02 2.186584281921386719e+02 4.366891336441040039e+02 2.000000000000000000e+00
2.448686647415161133e+02 4.393350648880004883e+02 2.523850679397583008e+02 4.409659194946289062e+02 2.618394470214843750e+02 4.397296857833862305e+02 2.000000000000000000e+00
2.077015399932861328e+02 3.819357633590698242e+02 2.153931522369384766e+02 3.836243677139282227e+02 2.247054576873779297e+02 3.823465061187744141e+02 2.000000000000000000e+00
3.760358572006225586e+02 4.703220319747924805e+02 3.835987234115600586e+02 4.725567483901977539e+02 3.928665494918823242e+02 4.719855737686157227e+02 2.000000000000000000e+00
2.500213623046875000e+02 4.207406044006347656e+02 2.575583171844482422e+02 4.224115705490112305e+02 2.668966960906982422e+02 4.212566041946411133e+02 2.000000000000000000e+00
2.507960176467895508e+02 3.639554214477539062e+02 2.583152437210083008e+02 3.655776500701904297e+02 2.677342224121093750e+02 3.643816566467285156e+02 2.000000000000000000e+00
3.611317777633666992e+02 4.724560403823852539e+02 3.685641479492187500e+02 4.743093967437744141e+02 3.779808044433593750e+02 4.733858728408813477e+02 2.000000000000000000e+00
5.500499916076660156e+02 4.636082267761230469e+02 5.575582885742187500e+02 4.654578638076782227e+02 5.668604087829589844e+02 4.647562694549560547e+02 2.000000000000000000e+00
2.365111827850341797e+02 4.113396692276000977e+02 2.440015554428100586e+02 4.129516124725341797e+02 2.534313058853149414e+02 4.116811037063598633e+02 2.000000000000000000e+00
5.363360595703125000e+02 4.650124311447143555e+02 5.438945388793945312e+02 4.666742706298828125e+02 5.531708335876464844e+02 4.659931755065917969e+02 2.000000000000000000e+00
2.576762390136718750e+02 3.989986324310302734e+02 2.652649831771850586e+02 4.006916570663452148e+02 2.746674203872680664e+02 3.994560384750366211e+02 2.000000000000000000e+00
4.123069190979003906e+02 4.772197151184082031e+02 4.197756958007812500e+02 4.790502119064331055e+02 4.290703773498535156e+02 4.778089427947998047e+02 2.000000000000000000e+00
2.113940906524658203e+02 4.725990056991577148e+02 2.189853382110595703e+02 4.740322637557983398e+02 2.283630371093750000e+02 4.727921247482299805e+02 2.000000000000000000e+00
2.600608205795288086e+02 3.867793893814086914e+02 2.676434326171875000e+02 3.884121751785278320e+02 2.770715618133544922e+02 3.872612714767456055e+02 2.000000000000000000e+00
3.458631587028503418e+02 4.764906120300292969e+02 3.534662175178527832e+02 4.780289411544799805e+02 3.627792072296142578e+02 4.769664430618286133e+02 2.000000000000000000e+00
3.398740541934967041e+02 4.756849193572998047e+02 3.474712824821472168e+02 4.772851324081420898e+02 3.567769479751586914e+02 4.762077426910400391e+02 2.000000000000000000e+00
2.381560039520263672e+02 4.574515771865844727e+02 2.456558847427368164e+02 4.590535354614257812e+02 2.551024293899536133e+02 4.579232883453369141e+02 2.000000000000000000e+00
2.369512271881103516e+02 4.443367767333984375e+02 2.443904733657836914e+02 4.460541772842407227e+02 2.538752269744873047e+02 4.448012781143188477e+02 2.000000000000000000e+00
2.080647087097167969e+02 3.989291810989379883e+02 2.156417179107666016e+02 4.006420040130615234e+02 2.251333618164062500e+02 3.993638420104980469e+02 2.000000000000000000e+00
1.886675357818603516e+02 3.762335014343261719e+02 1.962665271759033203e+02 3.779155683517456055e+02 2.057303714752197266e+02 3.766395378112792969e+02 2.000000000000000000e+00
2.384136009216308594e+02 4.695530891418457031e+02 2.460175180435180664e+02 4.712909317016601562e+02 2.553558969497680664e+02 4.701228189468383789e+02 2.000000000000000000e+00
3.863638925552368164e+02 4.695845746994018555e+02 3.939671659469604492e+02 4.717576074600219727e+02 4.031264686584472656e+02 4.711270809173583984e+02 2.000000000000000000e+00
2.018159580230712891e+02 3.850756359100341797e+02 2.094656181335449219e+02 3.867303228378295898e+02 2.188594627380371094e+02 3.854867935180664062e+02 2.000000000000000000e+00
2.551661968231201172e+02 4.148994255065917969e+02 2.627120637893676758e+02 4.165352296829223633e+02 2.721464204788208008e+02 4.153132724761962891e+02 2.000000000000000000e+00
2.036229419708251953e+02 3.647918128967285156e+02 2.112372112274169922e+02 3.665498399734497070e+02 2.206704235076904297e+02 3.652840948104858398e+02 2.000000000000000000e+00
2.539694833755493164e+02 4.382002401351928711e+02 2.615703439712524414e+02 4.398421382904052734e+02 2.709288644790649414e+02 4.386300802230834961e+02 2.000000000000000000e+00
4.230703735351562500e+02 4.712324094772338867e+02 4.305657386779785156e+02 4.733682346343994141e+02 4.398389339447021484e+02 4.728361272811889648e+02 2.000000000000000000e+00
2.437167644500732422e+02 4.242671298980712891e+02 2.512689971923828125e+02 4.258711338043212891e+02 2.606476116180419922e+02 4.246628522872924805e+02 2.000000000000000000e+00
1.788398075103759766e+02 3.914308547973632812e+02 1.864321994781494141e+02 3.930514955520629883e+02 1.959329509735107422e+02 3.917494010925292969e+02 2.000000000000000000e+00
1.967384910583496094e+02 3.770880460739135742e+02 2.043360424041748047e+02 3.787764644622802734e+02 2.138112640380859375e+02 3.774801778793334961e+02 2.000000000000000000e+00
2.787120342254638672e+02 4.730425500869750977e+02 2.863077688217163086e+02 4.746002626419067383e+02 2.955861806869506836e+02 4.734114217758178711e+02 2.000000000000000000e+00
1.962517356872558594e+02 4.744860076904296875e+02 2.038167858123779297e+02 4.763440418243408203e+02 2.132074069976806641e+02 4.747573614120483398e+02 2.000000000000000000e+00
1.874900817871093750e+02 3.691238737106323242e+02 1.950850772857666016e+02 3.708396720886230469e+02 2.045647239685058594e+02 3.694983243942260742e+02 2.000000000000000000e+00
1.969115734100341797e+02 4.534545421600341797e+02 2.045941448211669922e+02 4.550172185897827148e+02 2.138853549957275391e+02 4.538402509689331055e+02 2.000000000000000000e+00
2.529057168960571289e+02 3.861116981506347656e+02 2.605188608169555664e+02 3.877106094360351562e+02 2.699793386459350586e+02 3.864863061904907227e+02 2.000000000000000000e+00
2.427245473861694336e+02 3.711210680007934570e+02 2.502773571014404297e+02 3.726787519454956055e+02 2.597597646713256836e+02 3.714938163757324219e+02 2.000000000000000000e+00
3.680806303024291992e+02 4.750724029541015625e+02 3.755996704101562500e+02 4.766610288619995117e+02 3.848977661132812500e+02 4.756641054153442383e+02 2.000000000000000000e+00
