4.340141010284423828e+02 2.718979811668395996e+02 4.399946880340576172e+02 2.933659100532531738e+02 4.534096050262451172e+02 3.148300480842590332e+02 1.000000000000000000e+00
4.665205097198486328e+02 2.831187450885772705e+02 4.726399230957031250e+02 3.043619728088378906e+02 4.865349197387695312e+02 3.256469178199768066e+02 1.000000000000000000e+00
4.499201107025146484e+02 3.200028705596923828e+02 4.561737346649169922e+02 3.414408588409423828e+02 4.701208782196044922e+02 3.629383850097656250e+02 1.000000000000000000e+00
4.392815303802490234e+02 2.828156769275665283e+02 4.452067565917968750e+02 3.043594694137573242e+02 4.586124324798583984e+02 3.259532189369201660e+02 1.000000000000000000e+00
4.534067440032958984e+02 2.592522597312927246e+02 4.593233394622802734e+02 2.804094564914703369e+02 4.730322551727294922e+02 3.016320848464965820e+02 1.000000000000000000e+00
4.347119140625000000e+02 2.547949835658073425e+02 4.405885982513427734e+02 2.765591454505920410e+02 4.543621253967285156e+02 2.980019867420196533e+02 1.000000000000000000e+00
4.495758056640625000e+02 3.403299951553344727e+02 4.560575866699218750e+02 3.620578622817993164e+02 4.701279926300048828e+02 3.835958003997802734e+02 1.000000000000000000e+00
3.285966491699218750e+02 3.446491169929504395e+02 3.345923459529876709e+02 3.670149278640747070e+02 3.479254770278930664e+02 3.891805744171142578e+02 1.000000000000000000e+00
3.188775634765625000e+02 3.501326322555541992e+02 3.247380372881889343e+02 3.725588464736938477e+02 3.381549990177154541e+02 3.948917627334594727e+02 1.000000000000000000e+00
4.518387794494628906e+02 3.531160926818847656e+02 4.583478736877441406e+02 3.749961948394775391e+02 4.724046325683593750e+02 3.967713117599487305e+02 1.000000000000000000e+00
5.024399757385253906e+02 2.855118441581726074e+02 5.088139915466308594e+02 3.066032767295837402e+02 5.229822349548339844e+02 3.279916763305664062e+02 1.000000000000000000e+00
4.717521381378173828e+02 2.766945827007293701e+02 4.778736877441406250e+02 2.979147362709045410e+02 4.917698669433593750e+02 3.192609000205993652e+02 1.000000000000000000e+00
4.563539791107177734e+02 2.525494846701622009e+02 4.622487545013427734e+02 2.736545133590698242e+02 4.759213256835937500e+02 2.948640775680541992e+02 1.000000000000000000e+00
5.513817787170410156e+02 3.330368685722351074e+02 5.582453727722167969e+02 3.543117713928222656e+02 5.726739501953125000e+02 3.759788560867309570e+02 1.000000000000000000e+00
5.527275466918945312e+02 3.241570758819580078e+02 5.596737670898437500e+02 3.452493953704833984e+02 5.740886306762695312e+02 3.667073678970336914e+02 1.000000000000000000e+00
4.880039024353027344e+02 2.794813871383666992e+02 4.939527320861816406e+02 3.005627202987670898e+02 5.077378273010253906e+02 3.217901945114135742e+02 1.000000000000000000e+00
3.500989699363708496e+02 3.569284415245056152e+02 3.567918086051940918e+02 3.791328477859497070e+02 3.748130798339843750e+02 4.014934730529785156e+02 1.000000000000000000e+00
5.298903846740722656e+02 2.840829813480377197e+02 5.363836097717285156e+02 3.050648260116577148e+02 5.509750938415527344e+02 3.263978290557861328e+02 1.000000000000000000e+00
4.670391559600830078e+02 2.703315746784210205e+02 4.731375408172607422e+02 2.914935028553009033e+02 4.869470214843750000e+02 3.127786302566528320e+02 1.000000000000000000e+00
4.311195087432861328e+02 3.345184993743896484e+02 4.374050045013427734e+02 3.563670444488525391e+02 4.513508605957031250e+02 3.781183290481567383e+02 1.000000000000000000e+00
3.850149250030517578e+02 3.549093961715698242e+02 3.913138723373413086e+02 3.770246887207031250e+02 4.049831867218017578e+02 3.990599727630615234e+02 1.000000000000000000e+00
4.283427429199218750e+02 2.811769437789916992e+02 4.343164062500000000e+02 3.026090741157531738e+02 4.477453613281250000e+02 3.241921734809875488e+02 1.000000000000000000e+00
3.408575129508972168e+02 3.425650405883789062e+02 3.468508005142211914e+02 3.648070192337036133e+02 3.602986764907836914e+02 3.869321680068969727e+02 1.000000000000000000e+00
3.225010377168655396e+02 3.512784504890441895e+02 3.284632265567779541e+02 3.739269161224365234e+02 3.417720651626586914e+02 3.960646820068359375e+02 1.000000000000000000e+00
3.027034604549407959e+02 3.441379451751708984e+02 3.085140681266784668e+02 3.665350341796875000e+02 3.218146972358226776e+02 3.887968826293945312e+02 1.000000000000000000e+00
3.903940153121948242e+02 3.468161344528198242e+02 3.966964435577392578e+02 3.688138532638549805e+02 4.103668880462646484e+02 3.906814956665039062e+02 1.000000000000000000e+00
4.717597389221191406e+02 2.822891271114349365e+02 4.779113769531250000e+02 3.035353088378906250e+02 4.918174552917480469e+02 3.248503732681274414e+02 1.000000000000000000e+00
3.658775043487548828e+02 3.459456539154052734e+02 3.719531583786010742e+02 3.682305049896240234e+02 3.855710744857788086e+02 3.901959371566772461e+02 1.000000000000000000e+00
3.233316954970359802e+02 3.502323389053344727e+02 3.292885744571685791e+02 3.726547050476074219e+02 3.425712895393371582e+02 3.949329614639282227e+02 1.000000000000000000e+00
4.961713027954101562e+02 3.369123888015747070e+02 5.027263259887695312e+02 3.584529805183410645e+02 5.169251823425292969e+02 3.799703121185302734e+02 1.000000000000000000e+00
3.795493459701538086e+02 3.440837788581848145e+02 3.857793283462524414e+02 3.662041425704956055e+02 3.994162893295288086e+02 3.881315088272094727e+02 1.000000000000000000e+00
3.566112971305847168e+02 3.452984690666198730e+02 3.626519155502319336e+02 3.675458478927612305e+02 3.762555551528930664e+02 3.895398616790771484e+02 1.000000000000000000e+00
4.642365169525146484e+02 2.627704793214797974e+02 4.703344440460205078e+02 2.839449191093444824e+02 4.841062355041503906e+02 3.052358150482177734e+02 1.000000000000000000e+00
4.209580707550048828e+02 2.736981832981109619e+02 4.268786621093750000e+02 2.952942824363708496e+02 4.404206848144531250e+02 3.168567252159118652e+02 1.000000000000000000e+00
4.680090045928955078e+02 3.362585520744323730e+02 4.744425678253173828e+02 3.578330755233764648e+02 4.885324096679687500e+02 3.793866920471191406e+02 1.000000000000000000e+00
3.084810793399810791e+02 3.440426659584045410e+02 3.143138426542282104e+02 3.664545106887817383e+02 3.276007997989654541e+02 3.886615991592407227e+02 1.000000000000000000e+00
5.466805458068847656e+02 2.925958585739135742e+02 5.534245681762695312e+02 3.135382747650146484e+02 5.677145957946777344e+02 3.348132991790771484e+02 1.000000000000000000e+00
4.603900432586669922e+02 2.677093219757080078e+02 4.664548969268798828e+02 2.888786351680755615e+02 4.802764320373535156e+02 3.101906490325927734e+02 1.000000000000000000e+00
5.146311759948730469e+02 2.860683310031890869e+02 5.212976074218750000e+02 3.069933199882507324e+02 5.363783073425292969e+02 3.285107445716857910e+02 1.000000000000000000e+00
5.474084472656250000e+02 2.854048168659210205e+02 5.540835571289062500e+02 3.063776922225952148e+02 5.683563804626464844e+02 3.276325106620788574e+02 1.000000000000000000e+00
5.531927490234375000e+02 2.993450975418090820e+02 5.598826408386230469e+02 3.202626371383666992e+02 5.742008018493652344e+02 3.415262818336486816e+02 1.000000000000000000e+00
4.416276550292968750e+02 3.404209041595458984e+02 4.480958557128906250e+02 3.622197961807250977e+02 4.621477699279785156e+02 3.838407039642333984e+02 1.000000000000000000e+00
3.150301817059516907e+02 3.512963318824768066e+02 3.208892822265625000e+02 3.738540172576904297e+02 3.342197263240814209e+02 3.961402416229248047e+02 1.000000000000000000e+00
3.723956298828125000e+02 3.430905818939208984e+02 3.785461759567260742e+02 3.652835798263549805e+02 3.921971130371093750e+02 3.872136354446411133e+02 1.000000000000000000e+00
4.841339683532714844e+02 3.370981478691101074e+02 4.905523681640625000e+02 3.586146926879882812e+02 5.049202919006347656e+02 3.801699972152709961e+02 1.000000000000000000e+00
4.618251037597656250e+02 3.209967684745788574e+02 4.681695270538330078e+02 3.424560928344726562e+02 4.821714210510253906e+02 3.640183210372924805e+02 1.000000000000000000e+00
5.448320388793945312e+02 3.296684646606445312e+02 5.516869544982910156e+02 3.507771062850952148e+02 5.661206054687500000e+02 3.723647260665893555e+02 1.000000000000000000e+00
5.116291618347167969e+02 2.738382267951965332e+02 5.179501342773437500e+02 2.948771989345550537e+02 5.319924926757812500e+02 3.161864376068115234e+02 1.000000000000000000e+00
3.294744569063186646e+02 3.527145123481750488e+02 3.354889833927154541e+02 3.753160142898559570e+02 3.488213801383972168e+02 3.974438238143920898e+02 1.000000000000000000e+00
5.141916465759277344e+02 3.516387104988098145e+02 5.210564041137695312e+02 3.731223249435424805e+02 5.359328079223632812e+02 3.947976207733154297e+02 1.000000000000000000e+00
5.514988517761230469e+02 3.306161856651306152e+02 5.584083938598632812e+02 3.518413424491882324e+02 5.728180503845214844e+02 3.735015964508056641e+02 1.000000000000000000e+00
4.221386432647705078e+02 2.897813451290130615e+02 4.279895687103271484e+02 3.113016700744628906e+02 4.415501117706298828e+02 3.328122282028198242e+02 1.000000000000000000e+00
5.021411132812500000e+02 2.791142892837524414e+02 5.081945228576660156e+02 3.001709604263305664e+02 5.222194290161132812e+02 3.214003372192382812e+02 1.000000000000000000e+00
4.645962810516357422e+02 2.978546798229217529e+02 4.708924865722656250e+02 3.192515015602111816e+02 4.848166465759277344e+02 3.405931735038757324e+02 1.000000000000000000e+00
4.628799438476562500e+02 2.526520085334777832e+02 4.688411903381347656e+02 2.737500929832458496e+02 4.825659561157226562e+02 2.949663734436035156e+02 1.000000000000000000e+00
4.286410522460937500e+02 2.913233363628387451e+02 4.346041870117187500e+02 3.127830576896667480e+02 4.481395626068115234e+02 3.344177269935607910e+02 1.000000000000000000e+00
4.817182922363281250e+02 2.838708829879760742e+02 4.879077529907226562e+02 3.052258944511413574e+02 5.017835807800292969e+02 3.265648269653320312e+02 1.000000000000000000e+00
5.118584251403808594e+02 3.366274738311767578e+02 5.183650016784667969e+02 3.581228971481323242e+02 5.327442741394042969e+02 3.796303510665893555e+02 1.000000000000000000e+00
4.267542171478271484e+02 2.702865314483642578e+02 4.327990436553955078e+02 2.916705036163330078e+02 4.462265300750732422e+02 3.132084989547729492e+02 1.000000000000000000e+00
3.510229802131652832e+02 3.425974774360656738e+02 3.570525813102722168e+02 3.648197364807128906e+02 3.705508756637573242e+02 3.868349361419677734e+02 1.000000000000000000e+00
4.255845928192138672e+02 2.629617619514465332e+02 4.316099262237548828e+02 2.843891608715057373e+02 4.450763607025146484e+02 3.059314942359924316e+02 1.000000000000000000e+00
3.065917360782623291e+02 3.497789669036865234e+02 3.123853147029876709e+02 3.723530673980712891e+02 3.257188719511032104e+02 3.946367025375366211e+02 1.000000000000000000e+00
4.599165630340576172e+02 2.967551314830780029e+02 4.661544799804687500e+02 3.181132578849792480e+02 4.800807571411132812e+02 3.394618248939514160e+02 1.000000000000000000e+00
5.198601150512695312e+02 3.303127813339233398e+02 5.266202354431152344e+02 3.516223168373107910e+02 5.409987258911132812e+02 3.732686233520507812e+02 1.000000000000000000e+00
4.524233722686767578e+02 2.948100614547729492e+02 4.586159420013427734e+02 3.161399245262145996e+02 4.725185871124267578e+02 3.374699163436889648e+02 1.000000000000000000e+00
5.447203445434570312e+02 3.331636977195739746e+02 5.515305137634277344e+02 3.544368338584899902e+02 5.659760856628417969e+02 3.761048698425292969e+02 1.000000000000000000e+00
4.198343563079833984e+02 2.934689962863922119e+02 4.257865619659423828e+02 3.148818397521972656e+02 4.393297481536865234e+02 3.365321373939514160e+02 1.000000000000000000e+00
3.160093992948532104e+02 3.537424063682556152e+02 3.218939208984375000e+02 3.763319778442382812e+02 3.351998901367187500e+02 3.985548734664916992e+02 1.000000000000000000e+00
4.125207233428955078e+02 2.856092548370361328e+02 4.184857463836669922e+02 3.072597670555114746e+02 4.321280860900878906e+02 3.290017747879028320e+02 1.000000000000000000e+00
4.472090148925781250e+02 2.534369972348213196e+02 4.531994915008544922e+02 2.747901642322540283e+02 4.669096660614013672e+02 2.960790431499481201e+02 1.000000000000000000e+00
4.606052589416503906e+02 3.501109957695007324e+02 4.670007324218750000e+02 3.717742109298706055e+02 4.812227439880371094e+02 3.933223628997802734e+02 1.000000000000000000e+00
4.538867855072021484e+02 3.151503968238830566e+02 4.602181148529052734e+02 3.365923833847045898e+02 4.741782569885253906e+02 3.581594324111938477e+02 1.000000000000000000e+00
5.394757652282714844e+02 3.368216586112976074e+02 5.462509727478027344e+02 3.581506705284118652e+02 5.606947708129882812e+02 3.797705698013305664e+02 1.000000000000000000e+00
4.208680725097656250e+02 3.034067130088806152e+02 4.269272804260253906e+02 3.249928951263427734e+02 4.404255676269531250e+02 3.465766668319702148e+02 1.000000000000000000e+00
4.078747272491455078e+02 3.440134334564208984e+02 4.143154335021972656e+02 3.657971191406250000e+02 4.279667949676513672e+02 3.876495122909545898e+02 1.000000000000000000e+00
4.165292644500732422e+02 3.596926975250244141e+02 4.238138484954833984e+02 3.816914176940917969e+02 4.383989906311035156e+02 4.036704254150390625e+02 1.000000000000000000e+00
1.723009014129638672e+02 2.912044107913970947e+02 1.809287357330322266e+02 3.147147560119628906e+02 1.970906543731689453e+02 3.378504109382629395e+02 2.000000000000000000e+00
1.811499023437500000e+02 2.852796363830566406e+02 1.896923923492431641e+02 3.087384653091430664e+02 2.058862113952636719e+02 3.318665814399719238e+02 2.000000000000000000e+00
1.734114837646484375e+02 2.682346504926681519e+02 1.818922424316406250e+02 2.917064845561981201e+02 1.980931091308593750e+02 3.148435378074645996e+02 2.000000000000000000e+00
1.876484775543212891e+02 2.712933683395385742e+02 1.961107444763183594e+02 2.947034633159637451e+02 2.123492908477783203e+02 3.178189158439636230e+02 2.000000000000000000e+00
1.815573692321777344e+02 2.622362369298934937e+02 1.900111675262451172e+02 2.857079172134399414e+02 2.062023258209228516e+02 3.088322496414184570e+02 2.000000000000000000e+00
1.755959415435791016e+02 2.572012943029403687e+02 1.840105438232421875e+02 2.806965351104736328e+02 2.001584339141845703e+02 3.038169264793395996e+02 2.000000000000000000e+00
2.025915813446044922e+02 3.098042964935302734e+02 2.112117862701416016e+02 3.332153964042663574e+02 2.275961303710937500e+02 3.562814712524414062e+02 2.000000000000000000e+00
1.865374088287353516e+02 2.793039250373840332e+02 1.950933074951171875e+02 3.027348947525024414e+02 2.113388633728027344e+02 3.258707642555236816e+02 2.000000000000000000e+00
1.402697181701660156e+02 3.462118864059448242e+02 1.491431999206542969e+02 3.699894189834594727e+02 1.655971240997314453e+02 3.933912992477416992e+02 2.000000000000000000e+00
1.442857170104980469e+02 3.512067031860351562e+02 1.531239509582519531e+02 3.749873971939086914e+02 1.696542835235595703e+02 3.983663749694824219e+02 2.000000000000000000e+00
1.732849407196044922e+02 3.302432298660278320e+02 1.819274997711181641e+02 3.537615108489990234e+02 1.984636688232421875e+02 3.769977521896362305e+02 2.000000000000000000e+00
1.431662178039550781e+02 2.701638793945312500e+02 1.516448974609375000e+02 2.939405536651611328e+02 1.678768253326416016e+02 3.172785973548889160e+02 2.000000000000000000e+00
1.251175498962402344e+02 2.832029449939727783e+02 1.336133003234863281e+02 3.070637869834899902e+02 1.499955940246582031e+02 3.304711675643920898e+02 2.000000000000000000e+00
1.732603549957275391e+02 3.181521034240722656e+02 1.818829631805419922e+02 3.416240930557250977e+02 1.984018421173095703e+02 3.648613071441650391e+02 2.000000000000000000e+00
1.401142311096191406e+02 3.061517643928527832e+02 1.487902069091796875e+02 3.298464131355285645e+02 1.651422882080078125e+02 3.532836699485778809e+02 2.000000000000000000e+00
4.745056152343750000e+02 3.804035997390747070e+02 4.836236572265625000e+02 4.022469520568847656e+02 5.003227233886718750e+02 4.242952108383178711e+02 2.000000000000000000e+00
1.311774063110351562e+02 2.831645536422729492e+02 1.396721076965332031e+02 3.069899010658264160e+02 1.560320663452148438e+02 3.303891062736511230e+02 2.000000000000000000e+00
4.815578651428222656e+02 3.794286632537841797e+02 4.906820487976074219e+02 4.012362384796142578e+02 5.073547172546386719e+02 4.232527256011962891e+02 2.000000000000000000e+00
1.826181888580322266e+02 2.542305609583854675e+02 1.910135173797607422e+02 2.777123129367828369e+02 2.071689414978027344e+02 3.008192753791809082e+02 2.000000000000000000e+00
1.402719306945800781e+02 3.262687397003173828e+02 1.490815353393554688e+02 3.499888372421264648e+02 1.654396057128906250e+02 3.733844375610351562e+02 2.000000000000000000e+00
1.333297729492187500e+02 3.241974234580993652e+02 1.420482063293457031e+02 3.479476046562194824e+02 1.584497261047363281e+02 3.713591051101684570e+02 2.000000000000000000e+00
1.149859809875488281e+02 2.680231028795242310e+02 1.234914207458496094e+02 2.919115018844604492e+02 1.397510910034179688e+02 3.154089403152465820e+02 2.000000000000000000e+00
4.914642333984375000e+02 3.795180988311767578e+02 5.005741310119628906e+02 4.011802768707275391e+02 5.172637367248535156e+02 4.231974220275878906e+02 2.000000000000000000e+00
1.271555137634277344e+02 2.901716029644012451e+02 1.356497764587402344e+02 3.140388536453247070e+02 1.520576667785644531e+02 3.374477291107177734e+02 2.000000000000000000e+00
4.548174476623535156e+02 3.768568754196166992e+02 4.638164043426513672e+02 3.987691068649291992e+02 4.805281066894531250e+02 4.210135030746459961e+02 2.000000000000000000e+00
1.180946922302246094e+02 2.740891134738922119e+02 1.265455245971679688e+02 2.979480028152465820e+02 1.428825950622558594e+02 3.214206290245056152e+02 2.000000000000000000e+00
2.085903453826904297e+02 3.691678476333618164e+02 2.176313304901123047e+02 3.925803852081298828e+02 2.342178058624267578e+02 4.156330060958862305e+02 2.000000000000000000e+00
1.965224266052246094e+02 3.096432852745056152e+02 2.051179790496826172e+02 3.330998897552490234e+02 2.215040302276611328e+02 3.561777734756469727e+02 2.000000000000000000e+00
1.860115337371826172e+02 2.911674213409423828e+02 1.945696735382080078e+02 3.146117877960205078e+02 2.107983970642089844e+02 3.377359056472778320e+02 2.000000000000000000e+00
1.174633789062500000e+02 3.020956420898437500e+02 1.260752677917480469e+02 3.259400081634521484e+02 1.425235939025878906e+02 3.494326257705688477e+02 2.000000000000000000e+00
1.319218826293945312e+02 2.601401674747467041e+02 1.403285026550292969e+02 2.839498329162597656e+02 1.565179824829101562e+02 3.073247122764587402e+02 2.000000000000000000e+00
1.916303348541259766e+02 3.302975535392761230e+02 2.004160404205322266e+02 3.537679839134216309e+02 2.168004322052001953e+02 3.769168424606323242e+02 2.000000000000000000e+00
1.967345237731933594e+02 2.752270531654357910e+02 2.051900959014892578e+02 2.986112380027770996e+02 2.215373325347900391e+02 3.217256784439086914e+02 2.000000000000000000e+00
1.422295188903808594e+02 3.203029203414916992e+02 1.509531402587890625e+02 3.439648461341857910e+02 1.673509502410888672e+02 3.673476076126098633e+02 2.000000000000000000e+00
1.412032127380371094e+02 2.530446016788482666e+02 1.492577934265136719e+02 2.767145705223083496e+02 1.652463340759277344e+02 3.000676918029785156e+02 2.000000000000000000e+00
1.214956092834472656e+02 2.569931352138519287e+02 1.298408317565917969e+02 2.808385634422302246e+02 1.460619354248046875e+02 3.042749691009521484e+02 2.000000000000000000e+00
4.594308185577392578e+02 3.713268756866455078e+02 4.682785987854003906e+02 3.930602502822875977e+02 4.848739624023437500e+02 4.152238512039184570e+02 2.000000000000000000e+00
4.962251281738281250e+02 3.838161706924438477e+02 5.053958129882812500e+02 4.054957294464111328e+02 5.221473503112792969e+02 4.275058650970458984e+02 2.000000000000000000e+00
1.132800292968750000e+02 2.478279876708984375e+02 1.216426658630371094e+02 2.717864084243774414e+02 1.377653884887695312e+02 2.953080475330352783e+02 2.000000000000000000e+00
1.200127601623535156e+02 3.322037386894226074e+02 1.287292098999023438e+02 3.560306739807128906e+02 1.452319908142089844e+02 3.794766283035278320e+02 2.000000000000000000e+00
1.271265602111816406e+02 3.383222436904907227e+02 1.357894515991210938e+02 3.622104835510253906e+02 1.523747253417968750e+02 3.855732822418212891e+02 2.000000000000000000e+00
1.880025577545166016e+02 3.102954125404357910e+02 1.966151142120361328e+02 3.337564444541931152e+02 2.129806327819824219e+02 3.568945670127868652e+02 2.000000000000000000e+00
1.451532554626464844e+02 3.122247362136840820e+02 1.538530921936035156e+02 3.358810472488403320e+02 1.702158164978027344e+02 3.592943501472473145e+02 2.000000000000000000e+00
1.301214218139648438e+02 2.491870728135108948e+02 1.382198905944824219e+02 2.729006373882293701e+02 1.542140960693359375e+02 2.962889742851257324e+02 2.000000000000000000e+00
1.150526046752929688e+02 2.810940563678741455e+02 1.235676002502441406e+02 3.049671077728271484e+02 1.399086952209472656e+02 3.284337544441223145e+02 2.000000000000000000e+00
1.333430671691894531e+02 3.161524057388305664e+02 1.419425010681152344e+02 3.398976802825927734e+02 1.583538055419921875e+02 3.633447647094726562e+02 2.000000000000000000e+00
1.372613716125488281e+02 3.352185416221618652e+02 1.461411094665527344e+02 3.590056514739990234e+02 1.625118732452392578e+02 3.824372005462646484e+02 2.000000000000000000e+00
1.804612064361572266e+02 3.393803429603576660e+02 1.892023944854736328e+02 3.628773021697998047e+02 2.056334686279296875e+02 3.860760211944580078e+02 2.000000000000000000e+00
1.440936470031738281e+02 2.811384916305541992e+02 1.526195716857910156e+02 3.048526668548583984e+02 1.689216899871826172e+02 3.282567787170410156e+02 2.000000000000000000e+00
3.110093075037002563e+02 3.719855690002441406e+02 3.199572448711842299e+02 3.947377967834472656e+02 3.366642153263092041e+02 4.173184347152709961e+02 2.000000000000000000e+00
1.859253787994384766e+02 3.208410716056823730e+02 1.945443725585937500e+02 3.443631935119628906e+02 2.110404682159423828e+02 3.674998283386230469e+02 2.000000000000000000e+00
1.876305484771728516e+02 2.642845773696899414e+02 1.960299205780029297e+02 2.877113056182861328e+02 2.123120689392089844e+02 3.108183646202087402e+02 2.000000000000000000e+00
2.959804677963256836e+02 3.747130250930786133e+02 3.049112546443939209e+02 3.975800514221191406e+02 3.215356139838695526e+02 4.203740644454956055e+02 2.000000000000000000e+00
4.845564079284667969e+02 3.701904630661010742e+02 4.935576820373535156e+02 3.917529630661010742e+02 5.102186012268066406e+02 4.135473346710205078e+02 2.000000000000000000e+00
1.722499561309814453e+02 3.111468529701232910e+02 1.808850383758544922e+02 3.346160960197448730e+02 1.973406314849853516e+02 3.578547120094299316e+02 2.000000000000000000e+00
4.715354919433593750e+02 3.712705993652343750e+02 4.802881431579589844e+02 3.930014991760253906e+02 4.966831016540527344e+02 4.148425626754760742e+02 2.000000000000000000e+00
1.940953063964843750e+02 2.993744230270385742e+02 2.026461315155029297e+02 3.227693510055541992e+02 2.189815044403076172e+02 3.458393025398254395e+02 2.000000000000000000e+00
3.469481205940246582e+02 3.803257513046264648e+02 3.560086059570312500e+02 4.027717351913452148e+02 3.726674222946166992e+02 4.255084276199340820e+02 2.000000000000000000e+00
1.459341621398925781e+02 3.715668439865112305e+02 1.548860549926757812e+02 3.952948093414306641e+02 1.716692161560058594e+02 4.187902307510375977e+02 2.000000000000000000e+00
1.965377521514892578e+02 2.872452735900878906e+02 2.050725078582763672e+02 3.106223201751708984e+02 2.213730716705322266e+02 3.337236714363098145e+02 2.000000000000000000e+00
2.809435415267944336e+02 3.783579826354980469e+02 2.898171067237854004e+02 4.012890672683715820e+02 3.064489746093750000e+02 4.240835380554199219e+02 2.000000000000000000e+00
2.749009990692138672e+02 3.774671030044555664e+02 2.838338613510131836e+02 4.004775810241699219e+02 3.004867243766784668e+02 4.232121706008911133e+02 2.000000000000000000e+00
1.730510044097900391e+02 3.572940444946289062e+02 1.819694232940673828e+02 3.808349132537841797e+02 1.985133934020996094e+02 4.041082477569580078e+02 2.000000000000000000e+00
1.722761821746826172e+02 3.443329238891601562e+02 1.811096191406250000e+02 3.678417062759399414e+02 1.975534057617187500e+02 3.910431289672851562e+02 2.000000000000000000e+00
1.439896774291992188e+02 2.982111847400665283e+02 1.527349853515625000e+02 3.218586158752441406e+02 1.690842437744140625e+02 3.452765536308288574e+02 2.000000000000000000e+00
1.251073646545410156e+02 2.751918661594390869e+02 1.335783767700195312e+02 2.990406525135040283e+02 1.499735069274902344e+02 3.224661612510681152e+02 2.000000000000000000e+00
1.730737113952636719e+02 3.694212770462036133e+02 1.820701694488525391e+02 3.929527616500854492e+02 1.986380481719970703e+02 4.162759494781494141e+02 2.000000000000000000e+00
3.219034729897975922e+02 3.710197162628173828e+02 3.308398139476776123e+02 3.937893819808959961e+02 3.472941589355468750e+02 4.162695980072021484e+02 2.000000000000000000e+00
1.381381416320800781e+02 2.842058444023132324e+02 1.466652679443359375e+02 3.079906010627746582e+02 1.630104923248291016e+02 3.313707661628723145e+02 2.000000000000000000e+00
1.912385082244873047e+02 3.151191473007202148e+02 1.998638153076171875e+02 3.385612249374389648e+02 2.162834644317626953e+02 3.616511249542236328e+02 2.000000000000000000e+00
1.403914070129394531e+02 2.641332417726516724e+02 1.488284492492675781e+02 2.878923976421356201e+02 1.650433158874511719e+02 3.112590980529785156e+02 2.000000000000000000e+00
1.895847320556640625e+02 3.383775043487548828e+02 1.984263610839843750e+02 3.618273067474365234e+02 2.147709465026855469e+02 3.849962854385375977e+02 2.000000000000000000e+00
3.578352046012878418e+02 3.742668199539184570e+02 3.668667936325073242e+02 3.966977262496948242e+02 3.835072946548461914e+02 4.191622781753540039e+02 2.000000000000000000e+00
1.793904685974121094e+02 3.241331219673156738e+02 1.880417442321777344e+02 3.476265907287597656e+02 2.045557975769042969e+02 3.708099746704101562e+02 2.000000000000000000e+00
1.151352310180664062e+02 2.901477384567260742e+02 1.236319541931152344e+02 3.140355849266052246e+02 1.400885200500488281e+02 3.374988484382629395e+02 2.000000000000000000e+00
1.332094764709472656e+02 2.761724245548248291e+02 1.417000961303710938e+02 2.999860274791717529e+02 1.580712509155273438e+02 3.233702731132507324e+02 2.000000000000000000e+00
2.135463714599609375e+02 3.734632015228271484e+02 2.225933647155761719e+02 3.968442821502685547e+02 2.392053794860839844e+02 4.199378728866577148e+02 2.000000000000000000e+00
1.310553169250488281e+02 3.732326459884643555e+02 1.400102615356445312e+02 3.970359277725219727e+02 1.566071510314941406e+02 4.205262565612792969e+02 2.000000000000000000e+00
1.241065788269042969e+02 2.680584722757339478e+02 1.325582695007324219e+02 2.919053077697753906e+02 1.488800239562988281e+02 3.153406691551208496e+02 2.000000000000000000e+00
1.323477745056152344e+02 3.523740577697753906e+02 1.411804580688476562e+02 3.761928749084472656e+02 1.576315307617187500e+02 3.995868301391601562e+02 2.000000000000000000e+00
1.894915485382080078e+02 2.863698148727416992e+02 1.980604267120361328e+02 3.097679758071899414e+02 2.142961215972900391e+02 3.329011273384094238e+02 2.000000000000000000e+00
1.795472240447998047e+02 2.712752079963684082e+02 1.880305004119873047e+02 2.947255289554595947e+02 2.042376708984375000e+02 3.178498864173889160e+02 2.000000000000000000e+00
3.028951418399810791e+02 3.773334074020385742e+02 3.119062191247940063e+02 4.002147245407104492e+02 3.285925292968750000e+02 4.229428768157958984e+02 2.000000000000000000e+00
