1.431141507625579834e+02 7.335269093513488770e+01 1.350988602638244629e+02 7.278060078620910645e+01 1.270276713371276855e+02 7.246706843376159668e+01 1.000000000000000000e+00
1.656429749727249146e+02 7.351313710212707520e+01 1.573572081327438354e+02 7.298887252807617188e+01 1.489920198917388916e+02 7.262430310249328613e+01 1.000000000000000000e+00
1.206579136848449707e+02 7.839097380638122559e+01 1.139118814468383789e+02 7.792066097259521484e+01 1.063969039916992188e+02 7.784528732299804688e+01 1.000000000000000000e+00
1.974111032485961914e+02 7.323649406433105469e+01 1.887083435058593750e+02 7.266428232192993164e+01 1.797090613842010498e+02 7.235089659690856934e+01 1.000000000000000000e+00
1.523948818445205688e+02 8.633958220481872559e+01 1.442521822452545166e+02 8.562843918800354004e+01 1.364690995216369629e+02 8.548563122749328613e+01 1.000000000000000000e+00
2.101004028320312500e+02 8.135617017745971680e+01 2.012752676010131836e+02 8.068123340606689453e+01 1.921541285514831543e+02 8.018401265144348145e+01 1.000000000000000000e+00
1.573600462079048157e+02 6.668694734573364258e+01 1.492445063591003418e+02 6.620836257934570312e+01 1.409594416618347168e+02 6.585850954055786133e+01 1.000000000000000000e+00
1.478278505802154541e+02 6.462447881698608398e+01 1.399831533432006836e+02 6.418205738067626953e+01 1.319270634651184082e+02 6.382342100143432617e+01 1.000000000000000000e+00
1.548431700468063354e+02 7.641612052917480469e+01 1.467703092098236084e+02 7.579324722290039062e+01 1.386014246940612793e+02 7.548445701599121094e+01 1.000000000000000000e+00
1.966199183464050293e+02 8.334325075149536133e+01 1.878924250602722168e+02 8.269594430923461914e+01 1.788358914852142334e+02 8.214195728302001953e+01 1.000000000000000000e+00
1.851813054084777832e+02 6.851381421089172363e+01 1.765333259105682373e+02 6.803582668304443359e+01 1.675497436523437500e+02 6.766963720321655273e+01 1.000000000000000000e+00
1.722525024414062500e+02 7.984309315681457520e+01 1.638327333331108093e+02 7.925975561141967773e+01 1.553310242295265198e+02 7.878201127052307129e+01 1.000000000000000000e+00
1.746609961986541748e+02 7.256890654563903809e+01 1.662496644258499146e+02 7.207822322845458984e+01 1.577039183676242828e+02 7.170657992362976074e+01 1.000000000000000000e+00
1.899101114273071289e+02 8.336512684822082520e+01 1.811634373664855957e+02 8.270001769065856934e+01 1.722131347656250000e+02 8.215194582939147949e+01 1.000000000000000000e+00
1.840124201774597168e+02 7.148434281349182129e+01 1.753758084774017334e+02 7.098278403282165527e+01 1.664097136259078979e+02 7.062489151954650879e+01 1.000000000000000000e+00
1.539030152559280396e+02 6.664816617965698242e+01 1.458719027042388916e+02 6.615801572799682617e+01 1.376801133155822754e+02 6.580929279327392578e+01 1.000000000000000000e+00
1.741259002685546875e+02 8.177998781204223633e+01 1.657016450166702271e+02 8.119544863700866699e+01 1.572852173447608948e+02 8.066391706466674805e+01 1.000000000000000000e+00
1.863023543357849121e+02 7.246025562286376953e+01 1.776400601863861084e+02 7.196170449256896973e+01 1.686970978975296021e+02 7.157710075378417969e+01 1.000000000000000000e+00
1.249038910865783691e+02 7.546908259391784668e+01 1.177713680267333984e+02 7.487874269485473633e+01 1.100197362899780273e+02 7.477856040000915527e+01 1.000000000000000000e+00
1.018487834930419922e+02 1.107257232069969177e+02 1.126105546951293945e+02 1.127416835725307465e+02 1.240187907218933105e+02 1.151779630780220032e+02 2.000000000000000000e+00
8.356898307800292969e+01 1.081622385978698730e+02 9.350128173828125000e+01 1.100386959314346313e+02 1.038223266601562500e+02 1.123233488202095032e+02 2.000000000000000000e+00
1.257703161239624023e+02 1.199010848952457309e+02 1.372689652442932129e+02 1.221610412746667862e+02 1.491103363037109375e+02 1.246457827091217041e+02 2.000000000000000000e+00
1.333170771598815918e+02 1.111610332131385803e+02 1.448653864860534668e+02 1.132497020065784454e+02 1.569034576416015625e+02 1.155318675935268402e+02 2.000000000000000000e+00
1.434839165210723877e+02 1.178435667604207993e+02 1.551047667860984802e+02 1.198956527654081583e+02 1.670777893066406250e+02 1.223076172918081284e+02 2.000000000000000000e+00
1.135013818740844727e+02 1.179201125353574753e+02 1.246250534057617188e+02 1.201356353843584657e+02 1.363876175880432129e+02 1.226179506629705429e+02 2.000000000000000000e+00
7.203156471252441406e+01 9.841593146324157715e+01 8.135635852813720703e+01 9.991159737110137939e+01 9.092575550079345703e+01 1.018322664499282837e+02 2.000000000000000000e+00
4.189137458801269531e+01 9.238248288631439209e+01 5.010218620300292969e+01 9.393836796283721924e+01 5.851505279541015625e+01 9.604636967182159424e+01 2.000000000000000000e+00
5.034951210021972656e+01 8.916637301445007324e+01 5.861340522766113281e+01 9.056722104549407959e+01 6.717023849487304688e+01 9.249851167201995850e+01 2.000000000000000000e+00
6.675929069519042969e+01 8.732507944107055664e+01 7.544255256652832031e+01 8.866694569587707520e+01 8.436864376068115234e+01 9.025118172168731689e+01 2.000000000000000000e+00
6.054916381835937500e+01 9.418405830860137939e+01 6.925455093383789062e+01 9.563632786273956299e+01 7.817067146301269531e+01 9.755584537982940674e+01 2.000000000000000000e+00
4.444614410400390625e+01 1.055964428186416626e+02 5.258180618286132812e+01 1.072579801082611084e+02 6.104119300842285156e+01 1.094063258171081543e+02 2.000000000000000000e+00
4.443968772888183594e+01 1.226905518025159836e+02 5.260872840881347656e+01 1.248501129448413849e+02 6.125819206237792969e+01 1.276073536276817322e+02 2.000000000000000000e+00
7.835637092590332031e+01 1.249928288161754608e+02 8.887973785400390625e+01 1.273994985222816467e+02 9.951631069183349609e+01 1.301889654994010925e+02 2.000000000000000000e+00
1.299992513656616211e+02 1.271303410828113556e+02 1.415610659122467041e+02 1.294195863604545593e+02 1.536233669519424438e+02 1.319797065854072571e+02 2.000000000000000000e+00
7.501614570617675781e+01 1.155835188925266266e+02 8.495731830596923828e+01 1.175765988975763321e+02 9.518431186676025391e+01 1.199633407581131905e+02 2.000000000000000000e+00
1.226751708984375000e+02 1.002413463592529297e+02 1.341109609603881836e+02 1.022052294015884399e+02 1.457408905029296875e+02 1.043646454811096191e+02 2.000000000000000000e+00
1.393675231933593750e+02 1.304530343413352966e+02 1.510424953699111938e+02 1.328781893849372864e+02 1.631349182128906250e+02 1.356478428840637207e+02 2.000000000000000000e+00
1.216369843482971191e+02 1.100616833567619324e+02 1.331272435188293457e+02 1.121578592061996460e+02 1.449299776554107666e+02 1.144967798888683319e+02 2.000000000000000000e+00
8.668505191802978516e+01 8.738085150718688965e+01 9.561043262481689453e+01 8.871121644973754883e+01 1.049432754516601562e+02 9.088454961776733398e+01 2.000000000000000000e+00
1.114296340942382812e+02 9.812341153621673584e+01 1.224872660636901855e+02 1.000830978155136108e+02 1.338754272460937500e+02 1.022727191448211670e+02 2.000000000000000000e+00
5.418091773986816406e+01 8.699766397476196289e+01 6.235072135925292969e+01 8.846865534782409668e+01 7.075473785400390625e+01 9.023888289928436279e+01 2.000000000000000000e+00
5.064536094665527344e+01 9.624456703662872314e+01 5.892682075500488281e+01 9.778040885925292969e+01 6.746476173400878906e+01 9.985882401466369629e+01 2.000000000000000000e+00
5.840354919433593750e+01 9.549828171730041504e+01 6.701096534729003906e+01 9.700386643409729004e+01 7.576706886291503906e+01 9.892019569873809814e+01 2.000000000000000000e+00
1.234390187263488770e+02 1.271862950921058655e+02 1.348685145378112793e+02 1.294720923900604248e+02 1.467523491382598877e+02 1.320610508322715759e+02 2.000000000000000000e+00
1.215943670272827148e+02 1.132956920564174652e+02 1.330549764633178711e+02 1.153970561921596527e+02 1.448044586181640625e+02 1.177991484850645065e+02 2.000000000000000000e+00
1.172021102905273438e+02 8.671602487564086914e+01 1.264800477027893066e+02 8.826662421226501465e+01 1.359811544418334961e+02 8.974297285079956055e+01 2.000000000000000000e+00
1.332477116584777832e+02 1.080511701107025146e+02 1.447863614559173584e+02 1.101130592823028564e+02 1.568302154541015625e+02 1.124235990643501282e+02 2.000000000000000000e+00
1.350696253776550293e+02 1.022942876815795898e+02 1.465185081958770752e+02 1.041708755493164062e+02 1.584111328423023224e+02 1.063265293836593628e+02 2.000000000000000000e+00
