2.531261348724365234e+02 1.140418544411659241e+02 2.502438545227050781e+02 1.126184003055095673e+02 2.472704982757568359e+02 1.116484066843986511e+02 1.000000000000000000e+00
2.523700141906738281e+02 1.002045053243637085e+02 2.495218658447265625e+02 9.884211659431457520e+01 2.465931224822998047e+02 9.801248788833618164e+01 1.000000000000000000e+00
2.456103706359863281e+02 1.106696543097496033e+02 2.429003334045410156e+02 1.092760688066482544e+02 2.402149486541748047e+02 1.083033138513565063e+02 1.000000000000000000e+00
2.369720602035522461e+02 9.960948050022125244e+01 2.345142841339111328e+02 9.827315390110015869e+01 2.319751882553100586e+02 9.738718271255493164e+01 1.000000000000000000e+00
2.580446815490722656e+02 1.091599264740943909e+02 2.550656318664550781e+02 1.076946482062339783e+02 2.520299053192138672e+02 1.066879874467849731e+02 1.000000000000000000e+00
2.344368124008178711e+02 1.185114058479666710e+02 2.325666189193725586e+02 1.171979445219039917e+02 2.303995513916015625e+02 1.163774717599153519e+02 1.000000000000000000e+00
2.806726074218750000e+02 1.212191544100642204e+02 2.769974708557128906e+02 1.197191848699003458e+02 2.733488464355468750e+02 1.186693572252988815e+02 1.000000000000000000e+00
2.731668090820312500e+02 1.082369908690452576e+02 2.697229003906250000e+02 1.067722615599632263e+02 2.663081359863281250e+02 1.057510900497436523e+02 1.000000000000000000e+00
2.599622535705566406e+02 9.534661710262298584e+01 2.569973754882812500e+02 9.407157003879547119e+01 2.539273738861083984e+02 9.332329452037811279e+01 1.000000000000000000e+00
2.662981891632080078e+02 1.211479950696229935e+02 2.630377197265625000e+02 1.196645202487707138e+02 2.596532344818115234e+02 1.186014327406883240e+02 1.000000000000000000e+00
2.431032562255859375e+02 9.879925489425659180e+01 2.404702663421630859e+02 9.747417390346527100e+01 2.378383493423461914e+02 9.656942546367645264e+01 1.000000000000000000e+00
2.500852870941162109e+02 1.218309708684682846e+02 2.472235870361328125e+02 1.204487381223589182e+02 2.442582416534423828e+02 1.194467925466597080e+02 1.000000000000000000e+00
2.668077087402343750e+02 1.062744435667991638e+02 2.637380695343017578e+02 1.048435503244400024e+02 2.605785560607910156e+02 1.039100110530853271e+02 1.000000000000000000e+00
2.600794124603271484e+02 1.022910368442535400e+02 2.571206951141357422e+02 1.009145414829254150e+02 2.540700244903564453e+02 1.000577151775360107e+02 1.000000000000000000e+00
2.579225444793701172e+02 1.211047210916876793e+02 2.549332904815673828e+02 1.196381606999784708e+02 2.518311500549316406e+02 1.186129759624600410e+02 1.000000000000000000e+00
2.446994781494140625e+02 1.126775966584682465e+02 2.421397876739501953e+02 1.113054728507995605e+02 2.394652557373046875e+02 1.103444516658782959e+02 1.000000000000000000e+00
2.609902954101562500e+02 1.052910456061363220e+02 2.579852294921875000e+02 1.038854134082794189e+02 2.548992061614990234e+02 1.029778504371643066e+02 1.000000000000000000e+00
2.403636169433593750e+02 1.026762002706527710e+02 2.378766489028930664e+02 1.013702613115310669e+02 2.353222227096557617e+02 1.004547268152236938e+02 1.000000000000000000e+00
2.608034706115722656e+02 1.131941829621791840e+02 2.577768898010253906e+02 1.117447659373283386e+02 2.546663379669189453e+02 1.107461160421371460e+02 1.000000000000000000e+00
2.656865596771240234e+02 9.538945555686950684e+01 2.626184082031250000e+02 9.412766933441162109e+01 2.595361328125000000e+02 9.336531758308410645e+01 1.000000000000000000e+00
2.446310710906982422e+02 1.156842344999313354e+02 2.421323394775390625e+02 1.143274229764938354e+02 2.394969511032104492e+02 1.133867490291595459e+02 1.000000000000000000e+00
2.465565204620361328e+02 1.028965294361114502e+02 2.437495613098144531e+02 1.015425413846969604e+02 2.409898567199707031e+02 1.006234037876129150e+02 1.000000000000000000e+00
6.363278388977050781e+01 6.492722153663635254e+01 6.724804878234863281e+01 6.445110797882080078e+01 7.025250434875488281e+01 6.452385306358337402e+01 2.000000000000000000e+00
2.355915546417236328e+02 1.810685133934020996e+02 2.392658376693725586e+02 1.804112577438354492e+02 2.423479652404785156e+02 1.803038334846496582e+02 2.000000000000000000e+00
1.984634399414062500e+02 7.003435850143432617e+01 2.020227384567260742e+02 6.941464662551879883e+01 2.049583578109741211e+02 6.935524463653564453e+01 2.000000000000000000e+00
1.554736328125000000e+02 6.295280814170837402e+01 1.590821380168199539e+02 6.241645216941833496e+01 1.618910370767116547e+02 6.239228367805480957e+01 2.000000000000000000e+00
5.562393188476562500e+01 6.494701981544494629e+01 5.926595687866210938e+01 6.444465279579162598e+01 6.224947929382324219e+01 6.452180027961730957e+01 2.000000000000000000e+00
2.536248779296875000e+02 1.830654501914978027e+02 2.571074199676513672e+02 1.823928093910217285e+02 2.602848529815673828e+02 1.822861790657043457e+02 2.000000000000000000e+00
8.462357997894287109e+01 2.993997573852539062e+01 8.820545196533203125e+01 2.946380853652954102e+01 9.108019828796386719e+01 2.954509019851684570e+01 2.000000000000000000e+00
4.461025238037109375e+01 5.697508335113525391e+01 4.828698158264160156e+01 5.644499301910400391e+01 5.124384880065917969e+01 5.652195453643798828e+01 2.000000000000000000e+00
2.375308704376220703e+02 6.696551084518432617e+01 2.410424232482910156e+02 6.637365460395812988e+01 2.439989376068115234e+02 6.623666882514953613e+01 2.000000000000000000e+00
2.014996337890625000e+02 4.695884227752685547e+01 2.049966144561767578e+02 4.634581089019775391e+01 2.079697275161743164e+02 4.625493049621582031e+01 2.000000000000000000e+00
5.762447357177734375e+01 3.495651483535766602e+01 6.125535964965820312e+01 3.444364070892333984e+01 6.421988487243652344e+01 3.454516410827636719e+01 2.000000000000000000e+00
1.744295966625213623e+02 8.403607606887817383e+01 1.780025327205657959e+02 8.343953490257263184e+01 1.808996129035949707e+02 8.337740063667297363e+01 2.000000000000000000e+00
2.294676828384399414e+02 7.600970149040222168e+01 2.329513263702392578e+02 7.532206535339355469e+01 2.359077167510986328e+02 7.496161580085754395e+01 2.000000000000000000e+00
1.764351963996887207e+02 6.701698064804077148e+01 1.800573897361755371e+02 6.644102096557617188e+01 1.829146122932434082e+02 6.641164183616638184e+01 2.000000000000000000e+00
2.145365619659423828e+02 2.290963411331176758e+01 2.180613422393798828e+02 2.231012105941772461e+01 2.209455728530883789e+02 2.219492912292480469e+01 2.000000000000000000e+00
2.745764446258544922e+02 2.093311786651611328e+01 2.782376384735107422e+02 2.016916036605834961e+01 2.811375713348388672e+02 1.997071266174316406e+01 2.000000000000000000e+00
1.844615340232849121e+02 7.102633237838745117e+01 1.880442500114440918e+02 7.042628288269042969e+01 1.909529733657836914e+02 7.038489103317260742e+01 2.000000000000000000e+00
8.857465267181396484e+01 4.798249483108520508e+01 9.214191436767578125e+01 4.744189739227294922e+01 9.502693176269531250e+01 4.751200675964355469e+01 2.000000000000000000e+00
2.054812192916870117e+02 6.300312638282775879e+01 2.090132284164428711e+02 6.241286158561706543e+01 2.119812774658203125e+02 6.232761740684509277e+01 2.000000000000000000e+00
8.859384059906005859e+01 3.694998979568481445e+01 9.217094898223876953e+01 3.645027637481689453e+01 9.504058837890625000e+01 3.652830362319946289e+01 2.000000000000000000e+00
5.064476966857910156e+01 2.897394418716430664e+01 5.428244590759277344e+01 2.845326662063598633e+01 5.723946571350097656e+01 2.857322931289672852e+01 2.000000000000000000e+00
3.071345329284667969e+01 2.202755928039550781e+01 3.434111595153808594e+01 2.151071548461914062e+01 3.734986305236816406e+01 2.167530298233032227e+01 2.000000000000000000e+00
2.275471496582031250e+02 2.090037345886230469e+01 2.310893106460571289e+02 2.032697439193725586e+01 2.339598846435546875e+02 2.017929553985595703e+01 2.000000000000000000e+00
2.025090503692626953e+02 2.892523527145385742e+01 2.060091400146484375e+02 2.829763412475585938e+01 2.089379739761352539e+02 2.817071199417114258e+01 2.000000000000000000e+00
2.305277872085571289e+02 3.691248178482055664e+01 2.340296030044555664e+02 3.632631540298461914e+01 2.369578123092651367e+02 3.620054483413696289e+01 2.000000000000000000e+00
1.334674978256225586e+02 6.696252822875976562e+01 1.369546198844909668e+02 6.639914274215698242e+01 1.398853611946105957e+02 6.640960335731506348e+01 2.000000000000000000e+00
7.565098762512207031e+01 1.894655942916870117e+01 7.923499107360839844e+01 1.846525669097900391e+01 8.213318347930908203e+01 1.855736732482910156e+01 2.000000000000000000e+00
5.966256141662597656e+01 9.985599517822265625e+00 6.327485084533691406e+01 9.472303390502929688e+00 6.622109413146972656e+01 9.569177627563476562e+00 2.000000000000000000e+00
6.660717964172363281e+01 4.495610475540161133e+01 7.025846481323242188e+01 4.444510459899902344e+01 7.321229934692382812e+01 4.453787326812744141e+01 2.000000000000000000e+00
1.065462875366210938e+02 5.498745203018188477e+01 1.100899267196655273e+02 5.443808555603027344e+01 1.129770326614379883e+02 5.446575164794921875e+01 2.000000000000000000e+00
1.569931030273437500e+01 5.891641616821289062e+01 1.939217567443847656e+01 5.849512338638305664e+01 2.243031501770019531e+01 5.863838195800781250e+01 2.000000000000000000e+00
8.263533115386962891e+01 1.893872737884521484e+01 8.622572898864746094e+01 1.846772432327270508e+01 8.909655094146728516e+01 1.855913400650024414e+01 2.000000000000000000e+00
4.863551139831542969e+01 6.905370712280273438e+01 5.228175163269042969e+01 6.850744485855102539e+01 5.526957511901855469e+01 6.863049745559692383e+01 2.000000000000000000e+00
2.295594787597656250e+02 6.924448013305664062e+00 2.331295919418334961e+02 6.332917213439941406e+00 2.359656667709350586e+02 6.189358234405517578e+00 2.000000000000000000e+00
2.245182180404663086e+02 5.392541885375976562e+01 2.280200815200805664e+02 5.336711168289184570e+01 2.309711027145385742e+02 5.322396039962768555e+01 2.000000000000000000e+00
1.155288553237915039e+02 5.597604990005493164e+01 1.190885972976684570e+02 5.542968034744262695e+01 1.219871902465820312e+02 5.544671058654785156e+01 2.000000000000000000e+00
4.862122535705566406e+01 4.099996089935302734e+01 5.228146553039550781e+01 4.045211791992187500e+01 5.524352073669433594e+01 4.055369853973388672e+01 2.000000000000000000e+00
5.661957740783691406e+01 5.497356891632080078e+01 6.026167869567871094e+01 5.443697690963745117e+01 6.324090003967285156e+01 5.451554059982299805e+01 2.000000000000000000e+00
2.305023050308227539e+02 6.797794818878173828e+01 2.340202665328979492e+02 6.738737225532531738e+01 2.369759511947631836e+02 6.725438475608825684e+01 2.000000000000000000e+00
4.264172554016113281e+01 2.797701358795166016e+01 4.628514289855957031e+01 2.746800184249877930e+01 4.925782203674316406e+01 2.759536027908325195e+01 2.000000000000000000e+00
1.262112617492675781e+01 2.306978201866149902e+02 1.639360427856445312e+01 2.301826858520507812e+02 1.959151268005371094e+01 2.302584743499755859e+02 2.000000000000000000e+00
6.364591598510742188e+01 1.896061420440673828e+01 6.726459503173828125e+01 1.845581531524658203e+01 7.020421028137207031e+01 1.855907678604125977e+01 2.000000000000000000e+00
8.754958152770996094e+01 6.297878265380859375e+01 9.113834381103515625e+01 6.245083451271057129e+01 9.406092643737792969e+01 6.249932169914245605e+01 2.000000000000000000e+00
1.071851730346679688e+01 4.197903871536254883e+01 1.442306518554687500e+01 4.146793127059936523e+01 1.742018699645996094e+01 4.163889169692993164e+01 2.000000000000000000e+00
2.074954700469970703e+02 5.598421096801757812e+01 2.110238218307495117e+02 5.540384531021118164e+01 2.139898824691772461e+02 5.530717134475708008e+01 2.000000000000000000e+00
7.764317512512207031e+01 2.693947076797485352e+01 8.121163845062255859e+01 2.646387577056884766e+01 8.409404754638671875e+01 2.654515027999877930e+01 2.000000000000000000e+00
2.505929756164550781e+02 1.693179845809936523e+01 2.542590522766113281e+02 1.630637884140014648e+01 2.570722389221191406e+02 1.612375974655151367e+01 2.000000000000000000e+00
1.972500801086425781e+01 1.601078510284423828e+01 2.339298248291015625e+01 1.553007602691650391e+01 2.638294219970703125e+01 1.570172309875488281e+01 2.000000000000000000e+00
2.055208444595336914e+02 1.291116714477539062e+01 2.090251779556274414e+02 1.234326124191284180e+01 2.118860960006713867e+02 1.222494363784790039e+01 2.000000000000000000e+00
2.466145801544189453e+02 1.830631899833679199e+02 2.501978015899658203e+02 1.824053549766540527e+02 2.533284282684326172e+02 1.822945904731750488e+02 2.000000000000000000e+00
2.891106605529785156e+01 8.791988968849182129e+01 3.261273384094238281e+01 8.748972773551940918e+01 3.584782600402832031e+01 8.756699323654174805e+01 2.000000000000000000e+00
1.494718170166015625e+02 6.896904587745666504e+01 1.530583339929580688e+02 6.839088320732116699e+01 1.558783721923828125e+02 6.837116718292236328e+01 2.000000000000000000e+00
1.669195175170898438e+01 8.883631825447082520e+01 2.032472610473632812e+01 8.838921189308166504e+01 2.343945503234863281e+01 8.848973751068115234e+01 2.000000000000000000e+00
1.071206092834472656e+01 6.890428662300109863e+01 1.439469337463378906e+01 6.846648216247558594e+01 1.744097709655761719e+01 6.860149025917053223e+01 2.000000000000000000e+00
8.063311100006103516e+01 1.528766512870788574e+02 8.433243274688720703e+01 1.523228001594543457e+02 8.743717670440673828e+01 1.523593783378601074e+02 2.000000000000000000e+00
1.125482606887817383e+02 4.495086193084716797e+01 1.160766983032226562e+02 4.439635276794433594e+01 1.189800024032592773e+02 4.443434715270996094e+01 2.000000000000000000e+00
2.869442939758300781e+01 4.000255823135375977e+01 3.238369941711425781e+01 3.948712348937988281e+01 3.533700942993164062e+01 3.963520288467407227e+01 2.000000000000000000e+00
4.262383460998535156e+01 3.499279260635375977e+01 4.627764701843261719e+01 3.445751667022705078e+01 4.924419403076171875e+01 3.458712816238403320e+01 2.000000000000000000e+00
1.074524879455566406e+01 1.600030660629272461e+01 1.437729835510253906e+01 1.552882432937622070e+01 1.734178543090820312e+01 1.570828914642333984e+01 2.000000000000000000e+00
1.464726865291595459e+02 6.097379922866821289e+01 1.500184935331344604e+02 6.038942098617553711e+01 1.528379207849502563e+02 6.037539124488830566e+01 2.000000000000000000e+00
9.260833740234375000e+01 7.186880350112915039e+01 9.623700618743896484e+01 7.125553607940673828e+01 9.928984165191650391e+01 7.115336179733276367e+01 2.000000000000000000e+00
2.395745849609375000e+02 1.391426324844360352e+01 2.431730842590332031e+02 1.332054376602172852e+01 2.459864330291748047e+02 1.317864418029785156e+01 2.000000000000000000e+00
2.765626239776611328e+02 1.761025571823120117e+02 2.802891540527343750e+02 1.754514634609222412e+02 2.834026241302490234e+02 1.753101074695587158e+02 2.000000000000000000e+00
2.335331726074218750e+02 4.895101547241210938e+01 2.370282745361328125e+02 4.835924148559570312e+01 2.399821615219116211e+02 4.823109626770019531e+01 2.000000000000000000e+00
2.124825429916381836e+02 6.702106833457946777e+01 2.160189056396484375e+02 6.639939665794372559e+01 2.189971494674682617e+02 6.629858851432800293e+01 2.000000000000000000e+00
2.806144428253173828e+02 1.493297338485717773e+01 2.842320537567138672e+02 1.420953512191772461e+01 2.872180461883544922e+02 1.399690389633178711e+01 2.000000000000000000e+00
1.995092630386352539e+02 1.892565965652465820e+01 2.030326843261718750e+02 1.831668376922607422e+01 2.059094238281250000e+02 1.820373058319091797e+01 2.000000000000000000e+00
1.654594421386718750e+02 7.198684573173522949e+01 1.690599822998046875e+02 7.140343308448791504e+01 1.719208371639251709e+02 7.137410402297973633e+01 2.000000000000000000e+00
2.685786151885986328e+02 2.893667936325073242e+01 2.722212505340576172e+02 2.818776369094848633e+01 2.751223468780517578e+02 2.800335645675659180e+01 2.000000000000000000e+00
1.866212844848632812e+01 1.278629538416862488e+02 2.243201255798339844e+01 1.273248521983623505e+02 2.555915832519531250e+01 1.274246603250503540e+02 2.000000000000000000e+00
9.956744194030761719e+01 4.597437143325805664e+01 1.031226396560668945e+02 4.542409658432006836e+01 1.059960222244262695e+02 4.546750545501708984e+01 2.000000000000000000e+00
2.455416011810302734e+02 2.330348396301269531e+02 2.492783641815185547e+02 2.324083328247070312e+02 2.524982738494873047e+02 2.323128747940063477e+02 2.000000000000000000e+00
8.633785247802734375e+00 1.228591614961624146e+02 1.234047889709472656e+01 1.223545608669519424e+02 1.545407295227050781e+01 1.224748995155096054e+02 2.000000000000000000e+00
7.462872505187988281e+01 1.927730011940002441e+02 7.840313911437988281e+01 1.922308659553527832e+02 8.154581546783447266e+01 1.922556638717651367e+02 2.000000000000000000e+00
2.585685729980468750e+02 3.688638925552368164e+01 2.622067928314208984e+02 3.627307891845703125e+01 2.651130676269531250e+02 3.609904289245605469e+01 2.000000000000000000e+00
1.274866938591003418e+02 5.795922517776489258e+01 1.310393214225769043e+02 5.741249084472656250e+01 1.339202260971069336e+02 5.742697477340698242e+01 2.000000000000000000e+00
1.735731661319732666e+02 1.829084515571594238e+02 1.772561490535736084e+02 1.823322057723999023e+02 1.803669905662536621e+02 1.822971653938293457e+02 2.000000000000000000e+00
1.555759277939796448e+02 1.799138224124908447e+02 1.592868804931640625e+02 1.793692946434020996e+02 1.623969726264476776e+02 1.793299734592437744e+02 2.000000000000000000e+00
2.565536499023437500e+02 6.705587625503540039e+01 2.601857662200927734e+02 6.634562373161315918e+01 2.631101131439208984e+02 6.622907638549804688e+01 2.000000000000000000e+00
2.174939870834350586e+02 6.098264694213867188e+01 2.210025787353515625e+02 6.036632180213928223e+01 2.239545440673828125e+02 6.026125431060791016e+01 2.000000000000000000e+00
8.367638111114501953e+01 1.738182091712951660e+02 8.735986232757568359e+01 1.732975637912750244e+02 9.052020072937011719e+01 1.733344280719757080e+02 2.000000000000000000e+00
1.725799870491027832e+02 1.909060692787170410e+02 1.762273406982421875e+02 1.903371906280517578e+02 1.793345034122467041e+02 1.902860426902770996e+02 2.000000000000000000e+00
2.265963459014892578e+02 1.670105159282684326e+02 2.303121662139892578e+02 1.663793349266052246e+02 2.333914184570312500e+02 1.662675797939300537e+02 2.000000000000000000e+00
1.206730270385742188e+02 2.158347058296203613e+02 1.244053721427917480e+02 2.152780365943908691e+02 1.275254130363464355e+02 2.152526736259460449e+02 2.000000000000000000e+00
7.369351387023925781e+01 1.538601243495941162e+02 7.743211746215820312e+01 1.533086729049682617e+02 8.056103229522705078e+01 1.533548283576965332e+02 2.000000000000000000e+00
2.174948883056640625e+02 5.294692039489746094e+01 2.210010528564453125e+02 5.236405849456787109e+01 2.239439868927001953e+02 5.226611137390136719e+01 2.000000000000000000e+00
1.469299316406250000e+01 8.080031991004943848e+01 1.835364341735839844e+01 8.039980173110961914e+01 2.143199920654296875e+01 8.048785328865051270e+01 2.000000000000000000e+00
2.024706602096557617e+02 7.702876925468444824e+01 2.060628652572631836e+02 7.641013741493225098e+01 2.089690256118774414e+02 7.634593605995178223e+01 2.000000000000000000e+00
2.482116699218750000e+01 1.907265543937683105e+02 2.858579635620117188e+01 1.901676392555236816e+02 3.180406570434570312e+01 1.902329921722412109e+02 2.000000000000000000e+00
2.305162954330444336e+02 2.079909682273864746e+02 2.343470144271850586e+02 2.073981356620788574e+02 2.374867582321166992e+02 2.072862911224365234e+02 2.000000000000000000e+00
2.725882244110107422e+02 1.851038217544555664e+02 2.763244342803955078e+02 1.844487190246582031e+02 2.794302368164062500e+02 1.843026638031005859e+02 2.000000000000000000e+00
2.605596923828125000e+02 5.098358631134033203e+01 2.641973876953125000e+02 5.036908864974975586e+01 2.671200275421142578e+02 5.018079042434692383e+01 2.000000000000000000e+00
1.634512177109718323e+02 8.100919961929321289e+01 1.670035856962203979e+02 8.037439584732055664e+01 1.699157565832138062e+02 8.034030675888061523e+01 2.000000000000000000e+00
2.705561256408691406e+02 7.099426746368408203e+01 2.741861629486083984e+02 7.030590534210205078e+01 2.771075439453125000e+02 7.005859851837158203e+01 2.000000000000000000e+00
1.025655031204223633e+02 6.696914434432983398e+01 1.061566781997680664e+02 6.643194437026977539e+01 1.090572357177734375e+02 6.645092368125915527e+01 2.000000000000000000e+00
1.374823141098022461e+02 1.609358382225036621e+02 1.411988985538482666e+02 1.603104722499847412e+02 1.442693328857421875e+02 1.602869117259979248e+02 2.000000000000000000e+00
2.695590496063232422e+02 5.195402383804321289e+01 2.732017803192138672e+02 5.131158113479614258e+01 2.761225032806396484e+02 5.110849857330322266e+01 2.000000000000000000e+00
2.671222686767578125e+01 6.894566059112548828e+01 3.039571762084960938e+01 6.843653440475463867e+01 3.341311454772949219e+01 6.853456020355224609e+01 2.000000000000000000e+00
1.304428410530090332e+02 1.569201529026031494e+02 1.341472315788269043e+02 1.563035452365875244e+02 1.372203516960144043e+02 1.562848055362701416e+02 2.000000000000000000e+00
1.845904088020324707e+02 1.939558625221252441e+02 1.882069396972656250e+02 1.933569502830505371e+02 1.913072967529296875e+02 1.932958388328552246e+02 2.000000000000000000e+00
1.194167852401733398e+02 1.578813028335571289e+02 1.231490707397460938e+02 1.573202383518218994e+02 1.262398362159729004e+02 1.573141193389892578e+02 2.000000000000000000e+00
1.760097503662109375e+01 1.488083964586257935e+02 2.135200500488281250e+01 1.482820898294448853e+02 2.455281257629394531e+01 1.483619695901870728e+02 2.000000000000000000e+00
4.172829627990722656e+01 1.857698106765747070e+02 4.548930168151855469e+01 1.852261376380920410e+02 4.869108200073242188e+01 1.852939009666442871e+02 2.000000000000000000e+00
2.305687856674194336e+02 1.950380158424377441e+02 2.342900228500366211e+02 1.944314432144165039e+02 2.373673725128173828e+02 1.943233394622802734e+02 2.000000000000000000e+00
8.962723255157470703e+01 1.997791028022766113e+02 9.340124607086181641e+01 1.992676591873168945e+02 9.659311771392822266e+01 1.992815780639648438e+02 2.000000000000000000e+00
2.026004791259765625e+02 1.939995789527893066e+02 2.062164306640625000e+02 1.933717703819274902e+02 2.093596029281616211e+02 1.932968187332153320e+02 2.000000000000000000e+00
1.794892430305480957e+02 1.599424767494201660e+02 1.831093597412109375e+02 1.593275320529937744e+02 1.861992645263671875e+02 1.592655050754547119e+02 2.000000000000000000e+00
3.978578567504882812e+01 2.136933016777038574e+02 4.361924171447753906e+01 2.131351089477539062e+02 4.683788299560546875e+01 2.131909203529357910e+02 2.000000000000000000e+00
2.775738525390625000e+02 3.896697521209716797e+01 2.812187480926513672e+02 3.809778213500976562e+01 2.841302490234375000e+02 3.795360088348388672e+01 2.000000000000000000e+00
2.396239185333251953e+02 1.740628373622894287e+02 2.432134914398193359e+02 1.734049236774444580e+02 2.463478374481201172e+02 1.732956862449645996e+02 2.000000000000000000e+00
6.468748092651367188e+01 1.927702188491821289e+02 6.844891548156738281e+01 1.922381901741027832e+02 7.159733772277832031e+01 1.922677016258239746e+02 2.000000000000000000e+00
1.414620363712310791e+02 7.097871065139770508e+01 1.450305628776550293e+02 7.039195775985717773e+01 1.478338921070098877e+02 7.038367867469787598e+01 2.000000000000000000e+00
2.275365781784057617e+02 2.892213821411132812e+01 2.310480833053588867e+02 2.832567214965820312e+01 2.339313650131225586e+02 2.819293498992919922e+01 2.000000000000000000e+00
1.289356231689453125e+01 1.757542741298675537e+02 1.665125846862792969e+01 1.752525365352630615e+02 1.983070373535156250e+01 1.753314220905303955e+02 2.000000000000000000e+00
7.460807800292968750e+01 6.595659971237182617e+01 7.818070411682128906e+01 6.546510815620422363e+01 8.119831085205078125e+01 6.553601503372192383e+01 2.000000000000000000e+00
2.666078472137451172e+02 2.091200423240661621e+02 2.703853511810302734e+02 2.084469938278198242e+02 2.735141658782958984e+02 2.083308577537536621e+02 2.000000000000000000e+00
2.015627908706665039e+02 1.779511427879333496e+02 2.052130603790283203e+02 1.773659849166870117e+02 2.082916736602783203e+02 1.772787058353424072e+02 2.000000000000000000e+00
2.666288471221923828e+02 2.301289558410644531e+02 2.703037738800048828e+02 2.294706773757934570e+02 2.735730648040771484e+02 2.293619155883789062e+02 2.000000000000000000e+00
9.361427783966064453e+01 1.568920934200286865e+02 9.730095386505126953e+01 1.563411891460418701e+02 1.003998565673828125e+02 1.563695847988128662e+02 2.000000000000000000e+00
1.055012750625610352e+02 1.578831338882446289e+02 1.090519618988037109e+02 1.573516702651977539e+02 1.121464586257934570e+02 1.573578500747680664e+02 2.000000000000000000e+00
1.164427757263183594e+01 1.527864253520965576e+02 1.540007591247558594e+01 1.522613704204559326e+02 1.861577033996582031e+01 1.523515784740447998e+02 2.000000000000000000e+00
9.363716125488281250e+01 2.268079304695129395e+02 9.744385242462158203e+01 2.262295889854431152e+02 1.006330919265747070e+02 2.262311124801635742e+02 2.000000000000000000e+00
5.574546813964843750e+01 1.727722513675689697e+02 5.946105957031250000e+01 1.722827017307281494e+02 6.260732650756835938e+01 1.723256099224090576e+02 2.000000000000000000e+00
2.756419658660888672e+02 2.081504273414611816e+02 2.793998432159423828e+02 2.074474382400512695e+02 2.825108051300048828e+02 2.073175835609436035e+02 2.000000000000000000e+00
2.666433715820312500e+02 1.810479140281677246e+02 2.701377582550048828e+02 1.804025316238403320e+02 2.733654499053955078e+02 1.802516055107116699e+02 2.000000000000000000e+00
2.545046901702880859e+02 2.250905084609985352e+02 2.582440185546875000e+02 2.244441461563110352e+02 2.614179420471191406e+02 2.243495535850524902e+02 2.000000000000000000e+00
1.244972920417785645e+02 6.896517634391784668e+01 1.280693650245666504e+02 6.841744780540466309e+01 1.309465622901916504e+02 6.842989683151245117e+01 2.000000000000000000e+00
2.285853433609008789e+02 1.790369904041290283e+02 2.323090982437133789e+02 1.784196031093597412e+02 2.353785562515258789e+02 1.783119678497314453e+02 2.000000000000000000e+00
4.668089866638183594e+01 1.717761862277984619e+02 5.044090270996093750e+01 1.712719595432281494e+02 5.359141349792480469e+01 1.713307356834411621e+02 2.000000000000000000e+00
4.787037849426269531e+01 1.607845187187194824e+02 5.166237831115722656e+01 1.602610051631927490e+02 5.484691619873046875e+01 1.603154933452606201e+02 2.000000000000000000e+00
9.459281921386718750e+01 3.296173095703125000e+01 9.818090915679931641e+01 3.245530843734741211e+01 1.010213470458984375e+02 3.252391576766967773e+01 2.000000000000000000e+00
2.045319843292236328e+02 1.639657938480377197e+02 2.082280731201171875e+02 1.633898019790649414e+02 2.112697744369506836e+02 1.632872200012207031e+02 2.000000000000000000e+00
7.765238761901855469e+01 2.357628250122070312e+02 8.140200138092041016e+01 2.352126216888427734e+02 8.460140228271484375e+01 2.352302026748657227e+02 2.000000000000000000e+00
9.661342620849609375e+01 1.748565709590911865e+02 1.002964639663696289e+02 1.743460428714752197e+02 1.034680795669555664e+02 1.743481171131134033e+02 2.000000000000000000e+00
3.172956466674804688e+01 1.567989385128021240e+02 3.551211357116699219e+01 1.562647891044616699e+02 3.869395256042480469e+01 1.563394653797149658e+02 2.000000000000000000e+00
2.506172370910644531e+02 3.392401456832885742e+01 2.542834472656250000e+02 3.330375194549560547e+01 2.571211242675781250e+02 3.312425851821899414e+01 2.000000000000000000e+00
2.807100868225097656e+02 2.201544427871704102e+02 2.843964576721191406e+02 2.194473767280578613e+02 2.876203632354736328e+02 2.193172931671142578e+02 2.000000000000000000e+00
1.367354130744934082e+02 2.358436918258666992e+02 1.404306185245513916e+02 2.352750492095947266e+02 1.435720670223236084e+02 2.352663516998291016e+02 2.000000000000000000e+00
4.064749717712402344e+01 6.910061359405517578e+01 4.429854393005371094e+01 6.855676889419555664e+01 4.728034973144531250e+01 6.867101669311523438e+01 2.000000000000000000e+00
1.126248788833618164e+02 1.988141083717346191e+02 1.163234376907348633e+02 1.983133292198181152e+02 1.194680166244506836e+02 1.982784891128540039e+02 2.000000000000000000e+00
1.286476588249206543e+02 1.948748803138732910e+02 1.323133683204650879e+02 1.943301558494567871e+02 1.354266953468322754e+02 1.942958235740661621e+02 2.000000000000000000e+00
2.625578022003173828e+02 7.203937411308288574e+01 2.661863422393798828e+02 7.134000778198242188e+01 2.691072082519531250e+02 7.116650104522705078e+01 2.000000000000000000e+00
2.469717979431152344e+01 1.608024787902832031e+02 2.845559120178222656e+01 1.602562129497528076e+02 3.162780761718750000e+01 1.603391754627227783e+02 2.000000000000000000e+00
2.536301612854003906e+02 1.720678281784057617e+02 2.570825862884521484e+02 1.713891005516052246e+02 2.602676677703857422e+02 1.712845337390899658e+02 2.000000000000000000e+00
1.235016703605651855e+02 1.688980901241302490e+02 1.272366547584533691e+02 1.683265113830566406e+02 1.303065037727355957e+02 1.683156609535217285e+02 2.000000000000000000e+00
5.575040817260742188e+01 2.146975636482238770e+02 5.951140403747558594e+01 2.141407227516174316e+02 6.274534225463867188e+01 2.141703701019287109e+02 2.000000000000000000e+00
2.466241741180419922e+02 1.900616955757141113e+02 2.501872920989990234e+02 1.894019508361816406e+02 2.533228969573974609e+02 1.892925739288330078e+02 2.000000000000000000e+00
1.585859069228172302e+02 2.059354877471923828e+02 1.623075409233570099e+02 2.053096532821655273e+02 1.653733676671981812e+02 2.052960705757141113e+02 2.000000000000000000e+00
1.405582726001739502e+02 1.759062695503234863e+02 1.443177950382232666e+02 1.753508162498474121e+02 1.473990023136138916e+02 1.753276562690734863e+02 2.000000000000000000e+00
2.196092081069946289e+02 2.220278549194335938e+02 2.233110189437866211e+02 2.214046096801757812e+02 2.265080595016479492e+02 2.213097882270812988e+02 2.000000000000000000e+00
2.555045604705810547e+02 2.170874691009521484e+02 2.592637920379638672e+02 2.164099931716918945e+02 2.624130916595458984e+02 2.163002371788024902e+02 2.000000000000000000e+00
9.762609004974365234e+01 2.057519388198852539e+02 1.013801193237304688e+02 2.052524185180664062e+02 1.045977306365966797e+02 2.052479267120361328e+02 2.000000000000000000e+00
6.395949363708496094e+01 1.518185591697692871e+02 6.776249885559082031e+01 1.512819385528564453e+02 7.101311683654785156e+01 1.513180553913116455e+02 2.000000000000000000e+00
2.605567646026611328e+02 5.798226356506347656e+01 2.641911983489990234e+02 5.732517957687377930e+01 2.671150207519531250e+02 5.713409900665283203e+01 2.000000000000000000e+00
1.825783395767211914e+02 2.349402379989624023e+02 1.862584996223449707e+02 2.343539643287658691e+02 1.894878697395324707e+02 2.343012142181396484e+02 2.000000000000000000e+00
1.056057405471801758e+02 1.848437833786010742e+02 1.092796993255615234e+02 1.843030285835266113e+02 1.124435567855834961e+02 1.843106245994567871e+02 2.000000000000000000e+00
2.014915466308593750e+02 3.906126022338867188e+00 2.049734830856323242e+02 3.323936462402343750e+00 2.078388547897338867e+02 3.216927051544189453e+00 2.000000000000000000e+00
2.164358139038085938e+01 2.296976709365844727e+02 2.545624732971191406e+01 2.291709780693054199e+02 2.868130683898925781e+01 2.292330837249755859e+02 2.000000000000000000e+00
2.876220703125000000e+01 1.787473332881927490e+02 3.258488655090332031e+01 1.781878066062927246e+02 3.577031135559082031e+01 1.782691848278045654e+02 2.000000000000000000e+00
1.944642806053161621e+02 1.689439880847930908e+02 1.981826782226562500e+02 1.683691442012786865e+02 2.012250375747680664e+02 1.682776200771331787e+02 2.000000000000000000e+00
3.260105133056640625e+01 6.099682331085205078e+01 3.630373001098632812e+01 6.045859694480895996e+01 3.925084114074707031e+01 6.055107951164245605e+01 2.000000000000000000e+00
7.569452285766601562e+01 1.727859234809875488e+02 7.937771797180175781e+01 1.722884094715118408e+02 8.253142356872558594e+01 1.723293650150299072e+02 2.000000000000000000e+00
1.082769393920898438e+01 1.687922072410583496e+02 1.460749626159667969e+01 1.683194303512573242e+02 1.779798507690429688e+01 1.684030938148498535e+02 2.000000000000000000e+00
1.655961000919342041e+02 2.218932867050170898e+02 1.692579346895217896e+02 2.212995958328247070e+02 1.723974919319152832e+02 2.212686967849731445e+02 2.000000000000000000e+00
1.975163578987121582e+02 1.609606969356536865e+02 2.012319040298461914e+02 1.603874981403350830e+02 2.042581653594970703e+02 1.602871119976043701e+02 2.000000000000000000e+00
1.656316834688186646e+02 2.348388147354125977e+02 1.692584079504013062e+02 2.343258404731750488e+02 1.724907529354095459e+02 2.342670822143554688e+02 2.000000000000000000e+00
7.957523345947265625e+01 5.699565410614013672e+01 8.315914154052734375e+01 5.649194955825805664e+01 8.605852603912353516e+01 5.656197309494018555e+01 2.000000000000000000e+00
2.515081214904785156e+02 5.601788520812988281e+01 2.552084827423095703e+02 5.536833286285400391e+01 2.580908489227294922e+02 5.518979787826538086e+01 2.000000000000000000e+00
2.164933776855468750e+02 2.030163145065307617e+02 2.202738523483276367e+02 2.023842787742614746e+02 2.234040689468383789e+02 2.022944855690002441e+02 2.000000000000000000e+00
2.455797767639160156e+02 2.200278496742248535e+02 2.493296718597412109e+02 2.194242596626281738e+02 2.525186157226562500e+02 2.193105053901672363e+02 2.000000000000000000e+00
2.183203697204589844e+01 1.997067332267761230e+02 2.561345100402832031e+01 1.991624522209167480e+02 2.880896568298339844e+01 1.992162394523620605e+02 2.000000000000000000e+00
