4.618664264678955078e+02 3.395845699310302734e+02 4.671765422821044922e+02 3.486347079277038574e+02 4.743756771087646484e+02 3.585448050498962402e+02 1.000000000000000000e+00
4.954150199890136719e+02 3.504793453216552734e+02 5.009181785583496094e+02 3.594994568824768066e+02 5.081725502014160156e+02 3.692302036285400391e+02 1.000000000000000000e+00
4.792134761810302734e+02 3.884046077728271484e+02 4.847361183166503906e+02 3.976057863235473633e+02 4.919769859313964844e+02 4.074463033676147461e+02 1.000000000000000000e+00
4.670371150970458984e+02 3.509110450744628906e+02 4.724032306671142578e+02 3.600941562652587891e+02 4.796080970764160156e+02 3.701276922225952148e+02 1.000000000000000000e+00
4.816426086425781250e+02 3.261769437789916992e+02 4.870633506774902344e+02 3.350396490097045898e+02 4.941078186035156250e+02 3.446542096138000488e+02 1.000000000000000000e+00
4.626226234436035156e+02 3.218562340736389160e+02 4.676755046844482422e+02 3.299863600730895996e+02 4.739408874511718750e+02 3.384083318710327148e+02 1.000000000000000000e+00
4.791610145568847656e+02 4.092748546600341797e+02 4.847771072387695312e+02 4.186925411224365234e+02 4.921439170837402344e+02 4.285193252563476562e+02 1.000000000000000000e+00
3.557576918601989746e+02 4.151891899108886719e+02 3.607636117935180664e+02 4.248251724243164062e+02 3.674433279037475586e+02 4.350298833847045898e+02 1.000000000000000000e+00
3.458685302734375000e+02 4.210292100906372070e+02 3.508199763298034668e+02 4.308391571044921875e+02 3.574701857566833496e+02 4.411685657501220703e+02 1.000000000000000000e+00
4.814671325683593750e+02 4.225506448745727539e+02 4.870952796936035156e+02 4.320766639709472656e+02 4.944342613220214844e+02 4.421464347839355469e+02 1.000000000000000000e+00
5.324068641662597656e+02 3.531056571006774902e+02 5.382999992370605469e+02 3.620350170135498047e+02 5.459390258789062500e+02 3.715573453903198242e+02 1.000000000000000000e+00
5.005908012390136719e+02 3.439310359954833984e+02 5.062540245056152344e+02 3.529675340652465820e+02 5.134959793090820312e+02 3.625414752960205078e+02 1.000000000000000000e+00
4.844501304626464844e+02 3.191840243339538574e+02 4.897534751892089844e+02 3.278613352775573730e+02 4.968298339843750000e+02 3.375419998168945312e+02 1.000000000000000000e+00
5.828298377990722656e+02 4.016204023361206055e+02 5.893146324157714844e+02 4.107641744613647461e+02 5.975748252868652344e+02 4.203240394592285156e+02 1.000000000000000000e+00
5.842154502868652344e+02 3.919125080108642578e+02 5.905374717712402344e+02 4.009735250473022461e+02 5.987484741210937500e+02 4.102921772003173828e+02 1.000000000000000000e+00
5.167166137695312500e+02 3.466265916824340820e+02 5.226370239257812500e+02 3.555734324455261230e+02 5.300451660156250000e+02 3.650485038757324219e+02 1.000000000000000000e+00
3.881377887725830078e+02 4.273499822616577148e+02 3.976097106933593750e+02 4.369061422348022461e+02 4.086007976531982422e+02 4.474533462524414062e+02 1.000000000000000000e+00
5.608346557617187500e+02 3.514013743400573730e+02 5.669600868225097656e+02 3.604318284988403320e+02 5.748953247070312500e+02 3.697913217544555664e+02 1.000000000000000000e+00
4.957783317565917969e+02 3.374209070205688477e+02 5.013282203674316406e+02 3.464194393157958984e+02 5.084826660156250000e+02 3.559950327873229980e+02 1.000000000000000000e+00
4.599616146087646484e+02 4.036795091629028320e+02 4.654469966888427734e+02 4.131370639801025391e+02 4.725436687469482422e+02 4.230478048324584961e+02 1.000000000000000000e+00
4.135345172882080078e+02 4.250079202651977539e+02 4.188730144500732422e+02 4.345935773849487305e+02 4.259916687011718750e+02 4.449118423461914062e+02 1.000000000000000000e+00
4.561960124969482422e+02 3.491143584251403809e+02 4.615064430236816406e+02 3.582802462577819824e+02 4.687099933624267578e+02 3.682649946212768555e+02 1.000000000000000000e+00
3.682568073272705078e+02 4.128859949111938477e+02 3.733493947982788086e+02 4.225539350509643555e+02 3.800022888183593750e+02 4.327446699142456055e+02 1.000000000000000000e+00
3.496185922622680664e+02 4.223795557022094727e+02 3.546443796157836914e+02 4.321272325515747070e+02 3.613475942611694336e+02 4.425761461257934570e+02 1.000000000000000000e+00
3.294588321447372437e+02 4.148443078994750977e+02 3.342924499511718750e+02 4.245893096923828125e+02 3.407796335220336914e+02 4.348416852951049805e+02 1.000000000000000000e+00
4.188931560516357422e+02 4.164533758163452148e+02 4.243056011199951172e+02 4.259334468841552734e+02 4.312737178802490234e+02 4.362300539016723633e+02 1.000000000000000000e+00
5.007080650329589844e+02 3.497050523757934570e+02 5.064087295532226562e+02 3.587033414840698242e+02 5.137091636657714844e+02 3.683146476745605469e+02 1.000000000000000000e+00
3.936934518814086914e+02 4.160750484466552734e+02 3.989803457260131836e+02 4.256403636932373047e+02 4.057432270050048828e+02 4.358645725250244141e+02 1.000000000000000000e+00
3.504374384880065918e+02 4.210986757278442383e+02 3.554703688621520996e+02 4.308240079879760742e+02 3.621278381347656250e+02 4.410676717758178711e+02 1.000000000000000000e+00
5.265963745117187500e+02 4.056634855270385742e+02 5.325143432617187500e+02 4.151084947586059570e+02 5.403539466857910156e+02 4.247154378890991211e+02 1.000000000000000000e+00
4.076806640625000000e+02 4.138982677459716797e+02 4.130427837371826172e+02 4.234338712692260742e+02 4.200168800354003906e+02 4.336875343322753906e+02 1.000000000000000000e+00
3.843381357192993164e+02 4.154806280136108398e+02 3.895435810089111328e+02 4.251005029678344727e+02 3.962722778320312500e+02 4.353039979934692383e+02 1.000000000000000000e+00
4.928367042541503906e+02 3.297764325141906738e+02 4.983504676818847656e+02 3.387197327613830566e+02 5.055356407165527344e+02 3.483514738082885742e+02 1.000000000000000000e+00
4.489616394042968750e+02 3.420802330970764160e+02 4.542964458465576172e+02 3.513649034500122070e+02 4.614308452606201172e+02 3.613650512695312500e+02 1.000000000000000000e+00
4.978875541687011719e+02 4.050193262100219727e+02 5.037289810180664062e+02 4.144440364837646484e+02 5.113783264160156250e+02 4.242278909683227539e+02 1.000000000000000000e+00
3.352959907054901123e+02 4.146830892562866211e+02 3.401655268669128418e+02 4.244401359558105469e+02 3.466774606704711914e+02 4.346698951721191406e+02 1.000000000000000000e+00
5.775853919982910156e+02 3.597520208358764648e+02 5.838887405395507812e+02 3.687109136581420898e+02 5.919180297851562500e+02 3.780539989471435547e+02 1.000000000000000000e+00
4.890289115905761719e+02 3.347532391548156738e+02 4.945260047912597656e+02 3.436797237396240234e+02 5.016902160644531250e+02 3.533460760116577148e+02 1.000000000000000000e+00
5.466300773620605469e+02 3.536098408699035645e+02 5.527015495300292969e+02 3.625370264053344727e+02 5.605398559570312500e+02 3.719317388534545898e+02 1.000000000000000000e+00
5.781191444396972656e+02 3.526656532287597656e+02 5.843873977661132812e+02 3.615937328338623047e+02 5.923593711853027344e+02 3.709580755233764648e+02 1.000000000000000000e+00
5.842369461059570312e+02 3.663953876495361328e+02 5.905170249938964844e+02 3.753432655334472656e+02 5.985400390625000000e+02 3.846218347549438477e+02 1.000000000000000000e+00
4.711788082122802734e+02 4.094579315185546875e+02 4.767901897430419922e+02 4.188832426071166992e+02 4.841332054138183594e+02 4.287984752655029297e+02 1.000000000000000000e+00
3.419272470474243164e+02 4.224264335632324219e+02 3.469155883789062500e+02 4.322304725646972656e+02 3.535044860839843750e+02 4.428469276428222656e+02 1.000000000000000000e+00
4.003856563568115234e+02 4.130294322967529297e+02 4.056089210510253906e+02 4.225737762451171875e+02 4.125136470794677734e+02 4.328573656082153320e+02 1.000000000000000000e+00
5.142642784118652344e+02 4.058097553253173828e+02 5.201058387756347656e+02 4.152714586257934570e+02 5.277610588073730469e+02 4.249704408645629883e+02 1.000000000000000000e+00
4.912843132019042969e+02 3.893172740936279297e+02 4.970865249633789062e+02 3.985616540908813477e+02 5.048301506042480469e+02 4.083023500442504883e+02 1.000000000000000000e+00
5.762489128112792969e+02 3.976703310012817383e+02 5.825130081176757812e+02 4.067150115966796875e+02 5.906623649597167969e+02 4.160731887817382812e+02 1.000000000000000000e+00
5.414099121093750000e+02 3.410716009140014648e+02 5.473711585998535156e+02 3.499902677536010742e+02 5.550388908386230469e+02 3.594213008880615234e+02 1.000000000000000000e+00
3.566796565055847168e+02 4.236657571792602539e+02 3.617054748535156250e+02 4.334564352035522461e+02 3.684368276596069336e+02 4.438016223907470703e+02 1.000000000000000000e+00
5.460839843750000000e+02 4.205493021011352539e+02 5.523405838012695312e+02 4.298804998397827148e+02 5.603392982482910156e+02 4.397467517852783203e+02 1.000000000000000000e+00
5.829927444458007812e+02 3.989795351028442383e+02 5.893942832946777344e+02 4.080930805206298828e+02 5.976338005065917969e+02 4.173892307281494141e+02 1.000000000000000000e+00
4.497986507415771484e+02 3.577639532089233398e+02 4.550736427307128906e+02 3.669605827331542969e+02 4.622752666473388672e+02 3.768389368057250977e+02 1.000000000000000000e+00
5.314645957946777344e+02 3.462687420845031738e+02 5.374401283264160156e+02 3.551989173889160156e+02 5.450664138793945312e+02 3.646530532836914062e+02 1.000000000000000000e+00
4.938582229614257812e+02 3.654329538345336914e+02 4.996739768981933594e+02 3.744198989868164062e+02 5.070745277404785156e+02 3.840286588668823242e+02 1.000000000000000000e+00
4.911751365661621094e+02 3.192725872993469238e+02 4.964777183532714844e+02 3.279759263992309570e+02 5.035884475708007812e+02 3.375831627845764160e+02 1.000000000000000000e+00
4.564138221740722656e+02 3.594510269165039062e+02 4.617489624023437500e+02 3.686506462097167969e+02 4.690269470214843750e+02 3.786232137680053711e+02 1.000000000000000000e+00
5.107995414733886719e+02 3.515231108665466309e+02 5.166644287109375000e+02 3.605888414382934570e+02 5.240239906311035156e+02 3.699934387207031250e+02 1.000000000000000000e+00
5.425934410095214844e+02 4.053986549377441406e+02 5.485501670837402344e+02 4.147374343872070312e+02 5.564443397521972656e+02 4.243758058547973633e+02 1.000000000000000000e+00
4.547743511199951172e+02 3.380472493171691895e+02 4.601494121551513672e+02 3.472211694717407227e+02 4.673359107971191406e+02 3.571452999114990234e+02 1.000000000000000000e+00
3.785710477828979492e+02 4.127757024765014648e+02 3.838023710250854492e+02 4.224353742599487305e+02 3.904916381835937500e+02 4.325915908813476562e+02 1.000000000000000000e+00
4.537117004394531250e+02 3.307726192474365234e+02 4.590171527862548828e+02 3.398843407630920410e+02 4.661520099639892578e+02 3.497070050239562988e+02 1.000000000000000000e+00
3.334097898006439209e+02 4.207658243179321289e+02 3.383037114143371582e+02 4.306734752655029297e+02 3.447759699821472168e+02 4.412163734436035156e+02 1.000000000000000000e+00
4.889393615722656250e+02 3.643586540222167969e+02 4.945928382873535156e+02 3.733467435836791992e+02 5.017316627502441406e+02 3.830143833160400391e+02 1.000000000000000000e+00
5.508517456054687500e+02 3.987931537628173828e+02 5.569743728637695312e+02 4.081380701065063477e+02 5.648638343811035156e+02 4.177126550674438477e+02 1.000000000000000000e+00
4.813475990295410156e+02 3.623270702362060547e+02 4.869481849670410156e+02 3.713451290130615234e+02 4.940951347351074219e+02 3.810369300842285156e+02 1.000000000000000000e+00
5.761562538146972656e+02 4.017220830917358398e+02 5.825038528442382812e+02 4.109224319458007812e+02 5.906492424011230469e+02 4.204791641235351562e+02 1.000000000000000000e+00
4.475806331634521484e+02 3.615593290328979492e+02 4.529457092285156250e+02 3.708165407180786133e+02 4.600676918029785156e+02 3.805640029907226562e+02 1.000000000000000000e+00
3.431398940086364746e+02 4.247674083709716797e+02 3.482944035530090332e+02 4.345270156860351562e+02 3.548096919059753418e+02 4.451173782348632812e+02 1.000000000000000000e+00
4.412270545959472656e+02 3.543244671821594238e+02 4.467263221740722656e+02 3.637824726104736328e+02 4.540438556671142578e+02 3.738497400283813477e+02 1.000000000000000000e+00
4.751162719726562500e+02 3.199269747734069824e+02 4.800269889831542969e+02 3.279325032234191895e+02 4.865263366699218750e+02 3.365829849243164062e+02 1.000000000000000000e+00
4.903683853149414062e+02 4.189911603927612305e+02 4.961134147644042969e+02 4.284472990036010742e+02 5.034760093688964844e+02 4.382185220718383789e+02 1.000000000000000000e+00
4.830306434631347656e+02 3.834269428253173828e+02 4.884151268005371094e+02 3.926492643356323242e+02 4.956180381774902344e+02 4.024259090423583984e+02 1.000000000000000000e+00
5.708353996276855469e+02 4.054908227920532227e+02 5.771554565429687500e+02 4.147464752197265625e+02 5.851892662048339844e+02 4.243680238723754883e+02 1.000000000000000000e+00
4.487116718292236328e+02 3.716594266891479492e+02 4.541359233856201172e+02 3.808791303634643555e+02 4.612325763702392578e+02 3.906572055816650391e+02 1.000000000000000000e+00
4.365980243682861328e+02 4.133041763305664062e+02 4.419606971740722656e+02 4.227225065231323242e+02 4.489603328704833984e+02 4.329975414276123047e+02 1.000000000000000000e+00
4.476690101623535156e+02 4.295915651321411133e+02 4.536486530303955078e+02 4.390693473815917969e+02 4.617669677734375000e+02 4.494183397293090820e+02 1.000000000000000000e+00
2.112557792663574219e+02 3.650177335739135742e+02 2.197069358825683594e+02 3.747273874282836914e+02 2.297931671142578125e+02 3.851157045364379883e+02 2.000000000000000000e+00
2.199223899841308594e+02 3.590950083732604980e+02 2.283686923980712891e+02 3.687516832351684570e+02 2.385129261016845703e+02 3.790702915191650391e+02 2.000000000000000000e+00
2.121374034881591797e+02 3.420357728004455566e+02 2.203332996368408203e+02 3.516744446754455566e+02 2.306016349792480469e+02 3.619856357574462891e+02 2.000000000000000000e+00
2.263778400421142578e+02 3.449866104125976562e+02 2.346925163269042969e+02 3.546248245239257812e+02 2.448003053665161133e+02 3.648527526855468750e+02 2.000000000000000000e+00
2.202325916290283203e+02 3.360414505004882812e+02 2.284404850006103516e+02 3.456875967979431152e+02 2.386264801025390625e+02 3.559372901916503906e+02 2.000000000000000000e+00
2.141315174102783203e+02 3.310297608375549316e+02 2.223357868194580078e+02 3.406856131553649902e+02 2.325438976287841797e+02 3.509536170959472656e+02 2.000000000000000000e+00
2.418163585662841797e+02 3.833961296081542969e+02 2.501443481445312500e+02 3.930563449859619141e+02 2.603960847854614258e+02 4.033151578903198242e+02 2.000000000000000000e+00
2.254082584381103516e+02 3.530655598640441895e+02 2.337423706054687500e+02 3.626866579055786133e+02 2.438898897171020508e+02 3.729717493057250977e+02 2.000000000000000000e+00
1.799729442596435547e+02 4.207896852493286133e+02 1.884095287322998047e+02 4.304783964157104492e+02 1.987296104431152344e+02 4.410919332504272461e+02 2.000000000000000000e+00
1.840219688415527344e+02 4.257906961441040039e+02 1.924303531646728516e+02 4.354598808288574219e+02 2.028244113922119141e+02 4.460635471343994141e+02 2.000000000000000000e+00
2.128675937652587891e+02 4.042488241195678711e+02 2.211428070068359375e+02 4.139358043670654297e+02 2.315615653991699219e+02 4.242305660247802734e+02 2.000000000000000000e+00
1.821123313903808594e+02 3.445859098434448242e+02 1.903044891357421875e+02 3.543073153495788574e+02 2.005401897430419922e+02 3.647382831573486328e+02 2.000000000000000000e+00
1.640557384490966797e+02 3.578374385833740234e+02 1.723442363739013672e+02 3.676434946060180664e+02 1.826029205322265625e+02 3.782048463821411133e+02 2.000000000000000000e+00
2.128188323974609375e+02 3.922315120697021484e+02 2.210720348358154297e+02 4.019578599929809570e+02 2.314605236053466797e+02 4.121698665618896484e+02 2.000000000000000000e+00
1.793682098388671875e+02 3.807149076461791992e+02 1.878561401367187500e+02 3.903855085372924805e+02 1.980767917633056641e+02 4.008874940872192383e+02 2.000000000000000000e+00
5.150115966796875000e+02 4.500946712493896484e+02 5.235521888732910156e+02 4.592642068862915039e+02 5.340911293029785156e+02 4.689976930618286133e+02 2.000000000000000000e+00
1.700765514373779297e+02 3.577836942672729492e+02 1.784142017364501953e+02 3.675718116760253906e+02 1.886586284637451172e+02 3.780678462982177734e+02 2.000000000000000000e+00
5.220524978637695312e+02 4.490169525146484375e+02 5.305505943298339844e+02 4.582288599014282227e+02 5.410989952087402344e+02 4.679309177398681641e+02 2.000000000000000000e+00
2.211221027374267578e+02 3.280021691322326660e+02 2.293577098846435547e+02 3.376800584793090820e+02 2.395144462585449219e+02 3.478997254371643066e+02 2.000000000000000000e+00
1.797870159149169922e+02 4.007067346572875977e+02 1.882343769073486328e+02 4.104908895492553711e+02 1.984725284576416016e+02 4.209765958786010742e+02 2.000000000000000000e+00
1.727668857574462891e+02 3.987359333038330078e+02 1.811595916748046875e+02 4.085485553741455078e+02 1.914147663116455078e+02 4.190899801254272461e+02 2.000000000000000000e+00
1.538514137268066406e+02 3.428370380401611328e+02 1.620917797088623047e+02 3.525965952873229980e+02 1.723699665069580078e+02 3.631477975845336914e+02 2.000000000000000000e+00
5.319128990173339844e+02 4.488814830780029297e+02 5.404539299011230469e+02 4.581151199340820312e+02 5.509506225585937500e+02 4.677751636505126953e+02 2.000000000000000000e+00
1.661490726470947266e+02 3.648190069198608398e+02 1.744274234771728516e+02 3.747015380859375000e+02 1.847247314453125000e+02 3.851747846603393555e+02 2.000000000000000000e+00
4.950354576110839844e+02 4.470387411117553711e+02 5.035229301452636719e+02 4.563161087036132812e+02 5.139183425903320312e+02 4.661998701095581055e+02 2.000000000000000000e+00
1.569749069213867188e+02 3.488526391983032227e+02 1.652182006835937500e+02 3.586029124259948730e+02 1.755326652526855469e+02 3.692211914062500000e+02 2.000000000000000000e+00
2.486727762222290039e+02 4.427748155593872070e+02 2.570723867416381836e+02 4.524762725830078125e+02 2.675086069107055664e+02 4.627428960800170898e+02 2.000000000000000000e+00
2.357229423522949219e+02 3.833734273910522461e+02 2.440450143814086914e+02 3.930416679382324219e+02 2.542919588088989258e+02 4.032773494720458984e+02 2.000000000000000000e+00
2.249587726593017578e+02 3.649005174636840820e+02 2.332569599151611328e+02 3.745819473266601562e+02 2.434897899627685547e+02 3.848776960372924805e+02 2.000000000000000000e+00
1.566315269470214844e+02 3.768176651000976562e+02 1.649984836578369141e+02 3.866314744949340820e+02 1.750735187530517578e+02 3.970661687850952148e+02 2.000000000000000000e+00
1.704552936553955078e+02 3.347062397003173828e+02 1.786763095855712891e+02 3.444651818275451660e+02 1.888478946685791016e+02 3.548999118804931641e+02 2.000000000000000000e+00
2.311416625976562500e+02 4.040071249008178711e+02 2.395056629180908203e+02 4.136327362060546875e+02 2.497803497314453125e+02 4.240719366073608398e+02 2.000000000000000000e+00
2.356129550933837891e+02 3.487948966026306152e+02 2.440218210220336914e+02 3.584553623199462891e+02 2.540364980697631836e+02 3.687046623229980469e+02 2.000000000000000000e+00
1.816704273223876953e+02 3.947040224075317383e+02 1.901090335845947266e+02 4.044730281829833984e+02 2.003644371032714844e+02 4.149480628967285156e+02 2.000000000000000000e+00
1.789575004577636719e+02 3.273249220848083496e+02 1.871339416503906250e+02 3.370644879341125488e+02 1.972855091094970703e+02 3.475622892379760742e+02 2.000000000000000000e+00
1.600133991241455078e+02 3.316986107826232910e+02 1.683429431915283203e+02 3.414809918403625488e+02 1.784850597381591797e+02 3.519184899330139160e+02 2.000000000000000000e+00
4.991743850708007812e+02 4.411204576492309570e+02 5.075730705261230469e+02 4.502995061874389648e+02 5.178415489196777344e+02 4.600877523422241211e+02 2.000000000000000000e+00
5.367719841003417969e+02 4.532579469680786133e+02 5.453285026550292969e+02 4.624728155136108398e+02 5.558376502990722656e+02 4.721518707275390625e+02 2.000000000000000000e+00
1.517111968994140625e+02 3.227054786682128906e+02 1.599808692932128906e+02 3.325613451004028320e+02 1.701715087890625000e+02 3.430403208732604980e+02 2.000000000000000000e+00
1.596192359924316406e+02 4.069771242141723633e+02 1.679327964782714844e+02 4.167460155487060547e+02 1.783516979217529297e+02 4.272873258590698242e+02 2.000000000000000000e+00
1.667284202575683594e+02 4.129803800582885742e+02 1.750586795806884766e+02 4.227921581268310547e+02 1.854457950592041016e+02 4.333073186874389648e+02 2.000000000000000000e+00
2.271204471588134766e+02 3.842020368576049805e+02 2.354791069030761719e+02 3.938806486129760742e+02 2.457626771926879883e+02 4.041092920303344727e+02 2.000000000000000000e+00
1.844847106933593750e+02 3.866743183135986328e+02 1.929456329345703125e+02 3.964028120040893555e+02 2.031975269317626953e+02 4.068654870986938477e+02 2.000000000000000000e+00
1.679946708679199219e+02 3.236813735961914062e+02 1.761540699005126953e+02 3.334205961227416992e+02 1.862830162048339844e+02 3.438533377647399902e+02 2.000000000000000000e+00
1.539753723144531250e+02 3.558556866645812988e+02 1.622539329528808594e+02 3.656663274765014648e+02 1.725536441802978516e+02 3.762248611450195312e+02 2.000000000000000000e+00
1.726546001434326172e+02 3.906822538375854492e+02 1.810129070281982422e+02 4.004702854156494141e+02 1.913060092926025391e+02 4.109509420394897461e+02 2.000000000000000000e+00
1.768783092498779297e+02 4.098363733291625977e+02 1.853350067138671875e+02 4.196023035049438477e+02 1.955931663513183594e+02 4.301400518417358398e+02 2.000000000000000000e+00
2.200658702850341797e+02 4.132602596282958984e+02 2.283492088317871094e+02 4.229350948333740234e+02 2.387067222595214844e+02 4.332818984985351562e+02 2.000000000000000000e+00
1.831058502197265625e+02 3.556078219413757324e+02 1.913613224029541016e+02 3.653725004196166992e+02 2.015987205505371094e+02 3.756951999664306641e+02 2.000000000000000000e+00
3.509802246093750000e+02 4.437725257873535156e+02 3.594277048110961914e+02 4.535974216461181641e+02 3.697570514678955078e+02 4.640757894515991211e+02 2.000000000000000000e+00
2.252223968505859375e+02 3.947136354446411133e+02 2.335552692413330078e+02 4.044578075408935547e+02 2.438985586166381836e+02 4.146814727783203125e+02 2.000000000000000000e+00
2.263112735748291016e+02 3.379744005203247070e+02 2.345759677886962891e+02 3.476253104209899902e+02 2.446919870376586914e+02 3.578383541107177734e+02 2.000000000000000000e+00
3.359452211856842041e+02 4.470264387130737305e+02 3.443833923339843750e+02 4.565225887298583984e+02 3.547611403465270996e+02 4.665737056732177734e+02 2.000000000000000000e+00
5.247949790954589844e+02 4.392337131500244141e+02 5.332866287231445312e+02 4.484741878509521484e+02 5.437425041198730469e+02 4.582464408874511719e+02 2.000000000000000000e+00
2.117554759979248047e+02 3.852150678634643555e+02 2.200690269470214844e+02 3.949764776229858398e+02 2.303509044647216797e+02 4.051470136642456055e+02 2.000000000000000000e+00
5.112140846252441406e+02 4.405505132675170898e+02 5.196527099609375000e+02 4.497103643417358398e+02 5.301420402526855469e+02 4.594204187393188477e+02 2.000000000000000000e+00
2.331029605865478516e+02 3.730481386184692383e+02 2.414397287368774414e+02 3.826790285110473633e+02 2.516299295425415039e+02 3.929374837875366211e+02 2.000000000000000000e+00
3.871405935287475586e+02 4.519465112686157227e+02 3.956120634078979492e+02 4.613035726547241211e+02 4.060192298889160156e+02 4.714496040344238281e+02 2.000000000000000000e+00
1.861504936218261719e+02 4.461940097808837891e+02 1.947058391571044922e+02 4.559896945953369141e+02 2.051015758514404297e+02 4.665145397186279297e+02 2.000000000000000000e+00
2.354374027252197266e+02 3.608516550064086914e+02 2.438368654251098633e+02 3.704831600189208984e+02 2.540069723129272461e+02 3.807889223098754883e+02 2.000000000000000000e+00
3.208505249023437500e+02 4.508128452301025391e+02 3.293450927734375000e+02 4.604021072387695312e+02 3.396861577033996582e+02 4.705863189697265625e+02 2.000000000000000000e+00
3.148364561796188354e+02 4.500987052917480469e+02 3.233500671386718750e+02 4.595798206329345703e+02 3.337041020393371582e+02 4.698044872283935547e+02 2.000000000000000000e+00
2.131169700622558594e+02 4.313697052001953125e+02 2.214829730987548828e+02 4.409606409072875977e+02 2.319210815429687500e+02 4.513743066787719727e+02 2.000000000000000000e+00
2.120318412780761719e+02 4.182487249374389648e+02 2.204040241241455078e+02 4.279202127456665039e+02 2.307714557647705078e+02 4.383156538009643555e+02 2.000000000000000000e+00
1.833100986480712891e+02 3.726472234725952148e+02 1.917057800292968750e+02 3.823611831665039062e+02 2.019785404205322266e+02 3.928279781341552734e+02 2.000000000000000000e+00
1.640416717529296875e+02 3.498254442214965820e+02 1.722729206085205078e+02 3.595908594131469727e+02 1.825651073455810547e+02 3.701963281631469727e+02 2.000000000000000000e+00
2.132912445068359375e+02 4.434515476226806641e+02 2.217274761199951172e+02 4.530973863601684570e+02 2.321875572204589844e+02 4.636148214340209961e+02 2.000000000000000000e+00
3.616675424575805664e+02 4.428580427169799805e+02 3.699595022201538086e+02 4.527949047088623047e+02 3.803591632843017578e+02 4.633149576187133789e+02 2.000000000000000000e+00
1.771824359893798828e+02 3.587214732170104980e+02 1.854667472839355469e+02 3.685061073303222656e+02 1.957454013824462891e+02 3.789326906204223633e+02 2.000000000000000000e+00
2.305010795593261719e+02 3.888759183883666992e+02 2.388247680664062500e+02 3.985632133483886719e+02 2.490893697738647461e+02 4.088057041168212891e+02 2.000000000000000000e+00
1.792245483398437500e+02 3.385502386093139648e+02 1.874125671386718750e+02 3.482989883422851562e+02 1.976597690582275391e+02 3.587923979759216309e+02 2.000000000000000000e+00
2.291613101959228516e+02 4.121477079391479492e+02 2.375027275085449219e+02 4.218009138107299805e+02 2.478151226043701172e+02 4.321794176101684570e+02 2.000000000000000000e+00
3.979160451889038086e+02 4.455574464797973633e+02 4.064294147491455078e+02 4.549764490127563477e+02 4.167714881896972656e+02 4.651222372055053711e+02 2.000000000000000000e+00
2.188836956024169922e+02 3.981738996505737305e+02 2.271927165985107422e+02 4.078819084167480469e+02 2.375505352020263672e+02 4.181055450439453125e+02 2.000000000000000000e+00
1.541190528869628906e+02 3.648873424530029297e+02 1.624333000183105469e+02 3.747821044921875000e+02 1.727098560333251953e+02 3.852921152114868164e+02 2.000000000000000000e+00
1.721951103210449219e+02 3.507248282432556152e+02 1.803941154479980469e+02 3.604857873916625977e+02 1.907068920135498047e+02 3.709929227828979492e+02 2.000000000000000000e+00
2.537018251419067383e+02 4.470920276641845703e+02 2.621005868911743164e+02 4.567360639572143555e+02 2.725526428222656250e+02 4.670480203628540039e+02 2.000000000000000000e+00
1.712290287017822266e+02 4.480958318710327148e+02 1.795924186706542969e+02 4.578230094909667969e+02 1.900743675231933594e+02 4.683118772506713867e+02 2.000000000000000000e+00
1.628826427459716797e+02 3.427263879776000977e+02 1.711146259307861328e+02 3.524726915359497070e+02 1.813847637176513672e+02 3.629983949661254883e+02 2.000000000000000000e+00
1.720872974395751953e+02 4.269779491424560547e+02 1.804647350311279297e+02 4.367065286636352539e+02 1.909071922302246094e+02 4.473577308654785156e+02 2.000000000000000000e+00
2.283296489715576172e+02 3.601250982284545898e+02 2.366996574401855469e+02 3.697189950942993164e+02 2.468827962875366211e+02 3.800468587875366211e+02 2.000000000000000000e+00
2.182856464385986328e+02 3.450659251213073730e+02 2.265300464630126953e+02 3.547129297256469727e+02 2.366844749450683594e+02 3.649501991271972656e+02 2.000000000000000000e+00
3.429455876350402832e+02 4.495453548431396484e+02 3.514507746696472168e+02 4.590883541107177734e+02 3.617596435546875000e+02 4.691722583770751953e+02 2.000000000000000000e+00
