4.671765422821044922e+02 3.486347079277038574e+02 4.743756771087646484e+02 3.585448050498962402e+02 4.770324993133544922e+02 3.643377685546875000e+02 1.000000000000000000e+00
5.009181785583496094e+02 3.594994568824768066e+02 5.081725502014160156e+02 3.692302036285400391e+02 5.109816932678222656e+02 3.746704101562500000e+02 1.000000000000000000e+00
4.847361183166503906e+02 3.976057863235473633e+02 4.919769859313964844e+02 4.074463033676147461e+02 4.946989440917968750e+02 4.136441087722778320e+02 1.000000000000000000e+00
4.724032306671142578e+02 3.600941562652587891e+02 4.796080970764160156e+02 3.701276922225952148e+02 4.824593544006347656e+02 3.758375072479248047e+02 1.000000000000000000e+00
4.870633506774902344e+02 3.350396490097045898e+02 4.941078186035156250e+02 3.446542096138000488e+02 4.967306327819824219e+02 3.501536607742309570e+02 1.000000000000000000e+00
4.676755046844482422e+02 3.299863600730895996e+02 4.739408874511718750e+02 3.384083318710327148e+02 4.760877704620361328e+02 3.431770992279052734e+02 1.000000000000000000e+00
4.847771072387695312e+02 4.186925411224365234e+02 4.921439170837402344e+02 4.285193252563476562e+02 4.949223709106445312e+02 4.347213792800903320e+02 1.000000000000000000e+00
3.607636117935180664e+02 4.248251724243164062e+02 3.674433279037475586e+02 4.350298833847045898e+02 3.696234750747680664e+02 4.414582872390747070e+02 1.000000000000000000e+00
3.508199763298034668e+02 4.308391571044921875e+02 3.574701857566833496e+02 4.411685657501220703e+02 3.595426344871520996e+02 4.476055955886840820e+02 1.000000000000000000e+00
4.870952796936035156e+02 4.320766639709472656e+02 4.944342613220214844e+02 4.421464347839355469e+02 4.973118019104003906e+02 4.481813478469848633e+02 1.000000000000000000e+00
5.382999992370605469e+02 3.620350170135498047e+02 5.459390258789062500e+02 3.715573453903198242e+02 5.490174674987792969e+02 3.768375921249389648e+02 1.000000000000000000e+00
5.062540245056152344e+02 3.529675340652465820e+02 5.134959793090820312e+02 3.625414752960205078e+02 5.162539672851562500e+02 3.679190683364868164e+02 1.000000000000000000e+00
4.897534751892089844e+02 3.278613352775573730e+02 4.968298339843750000e+02 3.375419998168945312e+02 4.994676589965820312e+02 3.430301856994628906e+02 1.000000000000000000e+00
5.893146324157714844e+02 4.107641744613647461e+02 5.975748252868652344e+02 4.203240394592285156e+02 6.014573478698730469e+02 4.255260372161865234e+02 1.000000000000000000e+00
5.905374717712402344e+02 4.009735250473022461e+02 5.987484741210937500e+02 4.102921772003173828e+02 6.025178337097167969e+02 4.153879451751708984e+02 1.000000000000000000e+00
5.226370239257812500e+02 3.555734324455261230e+02 5.300451660156250000e+02 3.650485038757324219e+02 5.332339477539062500e+02 3.704076290130615234e+02 1.000000000000000000e+00
3.976097106933593750e+02 4.369061422348022461e+02 4.086007976531982422e+02 4.474533462524414062e+02 4.152451515197753906e+02 4.538440990447998047e+02 1.000000000000000000e+00
5.669600868225097656e+02 3.604318284988403320e+02 5.748953247070312500e+02 3.697913217544555664e+02 5.788194656372070312e+02 3.750138330459594727e+02 1.000000000000000000e+00
5.013282203674316406e+02 3.464194393157958984e+02 5.084826660156250000e+02 3.559950327873229980e+02 5.112539100646972656e+02 3.613612747192382812e+02 1.000000000000000000e+00
4.654469966888427734e+02 4.131370639801025391e+02 4.725436687469482422e+02 4.230478048324584961e+02 4.753486633300781250e+02 4.291307115554809570e+02 1.000000000000000000e+00
4.188730144500732422e+02 4.345935773849487305e+02 4.259916687011718750e+02 4.449118423461914062e+02 4.285347938537597656e+02 4.511657810211181641e+02 1.000000000000000000e+00
4.615064430236816406e+02 3.582802462577819824e+02 4.687099933624267578e+02 3.682649946212768555e+02 4.714198017120361328e+02 3.740593385696411133e+02 1.000000000000000000e+00
3.733493947982788086e+02 4.225539350509643555e+02 3.800022888183593750e+02 4.327446699142456055e+02 3.822384643554687500e+02 4.391215610504150391e+02 1.000000000000000000e+00
3.546443796157836914e+02 4.321272325515747070e+02 3.613475942611694336e+02 4.425761461257934570e+02 3.635310363769531250e+02 4.491501331329345703e+02 1.000000000000000000e+00
3.342924499511718750e+02 4.245893096923828125e+02 3.407796335220336914e+02 4.348416852951049805e+02 3.427588510513305664e+02 4.414416933059692383e+02 1.000000000000000000e+00
4.243056011199951172e+02 4.259334468841552734e+02 4.312737178802490234e+02 4.362300539016723633e+02 4.337645626068115234e+02 4.423296546936035156e+02 1.000000000000000000e+00
5.064087295532226562e+02 3.587033414840698242e+02 5.137091636657714844e+02 3.683146476745605469e+02 5.165413284301757812e+02 3.736546325683593750e+02 1.000000000000000000e+00
3.989803457260131836e+02 4.256403636932373047e+02 4.057432270050048828e+02 4.358645725250244141e+02 4.080879497528076172e+02 4.421731710433959961e+02 1.000000000000000000e+00
3.554703688621520996e+02 4.308240079879760742e+02 3.621278381347656250e+02 4.410676717758178711e+02 3.643368864059448242e+02 4.475575304031372070e+02 1.000000000000000000e+00
5.325143432617187500e+02 4.151084947586059570e+02 5.403539466857910156e+02 4.247154378890991211e+02 5.436031532287597656e+02 4.304817867279052734e+02 1.000000000000000000e+00
4.130427837371826172e+02 4.234338712692260742e+02 4.200168800354003906e+02 4.336875343322753906e+02 4.223722839355468750e+02 4.398052453994750977e+02 1.000000000000000000e+00
3.895435810089111328e+02 4.251005029678344727e+02 3.962722778320312500e+02 4.353039979934692383e+02 3.985195016860961914e+02 4.416167163848876953e+02 1.000000000000000000e+00
4.983504676818847656e+02 3.387197327613830566e+02 5.055356407165527344e+02 3.483514738082885742e+02 5.082832717895507812e+02 3.537230587005615234e+02 1.000000000000000000e+00
4.542964458465576172e+02 3.513649034500122070e+02 4.614308452606201172e+02 3.613650512695312500e+02 4.641114807128906250e+02 3.673216867446899414e+02 1.000000000000000000e+00
5.037289810180664062e+02 4.144440364837646484e+02 5.113783264160156250e+02 4.242278909683227539e+02 5.146613883972167969e+02 4.302873086929321289e+02 1.000000000000000000e+00
3.401655268669128418e+02 4.244401359558105469e+02 3.466774606704711914e+02 4.346698951721191406e+02 3.486820077896118164e+02 4.412397909164428711e+02 1.000000000000000000e+00
5.838887405395507812e+02 3.687109136581420898e+02 5.919180297851562500e+02 3.780539989471435547e+02 5.961552238464355469e+02 3.831422567367553711e+02 1.000000000000000000e+00
4.945260047912597656e+02 3.436797237396240234e+02 5.016902160644531250e+02 3.533460760116577148e+02 5.044325065612792969e+02 3.587959027290344238e+02 1.000000000000000000e+00
5.527015495300292969e+02 3.625370264053344727e+02 5.605398559570312500e+02 3.719317388534545898e+02 5.640723228454589844e+02 3.771545791625976562e+02 1.000000000000000000e+00
5.843873977661132812e+02 3.615937328338623047e+02 5.923593711853027344e+02 3.709580755233764648e+02 5.962183952331542969e+02 3.760705089569091797e+02 1.000000000000000000e+00
5.905170249938964844e+02 3.753432655334472656e+02 5.985400390625000000e+02 3.846218347549438477e+02 6.022980308532714844e+02 3.896083402633666992e+02 1.000000000000000000e+00
4.767901897430419922e+02 4.188832426071166992e+02 4.841332054138183594e+02 4.287984752655029297e+02 4.869163322448730469e+02 4.349403476715087891e+02 1.000000000000000000e+00
3.469155883789062500e+02 4.322304725646972656e+02 3.535044860839843750e+02 4.428469276428222656e+02 3.554751586914062500e+02 4.493371725082397461e+02 1.000000000000000000e+00
4.056089210510253906e+02 4.225737762451171875e+02 4.125136470794677734e+02 4.328573656082153320e+02 4.147743511199951172e+02 4.390318393707275391e+02 1.000000000000000000e+00
5.201058387756347656e+02 4.152714586257934570e+02 5.277610588073730469e+02 4.249704408645629883e+02 5.311815261840820312e+02 4.307896184921264648e+02 1.000000000000000000e+00
4.970865249633789062e+02 3.985616540908813477e+02 5.048301506042480469e+02 4.083023500442504883e+02 5.086990928649902344e+02 4.144473123550415039e+02 1.000000000000000000e+00
5.825130081176757812e+02 4.067150115966796875e+02 5.906623649597167969e+02 4.160731887817382812e+02 5.944124794006347656e+02 4.211712741851806641e+02 1.000000000000000000e+00
5.473711585998535156e+02 3.499902677536010742e+02 5.550388908386230469e+02 3.594213008880615234e+02 5.583523559570312500e+02 3.646169185638427734e+02 1.000000000000000000e+00
3.617054748535156250e+02 4.334564352035522461e+02 3.684368276596069336e+02 4.438016223907470703e+02 3.706045866012573242e+02 4.503373289108276367e+02 1.000000000000000000e+00
5.523405838012695312e+02 4.298804998397827148e+02 5.603392982482910156e+02 4.397467517852783203e+02 5.636907386779785156e+02 4.452883958816528320e+02 1.000000000000000000e+00
5.893942832946777344e+02 4.080930805206298828e+02 5.976338005065917969e+02 4.173892307281494141e+02 6.014592361450195312e+02 4.223969793319702148e+02 1.000000000000000000e+00
4.550736427307128906e+02 3.669605827331542969e+02 4.622752666473388672e+02 3.768389368057250977e+02 4.650288391113281250e+02 3.826807022094726562e+02 1.000000000000000000e+00
5.374401283264160156e+02 3.551989173889160156e+02 5.450664138793945312e+02 3.646530532836914062e+02 5.481662559509277344e+02 3.699300956726074219e+02 1.000000000000000000e+00
4.996739768981933594e+02 3.744198989868164062e+02 5.070745277404785156e+02 3.840286588668823242e+02 5.101024246215820312e+02 3.898036336898803711e+02 1.000000000000000000e+00
4.964777183532714844e+02 3.279759263992309570e+02 5.035884475708007812e+02 3.375831627845764160e+02 5.062375450134277344e+02 3.430828285217285156e+02 1.000000000000000000e+00
4.617489624023437500e+02 3.686506462097167969e+02 4.690269470214843750e+02 3.786232137680053711e+02 4.717990112304687500e+02 3.843643283843994141e+02 1.000000000000000000e+00
5.166644287109375000e+02 3.605888414382934570e+02 5.240239906311035156e+02 3.699934387207031250e+02 5.272321128845214844e+02 3.753105211257934570e+02 1.000000000000000000e+00
5.485501670837402344e+02 4.147374343872070312e+02 5.564443397521972656e+02 4.243758058547973633e+02 5.599487304687500000e+02 4.299957418441772461e+02 1.000000000000000000e+00
4.601494121551513672e+02 3.472211694717407227e+02 4.673359107971191406e+02 3.571452999114990234e+02 4.699467468261718750e+02 3.629907274246215820e+02 1.000000000000000000e+00
3.838023710250854492e+02 4.224353742599487305e+02 3.904916381835937500e+02 4.325915908813476562e+02 3.927110910415649414e+02 4.388939666748046875e+02 1.000000000000000000e+00
4.590171527862548828e+02 3.398843407630920410e+02 4.661520099639892578e+02 3.497070050239562988e+02 4.686936950683593750e+02 3.554647564888000488e+02 1.000000000000000000e+00
3.383037114143371582e+02 4.306734752655029297e+02 3.447759699821472168e+02 4.412163734436035156e+02 3.467732548713684082e+02 4.475691318511962891e+02 1.000000000000000000e+00
4.945928382873535156e+02 3.733467435836791992e+02 5.017316627502441406e+02 3.830143833160400391e+02 5.045798301696777344e+02 3.887088060379028320e+02 1.000000000000000000e+00
5.569743728637695312e+02 4.081380701065063477e+02 5.648638343811035156e+02 4.177126550674438477e+02 5.684740066528320312e+02 4.234875011444091797e+02 1.000000000000000000e+00
4.869481849670410156e+02 3.713451290130615234e+02 4.940951347351074219e+02 3.810369300842285156e+02 4.969322776794433594e+02 3.867383766174316406e+02 1.000000000000000000e+00
5.825038528442382812e+02 4.109224319458007812e+02 5.906492424011230469e+02 4.204791641235351562e+02 5.944512367248535156e+02 4.256258583068847656e+02 1.000000000000000000e+00
4.529457092285156250e+02 3.708165407180786133e+02 4.600676918029785156e+02 3.805640029907226562e+02 4.627651977539062500e+02 3.863007545471191406e+02 1.000000000000000000e+00
3.482944035530090332e+02 4.345270156860351562e+02 3.548096919059753418e+02 4.451173782348632812e+02 3.564239192008972168e+02 4.515383434295654297e+02 1.000000000000000000e+00
4.467263221740722656e+02 3.637824726104736328e+02 4.540438556671142578e+02 3.738497400283813477e+02 4.568460369110107422e+02 3.798853540420532227e+02 1.000000000000000000e+00
4.800269889831542969e+02 3.279325032234191895e+02 4.865263366699218750e+02 3.365829849243164062e+02 4.890963554382324219e+02 3.420647335052490234e+02 1.000000000000000000e+00
4.961134147644042969e+02 4.284472990036010742e+02 5.034760093688964844e+02 4.382185220718383789e+02 5.064308166503906250e+02 4.444265556335449219e+02 1.000000000000000000e+00
4.884151268005371094e+02 3.926492643356323242e+02 4.956180381774902344e+02 4.024259090423583984e+02 4.983345603942871094e+02 4.085933589935302734e+02 1.000000000000000000e+00
5.771554565429687500e+02 4.147464752197265625e+02 5.851892662048339844e+02 4.243680238723754883e+02 5.890189170837402344e+02 4.295492076873779297e+02 1.000000000000000000e+00
4.541359233856201172e+02 3.808791303634643555e+02 4.612325763702392578e+02 3.906572055816650391e+02 4.638924312591552734e+02 3.963731718063354492e+02 1.000000000000000000e+00
4.419606971740722656e+02 4.227225065231323242e+02 4.489603328704833984e+02 4.329975414276123047e+02 4.515507507324218750e+02 4.389746761322021484e+02 1.000000000000000000e+00
4.536486530303955078e+02 4.390693473815917969e+02 4.617669677734375000e+02 4.494183397293090820e+02 4.645696163177490234e+02 4.556549119949340820e+02 1.000000000000000000e+00
2.197069358825683594e+02 3.747273874282836914e+02 2.297931671142578125e+02 3.851157045364379883e+02 2.358930206298828125e+02 3.911669111251831055e+02 2.000000000000000000e+00
2.283686923980712891e+02 3.687516832351684570e+02 2.385129261016845703e+02 3.790702915191650391e+02 2.445033884048461914e+02 3.851757574081420898e+02 2.000000000000000000e+00
2.203332996368408203e+02 3.516744446754455566e+02 2.306016349792480469e+02 3.619856357574462891e+02 2.365789508819580078e+02 3.681419134140014648e+02 2.000000000000000000e+00
2.346925163269042969e+02 3.546248245239257812e+02 2.448003053665161133e+02 3.648527526855468750e+02 2.508778810501098633e+02 3.709594774246215820e+02 2.000000000000000000e+00
2.284404850006103516e+02 3.456875967979431152e+02 2.386264801025390625e+02 3.559372901916503906e+02 2.446470308303833008e+02 3.621081876754760742e+02 2.000000000000000000e+00
2.223357868194580078e+02 3.406856131553649902e+02 2.325438976287841797e+02 3.509536170959472656e+02 2.385138416290283203e+02 3.571361446380615234e+02 2.000000000000000000e+00
2.501443481445312500e+02 3.930563449859619141e+02 2.603960847854614258e+02 4.033151578903198242e+02 2.664533662796020508e+02 4.093791532516479492e+02 2.000000000000000000e+00
2.337423706054687500e+02 3.626866579055786133e+02 2.438898897171020508e+02 3.729717493057250977e+02 2.499966287612915039e+02 3.790587902069091797e+02 2.000000000000000000e+00
1.884095287322998047e+02 4.304783964157104492e+02 1.987296104431152344e+02 4.410919332504272461e+02 2.048380565643310547e+02 4.471721935272216797e+02 2.000000000000000000e+00
1.924303531646728516e+02 4.354598808288574219e+02 2.028244113922119141e+02 4.460635471343994141e+02 2.089227008819580078e+02 4.521232080459594727e+02 2.000000000000000000e+00
2.211428070068359375e+02 4.139358043670654297e+02 2.315615653991699219e+02 4.242305660247802734e+02 2.377150249481201172e+02 4.303409528732299805e+02 2.000000000000000000e+00
1.903044891357421875e+02 3.543073153495788574e+02 2.005401897430419922e+02 3.647382831573486328e+02 2.065548229217529297e+02 3.708802843093872070e+02 2.000000000000000000e+00
1.723442363739013672e+02 3.676434946060180664e+02 1.826029205322265625e+02 3.782048463821411133e+02 1.887106037139892578e+02 3.842511034011840820e+02 2.000000000000000000e+00
2.210720348358154297e+02 4.019578599929809570e+02 2.314605236053466797e+02 4.121698665618896484e+02 2.376162242889404297e+02 4.183338975906372070e+02 2.000000000000000000e+00
1.878561401367187500e+02 3.903855085372924805e+02 1.980767917633056641e+02 4.008874940872192383e+02 2.041649436950683594e+02 4.070023298263549805e+02 2.000000000000000000e+00
5.235521888732910156e+02 4.592642068862915039e+02 5.340911293029785156e+02 4.689976930618286133e+02 5.403047561645507812e+02 4.744497871398925781e+02 2.000000000000000000e+00
1.784142017364501953e+02 3.675718116760253906e+02 1.886586284637451172e+02 3.780678462982177734e+02 1.947535419464111328e+02 3.841652870178222656e+02 2.000000000000000000e+00
5.305505943298339844e+02 4.582288599014282227e+02 5.410989952087402344e+02 4.679309177398681641e+02 5.473243522644042969e+02 4.733960151672363281e+02 2.000000000000000000e+00
2.293577098846435547e+02 3.376800584793090820e+02 2.395144462585449219e+02 3.478997254371643066e+02 2.454828023910522461e+02 3.540948843955993652e+02 2.000000000000000000e+00
1.882343769073486328e+02 4.104908895492553711e+02 1.984725284576416016e+02 4.209765958786010742e+02 2.045861816406250000e+02 4.270929050445556641e+02 2.000000000000000000e+00
1.811595916748046875e+02 4.085485553741455078e+02 1.914147663116455078e+02 4.190899801254272461e+02 1.975373077392578125e+02 4.251467657089233398e+02 2.000000000000000000e+00
1.620917797088623047e+02 3.525965952873229980e+02 1.723699665069580078e+02 3.631477975845336914e+02 1.784893894195556641e+02 3.693230295181274414e+02 2.000000000000000000e+00
5.404539299011230469e+02 4.581151199340820312e+02 5.509506225585937500e+02 4.677751636505126953e+02 5.572590446472167969e+02 4.732981395721435547e+02 2.000000000000000000e+00
1.744274234771728516e+02 3.747015380859375000e+02 1.847247314453125000e+02 3.851747846603393555e+02 1.908122253417968750e+02 3.912731981277465820e+02 2.000000000000000000e+00
5.035229301452636719e+02 4.563161087036132812e+02 5.139183425903320312e+02 4.661998701095581055e+02 5.202021598815917969e+02 4.716717910766601562e+02 2.000000000000000000e+00
1.652182006835937500e+02 3.586029124259948730e+02 1.755326652526855469e+02 3.692211914062500000e+02 1.816132354736328125e+02 3.753057575225830078e+02 2.000000000000000000e+00
2.570723867416381836e+02 4.524762725830078125e+02 2.675086069107055664e+02 4.627428960800170898e+02 2.736395883560180664e+02 4.687500715255737305e+02 2.000000000000000000e+00
2.440450143814086914e+02 3.930416679382324219e+02 2.542919588088989258e+02 4.032773494720458984e+02 2.603214406967163086e+02 4.093888664245605469e+02 2.000000000000000000e+00
2.332569599151611328e+02 3.745819473266601562e+02 2.434897899627685547e+02 3.848776960372924805e+02 2.494799327850341797e+02 3.909320211410522461e+02 2.000000000000000000e+00
1.649984836578369141e+02 3.866314744949340820e+02 1.750735187530517578e+02 3.970661687850952148e+02 1.813409233093261719e+02 4.033676290512084961e+02 2.000000000000000000e+00
1.786763095855712891e+02 3.444651818275451660e+02 1.888478946685791016e+02 3.548999118804931641e+02 1.947591686248779297e+02 3.610340023040771484e+02 2.000000000000000000e+00
2.395056629180908203e+02 4.136327362060546875e+02 2.497803497314453125e+02 4.240719366073608398e+02 2.559892416000366211e+02 4.299903059005737305e+02 2.000000000000000000e+00
2.440218210220336914e+02 3.584553623199462891e+02 2.540364980697631836e+02 3.687046623229980469e+02 2.602067232131958008e+02 3.747218370437622070e+02 2.000000000000000000e+00
1.901090335845947266e+02 4.044730281829833984e+02 2.003644371032714844e+02 4.149480628967285156e+02 2.064907550811767578e+02 4.210480499267578125e+02 2.000000000000000000e+00
1.871339416503906250e+02 3.370644879341125488e+02 1.972855091094970703e+02 3.475622892379760742e+02 2.031473827362060547e+02 3.535696792602539062e+02 2.000000000000000000e+00
1.683429431915283203e+02 3.414809918403625488e+02 1.784850597381591797e+02 3.519184899330139160e+02 1.844971179962158203e+02 3.581078267097473145e+02 2.000000000000000000e+00
5.075730705261230469e+02 4.502995061874389648e+02 5.178415489196777344e+02 4.600877523422241211e+02 5.241708374023437500e+02 4.654034185409545898e+02 2.000000000000000000e+00
5.453285026550292969e+02 4.624728155136108398e+02 5.558376502990722656e+02 4.721518707275390625e+02 5.621286582946777344e+02 4.775937366485595703e+02 2.000000000000000000e+00
1.599808692932128906e+02 3.325613451004028320e+02 1.701715087890625000e+02 3.430403208732604980e+02 1.761835193634033203e+02 3.492820215225219727e+02 2.000000000000000000e+00
1.679327964782714844e+02 4.167460155487060547e+02 1.783516979217529297e+02 4.272873258590698242e+02 1.843878269195556641e+02 4.334386682510375977e+02 2.000000000000000000e+00
1.750586795806884766e+02 4.227921581268310547e+02 1.854457950592041016e+02 4.333073186874389648e+02 1.915581512451171875e+02 4.394409656524658203e+02 2.000000000000000000e+00
2.354791069030761719e+02 3.938806486129760742e+02 2.457626771926879883e+02 4.041092920303344727e+02 2.517676401138305664e+02 4.102522087097167969e+02 2.000000000000000000e+00
1.929456329345703125e+02 3.964028120040893555e+02 2.031975269317626953e+02 4.068654870986938477e+02 2.092724704742431641e+02 4.130112361907958984e+02 2.000000000000000000e+00
1.761540699005126953e+02 3.334205961227416992e+02 1.862830162048339844e+02 3.438533377647399902e+02 1.921933078765869141e+02 3.499835872650146484e+02 2.000000000000000000e+00
1.622539329528808594e+02 3.656663274765014648e+02 1.725536441802978516e+02 3.762248611450195312e+02 1.786625671386718750e+02 3.823318862915039062e+02 2.000000000000000000e+00
1.810129070281982422e+02 4.004702854156494141e+02 1.913060092926025391e+02 4.109509420394897461e+02 1.973820018768310547e+02 4.170638465881347656e+02 2.000000000000000000e+00
1.853350067138671875e+02 4.196023035049438477e+02 1.955931663513183594e+02 4.301400518417358398e+02 2.017035388946533203e+02 4.363172435760498047e+02 2.000000000000000000e+00
2.283492088317871094e+02 4.229350948333740234e+02 2.387067222595214844e+02 4.332818984985351562e+02 2.448686647415161133e+02 4.393350648880004883e+02 2.000000000000000000e+00
1.913613224029541016e+02 3.653725004196166992e+02 2.015987205505371094e+02 3.756951999664306641e+02 2.077015399932861328e+02 3.819357633590698242e+02 2.000000000000000000e+00
3.594277048110961914e+02 4.535974216461181641e+02 3.697570514678955078e+02 4.640757894515991211e+02 3.760358572006225586e+02 4.703220319747924805e+02 2.000000000000000000e+00
2.335552692413330078e+02 4.044578075408935547e+02 2.438985586166381836e+02 4.146814727783203125e+02 2.500213623046875000e+02 4.207406044006347656e+02 2.000000000000000000e+00
2.345759677886962891e+02 3.476253104209899902e+02 2.446919870376586914e+02 3.578383541107177734e+02 2.507960176467895508e+02 3.639554214477539062e+02 2.000000000000000000e+00
3.443833923339843750e+02 4.565225887298583984e+02 3.547611403465270996e+02 4.665737056732177734e+02 3.611317777633666992e+02 4.724560403823852539e+02 2.000000000000000000e+00
5.332866287231445312e+02 4.484741878509521484e+02 5.437425041198730469e+02 4.582464408874511719e+02 5.500499916076660156e+02 4.636082267761230469e+02 2.000000000000000000e+00
2.200690269470214844e+02 3.949764776229858398e+02 2.303509044647216797e+02 4.051470136642456055e+02 2.365111827850341797e+02 4.113396692276000977e+02 2.000000000000000000e+00
5.196527099609375000e+02 4.497103643417358398e+02 5.301420402526855469e+02 4.594204187393188477e+02 5.363360595703125000e+02 4.650124311447143555e+02 2.000000000000000000e+00
2.414397287368774414e+02 3.826790285110473633e+02 2.516299295425415039e+02 3.929374837875366211e+02 2.576762390136718750e+02 3.989986324310302734e+02 2.000000000000000000e+00
3.956120634078979492e+02 4.613035726547241211e+02 4.060192298889160156e+02 4.714496040344238281e+02 4.123069190979003906e+02 4.772197151184082031e+02 2.000000000000000000e+00
1.947058391571044922e+02 4.559896945953369141e+02 2.051015758514404297e+02 4.665145397186279297e+02 2.113940906524658203e+02 4.725990056991577148e+02 2.000000000000000000e+00
2.438368654251098633e+02 3.704831600189208984e+02 2.540069723129272461e+02 3.807889223098754883e+02 2.600608205795288086e+02 3.867793893814086914e+02 2.000000000000000000e+00
3.293450927734375000e+02 4.604021072387695312e+02 3.396861577033996582e+02 4.705863189697265625e+02 3.458631587028503418e+02 4.764906120300292969e+02 2.000000000000000000e+00
3.233500671386718750e+02 4.595798206329345703e+02 3.337041020393371582e+02 4.698044872283935547e+02 3.398740541934967041e+02 4.756849193572998047e+02 2.000000000000000000e+00
2.214829730987548828e+02 4.409606409072875977e+02 2.319210815429687500e+02 4.513743066787719727e+02 2.381560039520263672e+02 4.574515771865844727e+02 2.000000000000000000e+00
2.204040241241455078e+02 4.279202127456665039e+02 2.307714557647705078e+02 4.383156538009643555e+02 2.369512271881103516e+02 4.443367767333984375e+02 2.000000000000000000e+00
1.917057800292968750e+02 3.823611831665039062e+02 2.019785404205322266e+02 3.928279781341552734e+02 2.080647087097167969e+02 3.989291810989379883e+02 2.000000000000000000e+00
1.722729206085205078e+02 3.595908594131469727e+02 1.825651073455810547e+02 3.701963281631469727e+02 1.886675357818603516e+02 3.762335014343261719e+02 2.000000000000000000e+00
2.217274761199951172e+02 4.530973863601684570e+02 2.321875572204589844e+02 4.636148214340209961e+02 2.384136009216308594e+02 4.695530891418457031e+02 2.000000000000000000e+00
3.699595022201538086e+02 4.527949047088623047e+02 3.803591632843017578e+02 4.633149576187133789e+02 3.863638925552368164e+02 4.695845746994018555e+02 2.000000000000000000e+00
1.854667472839355469e+02 3.685061073303222656e+02 1.957454013824462891e+02 3.789326906204223633e+02 2.018159580230712891e+02 3.850756359100341797e+02 2.000000000000000000e+00
2.388247680664062500e+02 3.985632133483886719e+02 2.490893697738647461e+02 4.088057041168212891e+02 2.551661968231201172e+02 4.148994255065917969e+02 2.000000000000000000e+00
1.874125671386718750e+02 3.482989883422851562e+02 1.976597690582275391e+02 3.587923979759216309e+02 2.036229419708251953e+02 3.647918128967285156e+02 2.000000000000000000e+00
2.375027275085449219e+02 4.218009138107299805e+02 2.478151226043701172e+02 4.321794176101684570e+02 2.539694833755493164e+02 4.382002401351928711e+02 2.000000000000000000e+00
4.064294147491455078e+02 4.549764490127563477e+02 4.167714881896972656e+02 4.651222372055053711e+02 4.230703735351562500e+02 4.712324094772338867e+02 2.000000000000000000e+00
2.271927165985107422e+02 4.078819084167480469e+02 2.375505352020263672e+02 4.181055450439453125e+02 2.437167644500732422e+02 4.242671298980712891e+02 2.000000000000000000e+00
1.624333000183105469e+02 3.747821044921875000e+02 1.727098560333251953e+02 3.852921152114868164e+02 1.788398075103759766e+02 3.914308547973632812e+02 2.000000000000000000e+00
1.803941154479980469e+02 3.604857873916625977e+02 1.907068920135498047e+02 3.709929227828979492e+02 1.967384910583496094e+02 3.770880460739135742e+02 2.000000000000000000e+00
2.621005868911743164e+02 4.567360639572143555e+02 2.725526428222656250e+02 4.670480203628540039e+02 2.787120342254638672e+02 4.730425500869750977e+02 2.000000000000000000e+00
1.795924186706542969e+02 4.578230094909667969e+02 1.900743675231933594e+02 4.683118772506713867e+02 1.962517356872558594e+02 4.744860076904296875e+02 2.000000000000000000e+00
1.711146259307861328e+02 3.524726915359497070e+02 1.813847637176513672e+02 3.629983949661254883e+02 1.874900817871093750e+02 3.691238737106323242e+02 2.000000000000000000e+00
1.804647350311279297e+02 4.367065286636352539e+02 1.909071922302246094e+02 4.473577308654785156e+02 1.969115734100341797e+02 4.534545421600341797e+02 2.000000000000000000e+00
2.366996574401855469e+02 3.697189950942993164e+02 2.468827962875366211e+02 3.800468587875366211e+02 2.529057168960571289e+02 3.861116981506347656e+02 2.000000000000000000e+00
2.265300464630126953e+02 3.547129297256469727e+02 2.366844749450683594e+02 3.649501991271972656e+02 2.427245473861694336e+02 3.711210680007934570e+02 2.000000000000000000e+00
3.514507746696472168e+02 4.590883541107177734e+02 3.617596435546875000e+02 4.691722583770751953e+02 3.680806303024291992e+02 4.750724029541015625e+02 2.000000000000000000e+00
