4.878163528442382812e+02 3.574337196350097656e+02 4.925615501403808594e+02 3.512751817703247070e+02 4.916392517089843750e+02 3.391777396202087402e+02 1.000000000000000000e+00
5.223266029357910156e+02 3.683497667312622070e+02 5.272137451171875000e+02 3.624727821350097656e+02 5.265399169921875000e+02 3.506042861938476562e+02 1.000000000000000000e+00
5.054760742187500000e+02 4.074412250518798828e+02 5.102581214904785156e+02 4.019707059860229492e+02 5.091842651367187500e+02 3.901997423171997070e+02 1.000000000000000000e+00
4.937011146545410156e+02 3.688193750381469727e+02 4.982092666625976562e+02 3.627461671829223633e+02 4.971939659118652344e+02 3.507833003997802734e+02 1.000000000000000000e+00
5.079589653015136719e+02 3.432735371589660645e+02 5.127877807617187500e+02 3.372686219215393066e+02 5.122502517700195312e+02 3.252372479438781738e+02 1.000000000000000000e+00
4.870894432067871094e+02 3.359978985786437988e+02 4.920773124694824219e+02 3.300979042053222656e+02 4.913778686523437500e+02 3.177812576293945312e+02 1.000000000000000000e+00
5.055236816406250000e+02 4.291252899169921875e+02 5.098791503906250000e+02 4.235989522933959961e+02 5.087674522399902344e+02 4.118550825119018555e+02 1.000000000000000000e+00
3.781369352340698242e+02 4.348485231399536133e+02 3.818456411361694336e+02 4.290219783782958984e+02 3.800423908233642578e+02 4.166449069976806641e+02 1.000000000000000000e+00
3.677945566177368164e+02 4.412242841720581055e+02 3.715158987045288086e+02 4.353526067733764648e+02 3.696462106704711914e+02 4.230401659011840820e+02 1.000000000000000000e+00
5.077322196960449219e+02 4.429449892044067383e+02 5.121146965026855469e+02 4.373799562454223633e+02 5.109530639648437500e+02 4.257133340835571289e+02 1.000000000000000000e+00
5.619581985473632812e+02 3.703491640090942383e+02 5.679367637634277344e+02 3.645649194717407227e+02 5.673661613464355469e+02 3.527204918861389160e+02 1.000000000000000000e+00
5.278364944458007812e+02 3.613014221191406250e+02 5.327181434631347656e+02 3.554145598411560059e+02 5.321862792968750000e+02 3.435463643074035645e+02 1.000000000000000000e+00
5.107904624938964844e+02 3.361982202529907227e+02 5.156979942321777344e+02 3.302228450775146484e+02 5.151599693298339844e+02 3.181787753105163574e+02 1.000000000000000000e+00
6.161080932617187500e+02 4.192323732376098633e+02 6.219990921020507812e+02 4.139580774307250977e+02 6.220094680786132812e+02 4.027755260467529297e+02 1.000000000000000000e+00
6.170352172851562500e+02 4.075963211059570312e+02 6.228591918945312500e+02 4.009220409393310547e+02 6.228030967712402344e+02 3.886635160446166992e+02 1.000000000000000000e+00
5.457384109497070312e+02 3.636432838439941406e+02 5.507691001892089844e+02 3.578402137756347656e+02 5.504448890686035156e+02 3.461462187767028809e+02 1.000000000000000000e+00
4.360289287567138672e+02 4.483037567138671875e+02 4.407576274871826172e+02 4.423138189315795898e+02 4.432528114318847656e+02 4.303780603408813477e+02 1.000000000000000000e+00
5.934939575195312500e+02 3.683266639709472656e+02 5.993255043029785156e+02 3.626607370376586914e+02 5.994022178649902344e+02 3.512070035934448242e+02 1.000000000000000000e+00
5.228526687622070312e+02 3.545862150192260742e+02 5.277206993103027344e+02 3.486952900886535645e+02 5.272007560729980469e+02 3.367826271057128906e+02 1.000000000000000000e+00
4.858669090270996094e+02 4.236432552337646484e+02 4.903434562683105469e+02 4.180827713012695312e+02 4.890997695922851562e+02 4.063020086288452148e+02 1.000000000000000000e+00
4.382854938507080078e+02 4.454583263397216797e+02 4.423649311065673828e+02 4.395567798614501953e+02 4.407479572296142578e+02 4.275686502456665039e+02 1.000000000000000000e+00
4.824580383300781250e+02 3.672684144973754883e+02 4.870921897888183594e+02 3.611232376098632812e+02 4.861413002014160156e+02 3.490653419494628906e+02 1.000000000000000000e+00
3.908870840072631836e+02 4.326640748977661133e+02 3.946725463867187500e+02 4.268054294586181641e+02 3.928613901138305664e+02 4.146319341659545898e+02 1.000000000000000000e+00
3.818799448013305664e+02 4.433486795425415039e+02 3.961103200912475586e+02 4.380123710632324219e+02 4.011941528320312500e+02 4.262600183486938477e+02 1.000000000000000000e+00
3.508927321434020996e+02 4.346062660217285156e+02 3.544875502586364746e+02 4.286515617370605469e+02 3.525707411766052246e+02 4.160151529312133789e+02 1.000000000000000000e+00
4.434050273895263672e+02 4.365551805496215820e+02 4.473994731903076172e+02 4.306477403640747070e+02 4.458978939056396484e+02 4.187295913696289062e+02 1.000000000000000000e+00
5.280397987365722656e+02 3.671901369094848633e+02 5.329294395446777344e+02 3.613062572479248047e+02 5.323671913146972656e+02 3.494984221458435059e+02 1.000000000000000000e+00
4.171413898468017578e+02 4.361359977722167969e+02 4.210605144500732422e+02 4.303333854675292969e+02 4.194315242767333984e+02 4.181625509262084961e+02 1.000000000000000000e+00
3.727146291732788086e+02 4.410651397705078125e+02 3.765130949020385742e+02 4.352917528152465820e+02 3.746580505371093750e+02 4.230737113952636719e+02 1.000000000000000000e+00
5.565663528442382812e+02 4.247135782241821289e+02 5.616863441467285156e+02 4.195003795623779297e+02 5.613137817382812500e+02 4.079488563537597656e+02 1.000000000000000000e+00
4.317726802825927734e+02 4.338963174819946289e+02 4.356481361389160156e+02 4.280587863922119141e+02 4.341604900360107422e+02 4.159670162200927734e+02 1.000000000000000000e+00
4.074556636810302734e+02 4.353921318054199219e+02 4.113361549377441406e+02 4.296012926101684570e+02 4.095855998992919922e+02 4.174111461639404297e+02 1.000000000000000000e+00
5.199359703063964844e+02 3.469282865524291992e+02 5.248038291931152344e+02 3.410275912284851074e+02 5.242581176757812500e+02 3.290401053428649902e+02 1.000000000000000000e+00
4.752853107452392578e+02 3.611780118942260742e+02 4.800792312622070312e+02 3.550273776054382324e+02 4.790575885772705078e+02 3.429565501213073730e+02 1.000000000000000000e+00
5.262698936462402344e+02 4.245491123199462891e+02 5.309448242187500000e+02 4.191012954711914062e+02 5.300982093811035156e+02 4.074366474151611328e+02 1.000000000000000000e+00
3.568752145767211914e+02 4.344534730911254883e+02 3.604746103286743164e+02 4.285095977783203125e+02 3.585600280761718750e+02 4.158574247360229492e+02 1.000000000000000000e+00
6.111803054809570312e+02 3.758356761932373047e+02 6.170911216735839844e+02 3.699729967117309570e+02 6.172172927856445312e+02 3.583696961402893066e+02 1.000000000000000000e+00
5.159950065612792969e+02 3.520221018791198730e+02 5.208416748046875000e+02 3.460618042945861816e+02 5.203116416931152344e+02 3.341123986244201660e+02 1.000000000000000000e+00
5.780118370056152344e+02 3.704803848266601562e+02 5.842894935607910156e+02 3.649225187301635742e+02 5.840944862365722656e+02 3.533629488945007324e+02 1.000000000000000000e+00
6.111872673034667969e+02 3.690526199340820312e+02 6.171372795104980469e+02 3.633337783813476562e+02 6.172470092773437500e+02 3.519087553024291992e+02 1.000000000000000000e+00
6.171332359313964844e+02 3.819924402236938477e+02 6.232450675964355469e+02 3.757085037231445312e+02 6.233934402465820312e+02 3.637828445434570312e+02 1.000000000000000000e+00
4.974882316589355469e+02 4.294185876846313477e+02 5.018514823913574219e+02 4.238129425048828125e+02 5.007326698303222656e+02 4.121176815032958984e+02 1.000000000000000000e+00
3.746372365951538086e+02 4.432786703109741211e+02 3.834373807907104492e+02 4.378257894515991211e+02 3.875271606445312500e+02 4.259372377395629883e+02 1.000000000000000000e+00
4.239698505401611328e+02 4.330654048919677734e+02 4.278716754913330078e+02 4.272159862518310547e+02 4.263233089447021484e+02 4.150797557830810547e+02 1.000000000000000000e+00
5.433762931823730469e+02 4.250597906112670898e+02 5.482909011840820312e+02 4.197421360015869141e+02 5.476095008850097656e+02 4.081877517700195312e+02 1.000000000000000000e+00
5.214301109313964844e+02 4.082662439346313477e+02 5.261695671081542969e+02 4.026863765716552734e+02 5.255445671081542969e+02 3.910745286941528320e+02 1.000000000000000000e+00
6.088287925720214844e+02 4.142799139022827148e+02 6.148585319519042969e+02 4.081169843673706055e+02 6.148421096801757812e+02 3.963090562820434570e+02 1.000000000000000000e+00
5.716687011718750000e+02 3.578034138679504395e+02 5.771562576293945312e+02 3.521951651573181152e+02 5.769589805603027344e+02 3.405554223060607910e+02 1.000000000000000000e+00
4.003621196746826172e+02 4.453721666336059570e+02 4.099697875976562500e+02 4.393964052200317383e+02 4.138477230072021484e+02 4.274853658676147461e+02 1.000000000000000000e+00
5.767268180847167969e+02 4.397094869613647461e+02 5.820956420898437500e+02 4.344135189056396484e+02 5.819432449340820312e+02 4.232395362854003906e+02 1.000000000000000000e+00
6.160607337951660156e+02 4.153109836578369141e+02 6.219384765625000000e+02 4.094699478149414062e+02 6.219360351562500000e+02 3.977525424957275391e+02 1.000000000000000000e+00
4.763752174377441406e+02 3.765152692794799805e+02 4.810471916198730469e+02 3.706432199478149414e+02 4.800601577758789062e+02 3.587747883796691895e+02 1.000000000000000000e+00
5.610711097717285156e+02 3.632443857192993164e+02 5.665330886840820312e+02 3.575485610961914062e+02 5.663107872009277344e+02 3.458052420616149902e+02 1.000000000000000000e+00
5.214385986328125000e+02 3.836205196380615234e+02 5.261931228637695312e+02 3.778130578994750977e+02 5.254469108581542969e+02 3.658954238891601562e+02 1.000000000000000000e+00
5.177089309692382812e+02 3.362043499946594238e+02 5.226619338989257812e+02 3.302108788490295410e+02 5.221458816528320312e+02 3.181719088554382324e+02 1.000000000000000000e+00
4.831299209594726562e+02 3.775427913665771484e+02 4.876411819458007812e+02 3.715517091751098633e+02 4.865977478027343750e+02 3.596115446090698242e+02 1.000000000000000000e+00
5.397862625122070312e+02 3.687250757217407227e+02 5.447909545898437500e+02 3.627917003631591797e+02 5.444801139831542969e+02 3.511620569229125977e+02 1.000000000000000000e+00
5.733850097656250000e+02 4.242808055877685547e+02 5.784490394592285156e+02 4.189452981948852539e+02 5.779369544982910156e+02 4.076210689544677734e+02 1.000000000000000000e+00
4.807927894592285156e+02 3.563734173774719238e+02 4.855599021911621094e+02 3.502124691009521484e+02 4.846607017517089844e+02 3.381149983406066895e+02 1.000000000000000000e+00
4.015858459472656250e+02 4.325277757644653320e+02 4.054244995117187500e+02 4.267170810699462891e+02 4.036671447753906250e+02 4.145575618743896484e+02 1.000000000000000000e+00
4.794357013702392578e+02 3.489042448997497559e+02 4.842376708984375000e+02 3.429295063018798828e+02 4.834570884704589844e+02 3.308977675437927246e+02 1.000000000000000000e+00
3.549791884422302246e+02 4.413731431961059570e+02 3.585916757583618164e+02 4.352693939208984375e+02 3.566129755973815918e+02 4.228133583068847656e+02 1.000000000000000000e+00
5.157128906250000000e+02 3.825126171112060547e+02 5.205064201354980469e+02 3.766538143157958984e+02 5.196243858337402344e+02 3.647808551788330078e+02 1.000000000000000000e+00
5.839132118225097656e+02 4.171084356307983398e+02 5.890938758850097656e+02 4.117817115783691406e+02 5.887023925781250000e+02 4.004883527755737305e+02 1.000000000000000000e+00
5.079190063476562500e+02 3.805293989181518555e+02 5.126749992370605469e+02 3.746536016464233398e+02 5.117517662048339844e+02 3.627116775512695312e+02 1.000000000000000000e+00
6.089821243286132812e+02 4.194716548919677734e+02 6.150491905212402344e+02 4.140996837615966797e+02 6.150413322448730469e+02 4.029382038116455078e+02 1.000000000000000000e+00
4.739129352569580078e+02 3.798911762237548828e+02 4.785468196868896484e+02 3.742531871795654297e+02 4.775677776336669922e+02 3.628831815719604492e+02 1.000000000000000000e+00
3.688189077377319336e+02 4.452346658706665039e+02 3.775782489776611328e+02 4.396095943450927734e+02 3.806358337402343750e+02 4.276018810272216797e+02 1.000000000000000000e+00
4.684915161132812500e+02 3.744597530364990234e+02 4.733410930633544922e+02 3.687940979003906250e+02 4.724430847167968750e+02 3.570155668258666992e+02 1.000000000000000000e+00
5.002531433105468750e+02 3.350231051445007324e+02 5.051234817504882812e+02 3.290037918090820312e+02 5.043880271911621094e+02 3.166573548316955566e+02 1.000000000000000000e+00
5.171106529235839844e+02 4.387763214111328125e+02 5.216759681701660156e+02 4.333584737777709961e+02 5.205830192565917969e+02 4.216471052169799805e+02 1.000000000000000000e+00
5.093490409851074219e+02 4.024020195007324219e+02 5.140579795837402344e+02 3.968985700607299805e+02 5.130804443359375000e+02 3.851627826690673828e+02 1.000000000000000000e+00
6.038621902465820312e+02 4.235315608978271484e+02 6.100812339782714844e+02 4.180974197387695312e+02 6.102089309692382812e+02 4.069986677169799805e+02 1.000000000000000000e+00
4.748179054260253906e+02 3.899985980987548828e+02 4.793580055236816406e+02 3.840604877471923828e+02 4.782726478576660156e+02 3.720845460891723633e+02 1.000000000000000000e+00
4.612482643127441406e+02 4.333851671218872070e+02 4.652405071258544922e+02 4.275461196899414062e+02 4.637859535217285156e+02 4.155893325805664062e+02 1.000000000000000000e+00
4.750666236877441406e+02 4.503109788894653320e+02 4.793596839904785156e+02 4.446697139739990234e+02 4.781537532806396484e+02 4.329570722579956055e+02 1.000000000000000000e+00
2.583127737045288086e+02 3.836748790740966797e+02 2.669668579101562500e+02 3.776287937164306641e+02 2.699747610092163086e+02 3.653438472747802734e+02 2.000000000000000000e+00
2.668430757522583008e+02 3.777111339569091797e+02 2.756197500228881836e+02 3.716114902496337891e+02 2.785863924026489258e+02 3.593629789352416992e+02 2.000000000000000000e+00
2.590801668167114258e+02 3.606905221939086914e+02 2.677006196975708008e+02 3.545784687995910645e+02 2.707087373733520508e+02 3.423557782173156738e+02 2.000000000000000000e+00
2.732695007324218750e+02 3.635640048980712891e+02 2.818516540527343750e+02 3.574543190002441406e+02 2.849180293083190918e+02 3.452907443046569824e+02 2.000000000000000000e+00
2.671195077896118164e+02 3.546137452125549316e+02 2.756964397430419922e+02 3.485265541076660156e+02 2.787547922134399414e+02 3.363580369949340820e+02 2.000000000000000000e+00
2.610202646255493164e+02 3.496362948417663574e+02 2.696104717254638672e+02 3.435399556159973145e+02 2.726820993423461914e+02 3.313397240638732910e+02 2.000000000000000000e+00
2.885862112045288086e+02 4.021752405166625977e+02 2.971387028694152832e+02 3.959185838699340820e+02 2.998963928222656250e+02 3.839006137847900391e+02 2.000000000000000000e+00
2.723133516311645508e+02 3.716262245178222656e+02 2.809490036964416504e+02 3.655284833908081055e+02 2.839374685287475586e+02 3.533459258079528809e+02 2.000000000000000000e+00
2.271474456787109375e+02 4.395869922637939453e+02 2.355365085601806641e+02 4.333382320404052734e+02 2.385231876373291016e+02 4.208794069290161133e+02 2.000000000000000000e+00
2.312002658843994141e+02 4.445791769027709961e+02 2.395452880859375000e+02 4.383042669296264648e+02 2.425259399414062500e+02 4.258296918869018555e+02 2.000000000000000000e+00
2.599163818359375000e+02 4.229528331756591797e+02 2.683894014358520508e+02 4.166982507705688477e+02 2.713493347167968750e+02 4.044457197189331055e+02 2.000000000000000000e+00
2.290520572662353516e+02 3.633554077148437500e+02 2.376850605010986328e+02 3.571742606163024902e+02 2.407625722885131836e+02 3.446875691413879395e+02 2.000000000000000000e+00
2.111614227294921875e+02 3.766056919097900391e+02 2.197503662109375000e+02 3.704427194595336914e+02 2.227798175811767578e+02 3.579468154907226562e+02 2.000000000000000000e+00
2.598519897460937500e+02 4.109726285934448242e+02 2.683183288574218750e+02 4.046394109725952148e+02 2.713029146194458008e+02 3.924336862564086914e+02 2.000000000000000000e+00
2.264746093750000000e+02 3.995128297805786133e+02 2.351673889160156250e+02 3.931756353378295898e+02 2.381162738800048828e+02 3.808042430877685547e+02 2.000000000000000000e+00
5.622682571411132812e+02 4.683631467819213867e+02 5.705346679687500000e+02 4.626926136016845703e+02 5.733856773376464844e+02 4.511390733718872070e+02 2.000000000000000000e+00
2.171728515625000000e+02 3.765495300292968750e+02 2.257877826690673828e+02 3.703616094589233398e+02 2.288455677032470703e+02 3.579027128219604492e+02 2.000000000000000000e+00
5.692811393737792969e+02 4.673486995697021484e+02 5.775604820251464844e+02 4.616764354705810547e+02 5.804043579101562500e+02 4.501410055160522461e+02 2.000000000000000000e+00
2.679994821548461914e+02 3.465938472747802734e+02 2.765972566604614258e+02 3.405186223983764648e+02 2.796777963638305664e+02 3.283460712432861328e+02 2.000000000000000000e+00
2.268418216705322266e+02 4.195092201232910156e+02 2.354532623291015625e+02 4.132823610305786133e+02 2.384081554412841797e+02 4.008697271347045898e+02 2.000000000000000000e+00
2.197869682312011719e+02 4.175632095336914062e+02 2.283853149414062500e+02 4.113124465942382812e+02 2.313574504852294922e+02 3.988946342468261719e+02 2.000000000000000000e+00
2.010108470916748047e+02 3.616730403900146484e+02 2.095821189880371094e+02 3.554335999488830566e+02 2.126527404785156250e+02 3.429815125465393066e+02 2.000000000000000000e+00
5.792154502868652344e+02 4.671442651748657227e+02 5.875504875183105469e+02 4.616056394577026367e+02 5.903685379028320312e+02 4.500002861022949219e+02 2.000000000000000000e+00
2.132688999176025391e+02 3.835924816131591797e+02 2.218208122253417969e+02 3.774434566497802734e+02 2.248715686798095703e+02 3.649654912948608398e+02 2.000000000000000000e+00
5.421298217773437500e+02 4.654148054122924805e+02 5.504610061645507812e+02 4.597623395919799805e+02 5.532452392578125000e+02 4.481554985046386719e+02 2.000000000000000000e+00
2.041565227508544922e+02 3.676720905303955078e+02 2.126741313934326172e+02 3.614371347427368164e+02 2.157301425933837891e+02 3.489582896232604980e+02 2.000000000000000000e+00
2.956219172477722168e+02 4.614004898071289062e+02 3.041574096679687500e+02 4.552925205230712891e+02 3.069564819335937500e+02 4.430537796020507812e+02 2.000000000000000000e+00
2.825878286361694336e+02 4.020568943023681641e+02 2.911611628532409668e+02 3.957713985443115234e+02 2.939478445053100586e+02 3.836976671218872070e+02 2.000000000000000000e+00
2.717523479461669922e+02 3.835989761352539062e+02 2.804159855842590332e+02 3.774928665161132812e+02 2.834212636947631836e+02 3.652117967605590820e+02 2.000000000000000000e+00
2.037446403503417969e+02 3.956463718414306641e+02 2.123795318603515625e+02 3.894421434402465820e+02 2.152793979644775391e+02 3.769223356246948242e+02 2.000000000000000000e+00
2.170832633972167969e+02 3.534949707984924316e+02 2.255981540679931641e+02 3.472147250175476074e+02 2.286828422546386719e+02 3.348484253883361816e+02 2.000000000000000000e+00
2.781134653091430664e+02 4.226066923141479492e+02 2.866636037826538086e+02 4.165139293670654297e+02 2.895184016227722168e+02 4.042305707931518555e+02 2.000000000000000000e+00
2.823874497413635254e+02 3.674010944366455078e+02 2.910436081886291504e+02 3.613480281829833984e+02 2.940653681755065918e+02 3.491611075401306152e+02 2.000000000000000000e+00
2.287374401092529297e+02 4.134983539581298828e+02 2.373523712158203125e+02 4.072106409072875977e+02 2.403249788284301758e+02 3.948246574401855469e+02 2.000000000000000000e+00
2.252545738220214844e+02 3.462165284156799316e+02 2.337669849395751953e+02 3.400818228721618652e+02 2.367558765411376953e+02 3.277086567878723145e+02 2.000000000000000000e+00
2.070024204254150391e+02 3.505416297912597656e+02 2.155277538299560547e+02 3.442587947845458984e+02 2.186078166961669922e+02 3.319007921218872070e+02 2.000000000000000000e+00
5.460468101501464844e+02 4.590658378601074219e+02 5.544064903259277344e+02 4.535144090652465820e+02 5.572064208984375000e+02 4.419068384170532227e+02 2.000000000000000000e+00
5.841815757751464844e+02 4.714286041259765625e+02 5.925897789001464844e+02 4.658817815780639648e+02 5.953303909301757812e+02 4.543176412582397461e+02 2.000000000000000000e+00
1.987236881256103516e+02 3.416258311271667480e+02 2.073761081695556641e+02 3.354797744750976562e+02 2.105245685577392578e+02 3.230975389480590820e+02 2.000000000000000000e+00
2.066628551483154297e+02 4.258266448974609375e+02 2.151982593536376953e+02 4.195433807373046875e+02 2.182056140899658203e+02 4.070678758621215820e+02 2.000000000000000000e+00
2.138476276397705078e+02 4.317460727691650391e+02 2.223407745361328125e+02 4.255616855621337891e+02 2.252815818786621094e+02 4.130908584594726562e+02 2.000000000000000000e+00
2.740560007095336914e+02 4.028725433349609375e+02 2.825638723373413086e+02 3.966219806671142578e+02 2.855327749252319336e+02 3.844276571273803711e+02 2.000000000000000000e+00
2.315484428405761719e+02 4.054891490936279297e+02 2.402205038070678711e+02 3.991783475875854492e+02 2.431711101531982422e+02 3.868216609954833984e+02 2.000000000000000000e+00
2.143484210968017578e+02 3.424872493743896484e+02 2.227912139892578125e+02 3.362627291679382324e+02 2.257458972930908203e+02 3.239038753509521484e+02 2.000000000000000000e+00
2.011480998992919922e+02 3.746806097030639648e+02 2.097124195098876953e+02 3.684532785415649414e+02 2.127453613281250000e+02 3.559624671936035156e+02 2.000000000000000000e+00
2.196487712860107422e+02 4.095194435119628906e+02 2.282388782501220703e+02 4.032782363891601562e+02 2.312540149688720703e+02 3.908472347259521484e+02 2.000000000000000000e+00
2.240014743804931641e+02 4.286535501480102539e+02 2.325011920928955078e+02 4.224469757080078125e+02 2.354630851745605469e+02 4.099823141098022461e+02 2.000000000000000000e+00
2.670026540756225586e+02 4.318979930877685547e+02 2.755254220962524414e+02 4.257311153411865234e+02 2.784048748016357422e+02 4.134779691696166992e+02 2.000000000000000000e+00
2.301746177673339844e+02 3.743824195861816406e+02 2.387587451934814453e+02 3.682134819030761719e+02 2.418908977508544922e+02 3.557583689689636230e+02 2.000000000000000000e+00
3.978847074508666992e+02 4.646814393997192383e+02 4.062721252441406250e+02 4.587053632736206055e+02 4.090396118164062500e+02 4.467236137390136719e+02 2.000000000000000000e+00
2.722067260742187500e+02 4.134163856506347656e+02 2.806973576545715332e+02 4.072503089904785156e+02 2.836382126808166504e+02 3.949574375152587891e+02 2.000000000000000000e+00
2.731968355178833008e+02 3.565694332122802734e+02 2.817742919921875000e+02 3.504637169837951660e+02 2.848637080192565918e+02 3.383052420616149902e+02 2.000000000000000000e+00
3.829159879684448242e+02 4.658405828475952148e+02 3.912579965591430664e+02 4.599396800994873047e+02 3.940805053710937500e+02 4.480578088760375977e+02 2.000000000000000000e+00
5.719327354431152344e+02 4.577042341232299805e+02 5.804130935668945312e+02 4.521110057830810547e+02 5.832800865173339844e+02 4.407981920242309570e+02 2.000000000000000000e+00
2.587770080566406250e+02 4.039655828475952148e+02 2.672362375259399414e+02 3.976356840133666992e+02 2.702792644500732422e+02 3.854320478439331055e+02 2.000000000000000000e+00
5.582637977600097656e+02 4.589059495925903320e+02 5.665546226501464844e+02 4.534235000610351562e+02 5.694362831115722656e+02 4.418971967697143555e+02 2.000000000000000000e+00
2.799258089065551758e+02 3.916771030426025391e+02 2.885416865348815918e+02 3.855217409133911133e+02 2.914301133155822754e+02 3.733512067794799805e+02 2.000000000000000000e+00
4.341280555725097656e+02 4.703726291656494141e+02 4.424768352508544922e+02 4.645323944091796875e+02 4.452315711975097656e+02 4.526351451873779297e+02 2.000000000000000000e+00
2.334804630279541016e+02 4.646591663360595703e+02 2.421134948730468750e+02 4.585880899429321289e+02 2.449238252639770508e+02 4.459667444229125977e+02 2.000000000000000000e+00
2.822557377815246582e+02 3.795182275772094727e+02 2.909121704101562500e+02 3.734265518188476562e+02 2.939065551757812500e+02 3.611807298660278320e+02 2.000000000000000000e+00
3.677776193618774414e+02 4.693296289443969727e+02 3.762061786651611328e+02 4.633692169189453125e+02 3.790029001235961914e+02 4.513477277755737305e+02 2.000000000000000000e+00
3.618262338638305664e+02 4.685018062591552734e+02 3.702926969528198242e+02 4.625508499145507812e+02 3.730541706085205078e+02 4.504594802856445312e+02 2.000000000000000000e+00
2.603017568588256836e+02 4.500828409194946289e+02 2.687447500228881836e+02 4.438550806045532227e+02 2.716589975357055664e+02 4.315085792541503906e+02 2.000000000000000000e+00
2.591253662109375000e+02 4.368866443634033203e+02 2.676250886917114258e+02 4.307862997055053711e+02 2.705751323699951172e+02 4.184858465194702148e+02 2.000000000000000000e+00
2.304036998748779297e+02 3.914397382736206055e+02 2.390514945983886719e+02 3.851584482192993164e+02 2.420426034927368164e+02 3.727550983428955078e+02 2.000000000000000000e+00
2.111621570587158203e+02 3.686024808883666992e+02 2.197059726715087891e+02 3.624174499511718750e+02 2.227451896667480469e+02 3.499122977256774902e+02 2.000000000000000000e+00
2.604963350296020508e+02 4.621988582611083984e+02 2.688994741439819336e+02 4.561049365997314453e+02 2.718099355697631836e+02 4.435802650451660156e+02 2.000000000000000000e+00
4.081964778900146484e+02 4.637183618545532227e+02 4.166038227081298828e+02 4.578226089477539062e+02 4.193857765197753906e+02 4.458996105194091797e+02 2.000000000000000000e+00
2.242716312408447266e+02 3.774790048599243164e+02 2.328207683563232422e+02 3.713092088699340820e+02 2.359264087677001953e+02 3.588262724876403809e+02 2.000000000000000000e+00
2.773812866210937500e+02 4.075796270370483398e+02 2.859485769271850586e+02 4.013334703445434570e+02 2.887637329101562500e+02 3.892102432250976562e+02 2.000000000000000000e+00
2.260859489440917969e+02 3.573649692535400391e+02 2.347022533416748047e+02 3.511443543434143066e+02 2.377459049224853516e+02 3.387160992622375488e+02 2.000000000000000000e+00
2.760847759246826172e+02 4.307840681076049805e+02 2.846705937385559082e+02 4.246364164352416992e+02 2.875050663948059082e+02 4.123979616165161133e+02 2.000000000000000000e+00
4.449449825286865234e+02 4.657452821731567383e+02 4.533774757385253906e+02 4.600964212417602539e+02 4.561061096191406250e+02 4.483419656753540039e+02 2.000000000000000000e+00
2.659154653549194336e+02 4.168605422973632812e+02 2.744042348861694336e+02 4.106163740158081055e+02 2.773449993133544922e+02 3.983867025375366211e+02 2.000000000000000000e+00
2.012932682037353516e+02 3.837176227569580078e+02 2.098702239990234375e+02 3.775280570983886719e+02 2.128714561462402344e+02 3.650594902038574219e+02 2.000000000000000000e+00
2.192135906219482422e+02 3.694933605194091797e+02 2.277503967285156250e+02 3.633141231536865234e+02 2.308386802673339844e+02 3.508445477485656738e+02 2.000000000000000000e+00
3.006816709041595459e+02 4.655205202102661133e+02 3.091902768611907959e+02 4.594102907180786133e+02 3.119880676269531250e+02 4.472541904449462891e+02 2.000000000000000000e+00
2.184116172790527344e+02 4.669693708419799805e+02 2.268766117095947266e+02 4.605876588821411133e+02 2.297157573699951172e+02 4.482121038436889648e+02 2.000000000000000000e+00
2.099785137176513672e+02 3.615466117858886719e+02 2.185625553131103516e+02 3.552911424636840820e+02 2.216321849822998047e+02 3.428720784187316895e+02 2.000000000000000000e+00
2.192596149444580078e+02 4.456855630874633789e+02 2.275917148590087891e+02 4.395324754714965820e+02 2.305437946319580078e+02 4.270684576034545898e+02 2.000000000000000000e+00
2.751850891113281250e+02 3.787352657318115234e+02 2.839243769645690918e+02 3.725798034667968750e+02 2.868899536132812500e+02 3.603656101226806641e+02 2.000000000000000000e+00
2.651797485351562500e+02 3.636674880981445312e+02 2.737775278091430664e+02 3.575592398643493652e+02 2.768086862564086914e+02 3.453651452064514160e+02 2.000000000000000000e+00
3.899206542968750000e+02 4.680016851425170898e+02 3.982912302017211914e+02 4.621372461318969727e+02 4.010804748535156250e+02 4.500659036636352539e+02 2.000000000000000000e+00
