5.523030471801757812e+02 1.814196610450744629e+02 5.450600624084472656e+02 2.008188772201538086e+02 5.450508499145507812e+02 2.205285930633544922e+02 1.000000000000000000e+00
5.729088783264160156e+02 1.931982386112213135e+02 5.663662719726562500e+02 2.124752640724182129e+02 5.670379066467285156e+02 2.321026450395584106e+02 1.000000000000000000e+00
5.562674522399902344e+02 1.893514215946197510e+02 5.490674400329589844e+02 2.086424231529235840e+02 5.490694046020507812e+02 2.283457785844802856e+02 1.000000000000000000e+00
5.504756546020507812e+02 1.888269639015197754e+02 5.432725906372070312e+02 2.082819199562072754e+02 5.432313346862792969e+02 2.280482473969459534e+02 1.000000000000000000e+00
5.692233848571777344e+02 1.857922482490539551e+02 5.625640869140625000e+02 2.049600648880004883e+02 5.632568359375000000e+02 2.245321655273437500e+02 1.000000000000000000e+00
5.310465049743652344e+02 2.358834837377071381e+02 5.232644653320312500e+02 2.561801773309707642e+02 5.230128288269042969e+02 2.768276703357696533e+02 1.000000000000000000e+00
3.780174589157104492e+02 1.248177123069763184e+02 3.668218708038330078e+02 1.436638712882995605e+02 3.628806447982788086e+02 1.626557135581970215e+02 1.000000000000000000e+00
4.418975257873535156e+02 1.521654939651489258e+02 4.314219093322753906e+02 1.712953591346740723e+02 4.283001136779785156e+02 1.907776021957397461e+02 1.000000000000000000e+00
5.398493003845214844e+02 2.126001870632171631e+02 5.325117874145507812e+02 2.323807981610298157e+02 5.324288940429687500e+02 2.525110629200935364e+02 1.000000000000000000e+00
5.215972328186035156e+02 1.736852073669433594e+02 5.129587364196777344e+02 1.930474054813385010e+02 5.117848777770996094e+02 2.129041725397109985e+02 1.000000000000000000e+00
5.216757774353027344e+02 2.321763610839843750e+02 5.138526725769042969e+02 2.523065346479415894e+02 5.135075187683105469e+02 2.730936312675476074e+02 1.000000000000000000e+00
5.505372428894042969e+02 1.265471291542053223e+02 5.432789993286132812e+02 1.446240949630737305e+02 5.435021400451660156e+02 1.631268239021301270e+02 1.000000000000000000e+00
4.477463722229003906e+02 1.629183769226074219e+02 4.374770545959472656e+02 1.822592425346374512e+02 4.344804382324218750e+02 2.018785071372985840e+02 1.000000000000000000e+00
5.128406333923339844e+02 1.385135149955749512e+02 5.043043899536132812e+02 1.571632504463195801e+02 5.028175163269042969e+02 1.770146441459655762e+02 1.000000000000000000e+00
5.165120315551757812e+02 1.743203401565551758e+02 5.077766418457031250e+02 1.936469686031341553e+02 5.065329933166503906e+02 2.135716992616653442e+02 1.000000000000000000e+00
3.934216928482055664e+02 1.335463070869445801e+02 3.820064401626586914e+02 1.524075579643249512e+02 3.779953002929687500e+02 1.715419721603393555e+02 1.000000000000000000e+00
3.747883605957031250e+02 1.707513570785522461e+02 3.632825040817260742e+02 1.906417357921600342e+02 3.588397836685180664e+02 2.107804405689239502e+02 1.000000000000000000e+00
3.946995544433593750e+02 1.729451894760131836e+02 3.842007160186767578e+02 1.928675365447998047e+02 3.810184335708618164e+02 2.129737079143524170e+02 1.000000000000000000e+00
5.169976806640625000e+02 2.022372257709503174e+02 5.089465713500976562e+02 2.219451588392257690e+02 5.082750892639160156e+02 2.421315765380859375e+02 1.000000000000000000e+00
4.326296710968017578e+02 1.727842855453491211e+02 4.221956539154052734e+02 1.924491405487060547e+02 4.191161823272705078e+02 2.126996451616287231e+02 1.000000000000000000e+00
3.433508300781250000e+02 1.154070711135864258e+02 3.314422917366027832e+02 1.341666054725646973e+02 3.271084290742874146e+02 1.534518098831176758e+02 1.000000000000000000e+00
3.741270160675048828e+02 1.633165240287780762e+02 3.625852346420288086e+02 1.828960096836090088e+02 3.582753300666809082e+02 2.028863346576690674e+02 1.000000000000000000e+00
5.189515495300292969e+02 1.399735021591186523e+02 5.104357719421386719e+02 1.586156415939331055e+02 5.090676689147949219e+02 1.782996368408203125e+02 1.000000000000000000e+00
5.203233718872070312e+02 1.872718620300292969e+02 5.121965408325195312e+02 2.067029571533203125e+02 5.113841819763183594e+02 2.266860499978065491e+02 1.000000000000000000e+00
5.264235877990722656e+02 2.190220785140991211e+02 5.186361122131347656e+02 2.388580168783664703e+02 5.182002067565917969e+02 2.592923587560653687e+02 1.000000000000000000e+00
5.500186729431152344e+02 2.008252859115600586e+02 5.428905105590820312e+02 2.203722220659255981e+02 5.430327224731445312e+02 2.403389740269631147e+02 1.000000000000000000e+00
3.932284879684448242e+02 1.438575839996337891e+02 3.817385578155517578e+02 1.631094646453857422e+02 3.777261972427368164e+02 1.826736402511596680e+02 1.000000000000000000e+00
3.724610900878906250e+02 1.796881055831909180e+02 3.610106515884399414e+02 1.996146082878112793e+02 3.566574406623840332e+02 2.197979879379272461e+02 1.000000000000000000e+00
5.304891395568847656e+02 2.246731710433959961e+02 5.227976036071777344e+02 2.447462466359138489e+02 5.224218750000000000e+02 2.655307942628860474e+02 1.000000000000000000e+00
5.122802734375000000e+02 1.965487039089202881e+02 5.040457153320312500e+02 2.162506395578384399e+02 5.030854225158691406e+02 2.363344877958297729e+02 1.000000000000000000e+00
4.535471534729003906e+02 1.703355360031127930e+02 4.433924579620361328e+02 1.897502553462982178e+02 4.405597877502441406e+02 2.096168661117553711e+02 1.000000000000000000e+00
5.444679069519042969e+02 2.176230919361114502e+02 5.373595046997070312e+02 2.373091582953929901e+02 5.374616813659667969e+02 2.573181474208831787e+02 1.000000000000000000e+00
4.201682758331298828e+02 1.320761847496032715e+02 4.093571758270263672e+02 1.508956432342529297e+02 4.058658123016357422e+02 1.700956821441650391e+02 1.000000000000000000e+00
4.318381404876708984e+02 1.586257767677307129e+02 4.212470149993896484e+02 1.777250790596008301e+02 4.179958248138427734e+02 1.973547041416168213e+02 1.000000000000000000e+00
4.390988445281982422e+02 1.713969397544860840e+02 4.287824726104736328e+02 1.909690511226654053e+02 4.259131813049316406e+02 2.110736989974975586e+02 1.000000000000000000e+00
5.240293693542480469e+02 2.266665950417518616e+02 5.162390136718750000e+02 2.467963108420372009e+02 5.158260536193847656e+02 2.675693070888519287e+02 1.000000000000000000e+00
5.204992103576660156e+02 1.318676090240478516e+02 5.118249320983886719e+02 1.501666688919067383e+02 5.103943252563476562e+02 1.688723444938659668e+02 1.000000000000000000e+00
3.969445800781250000e+02 1.655651950836181641e+02 3.858878803253173828e+02 1.852157557010650635e+02 3.824212980270385742e+02 2.050353205204010010e+02 1.000000000000000000e+00
3.712647390365600586e+02 1.521991252899169922e+02 3.597353816032409668e+02 1.717164874076843262e+02 3.553700256347656250e+02 1.915620553493499756e+02 1.000000000000000000e+00
4.921246719360351562e+02 1.637112879753112793e+02 4.828010368347167969e+02 1.828978085517883301e+02 4.811075210571289062e+02 2.026128816604614258e+02 1.000000000000000000e+00
4.484149837493896484e+02 1.753515315055847168e+02 4.383090209960937500e+02 1.949732637405395508e+02 4.354986000061035156e+02 2.150013256072998047e+02 1.000000000000000000e+00
5.436235427856445312e+02 2.197312617301940918e+02 5.365672111511230469e+02 2.393777465634047985e+02 5.367485427856445312e+02 2.592792373895645142e+02 1.000000000000000000e+00
4.190845394134521484e+02 1.648326516151428223e+02 4.082470703125000000e+02 1.844102597236633301e+02 4.048255920410156250e+02 2.042463040351867676e+02 1.000000000000000000e+00
4.114888000488281250e+02 1.363312196731567383e+02 4.006088542938232422e+02 1.553639173507690430e+02 3.972093534469604492e+02 1.747848916053771973e+02 1.000000000000000000e+00
5.303868484497070312e+02 2.037208092212677002e+02 5.225111770629882812e+02 2.234739071130752563e+02 5.217970085144042969e+02 2.435315553098917007e+02 1.000000000000000000e+00
5.316063308715820312e+02 1.965956389904022217e+02 5.236758422851562500e+02 2.160896748304367065e+02 5.229988479614257812e+02 2.360205227136611938e+02 1.000000000000000000e+00
5.262704467773437500e+02 1.972415614128112793e+02 5.182800865173339844e+02 2.167562699317932129e+02 5.175257682800292969e+02 2.367637022584676743e+02 1.000000000000000000e+00
5.313224601745605469e+02 1.879402148723602295e+02 5.233349037170410156e+02 2.074143040180206299e+02 5.225760459899902344e+02 2.273315271735191345e+02 1.000000000000000000e+00
4.785973834991455078e+02 1.703428745269775391e+02 4.691088867187500000e+02 1.896848881244659424e+02 4.670899105072021484e+02 2.095545780658721924e+02 1.000000000000000000e+00
4.077207088470458984e+02 1.727993130683898926e+02 3.968311166763305664e+02 1.925924062728881836e+02 3.934627103805541992e+02 2.125689983367919922e+02 1.000000000000000000e+00
4.424067115783691406e+02 1.653319215774536133e+02 4.321172237396240234e+02 1.846637392044067383e+02 4.292183876037597656e+02 2.045673644542694092e+02 1.000000000000000000e+00
3.379772949218750000e+02 1.460777521133422852e+02 3.256516724824905396e+02 1.657916378974914551e+02 3.205579223856329918e+02 1.857715415954589844e+02 1.000000000000000000e+00
4.228605651855468750e+02 1.728813171386718750e+02 4.121162414550781250e+02 1.926013147830963135e+02 4.088291931152343750e+02 2.128377217054367065e+02 1.000000000000000000e+00
3.683761310577392578e+02 1.707065105438232422e+02 3.567789316177368164e+02 1.905676245689392090e+02 3.524268198013305664e+02 2.106588113307952881e+02 1.000000000000000000e+00
4.178415870666503906e+02 1.398548984527587891e+02 4.070130348205566406e+02 1.588963866233825684e+02 4.035573482513427734e+02 1.783855104446411133e+02 1.000000000000000000e+00
5.205093383789062500e+02 1.371614599227905273e+02 5.118989372253417969e+02 1.555799531936645508e+02 5.107842445373535156e+02 1.746432495117187500e+02 1.000000000000000000e+00
4.749624919891357422e+02 1.632246637344360352e+02 4.654281616210937500e+02 1.824537312984466553e+02 4.633539772033691406e+02 2.020757424831390381e+02 1.000000000000000000e+00
4.212454891204833984e+02 1.441872239112854004e+02 4.103693580627441406e+02 1.633136272430419922e+02 4.068805599212646484e+02 1.829163622856140137e+02 1.000000000000000000e+00
5.570626831054687500e+02 2.002246391773223877e+02 5.501463699340820312e+02 2.196582788228988647e+02 5.504112625122070312e+02 2.395252685062587261e+02 1.000000000000000000e+00
4.179721736907958984e+02 1.714709901809692383e+02 4.072547626495361328e+02 1.911782348155975342e+02 4.037666034698486328e+02 2.113578164577484131e+02 1.000000000000000000e+00
3.978623962402343750e+02 1.581047630310058594e+02 3.867886972427368164e+02 1.774105811119079590e+02 3.831983661651611328e+02 1.970100688934326172e+02 1.000000000000000000e+00
5.189812660217285156e+02 1.922958040237426758e+02 5.108040428161621094e+02 2.117591840028762817e+02 5.099641227722167969e+02 2.317439872026443481e+02 1.000000000000000000e+00
4.026993083953857422e+02 1.387717723846435547e+02 3.912687397003173828e+02 1.578906083106994629e+02 3.872491788864135742e+02 1.773366022109985352e+02 1.000000000000000000e+00
3.667932462692260742e+02 1.644184398651123047e+02 3.552865600585937500e+02 1.841077244281768799e+02 3.508981633186340332e+02 2.041040933132171631e+02 1.000000000000000000e+00
3.782988882064819336e+02 1.741702222824096680e+02 3.668122863769531250e+02 1.940718805789947510e+02 3.625168466567993164e+02 2.142670118808746338e+02 1.000000000000000000e+00
4.073734760284423828e+02 1.655626487731933594e+02 3.964065551757812500e+02 1.851782047748565674e+02 3.928387165069580078e+02 2.049177825450897217e+02 1.000000000000000000e+00
4.808808326721191406e+02 1.534329485893249512e+02 4.714779663085937500e+02 1.725384664535522461e+02 4.694940471649169922e+02 1.921198689937591553e+02 1.000000000000000000e+00
3.944021940231323242e+02 1.376782178878784180e+02 3.829148578643798828e+02 1.567904162406921387e+02 3.788574218750000000e+02 1.762127923965454102e+02 1.000000000000000000e+00
4.445921039581298828e+02 1.577793073654174805e+02 4.342007446289062500e+02 1.769248008728027344e+02 4.311436176300048828e+02 1.964721965789794922e+02 1.000000000000000000e+00
4.541384029388427734e+02 1.631946659088134766e+02 4.438966655731201172e+02 1.824777495861053467e+02 4.409896850585937500e+02 2.021244013309478760e+02 1.000000000000000000e+00
3.491836237907409668e+02 1.111451196670532227e+02 3.370709228515625000e+02 1.304658937454223633e+02 3.329195559024810791e+02 1.493511629104614258e+02 1.000000000000000000e+00
4.212650489807128906e+02 1.581903004646301270e+02 4.104281902313232422e+02 1.774120330810546875e+02 4.071723079681396484e+02 1.970960819721221924e+02 1.000000000000000000e+00
5.162428665161132812e+02 1.460950899124145508e+02 5.076398658752441406e+02 1.651354336738586426e+02 5.063402175903320312e+02 1.849107956886291504e+02 1.000000000000000000e+00
4.669722652435302734e+02 1.638962817192077637e+02 4.572220134735107422e+02 1.831967890262603760e+02 4.549260616302490234e+02 2.027660214900970459e+02 1.000000000000000000e+00
5.116612243652343750e+02 1.702804827690124512e+02 5.026383781433105469e+02 1.895872020721435547e+02 5.011670303344726562e+02 2.094513988494873047e+02 1.000000000000000000e+00
3.876401996612548828e+02 1.587414193153381348e+02 3.763233661651611328e+02 1.781317377090454102e+02 3.722279691696166992e+02 1.978654289245605469e+02 1.000000000000000000e+00
4.085101032257080078e+02 1.392093443870544434e+02 3.973352956771850586e+02 1.582959079742431641e+02 3.935713815689086914e+02 1.777313661575317383e+02 1.000000000000000000e+00
5.499293899536132812e+02 1.948186004161834717e+02 5.428106117248535156e+02 2.143240499496459961e+02 5.426852989196777344e+02 2.341778866946697235e+02 1.000000000000000000e+00
4.044716548919677734e+02 1.364248180389404297e+02 3.931983327865600586e+02 1.555051803588867188e+02 3.893096017837524414e+02 1.749197959899902344e+02 1.000000000000000000e+00
5.262965774536132812e+02 2.207726132869720459e+02 5.185104942321777344e+02 2.406180877983570099e+02 5.180839347839355469e+02 2.612327277660369873e+02 1.000000000000000000e+00
4.069696044921875000e+02 1.583082532882690430e+02 3.958367300033569336e+02 1.775867128372192383e+02 3.923254728317260742e+02 1.971705293655395508e+02 1.000000000000000000e+00
5.068828392028808594e+02 2.175574028491973877e+02 4.983895874023437500e+02 2.378991698473691940e+02 4.978912353515625000e+02 2.580737614631652832e+02 1.000000000000000000e+00
5.166790199279785156e+02 2.341920317709445953e+02 5.086251640319824219e+02 2.544138497114181519e+02 5.083175659179687500e+02 2.752073693275451660e+02 1.000000000000000000e+00
4.848035621643066406e+02 1.728768253326416016e+02 4.754003047943115234e+02 1.923203265666961670e+02 4.735280799865722656e+02 2.122372877597808838e+02 1.000000000000000000e+00
5.117918395996093750e+02 2.253961631655693054e+02 5.034940147399902344e+02 2.458807374536991119e+02 5.028902053833007812e+02 2.665212106704711914e+02 1.000000000000000000e+00
5.226448440551757812e+02 1.263698673248291016e+02 5.138419151306152344e+02 1.445689201354980469e+02 5.124531364440917969e+02 1.632548046112060547e+02 1.000000000000000000e+00
5.244595336914062500e+02 1.678894758224487305e+02 5.159405517578125000e+02 1.872080039978027344e+02 5.149135208129882812e+02 2.068483722209930420e+02 1.000000000000000000e+00
4.914892005920410156e+02 1.709544324874877930e+02 4.822163391113281250e+02 1.902461385726928711e+02 4.803989219665527344e+02 2.100515878200531006e+02 1.000000000000000000e+00
5.015959167480468750e+02 1.706303858757019043e+02 4.924757766723632812e+02 1.899090850353240967e+02 4.908394813537597656e+02 2.097281169891357422e+02 1.000000000000000000e+00
3.456205153465270996e+02 1.107021474838256836e+02 3.335152900218963623e+02 1.300150108337402344e+02 3.293743288516998291e+02 1.489930200576782227e+02 1.000000000000000000e+00
5.664834022521972656e+02 1.847974991798400879e+02 5.597802162170410156e+02 2.040375208854675293e+02 5.604469680786132812e+02 2.236379545927047729e+02 1.000000000000000000e+00
4.007184791564941406e+02 1.433134388923645020e+02 3.892982196807861328e+02 1.625223469734191895e+02 3.852973937988281250e+02 1.821190452575683594e+02 1.000000000000000000e+00
5.339363479614257812e+02 2.092102503776550293e+02 5.262037467956542969e+02 2.291017448902130127e+02 5.256771850585937500e+02 2.492901769280433655e+02 1.000000000000000000e+00
5.656895828247070312e+02 1.455343151092529297e+02 5.586068725585937500e+02 1.636098933219909668e+02 5.591630935668945312e+02 1.832186257839202881e+02 1.000000000000000000e+00
4.378669738769531250e+02 1.665633344650268555e+02 4.275321674346923828e+02 1.859524369239807129e+02 4.246312904357910156e+02 2.059496605396270752e+02 1.000000000000000000e+00
4.597902584075927734e+02 1.662700009346008301e+02 4.497770690917968750e+02 1.856066250801086426e+02 4.469730567932128906e+02 2.054222238063812256e+02 1.000000000000000000e+00
4.509165954589843750e+02 2.021512448787689209e+02 4.419744300842285156e+02 2.221235185861587524e+02 4.401875019073486328e+02 2.423698883503675461e+02 1.000000000000000000e+00
4.981727981567382812e+02 1.647404122352600098e+02 4.889184570312500000e+02 1.839065515995025635e+02 4.872665214538574219e+02 2.035742640495300293e+02 1.000000000000000000e+00
5.176444053649902344e+02 1.961477494239807129e+02 5.095238113403320312e+02 2.157142317295074463e+02 5.085940361022949219e+02 2.357572017610073090e+02 1.000000000000000000e+00
4.972470092773437500e+02 1.693440699577331543e+02 4.880061721801757812e+02 1.886035287380218506e+02 4.863114929199218750e+02 2.084214162826538086e+02 1.000000000000000000e+00
5.000759696960449219e+02 1.514309334754943848e+02 4.908573913574218750e+02 1.704721355438232422e+02 4.890652465820312500e+02 1.900000119209289551e+02 1.000000000000000000e+00
4.340446472167968750e+02 1.672838544845581055e+02 4.236201190948486328e+02 1.867139554023742676e+02 4.206198787689208984e+02 2.068576955795288086e+02 1.000000000000000000e+00
3.643842792510986328e+02 1.709059882164001465e+02 3.526835036277770996e+02 1.907398045063018799e+02 3.484066462516784668e+02 2.108018928766250610e+02 1.000000000000000000e+00
4.701138019561767578e+02 1.646497464179992676e+02 4.604909992218017578e+02 1.838900434970855713e+02 4.583843421936035156e+02 2.036533319950103760e+02 1.000000000000000000e+00
4.957598686218261719e+02 1.313457584381103516e+02 4.863769912719726562e+02 1.499266147613525391e+02 4.851933288574218750e+02 1.695422458648681641e+02 1.000000000000000000e+00
4.392516517639160156e+02 1.606728172302246094e+02 4.287379741668701172e+02 1.797858095169067383e+02 4.256750488281250000e+02 1.993596160411834717e+02 1.000000000000000000e+00
4.854808425903320312e+02 1.591683483123779297e+02 4.760606384277343750e+02 1.782863759994506836e+02 4.741595172882080078e+02 1.978869616985321045e+02 1.000000000000000000e+00
5.580471801757812500e+02 2.022694087028503418e+02 5.511702919006347656e+02 2.216994774341583252e+02 5.513300895690917969e+02 2.415121308714151382e+02 1.000000000000000000e+00
5.309375000000000000e+02 1.602607655525207520e+02 5.226095008850097656e+02 1.791665768623352051e+02 5.216681480407714844e+02 1.984419071674346924e+02 1.000000000000000000e+00
3.424176645278930664e+02 1.335248637199401855e+02 3.305106818675994873e+02 1.521673822402954102e+02 3.259833377599716187e+02 1.707603406906127930e+02 1.000000000000000000e+00
3.733179950714111328e+02 1.132063007354736328e+02 3.621818542480468750e+02 1.324884867668151855e+02 3.582304382324218750e+02 1.509578061103820801e+02 1.000000000000000000e+00
4.124864196777343750e+02 1.425497674942016602e+02 4.015952205657958984e+02 1.617401075363159180e+02 3.981536865234375000e+02 1.813726007938385010e+02 1.000000000000000000e+00
4.605343341827392578e+02 1.704053592681884766e+02 4.506182003021240234e+02 1.898127400875091553e+02 4.479154968261718750e+02 2.096619415283203125e+02 1.000000000000000000e+00
3.928038930892944336e+02 1.712562990188598633e+02 3.819851064682006836e+02 1.911801731586456299e+02 3.784720754623413086e+02 2.112112265825271606e+02 1.000000000000000000e+00
5.474628257751464844e+02 1.999119257926940918e+02 5.403252029418945312e+02 2.195173323154449463e+02 5.403462028503417969e+02 2.394776305742561817e+02 1.000000000000000000e+00
5.741987991333007812e+02 1.193332242965698242e+02 5.673911094665527344e+02 1.375289583206176758e+02 5.680522537231445312e+02 1.559054517745971680e+02 1.000000000000000000e+00
4.283708477020263672e+02 1.669697713851928711e+02 4.177060604095458984e+02 1.864632081985473633e+02 4.145811748504638672e+02 2.065806269645690918e+02 1.000000000000000000e+00
5.246528434753417969e+02 2.029124593734741211e+02 5.167316246032714844e+02 2.225518637895584106e+02 5.160400390625000000e+02 2.427367707341909409e+02 1.000000000000000000e+00
3.871160888671875000e+02 1.714637732505798340e+02 3.757788991928100586e+02 1.914023709297180176e+02 3.716387319564819336e+02 2.115404194593429565e+02 1.000000000000000000e+00
4.671155738830566406e+02 1.689176774024963379e+02 4.574299621582031250e+02 1.883348071575164795e+02 4.552217769622802734e+02 2.081759941577911377e+02 1.000000000000000000e+00
5.560164833068847656e+02 1.638159012794494629e+02 5.490967369079589844e+02 1.827816903591156006e+02 5.493575477600097656e+02 2.021247231960296631e+02 1.000000000000000000e+00
3.893930387496948242e+02 1.655430293083190918e+02 3.779462575912475586e+02 1.852104020118713379e+02 3.736704397201538086e+02 2.051963031291961670e+02 1.000000000000000000e+00
4.239011287689208984e+02 1.683702206611633301e+02 4.131876277923583984e+02 1.879786491394042969e+02 4.098966693878173828e+02 2.080697464942932129e+02 1.000000000000000000e+00
3.909739065170288086e+02 1.237802839279174805e+02 3.796771240234375000e+02 1.426306986808776855e+02 3.755406808853149414e+02 1.616830229759216309e+02 1.000000000000000000e+00
3.377646791934967041e+02 1.343901944160461426e+02 3.258617860078811646e+02 1.530151462554931641e+02 3.213166809082031250e+02 1.716856956481933594e+02 1.000000000000000000e+00
5.684943962097167969e+02 2.017107689380645752e+02 5.619344520568847656e+02 2.211006152629852295e+02 5.617462158203125000e+02 2.406184387765824795e+02 1.000000000000000000e+00
4.100765991210937500e+02 1.815129375457763672e+02 3.994295644760131836e+02 2.013738226890563965e+02 3.959524869918823242e+02 2.214667350053787231e+02 1.000000000000000000e+00
5.153746986389160156e+02 1.535536122322082520e+02 5.068185997009277344e+02 1.725146627426147461e+02 5.054631996154785156e+02 1.927048301696777344e+02 1.000000000000000000e+00
4.708534240722656250e+02 1.841935551166534424e+02 4.616298198699951172e+02 2.037953460216522217e+02 4.595621681213378906e+02 2.238532251119613647e+02 1.000000000000000000e+00
4.127114582061767578e+02 1.709088563919067383e+02 4.019151306152343750e+02 1.905970144271850586e+02 3.985082101821899414e+02 2.106871622800827026e+02 1.000000000000000000e+00
3.891215848922729492e+02 1.715665125846862793e+02 3.778455209732055664e+02 1.914980757236480713e+02 3.737782001495361328e+02 2.116084116697311401e+02 1.000000000000000000e+00
4.514148902893066406e+02 1.808828687667846680e+02 4.413556575775146484e+02 2.005317056179046631e+02 4.385762691497802734e+02 2.205008536577224731e+02 1.000000000000000000e+00
3.823113393783569336e+02 1.645490670204162598e+02 3.708244037628173828e+02 1.841779589653015137e+02 3.664773273468017578e+02 2.041787838935852051e+02 1.000000000000000000e+00
5.132650184631347656e+02 2.180723261833190918e+02 5.049271583557128906e+02 2.385042570903897285e+02 5.043393516540527344e+02 2.587008672952651978e+02 1.000000000000000000e+00
4.809425735473632812e+02 1.767781019210815430e+02 4.714350605010986328e+02 1.963204336166381836e+02 4.695197486877441406e+02 2.162391042709350586e+02 1.000000000000000000e+00
5.137817955017089844e+02 1.276170444488525391e+02 5.049589347839355469e+02 1.459839749336242676e+02 5.035654067993164062e+02 1.651975536346435547e+02 1.000000000000000000e+00
4.013183021545410156e+02 1.350763034820556641e+02 3.898840951919555664e+02 1.539911484718322754e+02 3.859042072296142578e+02 1.731940269470214844e+02 1.000000000000000000e+00
4.630649471282958984e+02 1.241481256484985352e+02 4.534238624572753906e+02 1.430074381828308105e+02 4.503212928771972656e+02 1.618453502655029297e+02 1.000000000000000000e+00
4.340141010284423828e+02 2.718979811668395996e+02 4.399946880340576172e+02 2.933659100532531738e+02 4.534096050262451172e+02 3.148300480842590332e+02 2.000000000000000000e+00
4.665205097198486328e+02 2.831187450885772705e+02 4.726399230957031250e+02 3.043619728088378906e+02 4.865349197387695312e+02 3.256469178199768066e+02 2.000000000000000000e+00
4.499201107025146484e+02 3.200028705596923828e+02 4.561737346649169922e+02 3.414408588409423828e+02 4.701208782196044922e+02 3.629383850097656250e+02 2.000000000000000000e+00
4.392815303802490234e+02 2.828156769275665283e+02 4.452067565917968750e+02 3.043594694137573242e+02 4.586124324798583984e+02 3.259532189369201660e+02 2.000000000000000000e+00
4.534067440032958984e+02 2.592522597312927246e+02 4.593233394622802734e+02 2.804094564914703369e+02 4.730322551727294922e+02 3.016320848464965820e+02 2.000000000000000000e+00
4.347119140625000000e+02 2.547949835658073425e+02 4.405885982513427734e+02 2.765591454505920410e+02 4.543621253967285156e+02 2.980019867420196533e+02 2.000000000000000000e+00
4.495758056640625000e+02 3.403299951553344727e+02 4.560575866699218750e+02 3.620578622817993164e+02 4.701279926300048828e+02 3.835958003997802734e+02 2.000000000000000000e+00
3.285966491699218750e+02 3.446491169929504395e+02 3.345923459529876709e+02 3.670149278640747070e+02 3.479254770278930664e+02 3.891805744171142578e+02 2.000000000000000000e+00
3.188775634765625000e+02 3.501326322555541992e+02 3.247380372881889343e+02 3.725588464736938477e+02 3.381549990177154541e+02 3.948917627334594727e+02 2.000000000000000000e+00
4.518387794494628906e+02 3.531160926818847656e+02 4.583478736877441406e+02 3.749961948394775391e+02 4.724046325683593750e+02 3.967713117599487305e+02 2.000000000000000000e+00
5.024399757385253906e+02 2.855118441581726074e+02 5.088139915466308594e+02 3.066032767295837402e+02 5.229822349548339844e+02 3.279916763305664062e+02 2.000000000000000000e+00
4.717521381378173828e+02 2.766945827007293701e+02 4.778736877441406250e+02 2.979147362709045410e+02 4.917698669433593750e+02 3.192609000205993652e+02 2.000000000000000000e+00
4.563539791107177734e+02 2.525494846701622009e+02 4.622487545013427734e+02 2.736545133590698242e+02 4.759213256835937500e+02 2.948640775680541992e+02 2.000000000000000000e+00
5.513817787170410156e+02 3.330368685722351074e+02 5.582453727722167969e+02 3.543117713928222656e+02 5.726739501953125000e+02 3.759788560867309570e+02 2.000000000000000000e+00
5.527275466918945312e+02 3.241570758819580078e+02 5.596737670898437500e+02 3.452493953704833984e+02 5.740886306762695312e+02 3.667073678970336914e+02 2.000000000000000000e+00
4.880039024353027344e+02 2.794813871383666992e+02 4.939527320861816406e+02 3.005627202987670898e+02 5.077378273010253906e+02 3.217901945114135742e+02 2.000000000000000000e+00
3.500989699363708496e+02 3.569284415245056152e+02 3.567918086051940918e+02 3.791328477859497070e+02 3.748130798339843750e+02 4.014934730529785156e+02 2.000000000000000000e+00
5.298903846740722656e+02 2.840829813480377197e+02 5.363836097717285156e+02 3.050648260116577148e+02 5.509750938415527344e+02 3.263978290557861328e+02 2.000000000000000000e+00
4.670391559600830078e+02 2.703315746784210205e+02 4.731375408172607422e+02 2.914935028553009033e+02 4.869470214843750000e+02 3.127786302566528320e+02 2.000000000000000000e+00
4.311195087432861328e+02 3.345184993743896484e+02 4.374050045013427734e+02 3.563670444488525391e+02 4.513508605957031250e+02 3.781183290481567383e+02 2.000000000000000000e+00
3.850149250030517578e+02 3.549093961715698242e+02 3.913138723373413086e+02 3.770246887207031250e+02 4.049831867218017578e+02 3.990599727630615234e+02 2.000000000000000000e+00
4.283427429199218750e+02 2.811769437789916992e+02 4.343164062500000000e+02 3.026090741157531738e+02 4.477453613281250000e+02 3.241921734809875488e+02 2.000000000000000000e+00
3.408575129508972168e+02 3.425650405883789062e+02 3.468508005142211914e+02 3.648070192337036133e+02 3.602986764907836914e+02 3.869321680068969727e+02 2.000000000000000000e+00
3.225010377168655396e+02 3.512784504890441895e+02 3.284632265567779541e+02 3.739269161224365234e+02 3.417720651626586914e+02 3.960646820068359375e+02 2.000000000000000000e+00
3.027034604549407959e+02 3.441379451751708984e+02 3.085140681266784668e+02 3.665350341796875000e+02 3.218146972358226776e+02 3.887968826293945312e+02 2.000000000000000000e+00
3.903940153121948242e+02 3.468161344528198242e+02 3.966964435577392578e+02 3.688138532638549805e+02 4.103668880462646484e+02 3.906814956665039062e+02 2.000000000000000000e+00
4.717597389221191406e+02 2.822891271114349365e+02 4.779113769531250000e+02 3.035353088378906250e+02 4.918174552917480469e+02 3.248503732681274414e+02 2.000000000000000000e+00
3.658775043487548828e+02 3.459456539154052734e+02 3.719531583786010742e+02 3.682305049896240234e+02 3.855710744857788086e+02 3.901959371566772461e+02 2.000000000000000000e+00
3.233316954970359802e+02 3.502323389053344727e+02 3.292885744571685791e+02 3.726547050476074219e+02 3.425712895393371582e+02 3.949329614639282227e+02 2.000000000000000000e+00
4.961713027954101562e+02 3.369123888015747070e+02 5.027263259887695312e+02 3.584529805183410645e+02 5.169251823425292969e+02 3.799703121185302734e+02 2.000000000000000000e+00
3.795493459701538086e+02 3.440837788581848145e+02 3.857793283462524414e+02 3.662041425704956055e+02 3.994162893295288086e+02 3.881315088272094727e+02 2.000000000000000000e+00
3.566112971305847168e+02 3.452984690666198730e+02 3.626519155502319336e+02 3.675458478927612305e+02 3.762555551528930664e+02 3.895398616790771484e+02 2.000000000000000000e+00
4.642365169525146484e+02 2.627704793214797974e+02 4.703344440460205078e+02 2.839449191093444824e+02 4.841062355041503906e+02 3.052358150482177734e+02 2.000000000000000000e+00
4.209580707550048828e+02 2.736981832981109619e+02 4.268786621093750000e+02 2.952942824363708496e+02 4.404206848144531250e+02 3.168567252159118652e+02 2.000000000000000000e+00
4.680090045928955078e+02 3.362585520744323730e+02 4.744425678253173828e+02 3.578330755233764648e+02 4.885324096679687500e+02 3.793866920471191406e+02 2.000000000000000000e+00
3.084810793399810791e+02 3.440426659584045410e+02 3.143138426542282104e+02 3.664545106887817383e+02 3.276007997989654541e+02 3.886615991592407227e+02 2.000000000000000000e+00
5.466805458068847656e+02 2.925958585739135742e+02 5.534245681762695312e+02 3.135382747650146484e+02 5.677145957946777344e+02 3.348132991790771484e+02 2.000000000000000000e+00
4.603900432586669922e+02 2.677093219757080078e+02 4.664548969268798828e+02 2.888786351680755615e+02 4.802764320373535156e+02 3.101906490325927734e+02 2.000000000000000000e+00
5.146311759948730469e+02 2.860683310031890869e+02 5.212976074218750000e+02 3.069933199882507324e+02 5.363783073425292969e+02 3.285107445716857910e+02 2.000000000000000000e+00
5.474084472656250000e+02 2.854048168659210205e+02 5.540835571289062500e+02 3.063776922225952148e+02 5.683563804626464844e+02 3.276325106620788574e+02 2.000000000000000000e+00
5.531927490234375000e+02 2.993450975418090820e+02 5.598826408386230469e+02 3.202626371383666992e+02 5.742008018493652344e+02 3.415262818336486816e+02 2.000000000000000000e+00
4.416276550292968750e+02 3.404209041595458984e+02 4.480958557128906250e+02 3.622197961807250977e+02 4.621477699279785156e+02 3.838407039642333984e+02 2.000000000000000000e+00
3.150301817059516907e+02 3.512963318824768066e+02 3.208892822265625000e+02 3.738540172576904297e+02 3.342197263240814209e+02 3.961402416229248047e+02 2.000000000000000000e+00
3.723956298828125000e+02 3.430905818939208984e+02 3.785461759567260742e+02 3.652835798263549805e+02 3.921971130371093750e+02 3.872136354446411133e+02 2.000000000000000000e+00
4.841339683532714844e+02 3.370981478691101074e+02 4.905523681640625000e+02 3.586146926879882812e+02 5.049202919006347656e+02 3.801699972152709961e+02 2.000000000000000000e+00
4.618251037597656250e+02 3.209967684745788574e+02 4.681695270538330078e+02 3.424560928344726562e+02 4.821714210510253906e+02 3.640183210372924805e+02 2.000000000000000000e+00
5.448320388793945312e+02 3.296684646606445312e+02 5.516869544982910156e+02 3.507771062850952148e+02 5.661206054687500000e+02 3.723647260665893555e+02 2.000000000000000000e+00
5.116291618347167969e+02 2.738382267951965332e+02 5.179501342773437500e+02 2.948771989345550537e+02 5.319924926757812500e+02 3.161864376068115234e+02 2.000000000000000000e+00
3.294744569063186646e+02 3.527145123481750488e+02 3.354889833927154541e+02 3.753160142898559570e+02 3.488213801383972168e+02 3.974438238143920898e+02 2.000000000000000000e+00
5.141916465759277344e+02 3.516387104988098145e+02 5.210564041137695312e+02 3.731223249435424805e+02 5.359328079223632812e+02 3.947976207733154297e+02 2.000000000000000000e+00
5.514988517761230469e+02 3.306161856651306152e+02 5.584083938598632812e+02 3.518413424491882324e+02 5.728180503845214844e+02 3.735015964508056641e+02 2.000000000000000000e+00
4.221386432647705078e+02 2.897813451290130615e+02 4.279895687103271484e+02 3.113016700744628906e+02 4.415501117706298828e+02 3.328122282028198242e+02 2.000000000000000000e+00
5.021411132812500000e+02 2.791142892837524414e+02 5.081945228576660156e+02 3.001709604263305664e+02 5.222194290161132812e+02 3.214003372192382812e+02 2.000000000000000000e+00
4.645962810516357422e+02 2.978546798229217529e+02 4.708924865722656250e+02 3.192515015602111816e+02 4.848166465759277344e+02 3.405931735038757324e+02 2.000000000000000000e+00
4.628799438476562500e+02 2.526520085334777832e+02 4.688411903381347656e+02 2.737500929832458496e+02 4.825659561157226562e+02 2.949663734436035156e+02 2.000000000000000000e+00
4.286410522460937500e+02 2.913233363628387451e+02 4.346041870117187500e+02 3.127830576896667480e+02 4.481395626068115234e+02 3.344177269935607910e+02 2.000000000000000000e+00
4.817182922363281250e+02 2.838708829879760742e+02 4.879077529907226562e+02 3.052258944511413574e+02 5.017835807800292969e+02 3.265648269653320312e+02 2.000000000000000000e+00
5.118584251403808594e+02 3.366274738311767578e+02 5.183650016784667969e+02 3.581228971481323242e+02 5.327442741394042969e+02 3.796303510665893555e+02 2.000000000000000000e+00
4.267542171478271484e+02 2.702865314483642578e+02 4.327990436553955078e+02 2.916705036163330078e+02 4.462265300750732422e+02 3.132084989547729492e+02 2.000000000000000000e+00
3.510229802131652832e+02 3.425974774360656738e+02 3.570525813102722168e+02 3.648197364807128906e+02 3.705508756637573242e+02 3.868349361419677734e+02 2.000000000000000000e+00
4.255845928192138672e+02 2.629617619514465332e+02 4.316099262237548828e+02 2.843891608715057373e+02 4.450763607025146484e+02 3.059314942359924316e+02 2.000000000000000000e+00
3.065917360782623291e+02 3.497789669036865234e+02 3.123853147029876709e+02 3.723530673980712891e+02 3.257188719511032104e+02 3.946367025375366211e+02 2.000000000000000000e+00
4.599165630340576172e+02 2.967551314830780029e+02 4.661544799804687500e+02 3.181132578849792480e+02 4.800807571411132812e+02 3.394618248939514160e+02 2.000000000000000000e+00
5.198601150512695312e+02 3.303127813339233398e+02 5.266202354431152344e+02 3.516223168373107910e+02 5.409987258911132812e+02 3.732686233520507812e+02 2.000000000000000000e+00
4.524233722686767578e+02 2.948100614547729492e+02 4.586159420013427734e+02 3.161399245262145996e+02 4.725185871124267578e+02 3.374699163436889648e+02 2.000000000000000000e+00
5.447203445434570312e+02 3.331636977195739746e+02 5.515305137634277344e+02 3.544368338584899902e+02 5.659760856628417969e+02 3.761048698425292969e+02 2.000000000000000000e+00
4.198343563079833984e+02 2.934689962863922119e+02 4.257865619659423828e+02 3.148818397521972656e+02 4.393297481536865234e+02 3.365321373939514160e+02 2.000000000000000000e+00
3.160093992948532104e+02 3.537424063682556152e+02 3.218939208984375000e+02 3.763319778442382812e+02 3.351998901367187500e+02 3.985548734664916992e+02 2.000000000000000000e+00
4.125207233428955078e+02 2.856092548370361328e+02 4.184857463836669922e+02 3.072597670555114746e+02 4.321280860900878906e+02 3.290017747879028320e+02 2.000000000000000000e+00
4.472090148925781250e+02 2.534369972348213196e+02 4.531994915008544922e+02 2.747901642322540283e+02 4.669096660614013672e+02 2.960790431499481201e+02 2.000000000000000000e+00
4.606052589416503906e+02 3.501109957695007324e+02 4.670007324218750000e+02 3.717742109298706055e+02 4.812227439880371094e+02 3.933223628997802734e+02 2.000000000000000000e+00
4.538867855072021484e+02 3.151503968238830566e+02 4.602181148529052734e+02 3.365923833847045898e+02 4.741782569885253906e+02 3.581594324111938477e+02 2.000000000000000000e+00
5.394757652282714844e+02 3.368216586112976074e+02 5.462509727478027344e+02 3.581506705284118652e+02 5.606947708129882812e+02 3.797705698013305664e+02 2.000000000000000000e+00
4.208680725097656250e+02 3.034067130088806152e+02 4.269272804260253906e+02 3.249928951263427734e+02 4.404255676269531250e+02 3.465766668319702148e+02 2.000000000000000000e+00
4.078747272491455078e+02 3.440134334564208984e+02 4.143154335021972656e+02 3.657971191406250000e+02 4.279667949676513672e+02 3.876495122909545898e+02 2.000000000000000000e+00
4.165292644500732422e+02 3.596926975250244141e+02 4.238138484954833984e+02 3.816914176940917969e+02 4.383989906311035156e+02 4.036704254150390625e+02 2.000000000000000000e+00
