5.496398925781250000e+02 1.674114632606506348e+02 5.523030471801757812e+02 1.814196610450744629e+02 5.450600624084472656e+02 2.008188772201538086e+02 1.000000000000000000e+00
5.694267082214355469e+02 1.792156362533569336e+02 5.729088783264160156e+02 1.931982386112213135e+02 5.663662719726562500e+02 2.124752640724182129e+02 1.000000000000000000e+00
5.535158157348632812e+02 1.753404664993286133e+02 5.562674522399902344e+02 1.893514215946197510e+02 5.490674400329589844e+02 2.086424231529235840e+02 1.000000000000000000e+00
5.479205322265625000e+02 1.747265267372131348e+02 5.504756546020507812e+02 1.888269639015197754e+02 5.432725906372070312e+02 2.082819199562072754e+02 1.000000000000000000e+00
5.657323074340820312e+02 1.718706464767456055e+02 5.692233848571777344e+02 1.857922482490539551e+02 5.625640869140625000e+02 2.049600648880004883e+02 1.000000000000000000e+00
5.132090568542480469e+02 2.205758196115493774e+02 5.310465049743652344e+02 2.358834837377071381e+02 5.232644653320312500e+02 2.561801773309707642e+02 1.000000000000000000e+00
3.792510986328125000e+02 1.114005661010742188e+02 3.780174589157104492e+02 1.248177123069763184e+02 3.668218708038330078e+02 1.436638712882995605e+02 1.000000000000000000e+00
4.422172260284423828e+02 1.382971429824829102e+02 4.418975257873535156e+02 1.521654939651489258e+02 4.314219093322753906e+02 1.712953591346740723e+02 1.000000000000000000e+00
5.373378372192382812e+02 1.981648528575897217e+02 5.398493003845214844e+02 2.126001870632171631e+02 5.325117874145507812e+02 2.323807981610298157e+02 1.000000000000000000e+00
5.201616859436035156e+02 1.596492719650268555e+02 5.215972328186035156e+02 1.736852073669433594e+02 5.129587364196777344e+02 1.930474054813385010e+02 1.000000000000000000e+00
5.193873405456542969e+02 2.172198164463043213e+02 5.216757774353027344e+02 2.321763610839843750e+02 5.138526725769042969e+02 2.523065346479415894e+02 1.000000000000000000e+00
5.478531455993652344e+02 1.136858510971069336e+02 5.505372428894042969e+02 1.265471291542053223e+02 5.432789993286132812e+02 1.446240949630737305e+02 1.000000000000000000e+00
4.480063819885253906e+02 1.489339113235473633e+02 4.477463722229003906e+02 1.629183769226074219e+02 4.374770545959472656e+02 1.822592425346374512e+02 1.000000000000000000e+00
5.117582511901855469e+02 1.254190707206726074e+02 5.128406333923339844e+02 1.385135149955749512e+02 5.043043899536132812e+02 1.571632504463195801e+02 1.000000000000000000e+00
5.152107048034667969e+02 1.602899765968322754e+02 5.165120315551757812e+02 1.743203401565551758e+02 5.077766418457031250e+02 1.936469686031341553e+02 1.000000000000000000e+00
3.946806955337524414e+02 1.200370502471923828e+02 3.934216928482055664e+02 1.335463070869445801e+02 3.820064401626586914e+02 1.524075579643249512e+02 1.000000000000000000e+00
3.763393878936767578e+02 1.564708042144775391e+02 3.747883605957031250e+02 1.707513570785522461e+02 3.632825040817260742e+02 1.906417357921600342e+02 1.000000000000000000e+00
3.957429838180541992e+02 1.586759734153747559e+02 3.946995544433593750e+02 1.729451894760131836e+02 3.842007160186767578e+02 1.928675365447998047e+02 1.000000000000000000e+00
5.150737953186035156e+02 1.877605712413787842e+02 5.169976806640625000e+02 2.022372257709503174e+02 5.089465713500976562e+02 2.219451588392257690e+02 1.000000000000000000e+00
4.329277992248535156e+02 1.585946774482727051e+02 4.326296710968017578e+02 1.727842855453491211e+02 4.221956539154052734e+02 1.924491405487060547e+02 1.000000000000000000e+00
3.450400090217590332e+02 1.015998315811157227e+02 3.433508300781250000e+02 1.154070711135864258e+02 3.314422917366027832e+02 1.341666054725646973e+02 1.000000000000000000e+00
3.756270170211791992e+02 1.491612482070922852e+02 3.741270160675048828e+02 1.633165240287780762e+02 3.625852346420288086e+02 1.828960096836090088e+02 1.000000000000000000e+00
5.177835655212402344e+02 1.269458055496215820e+02 5.189515495300292969e+02 1.399735021591186523e+02 5.104357719421386719e+02 1.586156415939331055e+02 1.000000000000000000e+00
5.183991050720214844e+02 1.730458331108093262e+02 5.203233718872070312e+02 1.872718620300292969e+02 5.121965408325195312e+02 2.067029571533203125e+02 1.000000000000000000e+00
5.242074584960937500e+02 2.044432961940765381e+02 5.264235877990722656e+02 2.190220785140991211e+02 5.186361122131347656e+02 2.388580168783664703e+02 1.000000000000000000e+00
5.471734046936035156e+02 1.865304243564605713e+02 5.500186729431152344e+02 2.008252859115600586e+02 5.428905105590820312e+02 2.203722220659255981e+02 1.000000000000000000e+00
3.944996023178100586e+02 1.301042246818542480e+02 3.932284879684448242e+02 1.438575839996337891e+02 3.817385578155517578e+02 1.631094646453857422e+02 1.000000000000000000e+00
3.739349365234375000e+02 1.653577995300292969e+02 3.724610900878906250e+02 1.796881055831909180e+02 3.610106515884399414e+02 1.996146082878112793e+02 1.000000000000000000e+00
5.282373619079589844e+02 2.097461843490600586e+02 5.304891395568847656e+02 2.246731710433959961e+02 5.227976036071777344e+02 2.447462466359138489e+02 1.000000000000000000e+00
5.104324340820312500e+02 1.821447873115539551e+02 5.122802734375000000e+02 1.965487039089202881e+02 5.040457153320312500e+02 2.162506395578384399e+02 1.000000000000000000e+00
4.536858272552490234e+02 1.561971545219421387e+02 4.535471534729003906e+02 1.703355360031127930e+02 4.433924579620361328e+02 1.897502553462982178e+02 1.000000000000000000e+00
5.417163658142089844e+02 2.032617938518524170e+02 5.444679069519042969e+02 2.176230919361114502e+02 5.373595046997070312e+02 2.373091582953929901e+02 1.000000000000000000e+00
4.210694313049316406e+02 1.185652828216552734e+02 4.201682758331298828e+02 1.320761847496032715e+02 4.093571758270263672e+02 1.508956432342529297e+02 1.000000000000000000e+00
4.322371864318847656e+02 1.448027729988098145e+02 4.318381404876708984e+02 1.586257767677307129e+02 4.212470149993896484e+02 1.777250790596008301e+02 1.000000000000000000e+00
4.392973327636718750e+02 1.572106146812438965e+02 4.390988445281982422e+02 1.713969397544860840e+02 4.287824726104736328e+02 1.909690511226654053e+02 1.000000000000000000e+00
5.218282508850097656e+02 2.116579270362854004e+02 5.240293693542480469e+02 2.266665950417518616e+02 5.162390136718750000e+02 2.467963108420372009e+02 1.000000000000000000e+00
5.192935752868652344e+02 1.189959383010864258e+02 5.204992103576660156e+02 1.318676090240478516e+02 5.118249320983886719e+02 1.501666688919067383e+02 1.000000000000000000e+00
3.982035541534423828e+02 1.514564752578735352e+02 3.969445800781250000e+02 1.655651950836181641e+02 3.858878803253173828e+02 1.852157557010650635e+02 1.000000000000000000e+00
3.726948261260986328e+02 1.382475399971008301e+02 3.712647390365600586e+02 1.521991252899169922e+02 3.597353816032409668e+02 1.717164874076843262e+02 1.000000000000000000e+00
4.913582229614257812e+02 1.498520636558532715e+02 4.921246719360351562e+02 1.637112879753112793e+02 4.828010368347167969e+02 1.828978085517883301e+02 1.000000000000000000e+00
4.485294246673583984e+02 1.611293578147888184e+02 4.484149837493896484e+02 1.753515315055847168e+02 4.383090209960937500e+02 1.949732637405395508e+02 1.000000000000000000e+00
5.408150100708007812e+02 2.054565703868865967e+02 5.436235427856445312e+02 2.197312617301940918e+02 5.365672111511230469e+02 2.393777465634047985e+02 1.000000000000000000e+00
4.198639869689941406e+02 1.507628130912780762e+02 4.190845394134521484e+02 1.648326516151428223e+02 4.082470703125000000e+02 1.844102597236633301e+02 1.000000000000000000e+00
4.123902320861816406e+02 1.227165555953979492e+02 4.114888000488281250e+02 1.363312196731567383e+02 4.006088542938232422e+02 1.553639173507690430e+02 1.000000000000000000e+00
5.283640861511230469e+02 1.893569147586822510e+02 5.303868484497070312e+02 2.037208092212677002e+02 5.225111770629882812e+02 2.234739071130752563e+02 1.000000000000000000e+00
5.296216392517089844e+02 1.823956739902496338e+02 5.316063308715820312e+02 1.965956389904022217e+02 5.236758422851562500e+02 2.160896748304367065e+02 1.000000000000000000e+00
5.243063354492187500e+02 1.829610872268676758e+02 5.262704467773437500e+02 1.972415614128112793e+02 5.182800865173339844e+02 2.167562699317932129e+02 1.000000000000000000e+00
5.293922805786132812e+02 1.737577199935913086e+02 5.313224601745605469e+02 1.879402148723602295e+02 5.233349037170410156e+02 2.074143040180206299e+02 1.000000000000000000e+00
4.782424640655517578e+02 1.563179612159729004e+02 4.785973834991455078e+02 1.703428745269775391e+02 4.691088867187500000e+02 1.896848881244659424e+02 1.000000000000000000e+00
4.085003089904785156e+02 1.585132527351379395e+02 4.077207088470458984e+02 1.727993130683898926e+02 3.968311166763305664e+02 1.925924062728881836e+02 1.000000000000000000e+00
4.426232337951660156e+02 1.513023447990417480e+02 4.424067115783691406e+02 1.653319215774536133e+02 4.321172237396240234e+02 1.846637392044067383e+02 1.000000000000000000e+00
3.403041386604309082e+02 1.316966772079467773e+02 3.379772949218750000e+02 1.460777521133422852e+02 3.256516724824905396e+02 1.657916378974914551e+02 1.000000000000000000e+00
4.235392189025878906e+02 1.586096119880676270e+02 4.228605651855468750e+02 1.728813171386718750e+02 4.121162414550781250e+02 1.926013147830963135e+02 1.000000000000000000e+00
3.698860788345336914e+02 1.564211511611938477e+02 3.683761310577392578e+02 1.707065105438232422e+02 3.567789316177368164e+02 1.905676245689392090e+02 1.000000000000000000e+00
4.188086891174316406e+02 1.262465715408325195e+02 4.178415870666503906e+02 1.398548984527587891e+02 4.070130348205566406e+02 1.588963866233825684e+02 1.000000000000000000e+00
5.193078613281250000e+02 1.241582107543945312e+02 5.205093383789062500e+02 1.371614599227905273e+02 5.118989372253417969e+02 1.555799531936645508e+02 1.000000000000000000e+00
4.746422481536865234e+02 1.493293833732604980e+02 4.749624919891357422e+02 1.632246637344360352e+02 4.654281616210937500e+02 1.824537312984466553e+02 1.000000000000000000e+00
4.221817016601562500e+02 1.304179930686950684e+02 4.212454891204833984e+02 1.441872239112854004e+02 4.103693580627441406e+02 1.633136272430419922e+02 1.000000000000000000e+00
5.540934562683105469e+02 1.860079765319824219e+02 5.570626831054687500e+02 2.002246391773223877e+02 5.501463699340820312e+02 2.196582788228988647e+02 1.000000000000000000e+00
4.190807533264160156e+02 1.572247266769409180e+02 4.179721736907958984e+02 1.714709901809692383e+02 4.072547626495361328e+02 1.911782348155975342e+02 1.000000000000000000e+00
3.992641925811767578e+02 1.441972589492797852e+02 3.978623962402343750e+02 1.581047630310058594e+02 3.867886972427368164e+02 1.774105811119079590e+02 1.000000000000000000e+00
5.169894981384277344e+02 1.779932212829589844e+02 5.189812660217285156e+02 1.922958040237426758e+02 5.108040428161621094e+02 2.117591840028762817e+02 1.000000000000000000e+00
4.039591693878173828e+02 1.251908826828002930e+02 4.026993083953857422e+02 1.387717723846435547e+02 3.912687397003173828e+02 1.578906083106994629e+02 1.000000000000000000e+00
3.683757019042968750e+02 1.502454042434692383e+02 3.667932462692260742e+02 1.644184398651123047e+02 3.552865600585937500e+02 1.841077244281768799e+02 1.000000000000000000e+00
3.797428274154663086e+02 1.598203110694885254e+02 3.782988882064819336e+02 1.741702222824096680e+02 3.668122863769531250e+02 1.940718805789947510e+02 1.000000000000000000e+00
4.083762550354003906e+02 1.514203763008117676e+02 4.073734760284423828e+02 1.655626487731933594e+02 3.964065551757812500e+02 1.851782047748565674e+02 1.000000000000000000e+00
4.803051757812500000e+02 1.397024488449096680e+02 4.808808326721191406e+02 1.534329485893249512e+02 4.714779663085937500e+02 1.725384664535522461e+02 1.000000000000000000e+00
3.956866168975830078e+02 1.241006183624267578e+02 3.944021940231323242e+02 1.376782178878784180e+02 3.829148578643798828e+02 1.567904162406921387e+02 1.000000000000000000e+00
4.448686504364013672e+02 1.439000630378723145e+02 4.445921039581298828e+02 1.577793073654174805e+02 4.342007446289062500e+02 1.769248008728027344e+02 1.000000000000000000e+00
4.543752193450927734e+02 1.492295336723327637e+02 4.541384029388427734e+02 1.631946659088134766e+02 4.438966655731201172e+02 1.824777495861053467e+02 1.000000000000000000e+00
3.508028578758239746e+02 9.729035854339599609e+01 3.491836237907409668e+02 1.111451196670532227e+02 3.370709228515625000e+02 1.304658937454223633e+02 1.000000000000000000e+00
4.221075439453125000e+02 1.444114351272583008e+02 4.212650489807128906e+02 1.581903004646301270e+02 4.104281902313232422e+02 1.774120330810546875e+02 1.000000000000000000e+00
5.151640129089355469e+02 1.325785160064697266e+02 5.162428665161132812e+02 1.460950899124145508e+02 5.076398658752441406e+02 1.651354336738586426e+02 1.000000000000000000e+00
4.667219543457031250e+02 1.499463486671447754e+02 4.669722652435302734e+02 1.638962817192077637e+02 4.572220134735107422e+02 1.831967890262603760e+02 1.000000000000000000e+00
5.104838371276855469e+02 1.562019896507263184e+02 5.116612243652343750e+02 1.702804827690124512e+02 5.026383781433105469e+02 1.895872020721435547e+02 1.000000000000000000e+00
3.891081237792968750e+02 1.447571825981140137e+02 3.876401996612548828e+02 1.587414193153381348e+02 3.763233661651611328e+02 1.781317377090454102e+02 1.000000000000000000e+00
4.094780921936035156e+02 1.255883431434631348e+02 4.085101032257080078e+02 1.392093443870544434e+02 3.973352956771850586e+02 1.582959079742431641e+02 1.000000000000000000e+00
5.474213981628417969e+02 1.806661641597747803e+02 5.499293899536132812e+02 1.948186004161834717e+02 5.428106117248535156e+02 2.143240499496459961e+02 1.000000000000000000e+00
4.056787776947021484e+02 1.228174853324890137e+02 4.044716548919677734e+02 1.364248180389404297e+02 3.931983327865600586e+02 1.555051803588867188e+02 1.000000000000000000e+00
5.240542030334472656e+02 2.061154317855834961e+02 5.262965774536132812e+02 2.207726132869720459e+02 5.185104942321777344e+02 2.406180877983570099e+02 1.000000000000000000e+00
4.082411861419677734e+02 1.444003987312316895e+02 4.069696044921875000e+02 1.583082532882690430e+02 3.958367300033569336e+02 1.775867128372192383e+02 1.000000000000000000e+00
5.048329162597656250e+02 2.032938230037689209e+02 5.068828392028808594e+02 2.175574028491973877e+02 4.983895874023437500e+02 2.378991698473691940e+02 1.000000000000000000e+00
5.143676185607910156e+02 2.193104839324951172e+02 5.166790199279785156e+02 2.341920317709445953e+02 5.086251640319824219e+02 2.544138497114181519e+02 1.000000000000000000e+00
4.843395042419433594e+02 1.588632130622863770e+02 4.848035621643066406e+02 1.728768253326416016e+02 4.754003047943115234e+02 1.923203265666961670e+02 1.000000000000000000e+00
5.099608421325683594e+02 2.105432868003845215e+02 5.117918395996093750e+02 2.253961631655693054e+02 5.034940147399902344e+02 2.458807374536991119e+02 1.000000000000000000e+00
5.212803459167480469e+02 1.134653091430664062e+02 5.226448440551757812e+02 1.263698673248291016e+02 5.138419151306152344e+02 1.445689201354980469e+02 1.000000000000000000e+00
5.229142570495605469e+02 1.540367531776428223e+02 5.244595336914062500e+02 1.678894758224487305e+02 5.159405517578125000e+02 1.872080039978027344e+02 1.000000000000000000e+00
4.908621788024902344e+02 1.570088911056518555e+02 4.914892005920410156e+02 1.709544324874877930e+02 4.822163391113281250e+02 1.902461385726928711e+02 1.000000000000000000e+00
5.005628395080566406e+02 1.566308856010437012e+02 5.015959167480468750e+02 1.706303858757019043e+02 4.924757766723632812e+02 1.899090850353240967e+02 1.000000000000000000e+00
3.472756361961364746e+02 9.682665824890136719e+01 3.456205153465270996e+02 1.107021474838256836e+02 3.335152900218963623e+02 1.300150108337402344e+02 1.000000000000000000e+00
5.631525993347167969e+02 1.708390617370605469e+02 5.664834022521972656e+02 1.847974991798400879e+02 5.597802162170410156e+02 2.040375208854675293e+02 1.000000000000000000e+00
4.020122718811035156e+02 1.295523905754089355e+02 4.007184791564941406e+02 1.433134388923645020e+02 3.892982196807861328e+02 1.625223469734191895e+02 1.000000000000000000e+00
5.317409706115722656e+02 1.947377443313598633e+02 5.339363479614257812e+02 2.092102503776550293e+02 5.262037467956542969e+02 2.291017448902130127e+02 1.000000000000000000e+00
5.624434852600097656e+02 1.318362665176391602e+02 5.656895828247070312e+02 1.455343151092529297e+02 5.586068725585937500e+02 1.636098933219909668e+02 1.000000000000000000e+00
4.381409931182861328e+02 1.525098681449890137e+02 4.378669738769531250e+02 1.665633344650268555e+02 4.275321674346923828e+02 1.859524369239807129e+02 1.000000000000000000e+00
4.598835754394531250e+02 1.521866226196289062e+02 4.597902584075927734e+02 1.662700009346008301e+02 4.497770690917968750e+02 1.856066250801086426e+02 1.000000000000000000e+00
4.502723407745361328e+02 1.875364816188812256e+02 4.509165954589843750e+02 2.021512448787689209e+02 4.419744300842285156e+02 2.221235185861587524e+02 1.000000000000000000e+00
4.972550392150878906e+02 1.508569264411926270e+02 4.981727981567382812e+02 1.647404122352600098e+02 4.889184570312500000e+02 1.839065515995025635e+02 1.000000000000000000e+00
5.157393264770507812e+02 1.817333042621612549e+02 5.176444053649902344e+02 1.961477494239807129e+02 5.095238113403320312e+02 2.157142317295074463e+02 1.000000000000000000e+00
4.963062477111816406e+02 1.553512072563171387e+02 4.972470092773437500e+02 1.693440699577331543e+02 4.880061721801757812e+02 1.886035287380218506e+02 1.000000000000000000e+00
4.992945289611816406e+02 1.377108120918273926e+02 5.000759696960449219e+02 1.514309334754943848e+02 4.908573913574218750e+02 1.704721355438232422e+02 1.000000000000000000e+00
4.343043231964111328e+02 1.532110404968261719e+02 4.340446472167968750e+02 1.672838544845581055e+02 4.236201190948486328e+02 1.867139554023742676e+02 1.000000000000000000e+00
3.659921884536743164e+02 1.565985488891601562e+02 3.643842792510986328e+02 1.709059882164001465e+02 3.526835036277770996e+02 1.907398045063018799e+02 1.000000000000000000e+00
4.697616291046142578e+02 1.506575703620910645e+02 4.701138019561767578e+02 1.646497464179992676e+02 4.604909992218017578e+02 1.838900434970855713e+02 1.000000000000000000e+00
4.951129150390625000e+02 1.181630802154541016e+02 4.957598686218261719e+02 1.313457584381103516e+02 4.863769912719726562e+02 1.499266147613525391e+02 1.000000000000000000e+00
4.395322322845458984e+02 1.467908906936645508e+02 4.392516517639160156e+02 1.606728172302246094e+02 4.287379741668701172e+02 1.797858095169067383e+02 1.000000000000000000e+00
4.849239540100097656e+02 1.454585194587707520e+02 4.854808425903320312e+02 1.591683483123779297e+02 4.760606384277343750e+02 1.782863759994506836e+02 1.000000000000000000e+00
5.549608230590820312e+02 1.880389380455017090e+02 5.580471801757812500e+02 2.022694087028503418e+02 5.511702919006347656e+02 2.216994774341583252e+02 1.000000000000000000e+00
5.293588256835937500e+02 1.467170834541320801e+02 5.309375000000000000e+02 1.602607655525207520e+02 5.226095008850097656e+02 1.791665768623352051e+02 1.000000000000000000e+00
3.443468928337097168e+02 1.199512767791748047e+02 3.424176645278930664e+02 1.335248637199401855e+02 3.305106818675994873e+02 1.521673822402954102e+02 1.000000000000000000e+00
3.744876098632812500e+02 9.973061084747314453e+01 3.733179950714111328e+02 1.132063007354736328e+02 3.621818542480468750e+02 1.324884867668151855e+02 1.000000000000000000e+00
4.134929847717285156e+02 1.288191032409667969e+02 4.124864196777343750e+02 1.425497674942016602e+02 4.015952205657958984e+02 1.617401075363159180e+02 1.000000000000000000e+00
4.605597209930419922e+02 1.562855958938598633e+02 4.605343341827392578e+02 1.704053592681884766e+02 4.506182003021240234e+02 1.898127400875091553e+02 1.000000000000000000e+00
3.939273405075073242e+02 1.569677209854125977e+02 3.928038930892944336e+02 1.712562990188598633e+02 3.819851064682006836e+02 1.911801731586456299e+02 1.000000000000000000e+00
5.446668052673339844e+02 1.856021869182586670e+02 5.474628257751464844e+02 1.999119257926940918e+02 5.403252029418945312e+02 2.195173323154449463e+02 1.000000000000000000e+00
5.709187126159667969e+02 1.068004560470581055e+02 5.741987991333007812e+02 1.193332242965698242e+02 5.673911094665527344e+02 1.375289583206176758e+02 1.000000000000000000e+00
4.288274574279785156e+02 1.528962492942810059e+02 4.283708477020263672e+02 1.669697713851928711e+02 4.177060604095458984e+02 1.864632081985473633e+02 1.000000000000000000e+00
5.226572227478027344e+02 1.885369992256164551e+02 5.246528434753417969e+02 2.029124593734741211e+02 5.167316246032714844e+02 2.225518637895584106e+02 1.000000000000000000e+00
3.885691833496093750e+02 1.571607613563537598e+02 3.871160888671875000e+02 1.714637732505798340e+02 3.757788991928100586e+02 1.914023709297180176e+02 1.000000000000000000e+00
4.668616008758544922e+02 1.548303937911987305e+02 4.671155738830566406e+02 1.689176774024963379e+02 4.574299621582031250e+02 1.883348071575164795e+02 1.000000000000000000e+00
5.521062660217285156e+02 1.498861670494079590e+02 5.560164833068847656e+02 1.638159012794494629e+02 5.490967369079589844e+02 1.827816903591156006e+02 1.000000000000000000e+00
3.908308410644531250e+02 1.514283585548400879e+02 3.893930387496948242e+02 1.655430293083190918e+02 3.779462575912475586e+02 1.852104020118713379e+02 1.000000000000000000e+00
4.244694232940673828e+02 1.542666721343994141e+02 4.239011287689208984e+02 1.683702206611633301e+02 4.131876277923583984e+02 1.879786491394042969e+02 1.000000000000000000e+00
3.921716928482055664e+02 1.104090356826782227e+02 3.909739065170288086e+02 1.237802839279174805e+02 3.796771240234375000e+02 1.426306986808776855e+02 1.000000000000000000e+00
3.399164128303527832e+02 1.200901436805725098e+02 3.377646791934967041e+02 1.343901944160461426e+02 3.258617860078811646e+02 1.530151462554931641e+02 1.000000000000000000e+00
5.652205276489257812e+02 1.876427292823791504e+02 5.684943962097167969e+02 2.017107689380645752e+02 5.619344520568847656e+02 2.211006152629852295e+02 1.000000000000000000e+00
4.108862304687500000e+02 1.672031664848327637e+02 4.100765991210937500e+02 1.815129375457763672e+02 3.994295644760131836e+02 2.013738226890563965e+02 1.000000000000000000e+00
5.143697547912597656e+02 1.392649912834167480e+02 5.153746986389160156e+02 1.535536122322082520e+02 5.068185997009277344e+02 1.725146627426147461e+02 1.000000000000000000e+00
4.700559425354003906e+02 1.699763774871826172e+02 4.708534240722656250e+02 1.841935551166534424e+02 4.616298198699951172e+02 2.037953460216522217e+02 1.000000000000000000e+00
4.137811279296875000e+02 1.566265654563903809e+02 4.127114582061767578e+02 1.709088563919067383e+02 4.019151306152343750e+02 1.905970144271850586e+02 1.000000000000000000e+00
3.905342102050781250e+02 1.572878050804138184e+02 3.891215848922729492e+02 1.715665125846862793e+02 3.778455209732055664e+02 1.914980757236480713e+02 1.000000000000000000e+00
4.514564228057861328e+02 1.666283369064331055e+02 4.514148902893066406e+02 1.808828687667846680e+02 4.413556575775146484e+02 2.005317056179046631e+02 1.000000000000000000e+00
3.837786579132080078e+02 1.504505395889282227e+02 3.823113393783569336e+02 1.645490670204162598e+02 3.708244037628173828e+02 1.841779589653015137e+02 1.000000000000000000e+00
5.112397575378417969e+02 2.037158811092376709e+02 5.132650184631347656e+02 2.180723261833190918e+02 5.049271583557128906e+02 2.385042570903897285e+02 1.000000000000000000e+00
4.805265808105468750e+02 1.627083563804626465e+02 4.809425735473632812e+02 1.767781019210815430e+02 4.714350605010986328e+02 1.963204336166381836e+02 1.000000000000000000e+00
5.124782180786132812e+02 1.146100902557373047e+02 5.137817955017089844e+02 1.276170444488525391e+02 5.049589347839355469e+02 1.459839749336242676e+02 1.000000000000000000e+00
4.026072406768798828e+02 1.214884042739868164e+02 4.013183021545410156e+02 1.350763034820556641e+02 3.898840951919555664e+02 1.539911484718322754e+02 1.000000000000000000e+00
4.626830768585205078e+02 1.106335830688476562e+02 4.630649471282958984e+02 1.241481256484985352e+02 4.534238624572753906e+02 1.430074381828308105e+02 1.000000000000000000e+00
4.185839557647705078e+02 2.555825811624526978e+02 4.340141010284423828e+02 2.718979811668395996e+02 4.399946880340576172e+02 2.933659100532531738e+02 2.000000000000000000e+00
4.507625484466552734e+02 2.669259041547775269e+02 4.665205097198486328e+02 2.831187450885772705e+02 4.726399230957031250e+02 3.043619728088378906e+02 2.000000000000000000e+00
4.340420532226562500e+02 3.036285138130187988e+02 4.499201107025146484e+02 3.200028705596923828e+02 4.561737346649169922e+02 3.414408588409423828e+02 2.000000000000000000e+00
4.237070655822753906e+02 2.664088153839111328e+02 4.392815303802490234e+02 2.828156769275665283e+02 4.452067565917968750e+02 3.043594694137573242e+02 2.000000000000000000e+00
4.379748821258544922e+02 2.431566316634416580e+02 4.534067440032958984e+02 2.592522597312927246e+02 4.593233394622802734e+02 2.804094564914703369e+02 2.000000000000000000e+00
4.195462322235107422e+02 2.375766143202781677e+02 4.347119140625000000e+02 2.547949835658073425e+02 4.405885982513427734e+02 2.765591454505920410e+02 2.000000000000000000e+00
4.336907386779785156e+02 3.237385010719299316e+02 4.495758056640625000e+02 3.403299951553344727e+02 4.560575866699218750e+02 3.620578622817993164e+02 2.000000000000000000e+00
3.132123714685440063e+02 3.275418162345886230e+02 3.285966491699218750e+02 3.446491169929504395e+02 3.345923459529876709e+02 3.670149278640747070e+02 2.000000000000000000e+00
3.035480344295501709e+02 3.328205323219299316e+02 3.188775634765625000e+02 3.501326322555541992e+02 3.247380372881889343e+02 3.725588464736938477e+02 2.000000000000000000e+00
4.359334087371826172e+02 3.364175462722778320e+02 4.518387794494628906e+02 3.531160926818847656e+02 4.583478736877441406e+02 3.749961948394775391e+02 2.000000000000000000e+00
4.865648460388183594e+02 2.697551286220550537e+02 5.024399757385253906e+02 2.855118441581726074e+02 5.088139915466308594e+02 3.066032767295837402e+02 2.000000000000000000e+00
4.560604286193847656e+02 2.606045240163803101e+02 4.717521381378173828e+02 2.766945827007293701e+02 4.778736877441406250e+02 2.979147362709045410e+02 2.000000000000000000e+00
4.409216976165771484e+02 2.364584349095821381e+02 4.563539791107177734e+02 2.525494846701622009e+02 4.622487545013427734e+02 2.736545133590698242e+02 2.000000000000000000e+00
5.350601768493652344e+02 3.172544932365417480e+02 5.513817787170410156e+02 3.330368685722351074e+02 5.582453727722167969e+02 3.543117713928222656e+02 2.000000000000000000e+00
5.364465904235839844e+02 3.083413410186767578e+02 5.527275466918945312e+02 3.241570758819580078e+02 5.596737670898437500e+02 3.452493953704833984e+02 2.000000000000000000e+00
4.722029113769531250e+02 2.634865128993988037e+02 4.880039024353027344e+02 2.794813871383666992e+02 4.939527320861816406e+02 3.005627202987670898e+02 2.000000000000000000e+00
3.341143798828125000e+02 3.398236155509948730e+02 3.500989699363708496e+02 3.569284415245056152e+02 3.567918086051940918e+02 3.791328477859497070e+02 2.000000000000000000e+00
5.138891601562500000e+02 2.683469867706298828e+02 5.298903846740722656e+02 2.840829813480377197e+02 5.363836097717285156e+02 3.050648260116577148e+02 2.000000000000000000e+00
4.514281654357910156e+02 2.542396250367164612e+02 4.670391559600830078e+02 2.703315746784210205e+02 4.731375408172607422e+02 2.914935028553009033e+02 2.000000000000000000e+00
4.153819942474365234e+02 3.179093670845031738e+02 4.311195087432861328e+02 3.345184993743896484e+02 4.374050045013427734e+02 3.563670444488525391e+02 2.000000000000000000e+00
3.695433044433593750e+02 3.379591441154479980e+02 3.850149250030517578e+02 3.549093961715698242e+02 3.913138723373413086e+02 3.770246887207031250e+02 2.000000000000000000e+00
4.128713703155517578e+02 2.647224444150924683e+02 4.283427429199218750e+02 2.811769437789916992e+02 4.343164062500000000e+02 3.026090741157531738e+02 2.000000000000000000e+00
3.255108946561813354e+02 3.255285072326660156e+02 3.408575129508972168e+02 3.425650405883789062e+02 3.468508005142211914e+02 3.648070192337036133e+02 2.000000000000000000e+00
3.071070253849029541e+02 3.341806697845458984e+02 3.225010377168655396e+02 3.512784504890441895e+02 3.284632265567779541e+02 3.739269161224365234e+02 2.000000000000000000e+00
2.874934077262878418e+02 3.267349004745483398e+02 3.027034604549407959e+02 3.441379451751708984e+02 3.085140681266784668e+02 3.665350341796875000e+02 2.000000000000000000e+00
3.748511648178100586e+02 3.299522137641906738e+02 3.903940153121948242e+02 3.468161344528198242e+02 3.966964435577392578e+02 3.688138532638549805e+02 2.000000000000000000e+00
4.559809303283691406e+02 2.661777055263519287e+02 4.717597389221191406e+02 2.822891271114349365e+02 4.779113769531250000e+02 3.035353088378906250e+02 2.000000000000000000e+00
3.504477238655090332e+02 3.290986704826354980e+02 3.658775043487548828e+02 3.459456539154052734e+02 3.719531583786010742e+02 3.682305049896240234e+02 2.000000000000000000e+00
3.078883051872253418e+02 3.329930448532104492e+02 3.233316954970359802e+02 3.502323389053344727e+02 3.292885744571685791e+02 3.726547050476074219e+02 2.000000000000000000e+00
4.800448989868164062e+02 3.206986427307128906e+02 4.961713027954101562e+02 3.369123888015747070e+02 5.027263259887695312e+02 3.584529805183410645e+02 2.000000000000000000e+00
3.641582059860229492e+02 3.272194862365722656e+02 3.795493459701538086e+02 3.440837788581848145e+02 3.857793283462524414e+02 3.662041425704956055e+02 2.000000000000000000e+00
3.412281489372253418e+02 3.283483314514160156e+02 3.566112971305847168e+02 3.452984690666198730e+02 3.626519155502319336e+02 3.675458478927612305e+02 2.000000000000000000e+00
4.486589336395263672e+02 2.466838230192661285e+02 4.642365169525146484e+02 2.627704793214797974e+02 4.703344440460205078e+02 2.839449191093444824e+02 2.000000000000000000e+00
4.055839252471923828e+02 2.572932744026184082e+02 4.209580707550048828e+02 2.736981832981109619e+02 4.268786621093750000e+02 2.952942824363708496e+02 2.000000000000000000e+00
4.519929790496826172e+02 3.198580384254455566e+02 4.680090045928955078e+02 3.362585520744323730e+02 4.744425678253173828e+02 3.578330755233764648e+02 2.000000000000000000e+00
2.932353806495666504e+02 3.267135357856750488e+02 3.084810793399810791e+02 3.440426659584045410e+02 3.143138426542282104e+02 3.664545106887817383e+02 2.000000000000000000e+00
5.304971885681152344e+02 2.768302023410797119e+02 5.466805458068847656e+02 2.925958585739135742e+02 5.534245681762695312e+02 3.135382747650146484e+02 2.000000000000000000e+00
4.447899150848388672e+02 2.515764015913009644e+02 4.603900432586669922e+02 2.677093219757080078e+02 4.664548969268798828e+02 2.888786351680755615e+02 2.000000000000000000e+00
4.985923576354980469e+02 2.704332911968231201e+02 5.146311759948730469e+02 2.860683310031890869e+02 5.212976074218750000e+02 3.069933199882507324e+02 2.000000000000000000e+00
5.312731361389160156e+02 2.696678781509399414e+02 5.474084472656250000e+02 2.854048168659210205e+02 5.540835571289062500e+02 3.063776922225952148e+02 2.000000000000000000e+00
5.369526481628417969e+02 2.835367155075073242e+02 5.531927490234375000e+02 2.993450975418090820e+02 5.598826408386230469e+02 3.202626371383666992e+02 2.000000000000000000e+00
4.257701778411865234e+02 3.237564110755920410e+02 4.416276550292968750e+02 3.404209041595458984e+02 4.480958557128906250e+02 3.622197961807250977e+02 2.000000000000000000e+00
2.996660757064819336e+02 3.340744042396545410e+02 3.150301817059516907e+02 3.512963318824768066e+02 3.208892822265625000e+02 3.738540172576904297e+02 2.000000000000000000e+00
3.569968867301940918e+02 3.262044382095336914e+02 3.723956298828125000e+02 3.430905818939208984e+02 3.785461759567260742e+02 3.652835798263549805e+02 2.000000000000000000e+00
4.680057430267333984e+02 3.207789015769958496e+02 4.841339683532714844e+02 3.370981478691101074e+02 4.905523681640625000e+02 3.586146926879882812e+02 2.000000000000000000e+00
4.458607196807861328e+02 3.046467947959899902e+02 4.618251037597656250e+02 3.209967684745788574e+02 4.681695270538330078e+02 3.424560928344726562e+02 2.000000000000000000e+00
5.285469436645507812e+02 3.138591027259826660e+02 5.448320388793945312e+02 3.296684646606445312e+02 5.516869544982910156e+02 3.507771062850952148e+02 2.000000000000000000e+00
4.957439994812011719e+02 2.579990547895431519e+02 5.116291618347167969e+02 2.738382267951965332e+02 5.179501342773437500e+02 2.948771989345550537e+02 2.000000000000000000e+00
3.140782469511032104e+02 3.355043363571166992e+02 3.294744569063186646e+02 3.527145123481750488e+02 3.354889833927154541e+02 3.753160142898559570e+02 2.000000000000000000e+00
4.975350952148437500e+02 3.354154372215270996e+02 5.141916465759277344e+02 3.516387104988098145e+02 5.210564041137695312e+02 3.731223249435424805e+02 2.000000000000000000e+00
5.352077102661132812e+02 3.150117802619934082e+02 5.514988517761230469e+02 3.306161856651306152e+02 5.584083938598632812e+02 3.518413424491882324e+02 2.000000000000000000e+00
4.066682147979736328e+02 2.733574855327606201e+02 4.221386432647705078e+02 2.897813451290130615e+02 4.279895687103271484e+02 3.113016700744628906e+02 2.000000000000000000e+00
4.862536048889160156e+02 2.632193917036056519e+02 5.021411132812500000e+02 2.791142892837524414e+02 5.081945228576660156e+02 3.001709604263305664e+02 2.000000000000000000e+00
4.488801860809326172e+02 2.816175556182861328e+02 4.645962810516357422e+02 2.978546798229217529e+02 4.708924865722656250e+02 3.192515015602111816e+02 2.000000000000000000e+00
4.474473571777343750e+02 2.365793149173259735e+02 4.628799438476562500e+02 2.526520085334777832e+02 4.688411903381347656e+02 2.737500929832458496e+02 2.000000000000000000e+00
4.131845760345458984e+02 2.748146975040435791e+02 4.286410522460937500e+02 2.913233363628387451e+02 4.346041870117187500e+02 3.127830576896667480e+02 2.000000000000000000e+00
4.658034420013427734e+02 2.676727616786956787e+02 4.817182922363281250e+02 2.838708829879760742e+02 4.879077529907226562e+02 3.052258944511413574e+02 2.000000000000000000e+00
4.955884742736816406e+02 3.205356502532958984e+02 5.118584251403808594e+02 3.366274738311767578e+02 5.183650016784667969e+02 3.581228971481323242e+02 2.000000000000000000e+00
4.113844299316406250e+02 2.539468386769294739e+02 4.267542171478271484e+02 2.702865314483642578e+02 4.327990436553955078e+02 2.916705036163330078e+02 2.000000000000000000e+00
3.355824887752532959e+02 3.255974149703979492e+02 3.510229802131652832e+02 3.425974774360656738e+02 3.570525813102722168e+02 3.648197364807128906e+02 2.000000000000000000e+00
4.101665019989013672e+02 2.467579194903373718e+02 4.255845928192138672e+02 2.629617619514465332e+02 4.316099262237548828e+02 2.843891608715057373e+02 2.000000000000000000e+00
2.913744807243347168e+02 3.324416542053222656e+02 3.065917360782623291e+02 3.497789669036865234e+02 3.123853147029876709e+02 3.723530673980712891e+02 2.000000000000000000e+00
4.442249774932861328e+02 2.805224025249481201e+02 4.599165630340576172e+02 2.967551314830780029e+02 4.661544799804687500e+02 3.181132578849792480e+02 2.000000000000000000e+00
5.036247062683105469e+02 3.142664837837219238e+02 5.198601150512695312e+02 3.303127813339233398e+02 5.266202354431152344e+02 3.516223168373107910e+02 2.000000000000000000e+00
4.367223262786865234e+02 2.785800504684448242e+02 4.524233722686767578e+02 2.948100614547729492e+02 4.586159420013427734e+02 3.161399245262145996e+02 2.000000000000000000e+00
5.284461021423339844e+02 3.173142099380493164e+02 5.447203445434570312e+02 3.331636977195739746e+02 5.515305137634277344e+02 3.544368338584899902e+02 2.000000000000000000e+00
4.044259929656982422e+02 2.770189225673675537e+02 4.198343563079833984e+02 2.934689962863922119e+02 4.257865619659423828e+02 3.148818397521972656e+02 2.000000000000000000e+00
3.002953791618347168e+02 3.365621709823608398e+02 3.160093992948532104e+02 3.537424063682556152e+02 3.218939208984375000e+02 3.763319778442382812e+02 2.000000000000000000e+00
3.970509958267211914e+02 2.691176158189773560e+02 4.125207233428955078e+02 2.856092548370361328e+02 4.184857463836669922e+02 3.072597670555114746e+02 2.000000000000000000e+00
4.314683246612548828e+02 2.366868437826633453e+02 4.472090148925781250e+02 2.534369972348213196e+02 4.531994915008544922e+02 2.747901642322540283e+02 2.000000000000000000e+00
4.445481014251708984e+02 3.336317825317382812e+02 4.606052589416503906e+02 3.501109957695007324e+02 4.670007324218750000e+02 3.717742109298706055e+02 2.000000000000000000e+00
4.380470275878906250e+02 2.987579083442687988e+02 4.538867855072021484e+02 3.151503968238830566e+02 4.602181148529052734e+02 3.365923833847045898e+02 2.000000000000000000e+00
5.231342124938964844e+02 3.209355497360229492e+02 5.394757652282714844e+02 3.368216586112976074e+02 5.462509727478027344e+02 3.581506705284118652e+02 2.000000000000000000e+00
4.053686523437500000e+02 2.869019794464111328e+02 4.208680725097656250e+02 3.034067130088806152e+02 4.269272804260253906e+02 3.249928951263427734e+02 2.000000000000000000e+00
3.923463773727416992e+02 3.272747826576232910e+02 4.078747272491455078e+02 3.440134334564208984e+02 4.143154335021972656e+02 3.657971191406250000e+02 2.000000000000000000e+00
4.000243854522705078e+02 3.429462003707885742e+02 4.165292644500732422e+02 3.596926975250244141e+02 4.238138484954833984e+02 3.816914176940917969e+02 2.000000000000000000e+00
