2.329516744613647461e+02 1.077673333883285522e+02 2.310812234878540039e+02 1.075827553868293762e+02 2.306945943832397461e+02 1.061940908432006836e+02 1.000000000000000000e+00
2.330586576461791992e+02 9.494275510311126709e+01 2.311633777618408203e+02 9.480015456676483154e+01 2.307781696319580078e+02 9.348448097705841064e+01 1.000000000000000000e+00
2.281395435333251953e+02 1.045357203483581543e+02 2.262324523925781250e+02 1.043739241361618042e+02 2.258341360092163086e+02 1.029153656959533691e+02 1.000000000000000000e+00
2.205140066146850586e+02 9.488274335861206055e+01 2.187292623519897461e+02 9.480074107646942139e+01 2.186230468750000000e+02 9.352817416191101074e+01 1.000000000000000000e+00
2.368873453140258789e+02 1.029810780286788940e+02 2.348079681396484375e+02 1.027869325876235962e+02 2.343417835235595703e+02 1.014534294605255127e+02 1.000000000000000000e+00
2.197167825698852539e+02 1.136815564334392548e+02 2.178909015655517578e+02 1.135847926139831543e+02 2.176221179962158203e+02 1.123064267635345459e+02 1.000000000000000000e+00
2.524666118621826172e+02 1.148203428089618683e+02 2.496885108947753906e+02 1.146332927048206329e+02 2.486409282684326172e+02 1.132718655467033386e+02 1.000000000000000000e+00
2.468362617492675781e+02 1.022229838371276855e+02 2.443279266357421875e+02 1.020297163724899292e+02 2.434072303771972656e+02 1.006166303157806396e+02 1.000000000000000000e+00
2.386739683151245117e+02 9.080544054508209229e+01 2.367796802520751953e+02 9.070387959480285645e+01 2.365279865264892578e+02 8.945022583007812500e+01 1.000000000000000000e+00
2.413693141937255859e+02 1.145409849286079407e+02 2.390324735641479492e+02 1.143629452586174011e+02 2.383207702636718750e+02 1.128765942156314850e+02 1.000000000000000000e+00
2.261550283432006836e+02 9.383747041225433350e+01 2.243535614013671875e+02 9.372157931327819824e+01 2.241767597198486328e+02 9.244602084159851074e+01 1.000000000000000000e+00
2.307192707061767578e+02 1.154468303918838501e+02 2.288052225112915039e+02 1.152821347117424011e+02 2.284712219238281250e+02 1.138130794465541840e+02 1.000000000000000000e+00
2.439808940887451172e+02 1.005757355690002441e+02 2.416837024688720703e+02 1.004420614242553711e+02 2.410000514984130859e+02 9.907828330993652344e+01 1.000000000000000000e+00
2.386272287368774414e+02 9.686266243457794189e+01 2.365724945068359375e+02 9.672286033630371094e+01 2.361036825180053711e+02 9.540795743465423584e+01 1.000000000000000000e+00
2.355057239532470703e+02 1.145417632162570953e+02 2.334080076217651367e+02 1.143701398372650146e+02 2.328414773941040039e+02 1.128876493871212006e+02 1.000000000000000000e+00
2.275958395004272461e+02 1.066309046745300293e+02 2.256980466842651367e+02 1.064716485142707825e+02 2.253784513473510742e+02 1.050595691800117493e+02 1.000000000000000000e+00
2.392366790771484375e+02 9.976115226745605469e+01 2.371282672882080078e+02 9.962567031383514404e+01 2.365823984146118164e+02 9.830711245536804199e+01 1.000000000000000000e+00
2.237292480468750000e+02 9.752660930156707764e+01 2.218897247314453125e+02 9.743491172790527344e+01 2.216163635253906250e+02 9.613204121589660645e+01 1.000000000000000000e+00
2.383753347396850586e+02 1.068378666043281555e+02 2.362711954116821289e+02 1.066415172815322876e+02 2.356760549545288086e+02 1.052645024657249451e+02 1.000000000000000000e+00
2.435188961029052734e+02 9.076223552227020264e+01 2.415013885498046875e+02 9.065662980079650879e+01 2.413402748107910156e+02 8.941676259040832520e+01 1.000000000000000000e+00
2.279297018051147461e+02 1.098615485429763794e+02 2.260819244384765625e+02 1.096764671802520752e+02 2.257393503189086914e+02 1.083127892017364502e+02 1.000000000000000000e+00
2.290429687500000000e+02 9.752184212207794189e+01 2.271549844741821289e+02 9.741097211837768555e+01 2.267852497100830078e+02 9.605868458747863770e+01 1.000000000000000000e+00
9.409140586853027344e+01 6.766267776489257812e+01 9.431171894073486328e+01 6.775381207466125488e+01 9.583785057067871094e+01 6.689016580581665039e+01 2.000000000000000000e+00
2.664485168457031250e+02 1.835516095161437988e+02 2.665466594696044922e+02 1.839485192298889160e+02 2.680331707000732422e+02 1.830181789398193359e+02 2.000000000000000000e+00
2.283090829849243164e+02 7.216191530227661133e+01 2.285262155532836914e+02 7.241836309432983398e+01 2.300690317153930664e+02 7.144525766372680664e+01 2.000000000000000000e+00
1.852857208251953125e+02 6.541671395301818848e+01 1.854881286621093750e+02 6.562865138053894043e+01 1.870472264289855957e+02 6.476099252700805664e+01 2.000000000000000000e+00
8.613554954528808594e+01 6.768945693969726562e+01 8.634050846099853516e+01 6.778170347213745117e+01 8.789305686950683594e+01 6.689988255500793457e+01 2.000000000000000000e+00
2.844417095184326172e+02 1.855714416503906250e+02 2.845423030853271484e+02 1.859634447097778320e+02 2.860658550262451172e+02 1.850849461555480957e+02 2.000000000000000000e+00
1.149244976043701172e+02 3.272282838821411133e+01 1.152111721038818359e+02 3.289402484893798828e+01 1.167424392700195312e+02 3.200660705566406250e+01 2.000000000000000000e+00
7.518880844116210938e+01 5.975026845932006836e+01 7.537896156311035156e+01 5.986415863037109375e+01 7.696240425109863281e+01 5.893009901046752930e+01 2.000000000000000000e+00
2.676506328582763672e+02 6.920233726501464844e+01 2.678294086456298828e+02 6.954255580902099609e+01 2.694450664520263672e+02 6.862476825714111328e+01 2.000000000000000000e+00
2.313756275177001953e+02 4.919733524322509766e+01 2.316300678253173828e+02 4.950644016265869141e+01 2.332100820541381836e+02 4.859448194503784180e+01 2.000000000000000000e+00
8.816174983978271484e+01 3.778850555419921875e+01 8.840951442718505859e+01 3.791294574737548828e+01 8.994915008544921875e+01 3.702944040298461914e+01 2.000000000000000000e+00
2.042905282974243164e+02 8.637617468833923340e+01 2.041270160675048828e+02 8.661123633384704590e+01 2.053445577621459961e+02 8.571128010749816895e+01 2.000000000000000000e+00
2.590242958068847656e+02 7.577602744102478027e+01 2.591856670379638672e+02 7.621768712997436523e+01 2.606951045989990234e+02 7.540667653083801270e+01 2.000000000000000000e+00
2.063100576400756836e+02 6.935479402542114258e+01 2.064333200454711914e+02 6.964512348175048828e+01 2.080228567123413086e+02 6.881138205528259277e+01 2.000000000000000000e+00
2.444887733459472656e+02 2.513998031616210938e+01 2.447934436798095703e+02 2.545314073562622070e+01 2.463712596893310547e+02 2.453169107437133789e+01 2.000000000000000000e+00
3.048409748077392578e+02 2.276810646057128906e+01 3.052105426788330078e+02 2.328294754028320312e+01 3.067990112304687500e+02 2.234102725982666016e+01 2.000000000000000000e+00
2.143012857437133789e+02 7.332394838333129883e+01 2.143761157989501953e+02 7.359943270683288574e+01 2.157698392868041992e+02 7.265672206878662109e+01 2.000000000000000000e+00
1.187886953353881836e+02 5.066097021102905273e+01 1.190286540985107422e+02 5.082879066467285156e+01 1.205876851081848145e+02 4.991971492767333984e+01 2.000000000000000000e+00
2.353571939468383789e+02 6.527833342552185059e+01 2.355983448028564453e+02 6.560696125030517578e+01 2.371676969528198242e+02 6.472249388694763184e+01 2.000000000000000000e+00
1.188465404510498047e+02 3.969449758529663086e+01 1.191155529022216797e+02 3.986399888992309570e+01 1.206512212753295898e+02 3.895452260971069336e+01 2.000000000000000000e+00
8.123451232910156250e+01 3.184679746627807617e+01 8.148126125335693359e+01 3.196990728378295898e+01 8.305819034576416016e+01 3.106336355209350586e+01 2.000000000000000000e+00
6.148435592651367188e+01 2.510462522506713867e+01 6.174175262451171875e+01 2.518920421600341797e+01 6.338521957397460938e+01 2.426314830780029297e+01 2.000000000000000000e+00
2.575284481048583984e+02 2.309538602828979492e+01 2.578170490264892578e+02 2.344157695770263672e+01 2.594195270538330078e+02 2.252164363861083984e+01 2.000000000000000000e+00
2.324177408218383789e+02 3.113538980484008789e+01 2.327243185043334961e+02 3.144154071807861328e+01 2.342928647994995117e+02 3.052385330200195312e+01 2.000000000000000000e+00
2.605672931671142578e+02 3.911147117614746094e+01 2.608075237274169922e+02 3.945490121841430664e+01 2.623967647552490234e+02 3.855799913406372070e+01 2.000000000000000000e+00
1.633888092637062073e+02 6.947189927101135254e+01 1.635375365614891052e+02 6.967015743255615234e+01 1.651212924718856812e+02 6.874126195907592773e+01 2.000000000000000000e+00
1.059938859939575195e+02 2.180061578750610352e+01 1.062990236282348633e+02 2.196691989898681641e+01 1.078381204605102539e+02 2.105090618133544922e+01 2.000000000000000000e+00
9.022209167480468750e+01 1.286421775817871094e+01 9.050030231475830078e+01 1.301040172576904297e+01 9.210442066192626953e+01 1.211128950119018555e+01 2.000000000000000000e+00
9.710438251495361328e+01 4.772253513336181641e+01 9.734331607818603516e+01 4.784807682037353516e+01 9.886454582214355469e+01 4.694441556930541992e+01 2.000000000000000000e+00
1.365588688850402832e+02 5.757043361663818359e+01 1.367468714714050293e+02 5.774997711181640625e+01 1.384047245979309082e+02 5.684889793395996094e+01 2.000000000000000000e+00
4.674908638000488281e+01 6.189350366592407227e+01 4.698541641235351562e+01 6.194216609001159668e+01 4.859872817993164062e+01 6.101494073867797852e+01 2.000000000000000000e+00
1.129502630233764648e+02 2.179434299468994141e+01 1.132550096511840820e+02 2.196453094482421875e+01 1.148093795776367188e+02 2.104843139648437500e+01 2.000000000000000000e+00
7.917704582214355469e+01 7.186874985694885254e+01 7.937305450439453125e+01 7.197538375854492188e+01 8.093746662139892578e+01 7.110681653022766113e+01 2.000000000000000000e+00
2.595738887786865234e+02 9.085249900817871094e+00 2.598578548431396484e+02 9.435052871704101562e+00 2.614826107025146484e+02 8.520112037658691406e+00 2.000000000000000000e+00
2.545704174041748047e+02 5.617983341217041016e+01 2.547747230529785156e+02 5.649986743927001953e+01 2.563769531250000000e+02 5.560970306396484375e+01 2.000000000000000000e+00
1.455523526668548584e+02 5.851706027984619141e+01 1.457229614257812500e+02 5.870301961898803711e+01 1.473383939266204834e+02 5.780080318450927734e+01 2.000000000000000000e+00
7.920640945434570312e+01 4.382944107055664062e+01 7.943117141723632812e+01 4.392541408538818359e+01 8.100563049316406250e+01 4.300568103790283203e+01 2.000000000000000000e+00
8.711905479431152344e+01 5.771739006042480469e+01 8.732903957366943359e+01 5.782670974731445312e+01 8.887356281280517578e+01 5.692524433135986328e+01 2.000000000000000000e+00
2.606107807159423828e+02 7.023582816123962402e+01 2.607816791534423828e+02 7.056307554244995117e+01 2.623964214324951172e+02 6.964336752891540527e+01 2.000000000000000000e+00
7.329190254211425781e+01 3.090609312057495117e+01 7.353421211242675781e+01 3.102256536483764648e+01 7.514829635620117188e+01 3.010446310043334961e+01 2.000000000000000000e+00
4.458478927612304688e+01 2.328742146492004395e+02 4.462361335754394531e+01 2.328711175918579102e+02 4.625030517578125000e+01 2.318771123886108398e+02 2.000000000000000000e+00
9.416954517364501953e+01 2.184307336807250977e+01 9.443396568298339844e+01 2.199138879776000977e+01 9.599805355072021484e+01 2.110642433166503906e+01 2.000000000000000000e+00
1.177293395996093750e+02 6.564895391464233398e+01 1.179139471054077148e+02 6.577973484992980957e+01 1.195334529876708984e+02 6.485837101936340332e+01 2.000000000000000000e+00
4.178019523620605469e+01 4.505970239639282227e+01 4.207356452941894531e+01 4.511070013046264648e+01 4.367681503295898438e+01 4.416942358016967773e+01 2.000000000000000000e+00
2.373681354522705078e+02 5.826943874359130859e+01 2.376117706298828125e+02 5.856370925903320312e+01 2.391924762725830078e+02 5.768141269683837891e+01 2.000000000000000000e+00
1.079345178604125977e+02 2.975888013839721680e+01 1.082329034805297852e+02 2.992439746856689453e+01 1.097759151458740234e+02 2.902728080749511719e+01 2.000000000000000000e+00
2.809674072265625000e+02 1.895127296447753906e+01 2.812769508361816406e+02 1.940445899963378906e+01 2.829210853576660156e+02 1.846369028091430664e+01 2.000000000000000000e+00
5.065117835998535156e+01 1.921271324157714844e+01 5.093158721923828125e+01 1.926988363265991211e+01 5.257699012756347656e+01 1.832373619079589844e+01 2.000000000000000000e+00
2.354649066925048828e+02 1.515813589096069336e+01 2.357871246337890625e+02 1.547693252563476562e+01 2.373706388473510742e+02 1.458123922348022461e+01 2.000000000000000000e+00
2.774491024017333984e+02 1.855608415603637695e+02 2.775746822357177734e+02 1.859605765342712402e+02 2.790580463409423828e+02 1.850529527664184570e+02 2.000000000000000000e+00
6.003213882446289062e+01 9.065749168395996094e+01 6.020330429077148438e+01 9.068549931049346924e+01 6.174773216247558594e+01 8.980210661888122559e+01 2.000000000000000000e+00
1.793229377269744873e+02 7.142123937606811523e+01 1.795126497745513916e+02 7.163794398307800293e+01 1.810760045051574707e+02 7.074403166770935059e+01 2.000000000000000000e+00
4.757202148437500000e+01 9.155458688735961914e+01 4.771974563598632812e+01 9.156881511211395264e+01 4.934392929077148438e+01 9.066039919853210449e+01 2.000000000000000000e+00
4.180597305297851562e+01 7.181131482124328613e+01 4.204955101013183594e+01 7.184609770774841309e+01 4.361741065979003906e+01 7.090474605560302734e+01 2.000000000000000000e+00
1.116495513916015625e+02 1.553089928627014160e+02 1.117254495620727539e+02 1.554126155376434326e+02 1.133513259887695312e+02 1.544748401641845703e+02 2.000000000000000000e+00
1.425412750244140625e+02 4.751484632492065430e+01 1.427405393123626709e+02 4.771389484405517578e+01 1.443824458122253418e+02 4.681317329406738281e+01 2.000000000000000000e+00
5.947791099548339844e+01 4.304575681686401367e+01 5.971730232238769531e+01 4.312415599822998047e+01 6.138994216918945312e+01 4.217416763305664062e+01 2.000000000000000000e+00
7.326069831848144531e+01 3.793049097061157227e+01 7.349678039550781250e+01 3.804137706756591797e+01 7.511119842529296875e+01 3.711096525192260742e+01 2.000000000000000000e+00
4.183135986328125000e+01 1.924697399139404297e+01 4.214909553527832031e+01 1.928853034973144531e+01 4.373373031616210938e+01 1.833370685577392578e+01 2.000000000000000000e+00
1.763073122501373291e+02 6.342987298965454102e+01 1.764815676212310791e+02 6.362455487251281738e+01 1.780186009407043457e+02 6.272181987762451172e+01 2.000000000000000000e+00
1.236259675025939941e+02 7.376242518424987793e+01 1.238740539550781250e+02 7.410012602806091309e+01 1.254203939437866211e+02 7.341406702995300293e+01 2.000000000000000000e+00
2.697303199768066406e+02 1.603778600692749023e+01 2.700584125518798828e+02 1.642466068267822266e+01 2.716460895538330078e+02 1.549098730087280273e+01 2.000000000000000000e+00
3.077699565887451172e+02 1.785841870307922363e+02 3.077925109863281250e+02 1.790675532817840576e+02 3.094009399414062500e+02 1.782024407386779785e+02 2.000000000000000000e+00
2.635993099212646484e+02 5.114441871643066406e+01 2.638401222229003906e+02 5.149776220321655273e+01 2.654191017150878906e+02 5.060699701309204102e+01 2.000000000000000000e+00
2.423950099945068359e+02 6.925322413444519043e+01 2.426360321044921875e+02 6.959934711456298828e+01 2.442197322845458984e+02 6.871249794960021973e+01 2.000000000000000000e+00
3.109093952178955078e+02 1.673786401748657227e+01 3.113049983978271484e+02 1.722928762435913086e+01 3.128445720672607422e+02 1.631706476211547852e+01 2.000000000000000000e+00
2.294254159927368164e+02 2.115829467773437500e+01 2.297784757614135742e+02 2.146638393402099609e+01 2.313557577133178711e+02 2.055324554443359375e+01 2.000000000000000000e+00
1.953572082519531250e+02 7.436741352081298828e+01 1.955005812644958496e+02 7.459638833999633789e+01 1.971136474609375000e+02 7.377668380737304688e+01 2.000000000000000000e+00
2.988301372528076172e+02 3.082213640213012695e+01 2.991875362396240234e+02 3.131042718887329102e+01 3.007764911651611328e+02 3.037326335906982422e+01 2.000000000000000000e+00
4.986374855041503906e+01 1.304335641860961914e+02 5.006155014038085938e+01 1.304461365938186646e+02 5.165917396545410156e+01 1.295191195607185364e+02 2.000000000000000000e+00
1.297221827507019043e+02 4.861636161804199219e+01 1.299430084228515625e+02 4.878228664398193359e+01 1.315397477149963379e+02 4.788136482238769531e+01 2.000000000000000000e+00
2.767258930206298828e+02 2.358068633079528809e+02 2.768241310119628906e+02 2.362922143936157227e+02 2.784274005889892578e+02 2.354280781745910645e+02 2.000000000000000000e+00
3.976015090942382812e+01 1.254504092037677765e+02 3.994812011718750000e+01 1.254425892233848572e+02 4.162031173706054688e+01 1.245389100909233093e+02 2.000000000000000000e+00
1.058647584915161133e+02 1.951596236228942871e+02 1.059252595901489258e+02 1.952462983131408691e+02 1.075891256332397461e+02 1.942553758621215820e+02 2.000000000000000000e+00
2.888218975067138672e+02 3.891365289688110352e+01 2.891801738739013672e+02 3.940704345703125000e+01 2.907635498046875000e+02 3.845156192779541016e+01 2.000000000000000000e+00
1.574753418564796448e+02 6.047053098678588867e+01 1.576239623129367828e+02 6.065714836120605469e+01 1.592342986911535263e+02 5.975101947784423828e+01 2.000000000000000000e+00
2.043449735641479492e+02 1.853658628463745117e+02 2.043986845016479492e+02 1.855983638763427734e+02 2.059703969955444336e+02 1.846966123580932617e+02 2.000000000000000000e+00
1.863298964500427246e+02 1.823997974395751953e+02 1.863838052749633789e+02 1.825849485397338867e+02 1.879858255386352539e+02 1.816596722602844238e+02 2.000000000000000000e+00
2.868572711944580078e+02 6.919289946556091309e+01 2.871133136749267578e+02 6.958155512809753418e+01 2.887045955657958984e+02 6.865851402282714844e+01 2.000000000000000000e+00
2.474695301055908203e+02 6.323349595069885254e+01 2.476937389373779297e+02 6.351404786109924316e+01 2.492805767059326172e+02 6.262119770050048828e+01 2.000000000000000000e+00
1.146304464340209961e+02 1.762565338611602783e+02 1.147269105911254883e+02 1.763520705699920654e+02 1.163390731811523438e+02 1.753923368453979492e+02 2.000000000000000000e+00
2.033811187744140625e+02 1.933910107612609863e+02 2.034218597412109375e+02 1.936072611808776855e+02 2.050241088867187500e+02 1.927133488655090332e+02 2.000000000000000000e+00
2.573600196838378906e+02 1.694673657417297363e+02 2.574822998046875000e+02 1.698605203628540039e+02 2.589555072784423828e+02 1.688984262943267822e+02 2.000000000000000000e+00
1.517057341337203979e+02 2.182485866546630859e+02 1.517900693416595459e+02 2.183850789070129395e+02 1.534443664550781250e+02 2.174570202827453613e+02 2.000000000000000000e+00
1.048410272598266602e+02 1.562832355499267578e+02 1.049213075637817383e+02 1.563799452781677246e+02 1.065629100799560547e+02 1.554281795024871826e+02 2.000000000000000000e+00
2.474681377410888672e+02 5.518499135971069336e+01 2.477007484436035156e+02 5.549132108688354492e+01 2.492861843109130859e+02 5.460144996643066406e+01 2.000000000000000000e+00
4.565736770629882812e+01 8.363298654556274414e+01 4.582217216491699219e+01 8.364805340766906738e+01 4.745051383972167969e+01 8.275558233261108398e+01 2.000000000000000000e+00
2.279346466064453125e+02 7.825132369995117188e+01 2.275577878952026367e+02 7.843056321144104004e+01 2.285214233398437500e+02 7.743248462677001953e+01 2.000000000000000000e+00
5.645019531250000000e+01 1.929935359954833984e+02 5.651938438415527344e+01 1.930277466773986816e+02 5.820808410644531250e+01 1.920993375778198242e+02 2.000000000000000000e+00
2.615919780731201172e+02 2.105420708656311035e+02 2.616260433197021484e+02 2.108747935295104980e+02 2.632441997528076172e+02 2.100255346298217773e+02 2.000000000000000000e+00
3.037644958496093750e+02 1.875729846954345703e+02 3.037738704681396484e+02 1.880266427993774414e+02 3.053941345214843750e+02 1.871742153167724609e+02 2.000000000000000000e+00
2.908334636688232422e+02 5.318049430847167969e+01 2.911539363861083984e+02 5.355259180068969727e+01 2.927461910247802734e+02 5.265195608139038086e+01 2.000000000000000000e+00
1.933479309082031250e+02 8.333845496177673340e+01 1.934939432144165039e+02 8.360744118690490723e+01 1.951257634162902832e+02 8.271783113479614258e+01 2.000000000000000000e+00
3.008599281311035156e+02 7.289191961288452148e+01 3.011078548431396484e+02 7.346242904663085938e+01 3.026994323730468750e+02 7.250349998474121094e+01 2.000000000000000000e+00
1.327071523666381836e+02 6.955080270767211914e+01 1.328768610954284668e+02 6.969923257827758789e+01 1.344669938087463379e+02 6.881626009941101074e+01 2.000000000000000000e+00
1.680572205781936646e+02 1.633329498767852783e+02 1.681428378820419312e+02 1.635488319396972656e+02 1.696168673038482666e+02 1.625985753536224365e+02 2.000000000000000000e+00
2.998389339447021484e+02 5.408882617950439453e+01 3.001545143127441406e+02 5.451554059982299805e+01 3.017484188079833984e+02 5.361362457275390625e+01 2.000000000000000000e+00
5.760114669799804688e+01 7.176472306251525879e+01 5.774360656738281250e+01 7.180562496185302734e+01 5.932618141174316406e+01 7.085471749305725098e+01 2.000000000000000000e+00
1.610307159274816513e+02 1.593262338638305664e+02 1.611301574856042862e+02 1.595372343063354492e+02 1.626239928603172302e+02 1.585973989963531494e+02 2.000000000000000000e+00
2.154315805435180664e+02 1.964170145988464355e+02 2.154768848419189453e+02 1.966579198837280273e+02 2.170716238021850586e+02 1.957466769218444824e+02 2.000000000000000000e+00
1.501799774169921875e+02 1.603345191478729248e+02 1.502162933349609375e+02 1.605089592933654785e+02 1.517217403650283813e+02 1.595773959159851074e+02 2.000000000000000000e+00
4.896162033081054688e+01 1.512325000762939453e+02 4.908400535583496094e+01 1.512685883045196533e+02 5.074421882629394531e+01 1.503554999828338623e+02 2.000000000000000000e+00
7.309737205505371094e+01 1.881147980690002441e+02 7.321885108947753906e+01 1.881760168075561523e+02 7.486227989196777344e+01 1.872218942642211914e+02 2.000000000000000000e+00
2.614905738830566406e+02 1.975714445114135742e+02 2.615620708465576172e+02 1.979633545875549316e+02 2.630530071258544922e+02 1.970420265197753906e+02 2.000000000000000000e+00
1.208066940307617188e+02 2.021604967117309570e+02 1.208619904518127441e+02 2.022987127304077148e+02 1.224769353866577148e+02 2.013354992866516113e+02 2.000000000000000000e+00
2.334211587905883789e+02 1.964659023284912109e+02 2.335084867477416992e+02 1.967555093765258789e+02 2.350740528106689453e+02 1.958454179763793945e+02 2.000000000000000000e+00
2.099191284179687500e+02 1.623769104480743408e+02 2.100012969970703125e+02 1.626124906539916992e+02 2.115875720977783203e+02 1.617166936397552490e+02 2.000000000000000000e+00
7.145058631896972656e+01 2.158559632301330566e+02 7.152529716491699219e+01 2.159297561645507812e+02 7.314468383789062500e+01 2.149760913848876953e+02 2.000000000000000000e+00
3.078319072723388672e+02 4.067120075225830078e+01 3.081856060028076172e+02 4.131708383560180664e+01 3.097749328613281250e+02 4.027578592300415039e+01 2.000000000000000000e+00
2.704470825195312500e+02 1.765516555309295654e+02 2.705669307708740234e+02 1.769541513919830322e+02 2.720794105529785156e+02 1.760432302951812744e+02 2.000000000000000000e+00
9.595083713531494141e+01 1.951564979553222656e+02 9.606575489044189453e+01 1.952216076850891113e+02 9.766276359558105469e+01 1.942366361618041992e+02 2.000000000000000000e+00
1.713063657283782959e+02 7.343585014343261719e+01 1.714800572395324707e+02 7.362496018409729004e+01 1.730483710765838623e+02 7.271201133728027344e+01 2.000000000000000000e+00
2.575177288055419922e+02 3.110142946243286133e+01 2.577752971649169922e+02 3.143634080886840820e+01 2.593609905242919922e+02 3.051981210708618164e+01 2.000000000000000000e+00
4.452978134155273438e+01 1.780945765972137451e+02 4.460255622863769531e+01 1.781146895885467529e+02 4.628298759460449219e+01 1.772256195545196533e+02 2.000000000000000000e+00
1.049428319931030273e+02 6.865021347999572754e+01 1.051881647109985352e+02 6.872190713882446289e+01 1.066926050186157227e+02 6.786430120468139648e+01 2.000000000000000000e+00
2.978974628448486328e+02 2.116994047164916992e+02 2.979416561126708984e+02 2.121950554847717285e+02 2.995487117767333984e+02 2.112899351119995117e+02 2.000000000000000000e+00
2.323060750961303711e+02 1.804291105270385742e+02 2.323857736587524414e+02 1.806961870193481445e+02 2.338834857940673828e+02 1.797881805896759033e+02 2.000000000000000000e+00
2.980631732940673828e+02 2.330939412117004395e+02 2.981842994689941406e+02 2.334791135787963867e+02 2.997553443908691406e+02 2.325707030296325684e+02 2.000000000000000000e+00
1.244896006584167480e+02 1.593273174762725830e+02 1.245707321166992188e+02 1.594496798515319824e+02 1.261892843246459961e+02 1.585262632369995117e+02 2.000000000000000000e+00
1.362261033058166504e+02 1.603329491615295410e+02 1.362658524513244629e+02 1.604811716079711914e+02 1.378421783447265625e+02 1.595619678497314453e+02 2.000000000000000000e+00
4.305624961853027344e+01 1.552022123336791992e+02 4.312532424926757812e+01 1.552208733558654785e+02 4.483654022216796875e+01 1.543300938606262207e+02 2.000000000000000000e+00
1.249667358398437500e+02 2.291897034645080566e+02 1.250204396247863770e+02 2.292741465568542480e+02 1.266041016578674316e+02 2.283462595939636230e+02 2.000000000000000000e+00
8.681411743164062500e+01 1.752109873294830322e+02 8.692774295806884766e+01 1.752793443202972412e+02 8.863105773925781250e+01 1.742992901802062988e+02 2.000000000000000000e+00
3.069632625579833984e+02 2.107205414772033691e+02 3.070195293426513672e+02 2.112200045585632324e+02 3.086237812042236328e+02 2.103226804733276367e+02 2.000000000000000000e+00
2.975404357910156250e+02 1.835424041748046875e+02 2.976554584503173828e+02 1.839613866806030273e+02 2.992061519622802734e+02 1.831175565719604492e+02 2.000000000000000000e+00
2.857522869110107422e+02 2.278609228134155273e+02 2.858667278289794922e+02 2.283410525321960449e+02 2.875002479553222656e+02 2.274430918693542480e+02 2.000000000000000000e+00
1.545407408475875854e+02 7.148979663848876953e+01 1.546774291992187500e+02 7.166471600532531738e+01 1.562686461210250854e+02 7.075661301612854004e+01 2.000000000000000000e+00
2.594478797912597656e+02 1.815160131454467773e+02 2.595477962493896484e+02 1.819079160690307617e+02 2.610481262207031250e+02 1.809727334976196289e+02 2.000000000000000000e+00
7.789408683776855469e+01 1.741926312446594238e+02 7.801268577575683594e+01 1.742527484893798828e+02 7.963492393493652344e+01 1.733044624328613281e+02 2.000000000000000000e+00
7.929561614990234375e+01 1.631858682632446289e+02 7.937549591064453125e+01 1.632463717460632324e+02 8.103545188903808594e+01 1.623052096366882324e+02 2.000000000000000000e+00
1.248229146003723145e+02 3.568528890609741211e+01 1.250863099098205566e+02 3.588058948516845703e+01 1.266422271728515625e+02 3.496702194213867188e+01 2.000000000000000000e+00
2.352320098876953125e+02 1.664362978935241699e+02 2.352737426757812500e+02 1.667033565044403076e+02 2.368021249771118164e+02 1.658001565933227539e+02 2.000000000000000000e+00
1.091817855834960938e+02 2.381196498870849609e+02 1.092030858993530273e+02 2.381757402420043945e+02 1.108418798446655273e+02 2.372189998626708984e+02 2.000000000000000000e+00
1.274636006355285645e+02 1.773146402835845947e+02 1.275794529914855957e+02 1.774296140670776367e+02 1.291160583496093750e+02 1.764870929718017578e+02 2.000000000000000000e+00
6.305823326110839844e+01 1.592277252674102783e+02 6.314250946044921875e+01 1.592811298370361328e+02 6.475522994995117188e+01 1.583430790901184082e+02 2.000000000000000000e+00
2.810027503967285156e+02 3.597973823547363281e+01 2.812834453582763672e+02 3.640347003936767578e+01 2.829252052307128906e+02 3.548109054565429688e+01 2.000000000000000000e+00
3.122076702117919922e+02 2.227662563323974609e+02 3.123382854461669922e+02 2.232664561271667480e+02 3.139237689971923828e+02 2.223452067375183105e+02 2.000000000000000000e+00
1.678590393066406250e+02 2.384022617340087891e+02 1.678677523136138916e+02 2.385919260978698730e+02 1.696086120605468750e+02 2.376646184921264648e+02 2.000000000000000000e+00
7.122784614562988281e+01 7.194051861763000488e+01 7.140973091125488281e+01 7.206786990165710449e+01 7.301692008972167969e+01 7.115246415138244629e+01 2.000000000000000000e+00
1.435597991943359375e+02 2.012379813194274902e+02 1.436275637149810791e+02 2.013879776000976562e+02 1.452812492847442627e+02 2.004352641105651855e+02 2.000000000000000000e+00
1.594506225362420082e+02 1.973194599151611328e+02 1.595294341817498207e+02 1.974745488166809082e+02 1.611284637451171875e+02 1.965105199813842773e+02 2.000000000000000000e+00
2.928648376464843750e+02 7.413190126419067383e+01 2.931076049804687500e+02 7.453346014022827148e+01 2.946978187561035156e+02 7.359723329544067383e+01 2.000000000000000000e+00
5.609433174133300781e+01 1.632066679000854492e+02 5.620172500610351562e+01 1.632480633258819580e+02 5.779232978820800781e+01 1.623400747776031494e+02 2.000000000000000000e+00
2.844095802307128906e+02 1.745636773109436035e+02 2.845108985900878906e+02 1.749570500850677490e+02 2.860436153411865234e+02 1.740793347358703613e+02 2.000000000000000000e+00
1.542417752742767334e+02 1.713279747962951660e+02 1.543288725614547729e+02 1.715165591239929199e+02 1.558242490887641907e+02 1.705837118625640869e+02 2.000000000000000000e+00
8.727664947509765625e+01 2.168495965003967285e+02 8.735721588134765625e+01 2.169269299507141113e+02 8.894081115722656250e+01 2.160274529457092285e+02 2.000000000000000000e+00
2.774473571777343750e+02 1.925666213035583496e+02 2.775807189941406250e+02 1.929723572731018066e+02 2.790495014190673828e+02 1.920635390281677246e+02 2.000000000000000000e+00
1.894716048240661621e+02 2.083646106719970703e+02 1.895243525505065918e+02 2.085626292228698730e+02 1.911728215217590332e+02 2.076302719116210938e+02 2.000000000000000000e+00
1.712595212459564209e+02 1.783747601509094238e+02 1.713525390625000000e+02 1.785603046417236328e+02 1.728930056095123291e+02 1.776143825054168701e+02 2.000000000000000000e+00
2.506879615783691406e+02 2.245762252807617188e+02 2.506616973876953125e+02 2.249238181114196777e+02 2.523314952850341797e+02 2.240695381164550781e+02 2.000000000000000000e+00
2.867819499969482422e+02 2.196684336662292480e+02 2.868918514251708984e+02 2.201209473609924316e+02 2.884845924377441406e+02 2.192398738861083984e+02 2.000000000000000000e+00
1.288460230827331543e+02 2.081680941581726074e+02 1.288763737678527832e+02 2.082962965965270996e+02 1.305207824707031250e+02 2.073105382919311523e+02 2.000000000000000000e+00
9.573768615722656250e+01 1.542164790630340576e+02 9.579855442047119141e+01 1.543056499958038330e+02 9.743227958679199219e+01 1.533514881134033203e+02 2.000000000000000000e+00
2.908469867706298828e+02 6.005562543869018555e+01 2.911381530761718750e+02 6.049052238464355469e+01 2.927299785614013672e+02 5.956372976303100586e+01 2.000000000000000000e+00
2.135489654541015625e+02 2.375912547111511230e+02 2.135960865020751953e+02 2.378701972961425781e+02 2.153824186325073242e+02 2.370360803604125977e+02 2.000000000000000000e+00
1.365069580078125000e+02 1.872530221939086914e+02 1.365935349464416504e+02 1.873974323272705078e+02 1.381390070915222168e+02 1.864578008651733398e+02 2.000000000000000000e+00
2.314433002471923828e+02 6.140313148498535156e+00 2.317734098434448242e+02 6.451256275177001953e+00 2.333614063262939453e+02 5.552136898040771484e+00 2.000000000000000000e+00
5.367850303649902344e+01 2.318098354339599609e+02 5.371843338012695312e+01 2.318233108520507812e+02 5.535083770751953125e+01 2.308267593383789062e+02 2.000000000000000000e+00
6.036278724670410156e+01 1.810464835166931152e+02 6.040551185607910156e+01 1.811046051979064941e+02 6.204896926879882812e+01 1.801829838752746582e+02 2.000000000000000000e+00
2.250878906250000000e+02 1.714082372188568115e+02 2.251240873336791992e+02 1.716511094570159912e+02 2.266672229766845703e+02 1.707523834705352783e+02 2.000000000000000000e+00
6.323972702026367188e+01 6.382058143615722656e+01 6.340944290161132812e+01 6.390138745307922363e+01 6.503654479980468750e+01 6.295199632644653320e+01 2.000000000000000000e+00
1.066291427612304688e+02 1.752547323703765869e+02 1.067339611053466797e+02 1.753501009941101074e+02 1.083837127685546875e+02 1.743679547309875488e+02 2.000000000000000000e+00
4.236483573913574219e+01 1.712191021442413330e+02 4.244496345520019531e+01 1.712225532531738281e+02 4.417656898498535156e+01 1.703291058540344238e+02 2.000000000000000000e+00
1.965456557273864746e+02 2.243774628639221191e+02 1.966022801399230957e+02 2.245785140991210938e+02 1.982543039321899414e+02 2.236523509025573730e+02 2.000000000000000000e+00
2.281742429733276367e+02 1.634349703788757324e+02 2.281883239746093750e+02 1.636790657043457031e+02 2.296761655807495117e+02 1.627749037742614746e+02 2.000000000000000000e+00
1.966349649429321289e+02 2.374986147880554199e+02 1.966572737693786621e+02 2.376953315734863281e+02 1.983755350112915039e+02 2.368142580986022949e+02 2.000000000000000000e+00
1.098709917068481445e+02 5.972064256668090820e+01 1.100915813446044922e+02 5.986724853515625000e+01 1.116328668594360352e+02 5.897457361221313477e+01 2.000000000000000000e+00
2.818286132812500000e+02 5.813372611999511719e+01 2.821299457550048828e+02 5.852469921112060547e+01 2.837059688568115234e+02 5.766215085983276367e+01 2.000000000000000000e+00
2.474747467041015625e+02 2.055144667625427246e+02 2.475437831878662109e+02 2.058302021026611328e+02 2.491499996185302734e+02 2.049379348754882812e+02 2.000000000000000000e+00
2.767799377441406250e+02 2.226390767097473145e+02 2.768829345703125000e+02 2.230551338195800781e+02 2.785023784637451172e+02 2.222179126739501953e+02 2.000000000000000000e+00
5.351841926574707031e+01 2.019583797454833984e+02 5.355346679687500000e+01 2.019819831848144531e+02 5.525968551635742188e+01 2.010074186325073242e+02 2.000000000000000000e+00
