1.507290267944335938e+02 2.119457691907882690e+02 1.533514595031738281e+02 2.115577679872512817e+02 1.555909156799316406e+02 2.111755353212356567e+02 1.000000000000000000e+00
6.083433151245117188e+01 2.283460074663162231e+02 6.376798629760742188e+01 2.279467311501502991e+02 6.616662979125976562e+01 2.277485802769660950e+02 1.000000000000000000e+00
1.411459350585937500e+02 2.201981037855148315e+02 1.437310409545898438e+02 2.198152148723602295e+02 1.461006355285644531e+02 2.195525497198104858e+02 1.000000000000000000e+00
9.445680618286132812e+01 2.180032789707183838e+02 9.637672424316406250e+01 2.173916620016098022e+02 9.775041580200195312e+01 2.169361406564712524e+02 1.000000000000000000e+00
1.391981124877929688e+02 2.118251484632492065e+02 1.415331459045410156e+02 2.113497000932693481e+02 1.436256980895996094e+02 2.109702283143997192e+02 1.000000000000000000e+00
1.545713233947753906e+02 2.108008110523223877e+02 1.573504066467285156e+02 2.104723030328750610e+02 1.597042846679687500e+02 2.101053911447525024e+02 1.000000000000000000e+00
9.036163330078125000e+01 2.092279815673828125e+02 9.224380493164062500e+01 2.087625110149383545e+02 9.365190505981445312e+01 2.082074260711669922e+02 1.000000000000000000e+00
7.272125244140625000e+01 2.100331860780715942e+02 7.455720901489257812e+01 2.095533585548400879e+02 7.592111587524414062e+01 2.088779568672180176e+02 1.000000000000000000e+00
1.488237380981445312e+02 2.129477065801620483e+02 1.514148139953613281e+02 2.125538009405136108e+02 1.536164283752441406e+02 2.121723461151123047e+02 1.000000000000000000e+00
1.555278396606445312e+02 2.158575886487960815e+02 1.583096122741699219e+02 2.156302624940872192e+02 1.606700897216796875e+02 2.153786301612854004e+02 1.000000000000000000e+00
1.493165779113769531e+02 2.273450312018394470e+02 1.523169898986816406e+02 2.271595761179924011e+02 1.550831985473632812e+02 2.269727933406829834e+02 1.000000000000000000e+00
9.199159622192382812e+01 2.146551954746246338e+02 9.385129928588867188e+01 2.142476481199264526e+02 9.530729293823242188e+01 2.136502522230148315e+02 1.000000000000000000e+00
1.505727195739746094e+02 2.166638624668121338e+02 1.532081031799316406e+02 2.163989710807800293e+02 1.554892158508300781e+02 2.160748440027236938e+02 1.000000000000000000e+00
7.553930282592773438e+01 2.160737138986587524e+02 7.730714797973632812e+01 2.156286764144897461e+02 7.863637924194335938e+01 2.151125782728195190e+02 1.000000000000000000e+00
1.452180099487304688e+02 2.139340192079544067e+02 1.476336288452148438e+02 2.135325300693511963e+02 1.498085212707519531e+02 2.131652212142944336e+02 1.000000000000000000e+00
5.815473556518554688e+01 2.352076412737369537e+02 6.157169342041015625e+01 2.348799741268157959e+02 6.421648025512695312e+01 2.346966245770454407e+02 1.000000000000000000e+00
1.454063034057617188e+02 2.173363476991653442e+02 1.479097557067871094e+02 2.170090019702911377e+02 1.502113151550292969e+02 2.166828453540802002e+02 1.000000000000000000e+00
6.596477508544921875e+01 2.021569204330444336e+02 6.792575836181640625e+01 2.015682649612426758e+02 6.957092285156250000e+01 2.008576011657714844e+02 1.000000000000000000e+00
8.456655502319335938e+01 2.089468073844909668e+02 8.636857986450195312e+01 2.084952056407928467e+02 8.768005371093750000e+01 2.079107344150543213e+02 1.000000000000000000e+00
1.325264549255371094e+02 2.276849511265754700e+02 1.355717658996582031e+02 2.277003926038742065e+02 1.384213066101074219e+02 2.275800624489784241e+02 1.000000000000000000e+00
8.882225036621093750e+01 1.958132743835449219e+02 9.062398910522460938e+01 1.952048456668853760e+02 9.197282791137695312e+01 1.945199704170227051e+02 1.000000000000000000e+00
1.441564559936523438e+02 1.962984287738800049e+02 1.470834732055664062e+02 1.956953108310699463e+02 1.497136688232421875e+02 1.951766502857208252e+02 1.000000000000000000e+00
1.460503578186035156e+02 2.008005058765411377e+02 1.485437965393066406e+02 2.003111386299133301e+02 1.506003570556640625e+02 1.997197079658508301e+02 1.000000000000000000e+00
1.064799308776855469e+02 2.002655160427093506e+02 1.077093887329101562e+02 1.996250581741333008e+02 1.086725044250488281e+02 1.989996635913848877e+02 1.000000000000000000e+00
1.319203758239746094e+02 2.003612351417541504e+02 1.342395019531250000e+02 1.996120440959930420e+02 1.361524963378906250e+02 1.992208242416381836e+02 1.000000000000000000e+00
1.522919464111328125e+02 2.193949413299560547e+02 1.550470733642578125e+02 2.191320025920867920e+02 1.574447059631347656e+02 2.188776236772537231e+02 1.000000000000000000e+00
1.400442695617675781e+02 2.153194713592529297e+02 1.423908996582031250e+02 2.147966605424880981e+02 1.445017433166503906e+02 2.144654524326324463e+02 1.000000000000000000e+00
1.547538948059082031e+02 2.020311570167541504e+02 1.576472854614257812e+02 2.015892004966735840e+02 1.600071239471435547e+02 2.010500156879425049e+02 1.000000000000000000e+00
8.151327133178710938e+01 2.137460017204284668e+02 8.323328018188476562e+01 2.133055561780929565e+02 8.453994750976562500e+01 2.127219074964523315e+02 1.000000000000000000e+00
8.247777938842773438e+01 1.914674949645996094e+02 8.425752639770507812e+01 1.906190907955169678e+02 8.551130294799804688e+01 1.899894976615905762e+02 1.000000000000000000e+00
8.903076171875000000e+01 1.988588833808898926e+02 9.075071334838867188e+01 1.982880091667175293e+02 9.221660614013671875e+01 1.975933206081390381e+02 1.000000000000000000e+00
1.483459281921386719e+02 2.170630019903182983e+02 1.509381675720214844e+02 2.167407363653182983e+02 1.532065773010253906e+02 2.164644920825958252e+02 1.000000000000000000e+00
6.532999038696289062e+01 2.133857864141464233e+02 6.735349655151367188e+01 2.128365772962570190e+02 6.901435852050781250e+01 2.122475266456604004e+02 1.000000000000000000e+00
6.691946029663085938e+01 2.286329644918441772e+02 6.990934371948242188e+01 2.283206936717033386e+02 7.235557556152343750e+01 2.280731499195098877e+02 1.000000000000000000e+00
8.196512222290039062e+01 2.090379309654235840e+02 8.365329742431640625e+01 2.085510993003845215e+02 8.498634338378906250e+01 2.079874098300933838e+02 1.000000000000000000e+00
8.499412536621093750e+01 1.987120950222015381e+02 8.666309356689453125e+01 1.981168663501739502e+02 8.800628662109375000e+01 1.974250173568725586e+02 1.000000000000000000e+00
4.685135841369628906e+02 2.171955710649490356e+02 4.657305049896240234e+02 2.174384146928787231e+02 4.626158809661865234e+02 2.174392694234848022e+02 2.000000000000000000e+00
4.470281124114990234e+02 2.264506673812866211e+02 4.444360351562500000e+02 2.267417746782302856e+02 4.414486122131347656e+02 2.267829126119613647e+02 2.000000000000000000e+00
4.767826843261718750e+02 2.570838028192520142e+02 4.738951778411865234e+02 2.574832767248153687e+02 4.708740520477294922e+02 2.575444346666336060e+02 2.000000000000000000e+00
4.535046100616455078e+02 2.384745482727885246e+02 4.510820007324218750e+02 2.390006865933537483e+02 4.484580993652343750e+02 2.392157287336885929e+02 2.000000000000000000e+00
4.966460609436035156e+02 2.401361847063526511e+02 4.942410087585449219e+02 2.405361023359000683e+02 4.915891075134277344e+02 2.405838317982852459e+02 2.000000000000000000e+00
5.947396278381347656e+02 2.433009188622236252e+02 5.920736694335937500e+02 2.437315828353166580e+02 5.891159057617187500e+02 2.436810609698295593e+02 2.000000000000000000e+00
5.358427238464355469e+02 2.638611155748367310e+02 5.331977653503417969e+02 2.642782902717590332e+02 5.303849601745605469e+02 2.643480241298675537e+02 2.000000000000000000e+00
5.286067581176757812e+02 2.526388710737228394e+02 5.260095787048339844e+02 2.530610507726669312e+02 5.232282066345214844e+02 2.531070864200592041e+02 2.000000000000000000e+00
5.418874549865722656e+02 2.672438979148864746e+02 5.392167472839355469e+02 2.676246356964111328e+02 5.363263511657714844e+02 2.676534444093704224e+02 2.000000000000000000e+00
5.466594886779785156e+02 2.589084488153457642e+02 5.439829826354980469e+02 2.593413090705871582e+02 5.409765052795410156e+02 2.593636786937713623e+02 2.000000000000000000e+00
5.551928710937500000e+02 2.581498110294342041e+02 5.524151039123535156e+02 2.585882270336151123e+02 5.493641471862792969e+02 2.586094361543655396e+02 2.000000000000000000e+00
4.674982929229736328e+02 2.397755431942641735e+02 4.649109172821044922e+02 2.401847534207627177e+02 4.621616268157958984e+02 2.402628021407872438e+02 2.000000000000000000e+00
5.144387245178222656e+02 2.267638233304023743e+02 5.120092201232910156e+02 2.271233054995536804e+02 5.093452453613281250e+02 2.270793601870536804e+02 2.000000000000000000e+00
5.348936271667480469e+02 2.595056766271591187e+02 5.322808265686035156e+02 2.599071979522705078e+02 5.294512367248535156e+02 2.599638980627059937e+02 2.000000000000000000e+00
5.344937705993652344e+02 2.523585212230682373e+02 5.318217277526855469e+02 2.526769110560417175e+02 5.290103721618652344e+02 2.527060550451278687e+02 2.000000000000000000e+00
4.552524089813232422e+02 2.336084590852260590e+02 4.525937175750732422e+02 2.339676359295845032e+02 4.497748756408691406e+02 2.340163265168666840e+02 2.000000000000000000e+00
5.722900962829589844e+02 2.585383611917495728e+02 5.696967887878417969e+02 2.589865118265151978e+02 5.666324424743652344e+02 2.589553534984588623e+02 2.000000000000000000e+00
4.762070369720458984e+02 2.398110046237707138e+02 4.738566589355468750e+02 2.401554412906989455e+02 4.712067890167236328e+02 2.401893005473539233e+02 2.000000000000000000e+00
4.664771175384521484e+02 2.291679990291595459e+02 4.638413429260253906e+02 2.294683831930160522e+02 4.610859394073486328e+02 2.295087423920631409e+02 2.000000000000000000e+00
5.051255607604980469e+02 2.425616457313299179e+02 5.028624534606933594e+02 2.431144257634878159e+02 5.003026199340820312e+02 2.431816408038139343e+02 2.000000000000000000e+00
4.471356487274169922e+02 2.313533931970596313e+02 4.446086788177490234e+02 2.316243132948875427e+02 4.416691017150878906e+02 2.316898494958877563e+02 2.000000000000000000e+00
5.304765701293945312e+02 2.659008496999740601e+02 5.278103065490722656e+02 2.663222372531890869e+02 5.250380897521972656e+02 2.664111953973770142e+02 2.000000000000000000e+00
4.513796138763427734e+02 2.202030318975448608e+02 4.487261390686035156e+02 2.204897457361221313e+02 4.457329463958740234e+02 2.205164945125579834e+02 2.000000000000000000e+00
4.584873676300048828e+02 2.283105003833770752e+02 4.558371257781982422e+02 2.286083364486694336e+02 4.529458904266357422e+02 2.286485436558723450e+02 2.000000000000000000e+00
4.804234886169433594e+02 2.333185726404190063e+02 4.781767559051513672e+02 2.336197659373283386e+02 4.755251216888427734e+02 2.336418606340885162e+02 2.000000000000000000e+00
5.156011390686035156e+02 2.457302096486091614e+02 5.131741333007812500e+02 2.462285466492176056e+02 5.104815483093261719e+02 2.462693944573402405e+02 2.000000000000000000e+00
5.905648803710937500e+02 2.572254949808120728e+02 5.881788444519042969e+02 2.575736707448959351e+02 5.852822303771972656e+02 2.575344854593276978e+02 2.000000000000000000e+00
4.917426490783691406e+02 2.404621734749525785e+02 4.893190574645996094e+02 2.408514557406306267e+02 4.866946220397949219e+02 2.409020996466279030e+02 2.000000000000000000e+00
4.980880165100097656e+02 2.439340057969093323e+02 4.957246780395507812e+02 2.444146732985973358e+02 4.931456375122070312e+02 2.444737856090068817e+02 2.000000000000000000e+00
4.854766845703125000e+02 2.525572818517684937e+02 4.825177001953125000e+02 2.528747561573982239e+02 4.795770931243896484e+02 2.529760444164276123e+02 2.000000000000000000e+00
4.955773353576660156e+02 2.535433048009872437e+02 4.930721473693847656e+02 2.539819040894508362e+02 4.902629661560058594e+02 2.540868535637855530e+02 2.000000000000000000e+00
5.246663856506347656e+02 2.601824659109115601e+02 5.221237754821777344e+02 2.606159681081771851e+02 5.193354606628417969e+02 2.606760871410369873e+02 2.000000000000000000e+00
5.817489624023437500e+02 2.469720768928527832e+02 5.788733482360839844e+02 2.473975530266761780e+02 5.758457756042480469e+02 2.473641514778137207e+02 2.000000000000000000e+00
5.937276077270507812e+02 2.299044030904769897e+02 5.909124755859375000e+02 2.301078486442565918e+02 5.879347038269042969e+02 2.298767539858818054e+02 2.000000000000000000e+00
4.939837074279785156e+02 2.534834906458854675e+02 4.913431167602539062e+02 2.538966375589370728e+02 4.885182571411132812e+02 2.540061655640602112e+02 2.000000000000000000e+00
5.433547973632812500e+02 2.632324540615081787e+02 5.405980300903320312e+02 2.636108708381652832e+02 5.376573562622070312e+02 2.636374837160110474e+02 2.000000000000000000e+00
5.138453483581542969e+02 2.594294446706771851e+02 5.113495254516601562e+02 2.599202281236648560e+02 5.084677505493164062e+02 2.599805009365081787e+02 2.000000000000000000e+00
5.160973548889160156e+02 2.222560572624206543e+02 5.136038208007812500e+02 2.225448757410049438e+02 5.109035301208496094e+02 2.224962294101715088e+02 2.000000000000000000e+00
5.167054557800292969e+02 2.547521218657493591e+02 5.142520713806152344e+02 2.552772527933120728e+02 5.114859390258789062e+02 2.553259134292602539e+02 2.000000000000000000e+00
5.852072715759277344e+02 2.333346095681190491e+02 5.824619865417480469e+02 2.336784513294696808e+02 5.794469070434570312e+02 2.336480404436588287e+02 2.000000000000000000e+00
5.601926994323730469e+02 2.503463602066040039e+02 5.574764442443847656e+02 2.506991127133369446e+02 5.542800903320312500e+02 2.507154393196105957e+02 2.000000000000000000e+00
5.128089714050292969e+02 2.347015987336635590e+02 5.103979873657226562e+02 2.351650540530681610e+02 5.077273941040039062e+02 2.351999813318252563e+02 2.000000000000000000e+00
5.226926994323730469e+02 2.465179140865802765e+02 5.201852416992187500e+02 2.469632421433925629e+02 5.174360466003417969e+02 2.470284274220466614e+02 2.000000000000000000e+00
5.960260581970214844e+02 2.377634581178426743e+02 5.932395744323730469e+02 2.381825407594442368e+02 5.901572990417480469e+02 2.381979216635227203e+02 2.000000000000000000e+00
4.577495479583740234e+02 2.390733947418630123e+02 4.556601238250732422e+02 2.396147308219224215e+02 4.530300617218017578e+02 2.398380279494449496e+02 2.000000000000000000e+00
4.846367263793945312e+02 2.426307222247123718e+02 4.822073364257812500e+02 2.429932404309511185e+02 4.795246887207031250e+02 2.430611421167850494e+02 2.000000000000000000e+00
5.814347648620605469e+02 2.313947448134422302e+02 5.787034988403320312e+02 2.313392785191535950e+02 5.757220458984375000e+02 2.307813102006912231e+02 2.000000000000000000e+00
4.823225975036621094e+02 2.284731441736221313e+02 4.799013710021972656e+02 2.286827230453491211e+02 4.772191524505615234e+02 2.287144920229911804e+02 2.000000000000000000e+00
