1.662913513183593750e+02 2.099767899513244629e+02 1.642818260192871094e+02 2.071423172950744629e+02 1.633142852783203125e+02 2.047425198554992676e+02 1.000000000000000000e+00
8.372390747070312500e+01 2.325344690680503845e+02 8.226476669311523438e+01 2.305236044526100159e+02 8.176233291625976562e+01 2.287693476676940918e+02 1.000000000000000000e+00
1.539686775207519531e+02 2.203517299890518188e+02 1.516298866271972656e+02 2.177908623218536377e+02 1.503275489807128906e+02 2.156164383888244629e+02 1.000000000000000000e+00
9.235990524291992188e+01 2.166993856430053711e+02 8.906423568725585938e+01 2.142670118808746338e+02 8.696086883544921875e+01 2.120543968677520752e+02 1.000000000000000000e+00
1.504641342163085938e+02 2.089328455924987793e+02 1.480749130249023438e+02 2.060693335533142090e+02 1.466949462890625000e+02 2.036522948741912842e+02 1.000000000000000000e+00
1.722593688964843750e+02 2.082794308662414551e+02 1.702940464019775391e+02 2.054192340373992920e+02 1.693633270263671875e+02 2.029717075824737549e+02 1.000000000000000000e+00
8.794742584228515625e+01 2.066022312641143799e+02 8.462902069091796875e+01 2.040600728988647461e+02 8.249692916870117188e+01 2.017741513252258301e+02 1.000000000000000000e+00
6.846315383911132812e+01 2.073087751865386963e+02 6.500316619873046875e+01 2.047141706943511963e+02 6.260036468505859375e+01 2.025208568572998047e+02 1.000000000000000000e+00
1.629202365875244141e+02 2.112302076816558838e+02 1.607052898406982422e+02 2.084963965415954590e+02 1.595516967773437500e+02 2.062295830249786377e+02 1.000000000000000000e+00
1.738405704498291016e+02 2.152878552675247192e+02 1.719078159332275391e+02 2.125351846218109131e+02 1.710160160064697266e+02 2.102218616008758545e+02 1.000000000000000000e+00
1.866809940338134766e+02 2.302515560388565063e+02 1.865867900848388672e+02 2.279612874984741211e+02 1.877062225341796875e+02 2.260670158267021179e+02 1.000000000000000000e+00
8.968561172485351562e+01 2.123027640581130981e+02 8.637807846069335938e+01 2.097377300262451172e+02 8.427909851074218750e+01 2.075298607349395752e+02 1.000000000000000000e+00
1.662877941131591797e+02 2.156953257322311401e+02 1.642833232879638672e+02 2.130342704057693481e+02 1.633109569549560547e+02 2.107416826486587524e+02 1.000000000000000000e+00
7.116491317749023438e+01 2.139866781234741211e+02 6.772441864013671875e+01 2.114455854892730713e+02 6.538167953491210938e+01 2.092649352550506592e+02 1.000000000000000000e+00
1.573240470886230469e+02 2.120550531148910522e+02 1.549417877197265625e+02 2.093335247039794922e+02 1.535800170898437500e+02 2.070359337329864502e+02 1.000000000000000000e+00
8.372823715209960938e+01 2.398829956026747823e+02 8.239868164062500000e+01 2.380028685182332993e+02 8.213056564331054688e+01 2.364413908123970032e+02 1.000000000000000000e+00
1.581805610656738281e+02 2.162570178508758545e+02 1.557969856262207031e+02 2.135914295911788940e+02 1.544754219055175781e+02 2.113888227939605713e+02 1.000000000000000000e+00
6.621469497680664062e+01 1.980486273765563965e+02 6.278285980224609375e+01 1.954033792018890381e+02 6.018749237060546875e+01 1.931650078296661377e+02 1.000000000000000000e+00
8.072254180908203125e+01 2.064272761344909668e+02 7.733751296997070312e+01 2.038559854030609131e+02 7.511695861816406250e+01 2.016158902645111084e+02 1.000000000000000000e+00
1.680331420898437500e+02 2.305906364321708679e+02 1.675299358367919922e+02 2.281369471549987793e+02 1.675692844390869141e+02 2.258898156881332397e+02 1.000000000000000000e+00
8.405452728271484375e+01 1.893386650085449219e+02 8.029960632324218750e+01 1.865685868263244629e+02 7.783548355102539062e+01 1.839756739139556885e+02 1.000000000000000000e+00
1.588914680480957031e+02 1.895274782180786133e+02 1.563801574707031250e+02 1.863741409778594971e+02 1.550938796997070312e+02 1.837643265724182129e+02 1.000000000000000000e+00
1.573353195190429688e+02 1.961100304126739502e+02 1.548793220520019531e+02 1.930554485321044922e+02 1.534616661071777344e+02 1.905659151077270508e+02 1.000000000000000000e+00
1.008717536926269531e+02 1.948014056682586670e+02 9.741319656372070312e+01 1.919055926799774170e+02 9.536994934082031250e+01 1.895018577575683594e+02 1.000000000000000000e+00
1.391572761535644531e+02 1.950090765953063965e+02 1.366205024719238281e+02 1.917795217037200928e+02 1.347621345520019531e+02 1.893507528305053711e+02 1.000000000000000000e+00
1.700698661804199219e+02 2.201905202865600586e+02 1.680806255340576172e+02 2.175972890853881836e+02 1.671474266052246094e+02 2.153914332389831543e+02 1.000000000000000000e+00
1.514142227172851562e+02 2.130874621868133545e+02 1.490283584594726562e+02 2.103225839138031006e+02 1.476455879211425781e+02 2.080141425132751465e+02 1.000000000000000000e+00
1.736579704284667969e+02 1.980778026580810547e+02 1.715888690948486328e+02 1.951232278347015381e+02 1.704125690460205078e+02 1.925866377353668213e+02 1.000000000000000000e+00
7.640413284301757812e+01 2.113090950250625610e+02 7.294157028198242188e+01 2.087252926826477051e+02 7.056533813476562500e+01 2.065148305892944336e+02 1.000000000000000000e+00
8.028264999389648438e+01 1.843131995201110840e+02 7.740245819091796875e+01 1.815307295322418213e+02 7.584596633911132812e+01 1.788336467742919922e+02 1.000000000000000000e+00
8.328546524047851562e+01 1.934300959110260010e+02 7.948972702026367188e+01 1.906715834140777588e+02 7.703079223632812500e+01 1.882478606700897217e+02 1.000000000000000000e+00
1.625074577331542969e+02 2.162081891298294067e+02 1.602904605865478516e+02 2.135487663745880127e+02 1.590064430236816406e+02 2.113587176799774170e+02 1.000000000000000000e+00
6.431041717529296875e+01 2.105969685316085815e+02 6.081991195678710938e+01 2.080556309223175049e+02 5.846233367919921875e+01 2.059520852565765381e+02 1.000000000000000000e+00
9.008411407470703125e+01 2.320945885777473450e+02 8.856107711791992188e+01 2.300017386674880981e+02 8.805585861206054688e+01 2.282007291913032532e+02 1.000000000000000000e+00
7.651840209960937500e+01 2.064306163787841797e+02 7.304698944091796875e+01 2.038511645793914795e+02 7.064573287963867188e+01 2.016142880916595459e+02 1.000000000000000000e+00
7.852352142333984375e+01 1.932350885868072510e+02 7.475236892700195312e+01 1.905071246623992920e+02 7.228515625000000000e+01 1.880845320224761963e+02 1.000000000000000000e+00
4.312380695343017578e+02 2.321801143884658813e+02 4.309617614746093750e+02 2.303229671716690063e+02 4.324195575714111328e+02 2.290275111794471741e+02 2.000000000000000000e+00
4.122858905792236328e+02 2.430784302949905396e+02 4.121761226654052734e+02 2.413526001200079918e+02 4.136259460449218750e+02 2.403852234128862619e+02 2.000000000000000000e+00
4.388772296905517578e+02 2.749620974063873291e+02 4.385014629364013672e+02 2.733495819568634033e+02 4.397663021087646484e+02 2.722961139678955078e+02 2.000000000000000000e+00
4.235414791107177734e+02 2.553323829174041748e+02 4.240224647521972656e+02 2.534698650240898132e+02 4.257450580596923828e+02 2.523851627111434937e+02 2.000000000000000000e+00
4.706726074218750000e+02 2.559071820974349976e+02 4.712084102630615234e+02 2.540693369507789612e+02 4.733608722686767578e+02 2.529690706729888916e+02 2.000000000000000000e+00
5.565123939514160156e+02 2.596374821662902832e+02 5.560952186584472656e+02 2.578724688291549683e+02 5.573900794982910156e+02 2.567994385957717896e+02 2.000000000000000000e+00
5.060238456726074219e+02 2.826781332492828369e+02 5.060200881958007812e+02 2.809020423889160156e+02 5.078611564636230469e+02 2.800725102424621582e+02 2.000000000000000000e+00
4.985056114196777344e+02 2.696623241901397705e+02 4.987321281433105469e+02 2.679649060964584351e+02 5.006133079528808594e+02 2.670020163059234619e+02 2.000000000000000000e+00
5.106802177429199219e+02 2.855852687358856201e+02 5.106067848205566406e+02 2.838198888301849365e+02 5.123094558715820312e+02 2.829665565490722656e+02 2.000000000000000000e+00
5.131263542175292969e+02 2.755069899559020996e+02 5.130754470825195312e+02 2.736747443675994873e+02 5.146099281311035156e+02 2.725239872932434082e+02 2.000000000000000000e+00
5.211637687683105469e+02 2.746467304229736328e+02 5.209963417053222656e+02 2.727891862392425537e+02 5.223817253112792969e+02 2.716641247272491455e+02 2.000000000000000000e+00
4.392964839935302734e+02 2.555259704589843750e+02 4.397554683685302734e+02 2.537257388234138489e+02 4.419092750549316406e+02 2.524645847082138062e+02 2.000000000000000000e+00
4.852725219726562500e+02 2.413083343952894211e+02 4.854402732849121094e+02 2.393974914215505123e+02 4.876845359802246094e+02 2.383404082059860229e+02 2.000000000000000000e+00
5.040078163146972656e+02 2.765464818477630615e+02 5.040689086914062500e+02 2.747022414207458496e+02 5.057318496704101562e+02 2.735847187042236328e+02 2.000000000000000000e+00
5.042262268066406250e+02 2.692273879051208496e+02 5.043986892700195312e+02 2.674170541763305664e+02 5.062561988830566406e+02 2.664052748680114746e+02 2.000000000000000000e+00
4.238124370574951172e+02 2.488510903716087341e+02 4.239552307128906250e+02 2.470895236730575562e+02 4.257943153381347656e+02 2.458449558913707733e+02 2.000000000000000000e+00
5.369083976745605469e+02 2.756424272060394287e+02 5.368156814575195312e+02 2.738536691665649414e+02 5.381920242309570312e+02 2.728208041191101074e+02 2.000000000000000000e+00
4.492467403411865234e+02 2.554328781366348267e+02 4.497065448760986328e+02 2.535306707024574280e+02 4.517882728576660156e+02 2.522391209006309509e+02 2.000000000000000000e+00
4.365465736389160156e+02 2.449339905381202698e+02 4.366019344329833984e+02 2.432191774249076843e+02 4.383202552795410156e+02 2.419396515190601349e+02 2.000000000000000000e+00
4.794754028320312500e+02 2.591643083095550537e+02 4.800554466247558594e+02 2.574557197093963623e+02 4.822253990173339844e+02 2.563407593965530396e+02 2.000000000000000000e+00
4.154165649414062500e+02 2.470407566428184509e+02 4.153755474090576172e+02 2.452948151528835297e+02 4.173488807678222656e+02 2.441799165308475494e+02 2.000000000000000000e+00
5.009152030944824219e+02 2.852426469326019287e+02 5.008563041687011719e+02 2.834566676616668701e+02 5.026876831054687500e+02 2.827002274990081787e+02 2.000000000000000000e+00
4.156407833099365234e+02 2.363760832697153091e+02 4.154767131805419922e+02 2.346217189729213715e+02 4.169090557098388672e+02 2.335915830731391907e+02 2.000000000000000000e+00
4.254439449310302734e+02 2.438921356201171875e+02 4.254468059539794922e+02 2.421453706920146942e+02 4.270830726623535156e+02 2.408545990660786629e+02 2.000000000000000000e+00
4.539499855041503906e+02 2.485399174690246582e+02 4.544181251525878906e+02 2.466008153557777405e+02 4.565593624114990234e+02 2.453672638535499573e+02 2.000000000000000000e+00
4.877650451660156250e+02 2.622051411867141724e+02 4.882374572753906250e+02 2.604872757196426392e+02 4.902877616882324219e+02 2.593753069639205933e+02 2.000000000000000000e+00
5.529636192321777344e+02 2.748012721538543701e+02 5.525230789184570312e+02 2.731131291389465332e+02 5.537931632995605469e+02 2.721418154239654541e+02 2.000000000000000000e+00
4.657343769073486328e+02 2.561387640237808228e+02 4.661933612823486328e+02 2.542139285802841187e+02 4.683024883270263672e+02 2.530699163675308228e+02 2.000000000000000000e+00
4.724262142181396484e+02 2.603977060317993164e+02 4.729670429229736328e+02 2.586024785041809082e+02 4.751481342315673828e+02 2.575278031826019287e+02 2.000000000000000000e+00
4.473378276824951172e+02 2.700745868682861328e+02 4.471134948730468750e+02 2.684610003232955933e+02 4.483444213867187500e+02 2.673815935850143433e+02 2.000000000000000000e+00
4.618113994598388672e+02 2.709482753276824951e+02 4.613201904296875000e+02 2.693323069810867310e+02 4.630825519561767578e+02 2.682876902818679810e+02 2.000000000000000000e+00
4.943406677246093750e+02 2.776214933395385742e+02 4.944986343383789062e+02 2.759295666217803955e+02 4.963596153259277344e+02 2.749753439426422119e+02 2.000000000000000000e+00
5.445115470886230469e+02 2.636056834459304810e+02 5.441951370239257812e+02 2.618117988109588623e+02 5.453702354431152344e+02 2.607135021686553955e+02 2.000000000000000000e+00
5.559536170959472656e+02 2.452346040308475494e+02 5.556890296936035156e+02 2.436175538599491119e+02 5.570696449279785156e+02 2.427356873452663422e+02 2.000000000000000000e+00
4.572120380401611328e+02 2.709965515136718750e+02 4.568907833099365234e+02 2.693808299303054810e+02 4.581288814544677734e+02 2.683315140008926392e+02 2.000000000000000000e+00
5.117213821411132812e+02 2.813130211830139160e+02 5.116475296020507812e+02 2.795369911193847656e+02 5.133253288269042969e+02 2.785887479782104492e+02 2.000000000000000000e+00
4.805022048950195312e+02 2.766645526885986328e+02 4.805010032653808594e+02 2.750271642208099365e+02 4.821239662170410156e+02 2.739610290527343750e+02 2.000000000000000000e+00
4.854284667968750000e+02 2.361449275910854340e+02 4.854741477966308594e+02 2.342332912981510162e+02 4.877019119262695312e+02 2.330406488478183746e+02 2.000000000000000000e+00
4.864540100097656250e+02 2.717896127700805664e+02 4.866962623596191406e+02 2.701490807533264160e+02 4.885154533386230469e+02 2.690825825929641724e+02 2.000000000000000000e+00
5.477190017700195312e+02 2.501064151525497437e+02 5.475045204162597656e+02 2.485560768842697144e+02 5.489081382751464844e+02 2.476972353458404541e+02 2.000000000000000000e+00
5.228323364257812500e+02 2.668702715635299683e+02 5.222811317443847656e+02 2.650770574808120728e+02 5.231254386901855469e+02 2.639488846063613892e+02 2.000000000000000000e+00
4.860641860961914062e+02 2.503812718391418457e+02 4.866194725036621094e+02 2.486302649974822998e+02 4.887066078186035156e+02 2.474922949075698853e+02 2.000000000000000000e+00
4.935868835449218750e+02 2.630832231044769287e+02 4.939591026306152344e+02 2.613868117332458496e+02 4.958588600158691406e+02 2.602842110395431519e+02 2.000000000000000000e+00
5.568446731567382812e+02 2.548536846041679382e+02 5.564857292175292969e+02 2.533158731460571289e+02 5.577484703063964844e+02 2.522541663050651550e+02 2.000000000000000000e+00
4.295638751983642578e+02 2.555349290370941162e+02 4.298220825195312500e+02 2.537654426693916321e+02 4.318033504486083984e+02 2.525665444135665894e+02 2.000000000000000000e+00
4.575356483459472656e+02 2.583445447683334351e+02 4.579783630371093750e+02 2.563831794261932373e+02 4.601017475128173828e+02 2.551819610595703125e+02 2.000000000000000000e+00
5.446892738342285156e+02 2.461429448425769806e+02 5.444962882995605469e+02 2.445563051104545593e+02 5.458712768554687500e+02 2.436539766937494278e+02 2.000000000000000000e+00
4.567934894561767578e+02 2.447187960147857666e+02 4.576257991790771484e+02 2.430050966888666153e+02 4.593657875061035156e+02 2.416202851384878159e+02 2.000000000000000000e+00
