1.655127239227294922e+02 2.134712666273117065e+02 1.681585407257080078e+02 2.140144175291061401e+02 1.685278415679931641e+02 2.140279519557952881e+02 1.000000000000000000e+00
7.877874374389648438e+01 2.320013576745986938e+02 8.204406738281250000e+01 2.328873288631439209e+02 8.294157028198242188e+01 2.334660793840885162e+02 1.000000000000000000e+00
1.547525787353515625e+02 2.227594131231307983e+02 1.572598075866699219e+02 2.232996976375579834e+02 1.574086952209472656e+02 2.234855335950851440e+02 1.000000000000000000e+00
9.880542755126953125e+01 2.193415367603302002e+02 1.004464340209960938e+02 2.197151631116867065e+02 9.978847503662109375e+01 2.197933334112167358e+02 1.000000000000000000e+00
1.515381431579589844e+02 2.127626180648803711e+02 1.539421081542968750e+02 2.132367074489593506e+02 1.540981292724609375e+02 2.131706678867340088e+02 1.000000000000000000e+00
1.709500885009765625e+02 2.122694224119186401e+02 1.736804294586181641e+02 2.126451551914215088e+02 1.741392803192138672e+02 2.126367634534835815e+02 1.000000000000000000e+00
9.461473464965820312e+01 2.097681105136871338e+02 9.624261856079101562e+01 2.100411057472229004e+02 9.554475784301757812e+01 2.100561511516571045e+02 1.000000000000000000e+00
7.628448486328125000e+01 2.103891581296920776e+02 7.787055969238281250e+01 2.107221668958663940e+02 7.698068618774414062e+01 2.107138663530349731e+02 1.000000000000000000e+00
1.630238342285156250e+02 2.145079940557479858e+02 1.655575847625732422e+02 2.150405573844909668e+02 1.658158206939697266e+02 2.150653374195098877e+02 1.000000000000000000e+00
1.720021820068359375e+02 2.186464065313339233e+02 1.748093128204345703e+02 2.192494350671768188e+02 1.753473472595214844e+02 2.192728865146636963e+02 1.000000000000000000e+00
1.743326377868652344e+02 2.312716975808143616e+02 1.782884216308593750e+02 2.321177208423614502e+02 1.800272655487060547e+02 2.323534083366394043e+02 1.000000000000000000e+00
9.630844116210937500e+01 2.153594952821731567e+02 9.786746978759765625e+01 2.156115549802780151e+02 9.724090576171875000e+01 2.156331163644790649e+02 1.000000000000000000e+00
1.655368137359619141e+02 2.188919824361801147e+02 1.681823253631591797e+02 2.194351798295974731e+02 1.685480308532714844e+02 2.194668871164321899e+02 1.000000000000000000e+00
7.879283905029296875e+01 2.168778061866760254e+02 8.044044494628906250e+01 2.172938060760498047e+02 7.956932067871093750e+01 2.173002916574478149e+02 1.000000000000000000e+00
1.582532501220703125e+02 2.154057294130325317e+02 1.606503295898437500e+02 2.159174340963363647e+02 1.607991123199462891e+02 2.159221780300140381e+02 1.000000000000000000e+00
7.830728530883789062e+01 2.391247863136231899e+02 8.147554397583007812e+01 2.400888671935535967e+02 8.249389648437500000e+01 2.406728973984718323e+02 1.000000000000000000e+00
1.589574432373046875e+02 2.194153118133544922e+02 1.614141654968261719e+02 2.199250477552413940e+02 1.615685081481933594e+02 2.199657279253005981e+02 1.000000000000000000e+00
7.407569885253906250e+01 2.016075575351715088e+02 7.581325531005859375e+01 2.018919825553894043e+02 7.497415542602539062e+01 2.018434417247772217e+02 1.000000000000000000e+00
8.782846450805664062e+01 2.095336747169494629e+02 8.945669174194335938e+01 2.098033583164215088e+02 8.866422653198242188e+01 2.098144519329071045e+02 1.000000000000000000e+00
1.562474250793457031e+02 2.325416256487369537e+02 1.604688739776611328e+02 2.332772214710712433e+02 1.621490764617919922e+02 2.335365597903728485e+02 1.000000000000000000e+00
9.192569732666015625e+01 1.943832206726074219e+02 9.345521926879882812e+01 1.944944429397583008e+02 9.256429672241210938e+01 1.942177104949951172e+02 1.000000000000000000e+00
1.600920963287353516e+02 1.950375938415527344e+02 1.626550388336181641e+02 1.952809274196624756e+02 1.627095508575439453e+02 1.950138688087463379e+02 1.000000000000000000e+00
1.585087203979492188e+02 2.005762624740600586e+02 1.610025787353515625e+02 2.009093928337097168e+02 1.610834789276123047e+02 2.007443511486053467e+02 1.000000000000000000e+00
1.085035514831542969e+02 1.993813920021057129e+02 1.098300361633300781e+02 1.995893669128417969e+02 1.092419433593750000e+02 1.994181346893310547e+02 1.000000000000000000e+00
1.435247993469238281e+02 1.995991337299346924e+02 1.452557563781738281e+02 1.998204624652862549e+02 1.451259040832519531e+02 1.996826899051666260e+02 1.000000000000000000e+00
1.686749362945556641e+02 2.226741170883178711e+02 1.714563083648681641e+02 2.233324116468429565e+02 1.719069385528564453e+02 2.234504538774490356e+02 1.000000000000000000e+00
1.524475288391113281e+02 2.165093976259231567e+02 1.548264694213867188e+02 2.169848781824111938e+02 1.549811553955078125e+02 2.169769424200057983e+02 1.000000000000000000e+00
1.723260593414306641e+02 2.024219942092895508e+02 1.752105236053466797e+02 2.027505183219909668e+02 1.756802368164062500e+02 2.026962876319885254e+02 1.000000000000000000e+00
8.423727035522460938e+01 2.143491196632385254e+02 8.581647872924804688e+01 2.146329492330551147e+02 8.492643356323242188e+01 2.146430200338363647e+02 1.000000000000000000e+00
8.541973114013671875e+01 1.894011962413787842e+02 8.699115753173828125e+01 1.894700002670288086e+02 8.620517730712890625e+01 1.892112565040588379e+02 1.000000000000000000e+00
9.144769668579101562e+01 1.979052865505218506e+02 9.290533065795898438e+01 1.980803668498992920e+02 9.195587158203125000e+01 1.978920865058898926e+02 1.000000000000000000e+00
1.626656627655029297e+02 2.193106073141098022e+02 1.652355480194091797e+02 2.198161464929580688e+02 1.654800510406494141e+02 2.198653703927993774e+02 1.000000000000000000e+00
7.204126358032226562e+01 2.134011375904083252e+02 7.364183425903320312e+01 2.138015574216842651e+02 7.277681350708007812e+01 2.137922662496566772e+02 1.000000000000000000e+00
8.501443862915039062e+01 2.320391079783439636e+02 8.834926605224609375e+01 2.328488002717494965e+02 8.929349899291992188e+01 2.333642269670963287e+02 1.000000000000000000e+00
8.450071334838867188e+01 2.095576930046081543e+02 8.608459472656250000e+01 2.098399651050567627e+02 8.516740798950195312e+01 2.098473966121673584e+02 1.000000000000000000e+00
8.687822341918945312e+01 1.977115595340728760e+02 8.837715148925781250e+01 1.978374624252319336e+02 8.739772796630859375e+01 1.976982700824737549e+02 1.000000000000000000e+00
4.337978267669677734e+02 2.276304468512535095e+02 4.344630718231201172e+02 2.293832847476005554e+02 4.334158611297607422e+02 2.302875056862831116e+02 2.000000000000000000e+00
4.135950374603271484e+02 2.377074278891086578e+02 4.144717693328857422e+02 2.394177551195025444e+02 4.135585975646972656e+02 2.404108734335750341e+02 2.000000000000000000e+00
4.413356018066406250e+02 2.691920185089111328e+02 4.420135211944580078e+02 2.709945988655090332e+02 4.411682415008544922e+02 2.721724855899810791e+02 2.000000000000000000e+00
4.234019470214843750e+02 2.500484928488731384e+02 4.244160747528076172e+02 2.517633363604545593e+02 4.236293697357177734e+02 2.528501138091087341e+02 2.000000000000000000e+00
4.680694293975830078e+02 2.511990058422088623e+02 4.695706844329833984e+02 2.530014806985855103e+02 4.690715980529785156e+02 2.538320016860961914e+02 2.000000000000000000e+00
5.594023513793945312e+02 2.548002174496650696e+02 5.601404380798339844e+02 2.565744030475616455e+02 5.589004516601562500e+02 2.575899052619934082e+02 2.000000000000000000e+00
5.049624443054199219e+02 2.763693273067474365e+02 5.063474082946777344e+02 2.785442841053009033e+02 5.056680679321289062e+02 2.796817338466644287e+02 2.000000000000000000e+00
4.975317382812500000e+02 2.643118000030517578e+02 4.986744117736816406e+02 2.661452651023864746e+02 4.980280494689941406e+02 2.671845710277557373e+02 2.000000000000000000e+00
5.104396438598632812e+02 2.795006740093231201e+02 5.116294670104980469e+02 2.816485905647277832e+02 5.108605766296386719e+02 2.827276039123535156e+02 2.000000000000000000e+00
5.137688636779785156e+02 2.705977177619934082e+02 5.147237014770507812e+02 2.724672245979309082e+02 5.137439537048339844e+02 2.734552001953125000e+02 2.000000000000000000e+00
5.218123817443847656e+02 2.698018205165863037e+02 5.226408195495605469e+02 2.716560995578765869e+02 5.217593955993652344e+02 2.726637268066406250e+02 2.000000000000000000e+00
4.373298072814941406e+02 2.509162759780883789e+02 4.386564922332763672e+02 2.526016393303871155e+02 4.381423377990722656e+02 2.536405491828918457e+02 2.000000000000000000e+00
4.844541740417480469e+02 2.361069640517234802e+02 4.857741737365722656e+02 2.378003539144992828e+02 4.852788352966308594e+02 2.385086363554000854e+02 2.000000000000000000e+00
5.034969520568847656e+02 2.713289201259613037e+02 5.045880508422851562e+02 2.731846618652343750e+02 5.038768577575683594e+02 2.742264711856842041e+02 2.000000000000000000e+00
5.032786941528320312e+02 2.639264237880706787e+02 5.044114494323730469e+02 2.657269299030303955e+02 5.037167739868164062e+02 2.667513138055801392e+02 2.000000000000000000e+00
4.235437679290771484e+02 2.443641816079616547e+02 4.244735431671142578e+02 2.460518190264701843e+02 4.237903499603271484e+02 2.470213472843170166e+02 2.000000000000000000e+00
5.383903884887695312e+02 2.703015446662902832e+02 5.391674804687500000e+02 2.721962606906890869e+02 5.383226966857910156e+02 2.732124030590057373e+02 2.000000000000000000e+00
4.468973064422607422e+02 2.508258515596389771e+02 4.483460998535156250e+02 2.523880621790885925e+02 4.477446937561035156e+02 2.534727939963340759e+02 2.000000000000000000e+00
4.361682128906250000e+02 2.400286865257658064e+02 4.372276592254638672e+02 2.417753906920552254e+02 4.366575908660888672e+02 2.427157594263553619e+02 2.000000000000000000e+00
4.767460060119628906e+02 2.540440830588340759e+02 4.782640075683593750e+02 2.558046573400497437e+02 4.778749370574951172e+02 2.569433605670928955e+02 2.000000000000000000e+00
4.149833679199218750e+02 2.421698152273893356e+02 4.163276672363281250e+02 2.438199006021022797e+02 4.154858398437500000e+02 2.449267888069152832e+02 2.000000000000000000e+00
4.997678947448730469e+02 2.786470055580139160e+02 5.011800003051757812e+02 2.808378624916076660e+02 5.005650711059570312e+02 2.820781874656677246e+02 2.000000000000000000e+00
4.172826862335205078e+02 2.312414243817329407e+02 4.181389522552490234e+02 2.328944849967956543e+02 4.171749591827392578e+02 2.338612818717956543e+02 2.000000000000000000e+00
4.260947608947753906e+02 2.391986846365034580e+02 4.269586467742919922e+02 2.408863678202033043e+02 4.261984539031982422e+02 2.418457947671413422e+02 2.000000000000000000e+00
4.514769935607910156e+02 2.441239625215530396e+02 4.529015254974365234e+02 2.456621861457824707e+02 4.523678016662597656e+02 2.466550907492637634e+02 2.000000000000000000e+00
4.857326126098632812e+02 2.571047669649124146e+02 4.870268249511718750e+02 2.588516557216644287e+02 4.865591239929199219e+02 2.599660956859588623e+02 2.000000000000000000e+00
5.563136672973632812e+02 2.692396563291549683e+02 5.569258499145507812e+02 2.711401069164276123e+02 5.557412719726562500e+02 2.721555483341217041e+02 2.000000000000000000e+00
4.631779766082763672e+02 2.514433908462524414e+02 4.646817684173583984e+02 2.531879585981369019e+02 4.642271423339843750e+02 2.540692296624183655e+02 2.000000000000000000e+00
4.696061992645263672e+02 2.552986460924148560e+02 4.711243629455566406e+02 2.570782792568206787e+02 4.707525062561035156e+02 2.581765758991241455e+02 2.000000000000000000e+00
4.498868465423583984e+02 2.644400346279144287e+02 4.505488872528076172e+02 2.662313246726989746e+02 4.494948482513427734e+02 2.673203444480895996e+02 2.000000000000000000e+00
4.628038692474365234e+02 2.654624032974243164e+02 4.637980937957763672e+02 2.672435617446899414e+02 4.633322143554687500e+02 2.683708512783050537e+02 2.000000000000000000e+00
4.935023498535156250e+02 2.720541107654571533e+02 4.946079444885253906e+02 2.738811063766479492e+02 4.939566993713378906e+02 2.749793100357055664e+02 2.000000000000000000e+00
5.470648765563964844e+02 2.585680550336837769e+02 5.477238845825195312e+02 2.603990793228149414e+02 5.467406654357910156e+02 2.614442753791809082e+02 2.000000000000000000e+00
5.586728477478027344e+02 2.397226562350988388e+02 5.594325637817382812e+02 2.416495667025446892e+02 5.582247352600097656e+02 2.426992341130971909e+02 2.000000000000000000e+00
4.598714637756347656e+02 2.654576432704925537e+02 4.605880451202392578e+02 2.672256785631179810e+02 4.596933937072753906e+02 2.683682870864868164e+02 2.000000000000000000e+00
5.114953613281250000e+02 2.753824782371520996e+02 5.127041053771972656e+02 2.774845612049102783e+02 5.119164848327636719e+02 2.785410797595977783e+02 2.000000000000000000e+00
4.814141845703125000e+02 2.711847567558288574e+02 4.824510574340820312e+02 2.730001223087310791e+02 4.816022682189941406e+02 2.742283022403717041e+02 2.000000000000000000e+00
4.858313941955566406e+02 2.320152282714843750e+02 4.869932937622070312e+02 2.336469572782516479e+02 4.862975120544433594e+02 2.344792628288269043e+02 2.000000000000000000e+00
4.855936050415039062e+02 2.663929456472396851e+02 4.867825126647949219e+02 2.682401436567306519e+02 4.862091445922851562e+02 2.693956321477890015e+02 2.000000000000000000e+00
5.500109291076660156e+02 2.444756470620632172e+02 5.507646560668945312e+02 2.463104099035263062e+02 5.496563720703125000e+02 2.473936620354652405e+02 2.000000000000000000e+00
5.258028030395507812e+02 2.618770462274551392e+02 5.263161087036132812e+02 2.636629951000213623e+02 5.253550529479980469e+02 2.646513998508453369e+02 2.000000000000000000e+00
4.836989784240722656e+02 2.456300662457942963e+02 4.850397682189941406e+02 2.473691408336162567e+02 4.845697975158691406e+02 2.483427590131759644e+02 2.000000000000000000e+00
4.921535301208496094e+02 2.579198312759399414e+02 4.933542823791503906e+02 2.597098392248153687e+02 4.927832984924316406e+02 2.607889419794082642e+02 2.000000000000000000e+00
5.603158569335937500e+02 2.492705234885215759e+02 5.604707717895507812e+02 2.513474124670028687e+02 5.593107986450195312e+02 2.523340460658073425e+02 2.000000000000000000e+00
4.289703083038330078e+02 2.506433111429214478e+02 4.300579261779785156e+02 2.524188235402107239e+02 4.294678401947021484e+02 2.534201055765151978e+02 2.000000000000000000e+00
4.550988197326660156e+02 2.536333170533180237e+02 4.564669227600097656e+02 2.552970439195632935e+02 4.559267902374267578e+02 2.563157969713211060e+02 2.000000000000000000e+00
5.469033813476562500e+02 2.406292572431266308e+02 5.476826858520507812e+02 2.424969331920146942e+02 5.465600013732910156e+02 2.436301119625568390e+02 2.000000000000000000e+00
4.537168884277343750e+02 2.394937743991613388e+02 4.551895809173583984e+02 2.414089356735348701e+02 4.548139667510986328e+02 2.422534029185771942e+02 2.000000000000000000e+00
