1.683325481414794922e+02 2.120294487476348877e+02 1.696341419219970703e+02 2.119402295351028442e+02 1.662913513183593750e+02 2.099767899513244629e+02 1.000000000000000000e+00
8.465131759643554688e+01 2.334508815407752991e+02 8.627820968627929688e+01 2.340779873728752136e+02 8.372390747070312500e+01 2.325344690680503845e+02 1.000000000000000000e+00
1.564714050292968750e+02 2.219974815845489502e+02 1.576166534423828125e+02 2.222510361671447754e+02 1.539686775207519531e+02 2.203517299890518188e+02 1.000000000000000000e+00
9.659702301025390625e+01 2.185113358497619629e+02 9.679897308349609375e+01 2.185723865032196045e+02 9.235990524291992188e+01 2.166993856430053711e+02 1.000000000000000000e+00
1.530789947509765625e+02 2.111499309539794922e+02 1.541407012939453125e+02 2.109226208925247192e+02 1.504641342163085938e+02 2.089328455924987793e+02 1.000000000000000000e+00
1.742271995544433594e+02 2.105099469423294067e+02 1.755648326873779297e+02 2.103793931007385254e+02 1.722593688964843750e+02 2.082794308662414551e+02 1.000000000000000000e+00
9.228153228759765625e+01 2.084981811046600342e+02 9.245859146118164062e+01 2.084742093086242676e+02 8.794742584228515625e+01 2.066022312641143799e+02 1.000000000000000000e+00
7.325984954833984375e+01 2.090732574462890625e+02 7.327993392944335938e+01 2.090717911720275879e+02 6.846315383911132812e+01 2.073087751865386963e+02 1.000000000000000000e+00
1.652831268310546875e+02 2.132080668210983276e+02 1.664655399322509766e+02 2.131851339340209961e+02 1.629202365875244141e+02 2.112302076816558838e+02 1.000000000000000000e+00
1.757004642486572266e+02 2.172862994670867920e+02 1.771246623992919922e+02 2.172480762004852295e+02 1.738405704498291016e+02 2.152878552675247192e+02 1.000000000000000000e+00
1.849091148376464844e+02 2.312762904167175293e+02 1.881215190887451172e+02 2.316483914852142334e+02 1.866809940338134766e+02 2.302515560388565063e+02 1.000000000000000000e+00
9.398906707763671875e+01 2.141737961769104004e+02 9.419141769409179688e+01 2.141582930088043213e+02 8.968561172485351562e+01 2.123027640581130981e+02 1.000000000000000000e+00
1.683451366424560547e+02 2.176294237375259399e+02 1.696370792388916016e+02 2.176414328813552856e+02 1.662877941131591797e+02 2.156953257322311401e+02 1.000000000000000000e+00
7.586362838745117188e+01 2.156762838363647461e+02 7.591098785400390625e+01 2.157127833366394043e+02 7.116491317749023438e+01 2.139866781234741211e+02 1.000000000000000000e+00
1.598531532287597656e+02 2.140830212831497192e+02 1.609631633758544922e+02 2.140296167135238647e+02 1.573240470886230469e+02 2.120550531148910522e+02 1.000000000000000000e+00
8.441020965576171875e+01 2.407045746222138405e+02 8.622888565063476562e+01 2.413239593803882599e+02 8.372823715209960938e+01 2.398829956026747823e+02 1.000000000000000000e+00
1.606786632537841797e+02 2.181879419088363647e+02 1.617841339111328125e+02 2.182109212875366211e+02 1.581805610656738281e+02 2.162570178508758545e+02 1.000000000000000000e+00
7.132402420043945312e+01 2.000269138813018799e+02 7.129280090332031250e+01 1.999447774887084961e+02 6.621469497680664062e+01 1.980486273765563965e+02 1.000000000000000000e+00
8.522163391113281250e+01 2.082641136646270752e+02 8.532154083251953125e+01 2.082475268840789795e+02 8.072254180908203125e+01 2.064272761344909668e+02 1.000000000000000000e+00
1.656556415557861328e+02 2.320835870504379272e+02 1.690348529815673828e+02 2.323285675048828125e+02 1.680331420898437500e+02 2.305906364321708679e+02 1.000000000000000000e+00
8.876070022583007812e+01 1.917680346965789795e+02 8.874235153198242188e+01 1.915853548049926758e+02 8.405452728271484375e+01 1.893386650085449219e+02 1.000000000000000000e+00
1.617154693603515625e+02 1.922573375701904297e+02 1.627149677276611328e+02 1.918907582759857178e+02 1.588914680480957031e+02 1.895274782180786133e+02 1.000000000000000000e+00
1.601685905456542969e+02 1.984614694118499756e+02 1.611297130584716797e+02 1.982479548454284668e+02 1.573353195190429688e+02 1.961100304126739502e+02 1.000000000000000000e+00
1.053352546691894531e+02 1.971732759475708008e+02 1.053203582763671875e+02 1.968247961997985840e+02 1.008717536926269531e+02 1.948014056682586670e+02 1.000000000000000000e+00
1.426884841918945312e+02 1.973764157295227051e+02 1.435588264465332031e+02 1.971127903461456299e+02 1.391572761535644531e+02 1.950090765953063965e+02 1.000000000000000000e+00
1.720359134674072266e+02 2.218809950351715088e+02 1.733719444274902344e+02 2.220534664392471313e+02 1.700698661804199219e+02 2.201905202865600586e+02 1.000000000000000000e+00
1.540027046203613281e+02 2.151687151193618774e+02 1.550816726684570312e+02 2.150656718015670776e+02 1.514142227172851562e+02 2.130874621868133545e+02 1.000000000000000000e+00
1.757301616668701172e+02 2.004183948040008545e+02 1.770668601989746094e+02 2.002475416660308838e+02 1.736579704284667969e+02 1.980778026580810547e+02 1.000000000000000000e+00
8.118257522583007812e+01 2.130836319923400879e+02 8.118253707885742188e+01 2.130773001909255981e+02 7.640413284301757812e+01 2.113090950250625610e+02 1.000000000000000000e+00
8.326715469360351562e+01 1.868081939220428467e+02 8.402343750000000000e+01 1.866099965572357178e+02 8.028264999389648438e+01 1.843131995201110840e+02 1.000000000000000000e+00
8.805990219116210938e+01 1.957403540611267090e+02 8.802450180053710938e+01 1.955886054039001465e+02 8.328546524047851562e+01 1.934300959110260010e+02 1.000000000000000000e+00
1.648740959167480469e+02 2.180997920036315918e+02 1.660730838775634766e+02 2.181279283761978149e+02 1.625074577331542969e+02 2.162081891298294067e+02 1.000000000000000000e+00
6.910440444946289062e+01 2.123240947723388672e+02 6.911710739135742188e+01 2.123673391342163086e+02 6.431041717529296875e+01 2.105969685316085815e+02 1.000000000000000000e+00
9.113845825195312500e+01 2.331885829567909241e+02 9.253189086914062500e+01 2.336417233943939209e+02 9.008411407470703125e+01 2.320945885777473450e+02 1.000000000000000000e+00
8.134378433227539062e+01 2.082557952404022217e+02 8.133800506591796875e+01 2.082420480251312256e+02 7.651840209960937500e+01 2.064306163787841797e+02 1.000000000000000000e+00
8.339416503906250000e+01 1.955347251892089844e+02 8.334648132324218750e+01 1.953876328468322754e+02 7.852352142333984375e+01 1.932350885868072510e+02 1.000000000000000000e+00
4.313883972167968750e+02 2.321496579051017761e+02 4.334655189514160156e+02 2.332872462272644043e+02 4.312380695343017578e+02 2.321801143884658813e+02 2.000000000000000000e+00
4.123003864288330078e+02 2.425320893526077271e+02 4.142905902862548828e+02 2.438951110839843750e+02 4.122858905792236328e+02 2.430784302949905396e+02 2.000000000000000000e+00
4.391918945312500000e+02 2.744375646114349365e+02 4.409098529815673828e+02 2.757812511920928955e+02 4.388772296905517578e+02 2.749620974063873291e+02 2.000000000000000000e+00
4.230901813507080078e+02 2.551754164695739746e+02 4.251366615295410156e+02 2.563692337274551392e+02 4.235414791107177734e+02 2.553323829174041748e+02 2.000000000000000000e+00
4.694838619232177734e+02 2.558095872402191162e+02 4.719851684570312500e+02 2.569886183738708496e+02 4.706726074218750000e+02 2.559071820974349976e+02 2.000000000000000000e+00
5.569036865234375000e+02 2.595711064338684082e+02 5.586787223815917969e+02 2.608430492877960205e+02 5.565123939514160156e+02 2.596374821662902832e+02 2.000000000000000000e+00
5.052983093261718750e+02 2.821814274787902832e+02 5.075463867187500000e+02 2.834103727340698242e+02 5.060238456726074219e+02 2.826781332492828369e+02 2.000000000000000000e+00
4.976160049438476562e+02 2.693742388486862183e+02 5.000877380371093750e+02 2.706465482711791992e+02 4.985056114196777344e+02 2.696623241901397705e+02 2.000000000000000000e+00
5.101464271545410156e+02 2.851905226707458496e+02 5.123541831970214844e+02 2.864192211627960205e+02 5.106802177429199219e+02 2.855852687358856201e+02 2.000000000000000000e+00
5.127531814575195312e+02 2.754998481273651123e+02 5.148852539062500000e+02 2.766077899932861328e+02 5.131263542175292969e+02 2.755069899559020996e+02 2.000000000000000000e+00
5.207008743286132812e+02 2.746648263931274414e+02 5.229741287231445312e+02 2.757680690288543701e+02 5.211637687683105469e+02 2.746467304229736328e+02 2.000000000000000000e+00
4.382007503509521484e+02 2.554518592357635498e+02 4.408119869232177734e+02 2.565454423427581787e+02 4.392964839935302734e+02 2.555259704589843750e+02 2.000000000000000000e+00
4.845821952819824219e+02 2.405821228399872780e+02 4.868504714965820312e+02 2.419080354273319244e+02 4.852725219726562500e+02 2.413083343952894211e+02 2.000000000000000000e+00
5.033670997619628906e+02 2.764015531539916992e+02 5.056724929809570312e+02 2.775823688507080078e+02 5.040078163146972656e+02 2.765464818477630615e+02 2.000000000000000000e+00
5.033330154418945312e+02 2.689060682058334351e+02 5.057484245300292969e+02 2.701972067356109619e+02 5.042262268066406250e+02 2.692273879051208496e+02 2.000000000000000000e+00
4.233228206634521484e+02 2.487571871280670166e+02 4.254385375976562500e+02 2.499370881915092468e+02 4.238124370574951172e+02 2.488510903716087341e+02 2.000000000000000000e+00
5.367581176757812500e+02 2.754541039466857910e+02 5.388334465026855469e+02 2.767307460308074951e+02 5.369083976745605469e+02 2.756424272060394287e+02 2.000000000000000000e+00
4.480497455596923828e+02 2.553711855411529541e+02 4.506343746185302734e+02 2.564673167467117310e+02 4.492467403411865234e+02 2.554328781366348267e+02 2.000000000000000000e+00
4.359548950195312500e+02 2.447645875811576843e+02 4.383038997650146484e+02 2.459635470807552338e+02 4.365465736389160156e+02 2.449339905381202698e+02 2.000000000000000000e+00
4.782636451721191406e+02 2.589650881290435791e+02 4.807658195495605469e+02 2.601816111803054810e+02 4.794754028320312500e+02 2.591643083095550537e+02 2.000000000000000000e+00
4.148092079162597656e+02 2.469083561003208160e+02 4.171895122528076172e+02 2.480480352044105530e+02 4.154165649414062500e+02 2.470407566428184509e+02 2.000000000000000000e+00
5.000717735290527344e+02 2.845667123794555664e+02 5.023764038085937500e+02 2.858371925354003906e+02 5.009152030944824219e+02 2.852426469326019287e+02 2.000000000000000000e+00
4.158088684082031250e+02 2.358570706844329834e+02 4.176081848144531250e+02 2.373092955350875854e+02 4.156407833099365234e+02 2.363760832697153091e+02 2.000000000000000000e+00
4.251063537597656250e+02 2.437442323565483093e+02 4.273036479949951172e+02 2.449280704557895660e+02 4.254439449310302734e+02 2.438921356201171875e+02 2.000000000000000000e+00
4.526372718811035156e+02 2.485251778364181519e+02 4.552830219268798828e+02 2.496253055334091187e+02 4.539499855041503906e+02 2.485399174690246582e+02 2.000000000000000000e+00
4.866050148010253906e+02 2.620233464241027832e+02 4.892071533203125000e+02 2.632308357954025269e+02 4.877650451660156250e+02 2.622051411867141724e+02 2.000000000000000000e+00
5.534972572326660156e+02 2.744757699966430664e+02 5.552237510681152344e+02 2.758446979522705078e+02 5.529636192321777344e+02 2.748012721538543701e+02 2.000000000000000000e+00
4.646437072753906250e+02 2.560706788301467896e+02 4.670298767089843750e+02 2.572377026081085205e+02 4.657343769073486328e+02 2.561387640237808228e+02 2.000000000000000000e+00
4.712071514129638672e+02 2.602186292409896851e+02 4.736683082580566406e+02 2.613954484462738037e+02 4.724262142181396484e+02 2.603977060317993164e+02 2.000000000000000000e+00
4.475714111328125000e+02 2.695470285415649414e+02 4.493754005432128906e+02 2.709085392951965332e+02 4.473378276824951172e+02 2.700745868682861328e+02 2.000000000000000000e+00
4.621870708465576172e+02 2.705750155448913574e+02 4.633134746551513672e+02 2.719267916679382324e+02 4.618113994598388672e+02 2.709482753276824951e+02 2.000000000000000000e+00
4.935135269165039062e+02 2.772932159900665283e+02 4.958756065368652344e+02 2.785575878620147705e+02 4.943406677246093750e+02 2.776214933395385742e+02 2.000000000000000000e+00
5.447876548767089844e+02 2.635014653205871582e+02 5.466691970825195312e+02 2.647646802663803101e+02 5.445115470886230469e+02 2.636056834459304810e+02 2.000000000000000000e+00
5.563944053649902344e+02 2.450459137558937073e+02 5.581762695312500000e+02 2.462811130285263062e+02 5.559536170959472656e+02 2.452346040308475494e+02 2.000000000000000000e+00
4.577158260345458984e+02 2.706033039093017578e+02 4.591961383819580078e+02 2.719400668144226074e+02 4.572120380401611328e+02 2.709965515136718750e+02 2.000000000000000000e+00
5.112272453308105469e+02 2.809155607223510742e+02 5.134029006958007812e+02 2.821886301040649414e+02 5.117213821411132812e+02 2.813130211830139160e+02 2.000000000000000000e+00
4.802546501159667969e+02 2.763555300235748291e+02 4.823549270629882812e+02 2.775678133964538574e+02 4.805022048950195312e+02 2.766645526885986328e+02 2.000000000000000000e+00
4.849757385253906250e+02 2.360505826771259308e+02 4.871142578125000000e+02 2.371387937664985657e+02 4.854284667968750000e+02 2.361449275910854340e+02 2.000000000000000000e+00
4.856431961059570312e+02 2.715143144130706787e+02 4.880643272399902344e+02 2.727164626121520996e+02 4.864540100097656250e+02 2.717896127700805664e+02 2.000000000000000000e+00
5.479739952087402344e+02 2.497094580531120300e+02 5.498704910278320312e+02 2.511367803812026978e+02 5.477190017700195312e+02 2.501064151525497437e+02 2.000000000000000000e+00
5.230720329284667969e+02 2.666922014951705933e+02 5.249278068542480469e+02 2.679880088567733765e+02 5.228323364257812500e+02 2.668702715635299683e+02 2.000000000000000000e+00
4.848000907897949219e+02 2.502929690480232239e+02 4.874798965454101562e+02 2.514938208460807800e+02 4.860641860961914062e+02 2.503812718391418457e+02 2.000000000000000000e+00
4.925677490234375000e+02 2.628621840476989746e+02 4.951049232482910156e+02 2.641302502155303955e+02 4.935868835449218750e+02 2.630832231044769287e+02 2.000000000000000000e+00
5.572417640686035156e+02 2.546627354621887207e+02 5.590769767761230469e+02 2.560123604536056519e+02 5.568446731567382812e+02 2.548536846041679382e+02 2.000000000000000000e+00
4.290138244628906250e+02 2.553883373737335205e+02 4.310945129394531250e+02 2.565549927949905396e+02 4.295638751983642578e+02 2.555349290370941162e+02 2.000000000000000000e+00
4.561968421936035156e+02 2.582730728387832642e+02 4.589089107513427734e+02 2.594147354364395142e+02 4.575356483459472656e+02 2.583445447683334351e+02 2.000000000000000000e+00
5.449052238464355469e+02 2.458339543640613556e+02 5.468060874938964844e+02 2.470952457189559937e+02 5.446892738342285156e+02 2.461429448425769806e+02 2.000000000000000000e+00
4.553770446777343750e+02 2.445674134790897369e+02 4.580118465423583984e+02 2.457519078254699707e+02 4.567934894561767578e+02 2.447187960147857666e+02 2.000000000000000000e+00
