1.695036411285400391e+02 2.138562905788421631e+02 1.683325481414794922e+02 2.120294487476348877e+02 1.696341419219970703e+02 2.119402295351028442e+02 1.000000000000000000e+00
8.516012191772460938e+01 2.346007838845252991e+02 8.465131759643554688e+01 2.334508815407752991e+02 8.627820968627929688e+01 2.340779873728752136e+02 1.000000000000000000e+00
1.578763580322265625e+02 2.235921621322631836e+02 1.564714050292968750e+02 2.219974815845489502e+02 1.576166534423828125e+02 2.222510361671447754e+02 1.000000000000000000e+00
9.878149032592773438e+01 2.200911086797714233e+02 9.659702301025390625e+01 2.185113358497619629e+02 9.679897308349609375e+01 2.185723865032196045e+02 1.000000000000000000e+00
1.544965934753417969e+02 2.128852218389511108e+02 1.530789947509765625e+02 2.111499309539794922e+02 1.541407012939453125e+02 2.109226208925247192e+02 1.000000000000000000e+00
1.753072643280029297e+02 2.123752266168594360e+02 1.742271995544433594e+02 2.105099469423294067e+02 1.755648326873779297e+02 2.103793931007385254e+02 1.000000000000000000e+00
9.447938919067382812e+01 2.101695549488067627e+02 9.228153228759765625e+01 2.084981811046600342e+02 9.245859146118164062e+01 2.084742093086242676e+02 1.000000000000000000e+00
7.561878204345703125e+01 2.108266425132751465e+02 7.325984954833984375e+01 2.090732574462890625e+02 7.327993392944335938e+01 2.090717911720275879e+02 1.000000000000000000e+00
1.665650463104248047e+02 2.149587535858154297e+02 1.652831268310546875e+02 2.132080668210983276e+02 1.664655399322509766e+02 2.131851339340209961e+02 1.000000000000000000e+00
1.767079639434814453e+02 2.191675704717636108e+02 1.757004642486572266e+02 2.172862994670867920e+02 1.771246623992919922e+02 2.172480762004852295e+02 1.000000000000000000e+00
1.843473052978515625e+02 2.327059628069400787e+02 1.849091148376464844e+02 2.312762904167175293e+02 1.881215190887451172e+02 2.316483914852142334e+02 1.000000000000000000e+00
9.618947982788085938e+01 2.157515698671340942e+02 9.398906707763671875e+01 2.141737961769104004e+02 9.419141769409179688e+01 2.141582930088043213e+02 1.000000000000000000e+00
1.695108509063720703e+02 2.194324779510498047e+02 1.683451366424560547e+02 2.176294237375259399e+02 1.696370792388916016e+02 2.176414328813552856e+02 1.000000000000000000e+00
7.822893142700195312e+01 2.174194175004959106e+02 7.586362838745117188e+01 2.156762838363647461e+02 7.591098785400390625e+01 2.157127833366394043e+02 1.000000000000000000e+00
1.612999057769775391e+02 2.158014518022537231e+02 1.598531532287597656e+02 2.140830212831497192e+02 1.609631633758544922e+02 2.140296167135238647e+02 1.000000000000000000e+00
8.481990814208984375e+01 2.418684540688991547e+02 8.441020965576171875e+01 2.407045746222138405e+02 8.622888565063476562e+01 2.413239593803882599e+02 1.000000000000000000e+00
1.621026134490966797e+02 2.199205309152603149e+02 1.606786632537841797e+02 2.181879419088363647e+02 1.617841339111328125e+02 2.182109212875366211e+02 1.000000000000000000e+00
7.377754211425781250e+01 2.018935847282409668e+02 7.132402420043945312e+01 2.000269138813018799e+02 7.129280090332031250e+01 1.999447774887084961e+02 1.000000000000000000e+00
8.751628875732421875e+01 2.099323725700378418e+02 8.522163391113281250e+01 2.082641136646270752e+02 8.532154083251953125e+01 2.082475268840789795e+02 1.000000000000000000e+00
1.654870891571044922e+02 2.337304683029651642e+02 1.656556415557861328e+02 2.320835870504379272e+02 1.690348529815673828e+02 2.323285675048828125e+02 1.000000000000000000e+00
9.103080749511718750e+01 1.939011347293853760e+02 8.876070022583007812e+01 1.917680346965789795e+02 8.874235153198242188e+01 1.915853548049926758e+02 1.000000000000000000e+00
1.632107257843017578e+02 1.944085049629211426e+02 1.617154693603515625e+02 1.922573375701904297e+02 1.627149677276611328e+02 1.918907582759857178e+02 1.000000000000000000e+00
1.616015338897705078e+02 2.004205620288848877e+02 1.601685905456542969e+02 1.984614694118499756e+02 1.611297130584716797e+02 1.982479548454284668e+02 1.000000000000000000e+00
1.078258323669433594e+02 1.989577460289001465e+02 1.053352546691894531e+02 1.971732759475708008e+02 1.053203582763671875e+02 1.968247961997985840e+02 1.000000000000000000e+00
1.445385169982910156e+02 1.993802475929260254e+02 1.426884841918945312e+02 1.973764157295227051e+02 1.435588264465332031e+02 1.971127903461456299e+02 1.000000000000000000e+00
1.731113147735595703e+02 2.236142867803573608e+02 1.720359134674072266e+02 2.218809950351715088e+02 1.733719444274902344e+02 2.220534664392471313e+02 1.000000000000000000e+00
1.554200744628906250e+02 2.168164050579071045e+02 1.540027046203613281e+02 2.151687151193618774e+02 1.550816726684570312e+02 2.150656718015670776e+02 1.000000000000000000e+00
1.769742393493652344e+02 2.023564875125885010e+02 1.757301616668701172e+02 2.004183948040008545e+02 1.770668601989746094e+02 2.002475416660308838e+02 1.000000000000000000e+00
8.354307174682617188e+01 2.147632133960723877e+02 8.118257522583007812e+01 2.130836319923400879e+02 8.118253707885742188e+01 2.130773001909255981e+02 1.000000000000000000e+00
8.498434066772460938e+01 1.889030599594116211e+02 8.326715469360351562e+01 1.868081939220428467e+02 8.402343750000000000e+01 1.866099965572357178e+02 1.000000000000000000e+00
9.038717269897460938e+01 1.977288508415222168e+02 8.805990219116210938e+01 1.957403540611267090e+02 8.802450180053710938e+01 1.955886054039001465e+02 1.000000000000000000e+00
1.662217998504638672e+02 2.198498976230621338e+02 1.648740959167480469e+02 2.180997920036315918e+02 1.660730838775634766e+02 2.181279283761978149e+02 1.000000000000000000e+00
7.144081115722656250e+01 2.140529769659042358e+02 6.910440444946289062e+01 2.123240947723388672e+02 6.911710739135742188e+01 2.123673391342163086e+02 1.000000000000000000e+00
9.140333175659179688e+01 2.343523554503917694e+02 9.113845825195312500e+01 2.331885829567909241e+02 9.253189086914062500e+01 2.336417233943939209e+02 1.000000000000000000e+00
8.371660232543945312e+01 2.099656677246093750e+02 8.134378433227539062e+01 2.082557952404022217e+02 8.133800506591796875e+01 2.082420480251312256e+02 1.000000000000000000e+00
8.576419830322265625e+01 1.975493431091308594e+02 8.339416503906250000e+01 1.955347251892089844e+02 8.334648132324218750e+01 1.953876328468322754e+02 1.000000000000000000e+00
4.326695537567138672e+02 2.324633789062500000e+02 4.313883972167968750e+02 2.321496579051017761e+02 4.334655189514160156e+02 2.332872462272644043e+02 2.000000000000000000e+00
4.133791542053222656e+02 2.426994019746780396e+02 4.123003864288330078e+02 2.425320893526077271e+02 4.142905902862548828e+02 2.438951110839843750e+02 2.000000000000000000e+00
4.405388832092285156e+02 2.745867025852203369e+02 4.391918945312500000e+02 2.744375646114349365e+02 4.409098529815673828e+02 2.757812511920928955e+02 2.000000000000000000e+00
4.236159992218017578e+02 2.551908731460571289e+02 4.230901813507080078e+02 2.551754164695739746e+02 4.251366615295410156e+02 2.563692337274551392e+02 2.000000000000000000e+00
4.700764751434326172e+02 2.560420238971710205e+02 4.694838619232177734e+02 2.558095872402191162e+02 4.719851684570312500e+02 2.569886183738708496e+02 2.000000000000000000e+00
5.582750892639160156e+02 2.596926283836364746e+02 5.569036865234375000e+02 2.595711064338684082e+02 5.586787223815917969e+02 2.608430492877960205e+02 2.000000000000000000e+00
5.060801506042480469e+02 2.822200047969818115e+02 5.052983093261718750e+02 2.821814274787902832e+02 5.075463867187500000e+02 2.834103727340698242e+02 2.000000000000000000e+00
4.983760643005371094e+02 2.694760447740554810e+02 4.976160049438476562e+02 2.693742388486862183e+02 5.000877380371093750e+02 2.706465482711791992e+02 2.000000000000000000e+00
5.110100173950195312e+02 2.852560758590698242e+02 5.101464271545410156e+02 2.851905226707458496e+02 5.123541831970214844e+02 2.864192211627960205e+02 2.000000000000000000e+00
5.137294960021972656e+02 2.756914401054382324e+02 5.127531814575195312e+02 2.754998481273651123e+02 5.148852539062500000e+02 2.766077899932861328e+02 2.000000000000000000e+00
5.216467285156250000e+02 2.748993229866027832e+02 5.207008743286132812e+02 2.746648263931274414e+02 5.229741287231445312e+02 2.757680690288543701e+02 2.000000000000000000e+00
4.388088417053222656e+02 2.557048344612121582e+02 4.382007503509521484e+02 2.554518592357635498e+02 4.408119869232177734e+02 2.565454423427581787e+02 2.000000000000000000e+00
4.855718803405761719e+02 2.408731384947896004e+02 4.845821952819824219e+02 2.405821228399872780e+02 4.868504714965820312e+02 2.419080354273319244e+02 2.000000000000000000e+00
5.042141723632812500e+02 2.765456879138946533e+02 5.033670997619628906e+02 2.764015531539916992e+02 5.056724929809570312e+02 2.775823688507080078e+02 2.000000000000000000e+00
5.040907287597656250e+02 2.690693682432174683e+02 5.033330154418945312e+02 2.689060682058334351e+02 5.057484245300292969e+02 2.701972067356109619e+02 2.000000000000000000e+00
4.239941406250000000e+02 2.491403505206108093e+02 4.233228206634521484e+02 2.487571871280670166e+02 4.254385375976562500e+02 2.499370881915092468e+02 2.000000000000000000e+00
5.379107093811035156e+02 2.755355858802795410e+02 5.367581176757812500e+02 2.754541039466857910e+02 5.388334465026855469e+02 2.767307460308074951e+02 2.000000000000000000e+00
4.484965515136718750e+02 2.556014871597290039e+02 4.480497455596923828e+02 2.553711855411529541e+02 4.506343746185302734e+02 2.564673167467117310e+02 2.000000000000000000e+00
4.368530559539794922e+02 2.450498659908771515e+02 4.359548950195312500e+02 2.447645875811576843e+02 4.383038997650146484e+02 2.459635470807552338e+02 2.000000000000000000e+00
4.788880348205566406e+02 2.592221689224243164e+02 4.782636451721191406e+02 2.589650881290435791e+02 4.807658195495605469e+02 2.601816111803054810e+02 2.000000000000000000e+00
4.155473995208740234e+02 2.471332401037216187e+02 4.148092079162597656e+02 2.469083561003208160e+02 4.171895122528076172e+02 2.480480352044105530e+02 2.000000000000000000e+00
5.008519363403320312e+02 2.845743441581726074e+02 5.000717735290527344e+02 2.845667123794555664e+02 5.023764038085937500e+02 2.858371925354003906e+02 2.000000000000000000e+00
4.169335937500000000e+02 2.360932002961635590e+02 4.158088684082031250e+02 2.358570706844329834e+02 4.176081848144531250e+02 2.373092955350875854e+02 2.000000000000000000e+00
4.260988807678222656e+02 2.440586552023887634e+02 4.251063537597656250e+02 2.437442323565483093e+02 4.273036479949951172e+02 2.449280704557895660e+02 2.000000000000000000e+00
4.530765724182128906e+02 2.487707215547561646e+02 4.526372718811035156e+02 2.485251778364181519e+02 4.552830219268798828e+02 2.496253055334091187e+02 2.000000000000000000e+00
4.872444534301757812e+02 2.622263199090957642e+02 4.866050148010253906e+02 2.620233464241027832e+02 4.892071533203125000e+02 2.632308357954025269e+02 2.000000000000000000e+00
5.548192214965820312e+02 2.745037543773651123e+02 5.534972572326660156e+02 2.744757699966430664e+02 5.552237510681152344e+02 2.758446979522705078e+02 2.000000000000000000e+00
4.652451229095458984e+02 2.562700814008712769e+02 4.646437072753906250e+02 2.560706788301467896e+02 4.670298767089843750e+02 2.572377026081085205e+02 2.000000000000000000e+00
4.717587566375732422e+02 2.604024356603622437e+02 4.712071514129638672e+02 2.602186292409896851e+02 4.736683082580566406e+02 2.613954484462738037e+02 2.000000000000000000e+00
4.488593769073486328e+02 2.696912544965744019e+02 4.475714111328125000e+02 2.695470285415649414e+02 4.493754005432128906e+02 2.709085392951965332e+02 2.000000000000000000e+00
4.632467651367187500e+02 2.706852436065673828e+02 4.621870708465576172e+02 2.705750155448913574e+02 4.633134746551513672e+02 2.719267916679382324e+02 2.000000000000000000e+00
4.943229103088378906e+02 2.773777163028717041e+02 4.935135269165039062e+02 2.772932159900665283e+02 4.958756065368652344e+02 2.785575878620147705e+02 2.000000000000000000e+00
5.460565185546875000e+02 2.636064469814300537e+02 5.447876548767089844e+02 2.635014653205871582e+02 5.466691970825195312e+02 2.647646802663803101e+02 2.000000000000000000e+00
5.575884437561035156e+02 2.450527346134185791e+02 5.563944053649902344e+02 2.450459137558937073e+02 5.581762695312500000e+02 2.462811130285263062e+02 2.000000000000000000e+00
4.590296363830566406e+02 2.707041335105895996e+02 4.577158260345458984e+02 2.706033039093017578e+02 4.591961383819580078e+02 2.719400668144226074e+02 2.000000000000000000e+00
5.120830154418945312e+02 2.810095238685607910e+02 5.112272453308105469e+02 2.809155607223510742e+02 5.134029006958007812e+02 2.821886301040649414e+02 2.000000000000000000e+00
4.813416481018066406e+02 2.764937746524810791e+02 4.802546501159667969e+02 2.763555300235748291e+02 4.823549270629882812e+02 2.775678133964538574e+02 2.000000000000000000e+00
4.862238883972167969e+02 2.364006192237138748e+02 4.849757385253906250e+02 2.360505826771259308e+02 4.871142578125000000e+02 2.371387937664985657e+02 2.000000000000000000e+00
4.864953994750976562e+02 2.716556417942047119e+02 4.856431961059570312e+02 2.715143144130706787e+02 4.880643272399902344e+02 2.727164626121520996e+02 2.000000000000000000e+00
5.491537475585937500e+02 2.498032540082931519e+02 5.479739952087402344e+02 2.497094580531120300e+02 5.498704910278320312e+02 2.511367803812026978e+02 2.000000000000000000e+00
5.245885658264160156e+02 2.668657547235488892e+02 5.230720329284667969e+02 2.666922014951705933e+02 5.249278068542480469e+02 2.679880088567733765e+02 2.000000000000000000e+00
4.853745460510253906e+02 2.505156710743904114e+02 4.848000907897949219e+02 2.502929690480232239e+02 4.874798965454101562e+02 2.514938208460807800e+02 2.000000000000000000e+00
4.933165931701660156e+02 2.630685138702392578e+02 4.925677490234375000e+02 2.628621840476989746e+02 4.951049232482910156e+02 2.641302502155303955e+02 2.000000000000000000e+00
5.585790443420410156e+02 2.546475988626480103e+02 5.572417640686035156e+02 2.546627354621887207e+02 5.590769767761230469e+02 2.560123604536056519e+02 2.000000000000000000e+00
4.296174049377441406e+02 2.555785828828811646e+02 4.290138244628906250e+02 2.553883373737335205e+02 4.310945129394531250e+02 2.565549927949905396e+02 2.000000000000000000e+00
4.565363216400146484e+02 2.584531867504119873e+02 4.561968421936035156e+02 2.582730728387832642e+02 4.589089107513427734e+02 2.594147354364395142e+02 2.000000000000000000e+00
5.460851478576660156e+02 2.459661868214607239e+02 5.449052238464355469e+02 2.458339543640613556e+02 5.468060874938964844e+02 2.470952457189559937e+02 2.000000000000000000e+00
4.557678890228271484e+02 2.447120667994022369e+02 4.553770446777343750e+02 2.445674134790897369e+02 4.580118465423583984e+02 2.457519078254699707e+02 2.000000000000000000e+00
