1.533514595031738281e+02 2.115577679872512817e+02 1.555909156799316406e+02 2.111755353212356567e+02 1.566058540344238281e+02 2.108437031507492065e+02 1.000000000000000000e+00
6.376798629760742188e+01 2.279467311501502991e+02 6.616662979125976562e+01 2.277485802769660950e+02 6.748270034790039062e+01 2.277032464742660522e+02 1.000000000000000000e+00
1.437310409545898438e+02 2.198152148723602295e+02 1.461006355285644531e+02 2.195525497198104858e+02 1.471185493469238281e+02 2.193000018596649170e+02 1.000000000000000000e+00
9.637672424316406250e+01 2.173916620016098022e+02 9.775041580200195312e+01 2.169361406564712524e+02 9.816047668457031250e+01 2.165973347425460815e+02 1.000000000000000000e+00
1.415331459045410156e+02 2.113497000932693481e+02 1.436256980895996094e+02 2.109702283143997192e+02 1.444703865051269531e+02 2.106243270635604858e+02 1.000000000000000000e+00
1.573504066467285156e+02 2.104723030328750610e+02 1.597042846679687500e+02 2.101053911447525024e+02 1.609387683868408203e+02 2.098129570484161377e+02 1.000000000000000000e+00
9.224380493164062500e+01 2.087625110149383545e+02 9.365190505981445312e+01 2.082074260711669922e+02 9.401269912719726562e+01 2.077748250961303711e+02 1.000000000000000000e+00
7.455720901489257812e+01 2.095533585548400879e+02 7.592111587524414062e+01 2.088779568672180176e+02 7.617374420166015625e+01 2.084873950481414795e+02 1.000000000000000000e+00
1.514148139953613281e+02 2.125538009405136108e+02 1.536164283752441406e+02 2.121723461151123047e+02 1.546328926086425781e+02 2.118383771181106567e+02 1.000000000000000000e+00
1.583096122741699219e+02 2.156302624940872192e+02 1.606700897216796875e+02 2.153786301612854004e+02 1.618728160858154297e+02 2.152733910083770752e+02 1.000000000000000000e+00
1.523169898986816406e+02 2.271595761179924011e+02 1.550831985473632812e+02 2.269727933406829834e+02 1.567690086364746094e+02 2.268597865104675293e+02 1.000000000000000000e+00
9.385129928588867188e+01 2.142476481199264526e+02 9.530729293823242188e+01 2.136502522230148315e+02 9.564149856567382812e+01 2.132832938432693481e+02 1.000000000000000000e+00
1.532081031799316406e+02 2.163989710807800293e+02 1.554892158508300781e+02 2.160748440027236938e+02 1.565382194519042969e+02 2.158444350957870483e+02 1.000000000000000000e+00
7.730714797973632812e+01 2.156286764144897461e+02 7.863637924194335938e+01 2.151125782728195190e+02 7.877925872802734375e+01 2.147629380226135254e+02 1.000000000000000000e+00
1.476336288452148438e+02 2.135325300693511963e+02 1.498085212707519531e+02 2.131652212142944336e+02 1.506699562072753906e+02 2.128142219781875610e+02 1.000000000000000000e+00
6.157169342041015625e+01 2.348799741268157959e+02 6.421648025512695312e+01 2.346966245770454407e+02 6.562915802001953125e+01 2.346429441869258881e+02 1.000000000000000000e+00
1.479097557067871094e+02 2.170090019702911377e+02 1.502113151550292969e+02 2.166828453540802002e+02 1.511659622192382812e+02 2.164548325538635254e+02 1.000000000000000000e+00
6.792575836181640625e+01 2.015682649612426758e+02 6.957092285156250000e+01 2.008576011657714844e+02 7.017856597900390625e+01 2.003495299816131592e+02 1.000000000000000000e+00
8.636857986450195312e+01 2.084952056407928467e+02 8.768005371093750000e+01 2.079107344150543213e+02 8.792013168334960938e+01 2.075227475166320801e+02 1.000000000000000000e+00
1.355717658996582031e+02 2.277003926038742065e+02 1.384213066101074219e+02 2.275800624489784241e+02 1.401817321777343750e+02 2.276508325338363647e+02 1.000000000000000000e+00
9.062398910522460938e+01 1.952048456668853760e+02 9.197282791137695312e+01 1.945199704170227051e+02 9.203207015991210938e+01 1.939467608928680420e+02 1.000000000000000000e+00
1.470834732055664062e+02 1.956953108310699463e+02 1.497136688232421875e+02 1.951766502857208252e+02 1.514045333862304688e+02 1.946735215187072754e+02 1.000000000000000000e+00
1.485437965393066406e+02 2.003111386299133301e+02 1.506003570556640625e+02 1.997197079658508301e+02 1.515570259094238281e+02 1.994000673294067383e+02 1.000000000000000000e+00
1.077093887329101562e+02 1.996250581741333008e+02 1.086725044250488281e+02 1.989996635913848877e+02 1.090911483764648438e+02 1.984517633914947510e+02 1.000000000000000000e+00
1.342395019531250000e+02 1.996120440959930420e+02 1.361524963378906250e+02 1.992208242416381836e+02 1.377206039428710938e+02 1.986811351776123047e+02 1.000000000000000000e+00
1.550470733642578125e+02 2.191320025920867920e+02 1.574447059631347656e+02 2.188776236772537231e+02 1.586297798156738281e+02 2.187442624568939209e+02 1.000000000000000000e+00
1.423908996582031250e+02 2.147966605424880981e+02 1.445017433166503906e+02 2.144654524326324463e+02 1.453280067443847656e+02 2.141341531276702881e+02 1.000000000000000000e+00
1.576472854614257812e+02 2.015892004966735840e+02 1.600071239471435547e+02 2.010500156879425049e+02 1.613555431365966797e+02 2.007600224018096924e+02 1.000000000000000000e+00
8.323328018188476562e+01 2.133055561780929565e+02 8.453994750976562500e+01 2.127219074964523315e+02 8.467706680297851562e+01 2.123388344049453735e+02 1.000000000000000000e+00
8.425752639770507812e+01 1.906190907955169678e+02 8.551130294799804688e+01 1.899894976615905762e+02 8.571371078491210938e+01 1.893714559078216553e+02 1.000000000000000000e+00
9.075071334838867188e+01 1.982880091667175293e+02 9.221660614013671875e+01 1.975933206081390381e+02 9.223793029785156250e+01 1.970842409133911133e+02 1.000000000000000000e+00
1.509381675720214844e+02 2.167407363653182983e+02 1.532065773010253906e+02 2.164644920825958252e+02 1.542548179626464844e+02 2.162523794174194336e+02 1.000000000000000000e+00
6.735349655151367188e+01 2.128365772962570190e+02 6.901435852050781250e+01 2.122475266456604004e+02 6.961774826049804688e+01 2.117889851331710815e+02 1.000000000000000000e+00
6.990934371948242188e+01 2.283206936717033386e+02 7.235557556152343750e+01 2.280731499195098877e+02 7.363882064819335938e+01 2.280069878697395325e+02 1.000000000000000000e+00
8.365329742431640625e+01 2.085510993003845215e+02 8.498634338378906250e+01 2.079874098300933838e+02 8.516029357910156250e+01 2.075839984416961670e+02 1.000000000000000000e+00
8.666309356689453125e+01 1.981168663501739502e+02 8.800628662109375000e+01 1.974250173568725586e+02 8.812561035156250000e+01 1.968916010856628418e+02 1.000000000000000000e+00
4.657305049896240234e+02 2.174384146928787231e+02 4.626158809661865234e+02 2.174392694234848022e+02 4.587377071380615234e+02 2.181683027744293213e+02 2.000000000000000000e+00
4.444360351562500000e+02 2.267417746782302856e+02 4.414486122131347656e+02 2.267829126119613647e+02 4.375135517120361328e+02 2.276054987311363220e+02 2.000000000000000000e+00
4.738951778411865234e+02 2.574832767248153687e+02 4.708740520477294922e+02 2.575444346666336060e+02 4.667746925354003906e+02 2.581469732522964478e+02 2.000000000000000000e+00
4.510820007324218750e+02 2.390006865933537483e+02 4.484580993652343750e+02 2.392157287336885929e+02 4.451991271972656250e+02 2.398753967229276896e+02 2.000000000000000000e+00
4.942410087585449219e+02 2.405361023359000683e+02 4.915891075134277344e+02 2.405838317982852459e+02 4.884270668029785156e+02 2.411557465419173241e+02 2.000000000000000000e+00
5.920736694335937500e+02 2.437315828353166580e+02 5.891159057617187500e+02 2.436810609698295593e+02 5.851159095764160156e+02 2.442071995139122009e+02 2.000000000000000000e+00
5.331977653503417969e+02 2.642782902717590332e+02 5.303849601745605469e+02 2.643480241298675537e+02 5.267080688476562500e+02 2.649218451976776123e+02 2.000000000000000000e+00
5.260095787048339844e+02 2.530610507726669312e+02 5.232282066345214844e+02 2.531070864200592041e+02 5.196148681640625000e+02 2.536961066722869873e+02 2.000000000000000000e+00
5.392167472839355469e+02 2.676246356964111328e+02 5.363263511657714844e+02 2.676534444093704224e+02 5.325633621215820312e+02 2.682266253232955933e+02 2.000000000000000000e+00
5.439829826354980469e+02 2.593413090705871582e+02 5.409765052795410156e+02 2.593636786937713623e+02 5.372464561462402344e+02 2.599657917022705078e+02 2.000000000000000000e+00
5.524151039123535156e+02 2.585882270336151123e+02 5.493641471862792969e+02 2.586094361543655396e+02 5.456790733337402344e+02 2.592285472154617310e+02 2.000000000000000000e+00
4.649109172821044922e+02 2.401847534207627177e+02 4.621616268157958984e+02 2.402628021407872438e+02 4.583605098724365234e+02 2.408794250898063183e+02 2.000000000000000000e+00
5.120092201232910156e+02 2.271233054995536804e+02 5.093452453613281250e+02 2.270793601870536804e+02 5.057177543640136719e+02 2.274951016902923584e+02 2.000000000000000000e+00
5.322808265686035156e+02 2.599071979522705078e+02 5.294512367248535156e+02 2.599638980627059937e+02 5.258142662048339844e+02 2.605742508172988892e+02 2.000000000000000000e+00
5.318217277526855469e+02 2.526769110560417175e+02 5.290103721618652344e+02 2.527060550451278687e+02 5.254536247253417969e+02 2.533651131391525269e+02 2.000000000000000000e+00
4.525937175750732422e+02 2.339676359295845032e+02 4.497748756408691406e+02 2.340163265168666840e+02 4.462701129913330078e+02 2.345892177522182465e+02 2.000000000000000000e+00
5.696967887878417969e+02 2.589865118265151978e+02 5.666324424743652344e+02 2.589553534984588623e+02 5.628920364379882812e+02 2.594772344827651978e+02 2.000000000000000000e+00
4.738566589355468750e+02 2.401554412906989455e+02 4.712067890167236328e+02 2.401893005473539233e+02 4.677408790588378906e+02 2.407442474551498890e+02 2.000000000000000000e+00
4.638413429260253906e+02 2.294683831930160522e+02 4.610859394073486328e+02 2.295087423920631409e+02 4.573702144622802734e+02 2.301785579323768616e+02 2.000000000000000000e+00
5.028624534606933594e+02 2.431144257634878159e+02 5.003026199340820312e+02 2.431816408038139343e+02 4.970410156250000000e+02 2.437011873722076416e+02 2.000000000000000000e+00
4.446086788177490234e+02 2.316243132948875427e+02 4.416691017150878906e+02 2.316898494958877563e+02 4.382420349121093750e+02 2.323740988969802856e+02 2.000000000000000000e+00
5.278103065490722656e+02 2.663222372531890869e+02 5.250380897521972656e+02 2.664111953973770142e+02 5.214546012878417969e+02 2.670635086297988892e+02 2.000000000000000000e+00
4.487261390686035156e+02 2.204897457361221313e+02 4.457329463958740234e+02 2.205164945125579834e+02 4.417041301727294922e+02 2.213138419389724731e+02 2.000000000000000000e+00
4.558371257781982422e+02 2.286083364486694336e+02 4.529458904266357422e+02 2.286485436558723450e+02 4.491945552825927734e+02 2.293700551986694336e+02 2.000000000000000000e+00
4.781767559051513672e+02 2.336197659373283386e+02 4.755251216888427734e+02 2.336418606340885162e+02 4.720302104949951172e+02 2.342390133440494537e+02 2.000000000000000000e+00
5.131741333007812500e+02 2.462285466492176056e+02 5.104815483093261719e+02 2.462693944573402405e+02 5.068404006958007812e+02 2.467490847408771515e+02 2.000000000000000000e+00
5.881788444519042969e+02 2.575736707448959351e+02 5.852822303771972656e+02 2.575344854593276978e+02 5.814991569519042969e+02 2.580434578657150269e+02 2.000000000000000000e+00
4.893190574645996094e+02 2.408514557406306267e+02 4.866946220397949219e+02 2.409020996466279030e+02 4.835965538024902344e+02 2.414565124735236168e+02 2.000000000000000000e+00
4.957246780395507812e+02 2.444146732985973358e+02 4.931456375122070312e+02 2.444737856090068817e+02 4.899676513671875000e+02 2.450620579719543457e+02 2.000000000000000000e+00
4.825177001953125000e+02 2.528747561573982239e+02 4.795770931243896484e+02 2.529760444164276123e+02 4.756140136718750000e+02 2.536528480052947998e+02 2.000000000000000000e+00
4.930721473693847656e+02 2.539819040894508362e+02 4.902629661560058594e+02 2.540868535637855530e+02 4.866471290588378906e+02 2.547259068489074707e+02 2.000000000000000000e+00
5.221237754821777344e+02 2.606159681081771851e+02 5.193354606628417969e+02 2.606760871410369873e+02 5.157057571411132812e+02 2.613342601060867310e+02 2.000000000000000000e+00
5.788733482360839844e+02 2.473975530266761780e+02 5.758457756042480469e+02 2.473641514778137207e+02 5.720196533203125000e+02 2.478854987025260925e+02 2.000000000000000000e+00
5.909124755859375000e+02 2.301078486442565918e+02 5.879347038269042969e+02 2.298767539858818054e+02 5.839440917968750000e+02 2.299835658073425293e+02 2.000000000000000000e+00
4.913431167602539062e+02 2.538966375589370728e+02 4.885182571411132812e+02 2.540061655640602112e+02 4.848320388793945312e+02 2.546684271097183228e+02 2.000000000000000000e+00
5.405980300903320312e+02 2.636108708381652832e+02 5.376573562622070312e+02 2.636374837160110474e+02 5.338649940490722656e+02 2.642156088352203369e+02 2.000000000000000000e+00
5.113495254516601562e+02 2.599202281236648560e+02 5.084677505493164062e+02 2.599805009365081787e+02 5.046401405334472656e+02 2.605743116140365601e+02 2.000000000000000000e+00
5.136038208007812500e+02 2.225448757410049438e+02 5.109035301208496094e+02 2.224962294101715088e+02 5.072487258911132812e+02 2.229108417034149170e+02 2.000000000000000000e+00
5.142520713806152344e+02 2.552772527933120728e+02 5.114859390258789062e+02 2.553259134292602539e+02 5.077066040039062500e+02 2.558018499612808228e+02 2.000000000000000000e+00
5.824619865417480469e+02 2.336784513294696808e+02 5.794469070434570312e+02 2.336480404436588287e+02 5.754130935668945312e+02 2.341477046906948090e+02 2.000000000000000000e+00
5.574764442443847656e+02 2.506991127133369446e+02 5.542800903320312500e+02 2.507154393196105957e+02 5.506462478637695312e+02 2.514112249016761780e+02 2.000000000000000000e+00
5.103979873657226562e+02 2.351650540530681610e+02 5.077273941040039062e+02 2.351999813318252563e+02 5.042963981628417969e+02 2.356343838572502136e+02 2.000000000000000000e+00
5.201852416992187500e+02 2.469632421433925629e+02 5.174360466003417969e+02 2.470284274220466614e+02 5.138122558593750000e+02 2.475358128547668457e+02 2.000000000000000000e+00
5.932395744323730469e+02 2.381825407594442368e+02 5.901572990417480469e+02 2.381979216635227203e+02 5.861355018615722656e+02 2.387707671895623207e+02 2.000000000000000000e+00
4.556601238250732422e+02 2.396147308219224215e+02 4.530300617218017578e+02 2.398380279494449496e+02 4.495160198211669922e+02 2.405630188062787056e+02 2.000000000000000000e+00
4.822073364257812500e+02 2.429932404309511185e+02 4.795246887207031250e+02 2.430611421167850494e+02 4.760615539550781250e+02 2.435762026906013489e+02 2.000000000000000000e+00
5.787034988403320312e+02 2.313392785191535950e+02 5.757220458984375000e+02 2.307813102006912231e+02 5.717317008972167969e+02 2.306774747371673584e+02 2.000000000000000000e+00
4.799013710021972656e+02 2.286827230453491211e+02 4.772191524505615234e+02 2.287144920229911804e+02 4.738319396972656250e+02 2.295652610063552856e+02 2.000000000000000000e+00
