3.193692321330308914e+02 2.135581201314926147e+02 3.170745542645454407e+02 2.122100061178207397e+02 3.117058104276657104e+02 2.111598801612854004e+02 1.000000000000000000e+00
2.309407806396484375e+02 1.816416907310485840e+02 2.296132946014404297e+02 1.811535608768463135e+02 2.258306598663330078e+02 1.809177660942077637e+02 1.000000000000000000e+00
2.928293156623840332e+02 2.308648985624313354e+02 2.908052372932434082e+02 2.295632010698318481e+02 2.857255554199218750e+02 2.284855341911315918e+02 1.000000000000000000e+00
3.096131896972656250e+02 2.104690378904342651e+02 3.073972165584564209e+02 2.094396328926086426e+02 3.021808469295501709e+02 2.087373340129852295e+02 1.000000000000000000e+00
2.983188176155090332e+02 2.066573917865753174e+02 2.962128901481628418e+02 2.057305276393890381e+02 2.911585998535156250e+02 2.050223529338836670e+02 1.000000000000000000e+00
2.522654247283935547e+02 1.816081345081329346e+02 2.509775209426879883e+02 1.811224329471588135e+02 2.467335939407348633e+02 1.807835662364959717e+02 1.000000000000000000e+00
2.980513596534729004e+02 2.330961607396602631e+02 2.958753657341003418e+02 2.318151694536209106e+02 2.906225585937500000e+02 2.307903894782066345e+02 1.000000000000000000e+00
2.978497004508972168e+02 2.301810300350189209e+02 2.957749009132385254e+02 2.288458853960037231e+02 2.906772446632385254e+02 2.277615657448768616e+02 1.000000000000000000e+00
3.242299804091453552e+02 2.101390510797500610e+02 3.216648255288600922e+02 2.087435424327850342e+02 3.158941954374313354e+02 2.078659665584564209e+02 1.000000000000000000e+00
2.913403916358947754e+02 2.249025106430053711e+02 2.893156123161315918e+02 2.236025530099868774e+02 2.843121933937072754e+02 2.225897061824798584e+02 1.000000000000000000e+00
3.113778382539749146e+02 2.148293906450271606e+02 3.089331352710723877e+02 2.136500376462936401e+02 3.036008298397064209e+02 2.128210276365280151e+02 1.000000000000000000e+00
3.125220638513565063e+02 2.106722706556320190e+02 3.101122432947158813e+02 2.094932842254638672e+02 3.046741938591003418e+02 2.087095928192138672e+02 1.000000000000000000e+00
2.318868827819824219e+02 1.900787007808685303e+02 2.306006431579589844e+02 1.893290841579437256e+02 2.268122100830078125e+02 1.890640246868133545e+02 1.000000000000000000e+00
3.126478576660156250e+02 2.190296316146850586e+02 3.103240662813186646e+02 2.177128279209136963e+02 3.049354851245880127e+02 2.168502187728881836e+02 1.000000000000000000e+00
3.164121094346046448e+02 2.185831743478775024e+02 3.141537779569625854e+02 2.171968835592269897e+02 3.088974297046661377e+02 2.161077708005905151e+02 1.000000000000000000e+00
3.163211670517921448e+02 2.106742233037948608e+02 3.139848935604095459e+02 2.093932771682739258e+02 3.086152648925781250e+02 2.085221242904663086e+02 1.000000000000000000e+00
2.916431260108947754e+02 2.209512162208557129e+02 2.896351313591003418e+02 2.196434158086776733e+02 2.846683049201965332e+02 2.185916733741760254e+02 1.000000000000000000e+00
3.283211368322372437e+02 2.097556579113006592e+02 3.254156798124313354e+02 2.084225893020629883e+02 3.195245056226849556e+02 2.074993264675140381e+02 1.000000000000000000e+00
2.075975036621093750e+02 2.061995208263397217e+02 2.063413715362548828e+02 2.047475123405456543e+02 2.018976688385009766e+02 2.036871314048767090e+02 1.000000000000000000e+00
3.153490903973579407e+02 2.221894973516464233e+02 3.130413818359375000e+02 2.207268816232681274e+02 3.077035820484161377e+02 2.196896803379058838e+02 1.000000000000000000e+00
2.002022552490234375e+02 2.017491424083709717e+02 1.991418933868408203e+02 2.004289376735687256e+02 1.949400424957275391e+02 1.993804764747619629e+02 1.000000000000000000e+00
3.095731508731842041e+02 2.193474876880645752e+02 3.074111020565032959e+02 2.179211264848709106e+02 3.022226560115814209e+02 2.170129537582397461e+02 1.000000000000000000e+00
3.198348999023437500e+02 2.103598165512084961e+02 3.175097656250000000e+02 2.090393185615539551e+02 3.121147459745407104e+02 2.081215953826904297e+02 1.000000000000000000e+00
2.602688884735107422e+02 2.190100389719009399e+02 2.582487487792968750e+02 2.179215377569198608e+02 2.531750917434692383e+02 2.171729260683059692e+02 1.000000000000000000e+00
2.830110478401184082e+02 1.958527350425720215e+02 2.813287949562072754e+02 1.950539052486419678e+02 2.765082073211669922e+02 1.944703817367553711e+02 1.000000000000000000e+00
2.386163330078125000e+02 2.186393415927886963e+02 2.367676258087158203e+02 2.174557632207870483e+02 2.317129039764404297e+02 2.166168665885925293e+02 1.000000000000000000e+00
2.744535207748413086e+02 2.104878830909729004e+02 2.722372436523437500e+02 2.096971106529235840e+02 2.668332815170288086e+02 2.092135441303253174e+02 1.000000000000000000e+00
2.522232198715209961e+02 1.902611052989959717e+02 2.509148693084716797e+02 1.896056807041168213e+02 2.466785860061645508e+02 1.893156874179840088e+02 1.000000000000000000e+00
2.917547607421875000e+02 1.841459941864013672e+02 2.902202439308166504e+02 1.834057724475860596e+02 2.854039001464843750e+02 1.828301525115966797e+02 1.000000000000000000e+00
2.038062381744384766e+02 2.055146634578704834e+02 2.025227832794189453e+02 2.039338374137878418e+02 1.980083465576171875e+02 2.026336026191711426e+02 1.000000000000000000e+00
3.117868649959564209e+02 1.705153012275695801e+02 3.097328794002532959e+02 1.698701906204223633e+02 3.044473266601562500e+02 1.695709490776062012e+02 1.000000000000000000e+00
2.612474060058593750e+02 2.155472856760025024e+02 2.591024160385131836e+02 2.147978192567825317e+02 2.541097259521484375e+02 2.139473104476928711e+02 1.000000000000000000e+00
2.944217824935913086e+02 2.088514852523803711e+02 2.923318791389465332e+02 2.078848564624786377e+02 2.872846364974975586e+02 2.071961796283721924e+02 1.000000000000000000e+00
2.849750661849975586e+02 1.834694802761077881e+02 2.834213256835937500e+02 1.827320516109466553e+02 2.786758089065551758e+02 1.822446262836456299e+02 1.000000000000000000e+00
2.510512971878051758e+02 2.113396739959716797e+02 2.493219757080078125e+02 2.104552137851715088e+02 2.443895387649536133e+02 2.100614154338836670e+02 1.000000000000000000e+00
1.919669342041015625e+02 1.786239266395568848e+02 1.912342643737792969e+02 1.778088355064392090e+02 1.873900604248046875e+02 1.775626158714294434e+02 1.000000000000000000e+00
3.267176514863967896e+02 2.055021965503692627e+02 3.242959901690483093e+02 2.043251645565032959e+02 3.185496520996093750e+02 2.033627593517303467e+02 1.000000000000000000e+00
2.442685556411743164e+02 1.864229393005371094e+02 2.429573488235473633e+02 1.858379173278808594e+02 2.387295246124267578e+02 1.855319488048553467e+02 1.000000000000000000e+00
3.218767701089382172e+02 1.903116881847381592e+02 3.190734253078699112e+02 1.893348956108093262e+02 3.134859007596969604e+02 1.886791205406188965e+02 1.000000000000000000e+00
2.408789062500000000e+02 1.864021718502044678e+02 2.398235893249511719e+02 1.858030807971954346e+02 2.359237003326416016e+02 1.855158984661102295e+02 1.000000000000000000e+00
3.024974668025970459e+02 1.836462235450744629e+02 3.007660830020904541e+02 1.827478909492492676e+02 2.959194946289062500e+02 1.819753861427307129e+02 1.000000000000000000e+00
2.737809753417968750e+02 2.158472281694412231e+02 2.714144563674926758e+02 2.149395275115966797e+02 2.660949707031250000e+02 2.140823650360107422e+02 1.000000000000000000e+00
2.960680222511291504e+02 1.679659724235534668e+02 2.943256521224975586e+02 1.674614667892456055e+02 2.892777705192565918e+02 1.672714519500732422e+02 1.000000000000000000e+00
3.125740963220596313e+02 2.056504654884338379e+02 3.102057492733001709e+02 2.044221925735473633e+02 3.047559511661529541e+02 2.035731947422027588e+02 1.000000000000000000e+00
1.967370414733886719e+02 1.917923712730407715e+02 1.959946155548095703e+02 1.909137547016143799e+02 1.920547580718994141e+02 1.904993712902069092e+02 1.000000000000000000e+00
2.000379180908203125e+02 1.826801133155822754e+02 1.992815494537353516e+02 1.818113386631011963e+02 1.954121685028076172e+02 1.816178548336029053e+02 1.000000000000000000e+00
2.020143604278564453e+02 1.982894575595855713e+02 2.011940288543701172e+02 1.974158012866973877e+02 1.972144031524658203e+02 1.968666815757751465e+02 1.000000000000000000e+00
1.998465824127197266e+02 1.890971052646636963e+02 1.990999603271484375e+02 1.881677985191345215e+02 1.951383018493652344e+02 1.877717721462249756e+02 1.000000000000000000e+00
2.956871628761291504e+02 1.866575896739959717e+02 2.938230895996093750e+02 1.858856785297393799e+02 2.889282822608947754e+02 1.853435039520263672e+02 1.000000000000000000e+00
2.910487365722656250e+02 2.180668938159942627e+02 2.891484069824218750e+02 2.167887872457504272e+02 2.843041682243347168e+02 2.158161145448684692e+02 1.000000000000000000e+00
2.871438598632812500e+02 2.121285688877105713e+02 2.850932312011718750e+02 2.112035965919494629e+02 2.801017761230468750e+02 2.104660016298294067e+02 1.000000000000000000e+00
2.717779207229614258e+02 2.138809955120086670e+02 2.694741487503051758e+02 2.130659776926040649e+02 2.640203857421875000e+02 2.125478357076644897e+02 1.000000000000000000e+00
2.810386967658996582e+02 2.165264725685119629e+02 2.787899446487426758e+02 2.154889976978302002e+02 2.735678386688232422e+02 2.145452105998992920e+02 1.000000000000000000e+00
2.602984285354614258e+02 2.226372206211090088e+02 2.583028554916381836e+02 2.212304073572158813e+02 2.532460021972656250e+02 2.204088735580444336e+02 1.000000000000000000e+00
1.949962615966796875e+02 1.821276211738586426e+02 1.942630100250244141e+02 1.813404679298400879e+02 1.904010009765625000e+02 1.811140716075897217e+02 1.000000000000000000e+00
2.244999980926513672e+02 2.118413829803466797e+02 2.233530712127685547e+02 2.109698778390884399e+02 2.191302776336669922e+02 2.104804676771163940e+02 1.000000000000000000e+00
3.190677490085363388e+02 1.793683576583862305e+02 3.167592772841453552e+02 1.787442111968994141e+02 3.113744199275970459e+02 1.783247780799865723e+02 1.000000000000000000e+00
3.056407463550567627e+02 1.695308017730712891e+02 3.038386225700378418e+02 1.690120196342468262e+02 2.987577199935913086e+02 1.687702131271362305e+02 1.000000000000000000e+00
2.377376842498779297e+02 1.873403906822204590e+02 2.364629936218261719e+02 1.867116665840148926e+02 2.326662921905517578e+02 1.864398944377899170e+02 1.000000000000000000e+00
1.608942985534667969e+02 4.355712032318115234e+02 1.547385978698730469e+02 4.334640884399414062e+02 1.458726501464843750e+02 4.318008184432983398e+02 2.000000000000000000e+00
1.720613670349121094e+02 4.455076074600219727e+02 1.658383274078369141e+02 4.434209346771240234e+02 1.570489692687988281e+02 4.416142988204956055e+02 2.000000000000000000e+00
4.415313148498535156e+02 2.905215775966644287e+02 4.353791522979736328e+02 2.884180927276611328e+02 4.265908241271972656e+02 2.864653658866882324e+02 2.000000000000000000e+00
4.365306091308593750e+02 2.905334186553955078e+02 4.303744506835937500e+02 2.884201383590698242e+02 4.215843200683593750e+02 2.864708268642425537e+02 2.000000000000000000e+00
1.770765781402587891e+02 4.435071516036987305e+02 1.708661460876464844e+02 4.414305782318115234e+02 1.620619297027587891e+02 4.396271467208862305e+02 2.000000000000000000e+00
2.439954519271850586e+02 4.212090253829956055e+02 2.378156375885009766e+02 4.190167379379272461e+02 2.291574573516845703e+02 4.173159599304199219e+02 2.000000000000000000e+00
2.079701995849609375e+02 4.223419046401977539e+02 2.017397403717041016e+02 4.202761888504028320e+02 1.930790233612060547e+02 4.183923482894897461e+02 2.000000000000000000e+00
1.838721466064453125e+02 4.135062646865844727e+02 1.776526355743408203e+02 4.113175678253173828e+02 1.688674926757812500e+02 4.096121549606323242e+02 2.000000000000000000e+00
2.470077514648437500e+02 4.301052904129028320e+02 2.408440256118774414e+02 4.279311561584472656e+02 2.321647357940673828e+02 4.262275743484497070e+02 2.000000000000000000e+00
2.279779529571533203e+02 4.023770570755004883e+02 2.217282390594482422e+02 4.002614164352416992e+02 2.130859088897705078e+02 3.984659528732299805e+02 2.000000000000000000e+00
2.269809055328369141e+02 4.083007049560546875e+02 2.207261180877685547e+02 4.061799430847167969e+02 2.120930194854736328e+02 4.044358348846435547e+02 2.000000000000000000e+00
2.730937814712524414e+02 4.429238319396972656e+02 2.668639802932739258e+02 4.407527589797973633e+02 2.583098459243774414e+02 4.389303445816040039e+02 2.000000000000000000e+00
4.953031921386718750e+02 3.144508123397827148e+02 4.891029167175292969e+02 3.122402071952819824e+02 4.803021049499511719e+02 3.101106905937194824e+02 2.000000000000000000e+00
5.918540000915527344e+02 1.815357184410095215e+02 5.856261634826660156e+02 1.793465709686279297e+02 5.766322135925292969e+02 1.771738243103027344e+02 2.000000000000000000e+00
5.698527336120605469e+02 1.744056701660156250e+02 5.636776733398437500e+02 1.722551679611206055e+02 5.547151565551757812e+02 1.701529026031494141e+02 2.000000000000000000e+00
4.893470191955566406e+02 6.656172752380371094e+01 4.832532691955566406e+02 6.440434455871582031e+01 4.741853046417236328e+02 6.231770038604736328e+01 2.000000000000000000e+00
2.310864257812500000e+02 4.451571464538574219e+02 2.248382377624511719e+02 4.430101776123046875e+02 2.161854553222656250e+02 4.413164520263671875e+02 2.000000000000000000e+00
4.444393920898437500e+02 8.874010562896728516e+01 4.382397174835205078e+02 8.655936241149902344e+01 4.292039203643798828e+02 8.453222751617431641e+01 2.000000000000000000e+00
4.415336894989013672e+02 2.945181620121002197e+02 4.353706645965576172e+02 2.924085402488708496e+02 4.266120624542236328e+02 2.904529738426208496e+02 2.000000000000000000e+00
2.096109294891357422e+02 3.154871535301208496e+02 2.034502887725830078e+02 3.133495831489562988e+02 1.945896148681640625e+02 3.117302584648132324e+02 2.000000000000000000e+00
2.251476860046386719e+02 4.382487630844116211e+02 2.188845539093017578e+02 4.361002349853515625e+02 2.102786254882812500e+02 4.343613624572753906e+02 2.000000000000000000e+00
2.140435886383056641e+02 4.253365945816040039e+02 2.077938842773437500e+02 4.232540702819824219e+02 1.991194629669189453e+02 4.214085245132446289e+02 2.000000000000000000e+00
2.450118255615234375e+02 4.152521181106567383e+02 2.387996768951416016e+02 4.130943059921264648e+02 2.301421833038330078e+02 4.113924980163574219e+02 2.000000000000000000e+00
2.540271902084350586e+02 4.441214418411254883e+02 2.478643178939819336e+02 4.419085121154785156e+02 2.392073631286621094e+02 4.400395917892456055e+02 2.000000000000000000e+00
4.855254554748535156e+02 1.365807294845581055e+02 4.793477535247802734e+02 1.344405913352966309e+02 4.703652667999267578e+02 1.323216032981872559e+02 2.000000000000000000e+00
4.913242530822753906e+02 3.144453191757202148e+02 4.851235961914062500e+02 3.122247076034545898e+02 4.763244628906250000e+02 3.101057767868041992e+02 2.000000000000000000e+00
2.380195426940917969e+02 4.232433843612670898e+02 2.317992401123046875e+02 4.210670900344848633e+02 2.231361865997314453e+02 4.193808031082153320e+02 2.000000000000000000e+00
5.511514282226562500e+02 1.455194807052612305e+02 5.449323844909667969e+02 1.434529352188110352e+02 5.359837150573730469e+02 1.413584661483764648e+02 2.000000000000000000e+00
5.469158363342285156e+02 1.945688152313232422e+02 5.408403968811035156e+02 1.923936116695404053e+02 5.318565177917480469e+02 1.902938210964202881e+02 2.000000000000000000e+00
2.186758899688720703e+02 2.985404384136199951e+02 2.125188732147216797e+02 2.964225482940673828e+02 2.037030506134033203e+02 2.945353710651397705e+02 2.000000000000000000e+00
1.969606876373291016e+02 4.194650602340698242e+02 1.907287597656250000e+02 4.173983573913574219e+02 1.820558261871337891e+02 4.155523824691772461e+02 2.000000000000000000e+00
5.372154045104980469e+02 1.404747104644775391e+02 5.310394287109375000e+02 1.383879804611206055e+02 5.220582389831542969e+02 1.363227653503417969e+02 2.000000000000000000e+00
2.171274089813232422e+02 4.352815389633178711e+02 2.109172630310058594e+02 4.331267452239990234e+02 2.023010253906250000e+02 4.313773870468139648e+02 2.000000000000000000e+00
2.190755462646484375e+02 4.402877855300903320e+02 2.128368186950683594e+02 4.381763648986816406e+02 2.041695117950439453e+02 4.364111995697021484e+02 2.000000000000000000e+00
4.365349102020263672e+02 2.945326566696166992e+02 4.303680419921875000e+02 2.924173915386199951e+02 4.216108131408691406e+02 2.904689347743988037e+02 2.000000000000000000e+00
4.446375465393066406e+02 1.547357010841369629e+02 4.384478759765625000e+02 1.526171708106994629e+02 4.295216655731201172e+02 1.504688501358032227e+02 2.000000000000000000e+00
2.176226520538330078e+02 3.164826107025146484e+02 2.114580631256103516e+02 3.143414068222045898e+02 2.025962829589843750e+02 3.127106952667236328e+02 2.000000000000000000e+00
5.531932449340820312e+02 1.505502605438232422e+02 5.469943809509277344e+02 1.484648108482360840e+02 5.380460166931152344e+02 1.463568663597106934e+02 2.000000000000000000e+00
2.088927268981933594e+02 4.475032997131347656e+02 2.026772880554199219e+02 4.453986883163452148e+02 1.939962005615234375e+02 4.436441516876220703e+02 2.000000000000000000e+00
2.290054893493652344e+02 4.122779989242553711e+02 2.227140522003173828e+02 4.101525592803955078e+02 2.140839099884033203e+02 4.084288358688354492e+02 2.000000000000000000e+00
2.600978994369506836e+02 4.431035327911376953e+02 2.539720916748046875e+02 4.409001588821411133e+02 2.452744579315185547e+02 4.390209102630615234e+02 2.000000000000000000e+00
2.349084186553955078e+02 4.092869997024536133e+02 2.286800098419189453e+02 4.071649503707885742e+02 2.200360393524169922e+02 4.054218292236328125e+02 2.000000000000000000e+00
2.450958871841430664e+02 4.441074085235595703e+02 2.388831901550292969e+02 4.419390106201171875e+02 2.301823520660400391e+02 4.401586675643920898e+02 2.000000000000000000e+00
5.064000511169433594e+02 1.336195635795593262e+02 5.002281761169433594e+02 1.314949107170104980e+02 4.912114524841308594e+02 1.293814516067504883e+02 2.000000000000000000e+00
2.231208324432373047e+02 4.432571840286254883e+02 2.168727397918701172e+02 4.411194562911987305e+02 2.082125854492187500e+02 4.394029998779296875e+02 2.000000000000000000e+00
4.424329566955566406e+02 7.871987342834472656e+01 4.362283611297607422e+02 7.657184600830078125e+01 4.271877479553222656e+02 7.452717304229736328e+01 2.000000000000000000e+00
2.360051250457763672e+02 4.132732057571411133e+02 2.297534465789794922e+02 4.111306858062744141e+02 2.211285972595214844e+02 4.094253873825073242e+02 2.000000000000000000e+00
2.279894542694091797e+02 4.232667303085327148e+02 2.217042827606201172e+02 4.211121654510498047e+02 2.131254100799560547e+02 4.194070529937744141e+02 2.000000000000000000e+00
2.200050926208496094e+02 4.162741756439208984e+02 2.137370014190673828e+02 4.141885757446289062e+02 2.049799919128417969e+02 4.123914813995361328e+02 2.000000000000000000e+00
2.070395469665527344e+02 4.293343019485473633e+02 2.008408451080322266e+02 4.272194623947143555e+02 1.921349906921386719e+02 4.253811693191528320e+02 2.000000000000000000e+00
2.321391582489013672e+02 4.332581520080566406e+02 2.258766269683837891e+02 4.310811853408813477e+02 2.172460651397705078e+02 4.293754720687866211e+02 2.000000000000000000e+00
4.395534706115722656e+02 3.105614948272705078e+02 4.333681678771972656e+02 3.083466196060180664e+02 4.246742248535156250e+02 3.061785292625427246e+02 2.000000000000000000e+00
4.885145378112792969e+02 1.436634135246276855e+02 4.823447608947753906e+02 1.414858531951904297e+02 4.733663082122802734e+02 1.394132924079895020e+02 2.000000000000000000e+00
2.110299682617187500e+02 4.293288946151733398e+02 2.048071575164794922e+02 4.271905374526977539e+02 1.961296653747558594e+02 4.253716850280761719e+02 2.000000000000000000e+00
4.855329895019531250e+02 1.467228984832763672e+02 4.793656349182128906e+02 1.445615816116333008e+02 4.703916072845458984e+02 1.424641513824462891e+02 2.000000000000000000e+00
4.545220947265625000e+02 1.485982775688171387e+02 4.483711528778076172e+02 1.464615297317504883e+02 4.394246578216552734e+02 1.443424487113952637e+02 2.000000000000000000e+00
1.648865985870361328e+02 4.346003150939941406e+02 1.587239265441894531e+02 4.324618291854858398e+02 1.499412727355957031e+02 4.307851409912109375e+02 2.000000000000000000e+00
5.910072708129882812e+02 2.134748071432113647e+02 5.847562217712402344e+02 2.112802112102508545e+02 5.757299804687500000e+02 2.090905272960662842e+02 2.000000000000000000e+00
5.639681434631347656e+02 2.085427236557006836e+02 5.577114868164062500e+02 2.063900578022003174e+02 5.487516593933105469e+02 2.042040860652923584e+02 2.000000000000000000e+00
2.340189361572265625e+02 4.202716112136840820e+02 2.277692222595214844e+02 4.181189346313476562e+02 2.191521930694580078e+02 4.164069271087646484e+02 2.000000000000000000e+00
5.334345054626464844e+02 1.855506241321563721e+02 5.272631263732910156e+02 1.834365963935852051e+02 5.182984733581542969e+02 1.813357365131378174e+02 2.000000000000000000e+00
2.240340709686279297e+02 4.282522916793823242e+02 2.177732181549072266e+02 4.261313295364379883e+02 2.091551017761230469e+02 4.243975925445556641e+02 2.000000000000000000e+00
2.320025920867919922e+02 4.262935209274291992e+02 2.257059764862060547e+02 4.241248226165771484e+02 2.170993518829345703e+02 4.224238443374633789e+02 2.000000000000000000e+00
4.614447021484375000e+02 5.165586948394775391e+01 4.552842712402343750e+02 4.955808162689208984e+01 4.462029457092285156e+02 4.749484062194824219e+01 2.000000000000000000e+00
2.390196514129638672e+02 4.162545633316040039e+02 2.327960968017578125e+02 4.140960216522216797e+02 2.241420459747314453e+02 4.124084186553955078e+02 2.000000000000000000e+00
5.809117507934570312e+02 1.923981285095214844e+02 5.747189331054687500e+02 1.902590453624725342e+02 5.657650184631347656e+02 1.879688680171966553e+02 2.000000000000000000e+00
5.342796707153320312e+02 2.025581502914428711e+02 5.280883789062500000e+02 2.004178440570831299e+02 5.191680908203125000e+02 1.983021819591522217e+02 2.000000000000000000e+00
1.980154514312744141e+02 4.234258890151977539e+02 1.917583942413330078e+02 4.213802576065063477e+02 1.830415821075439453e+02 4.195050716400146484e+02 2.000000000000000000e+00
3.898369169235229492e+02 4.144513607025146484e+02 3.836934518814086914e+02 4.122535228729248047e+02 3.751173400878906250e+02 4.101447772979736328e+02 2.000000000000000000e+00
2.371263408660888672e+02 4.441015720367431641e+02 2.308820438385009766e+02 4.419713544845581055e+02 2.221862125396728516e+02 4.402700901031494141e+02 2.000000000000000000e+00
5.054056358337402344e+02 1.385913777351379395e+02 4.992401504516601562e+02 1.364795780181884766e+02 4.902046012878417969e+02 1.343644380569458008e+02 2.000000000000000000e+00
5.429888343811035156e+02 4.135168218612670898e+02 5.366677856445312500e+02 4.113246488571166992e+02 5.279109573364257812e+02 4.090231418609619141e+02 2.000000000000000000e+00
5.106648254394531250e+02 1.875891101360321045e+02 5.044921875000000000e+02 1.854404282569885254e+02 4.955158042907714844e+02 1.834042346477508545e+02 2.000000000000000000e+00
2.420022726058959961e+02 4.381399011611938477e+02 2.357869815826416016e+02 4.359963512420654297e+02 2.271192455291748047e+02 4.341699314117431641e+02 2.000000000000000000e+00
5.628921508789062500e+02 1.665035390853881836e+02 5.567270469665527344e+02 1.643543171882629395e+02 5.477625083923339844e+02 1.622418308258056641e+02 2.000000000000000000e+00
5.508193969726562500e+02 1.786412644386291504e+02 5.446514320373535156e+02 1.764989161491394043e+02 5.358123779296875000e+02 1.743092179298400879e+02 2.000000000000000000e+00
4.915130996704101562e+02 1.305640983581542969e+02 4.853336906433105469e+02 1.284329438209533691e+02 4.763699626922607422e+02 1.263059163093566895e+02 2.000000000000000000e+00
1.730080509185791016e+02 4.145333290100097656e+02 1.667226409912109375e+02 4.123732709884643555e+02 1.578601264953613281e+02 4.106487751007080078e+02 2.000000000000000000e+00
2.095952606201171875e+02 2.975454747676849365e+02 2.034348011016845703e+02 2.954328024387359619e+02 1.946131992340087891e+02 2.935386693477630615e+02 2.000000000000000000e+00
5.577914428710937500e+02 1.985113978385925293e+02 5.515843009948730469e+02 1.963693678379058838e+02 5.426083946228027344e+02 1.942240440845489502e+02 2.000000000000000000e+00
4.545365619659423828e+02 1.535984158515930176e+02 4.483821773529052734e+02 1.514595007896423340e+02 4.394487667083740234e+02 1.493426012992858887e+02 2.000000000000000000e+00
2.351434421539306641e+02 4.401557064056396484e+02 2.288937473297119141e+02 4.379979944229125977e+02 2.202110290527343750e+02 4.362689065933227539e+02 2.000000000000000000e+00
5.134082031250000000e+02 1.285817170143127441e+02 5.072583007812500000e+02 1.264640879631042480e+02 4.982392883300781250e+02 1.243651270866394043e+02 2.000000000000000000e+00
2.491369295120239258e+02 4.471318531036376953e+02 2.429436016082763672e+02 4.449365329742431641e+02 2.342529773712158203e+02 4.431024885177612305e+02 2.000000000000000000e+00
2.490318155288696289e+02 4.192104578018188477e+02 2.428546571731567383e+02 4.170493555068969727e+02 2.341455078125000000e+02 4.153291368484497070e+02 2.000000000000000000e+00
5.402660560607910156e+02 2.074388551712036133e+02 5.340722084045410156e+02 2.053175961971282959e+02 5.251719474792480469e+02 2.031779015064239502e+02 2.000000000000000000e+00
5.123940467834472656e+02 1.395962905883789062e+02 5.061817932128906250e+02 1.374963784217834473e+02 4.971829032897949219e+02 1.353821325302124023e+02 2.000000000000000000e+00
5.898400306701660156e+02 1.865632295608520508e+02 5.836117553710937500e+02 1.843576169013977051e+02 5.746292114257812500e+02 1.821782040596008301e+02 2.000000000000000000e+00
2.650289916992187500e+02 4.430192041397094727e+02 2.588751506805419922e+02 4.408126258850097656e+02 2.502970409393310547e+02 4.389608287811279297e+02 2.000000000000000000e+00
1.778890514373779297e+02 4.145277500152587891e+02 1.716513538360595703e+02 4.123636293411254883e+02 1.629288959503173828e+02 4.106301069259643555e+02 2.000000000000000000e+00
4.438916015625000000e+02 1.477425670623779297e+02 4.376560401916503906e+02 1.456195163726806641e+02 4.285994243621826172e+02 1.434886121749877930e+02 2.000000000000000000e+00
5.868093872070312500e+02 1.775842380523681641e+02 5.805876541137695312e+02 1.753936100006103516e+02 5.715869712829589844e+02 1.732127809524536133e+02 2.000000000000000000e+00
3.589002680778503418e+02 3.688172721862792969e+02 3.526672053337097168e+02 3.666384887695312500e+02 3.440972900390625000e+02 3.646734094619750977e+02 2.000000000000000000e+00
4.872988319396972656e+02 5.564668178558349609e+01 4.812118911743164062e+02 5.350640773773193359e+01 4.721005249023437500e+02 5.140272617340087891e+01 2.000000000000000000e+00
4.203832435607910156e+02 9.475137233734130859e+01 4.142563152313232422e+02 9.262115478515625000e+01 4.052750873565673828e+02 9.057430744171142578e+01 2.000000000000000000e+00
5.124002647399902344e+02 1.496303629875183105e+02 5.061890029907226562e+02 1.475105094909667969e+02 4.971561241149902344e+02 1.454329347610473633e+02 2.000000000000000000e+00
2.130564403533935547e+02 4.213304901123046875e+02 2.068008995056152344e+02 4.192493104934692383e+02 1.981123065948486328e+02 4.173870992660522461e+02 2.000000000000000000e+00
5.939628982543945312e+02 2.164834588766098022e+02 5.877212524414062500e+02 2.143095231056213379e+02 5.786933708190917969e+02 2.121076190471649170e+02 2.000000000000000000e+00
4.495768451690673828e+02 2.975296354293823242e+02 4.434008789062500000e+02 2.954089093208312988e+02 4.346403503417968750e+02 2.934028959274291992e+02 2.000000000000000000e+00
2.220063018798828125e+02 4.232651424407958984e+02 2.157848072052001953e+02 4.211294031143188477e+02 2.071399688720703125e+02 4.193837928771972656e+02 2.000000000000000000e+00
4.067768859863281250e+02 3.606030035018920898e+02 4.005940246582031250e+02 3.584702539443969727e+02 3.918572092056274414e+02 3.564460229873657227e+02 2.000000000000000000e+00
4.935003662109375000e+02 1.456797766685485840e+02 4.873486900329589844e+02 1.435453605651855469e+02 4.783518123626708984e+02 1.414516854286193848e+02 2.000000000000000000e+00
5.468624877929687500e+02 1.786535453796386719e+02 5.406751060485839844e+02 1.765077495574951172e+02 5.318483924865722656e+02 1.743123722076416016e+02 2.000000000000000000e+00
5.619298171997070312e+02 1.985106468200683594e+02 5.557151603698730469e+02 1.963507819175720215e+02 5.467461585998535156e+02 1.941839575767517090e+02 2.000000000000000000e+00
3.699456167221069336e+02 4.295481634140014648e+02 3.637376117706298828e+02 4.273980474472045898e+02 3.551157236099243164e+02 4.254382467269897461e+02 2.000000000000000000e+00
5.053928184509277344e+02 1.456405162811279297e+02 4.992514991760253906e+02 1.435268640518188477e+02 4.901716041564941406e+02 1.414397048950195312e+02 2.000000000000000000e+00
4.825170707702636719e+02 1.537385702133178711e+02 4.763666057586669922e+02 1.515526986122131348e+02 4.674271297454833984e+02 1.494762969017028809e+02 2.000000000000000000e+00
2.409998178482055664e+02 4.311494779586791992e+02 2.347855949401855469e+02 4.289622831344604492e+02 2.261187553405761719e+02 4.272692728042602539e+02 2.000000000000000000e+00
4.215144062042236328e+02 1.498943281173706055e+02 4.152953529357910156e+02 1.476461434364318848e+02 4.063964271545410156e+02 1.456534552574157715e+02 2.000000000000000000e+00
4.535007953643798828e+02 4.248983573913574219e+02 4.473757934570312500e+02 4.226965999603271484e+02 4.386749267578125000e+02 4.205470132827758789e+02 2.000000000000000000e+00
5.820211791992187500e+02 2.083982670307159424e+02 5.757765579223632812e+02 2.062587118148803711e+02 5.667834472656250000e+02 2.040272498130798340e+02 2.000000000000000000e+00
1.788613700866699219e+02 4.275751447677612305e+02 1.726334190368652344e+02 4.253780364990234375e+02 1.638817691802978516e+02 4.237018489837646484e+02 2.000000000000000000e+00
1.638810062408447266e+02 4.285962295532226562e+02 1.576883316040039062e+02 4.264543247222900391e+02 1.488371467590332031e+02 4.248155307769775391e+02 2.000000000000000000e+00
2.410223531723022461e+02 4.421266937255859375e+02 2.347683811187744141e+02 4.399690675735473633e+02 2.260715484619140625e+02 4.382149171829223633e+02 2.000000000000000000e+00
5.244456863403320312e+02 1.906955981254577637e+02 5.182361412048339844e+02 1.885489940643310547e+02 5.092302513122558594e+02 1.864509844779968262e+02 2.000000000000000000e+00
2.121669101715087891e+02 4.353245401382446289e+02 2.059455871582031250e+02 4.331735658645629883e+02 1.972212696075439453e+02 4.314262247085571289e+02 2.000000000000000000e+00
1.709317779541015625e+02 4.275892066955566406e+02 1.647638225555419922e+02 4.254273462295532227e+02 1.558782386779785156e+02 4.237858629226684570e+02 2.000000000000000000e+00
2.690505361557006836e+02 4.399622869491577148e+02 2.629091501235961914e+02 4.377798557281494141e+02 2.543472433090209961e+02 4.359405612945556641e+02 2.000000000000000000e+00
5.023940086364746094e+02 4.659165859222412109e+01 4.962570762634277344e+02 4.454299449920654297e+01 4.872506523132324219e+02 4.247783660888671875e+01 2.000000000000000000e+00
4.167962932586669922e+02 3.546100831031799316e+02 4.105955791473388672e+02 3.524638724327087402e+02 4.018436336517333984e+02 3.503819918632507324e+02 2.000000000000000000e+00
5.668837356567382812e+02 3.955132484436035156e+01 5.607098388671875000e+02 3.746000289916992188e+01 5.516002273559570312e+02 3.538058280944824219e+01 2.000000000000000000e+00
4.985409545898437500e+02 1.646084403991699219e+02 4.923118019104003906e+02 1.625054883956909180e+02 4.833091735839843750e+02 1.604391717910766602e+02 2.000000000000000000e+00
2.019204998016357422e+02 4.084101104736328125e+02 1.956116294860839844e+02 4.064265203475952148e+02 1.868268299102783203e+02 4.045915317535400391e+02 2.000000000000000000e+00
2.550349426269531250e+02 4.361222076416015625e+02 2.489117860794067383e+02 4.339132547378540039e+02 2.402585268020629883e+02 4.320060825347900391e+02 2.000000000000000000e+00
3.887448740005493164e+02 4.453816366195678711e+02 3.826210927963256836e+02 4.431265068054199219e+02 3.739015531539916992e+02 4.411394119262695312e+02 2.000000000000000000e+00
4.763412189483642578e+02 9.363804817199707031e+01 4.703057003021240234e+02 9.153479576110839844e+01 4.612561035156250000e+02 8.951322555541992188e+01 2.000000000000000000e+00
5.869833946228027344e+02 2.024270009994506836e+02 5.807595252990722656e+02 2.002345848083496094e+02 5.717437171936035156e+02 1.980367112159729004e+02 2.000000000000000000e+00
3.957925128936767578e+02 3.807338619232177734e+02 3.895737028121948242e+02 3.785794401168823242e+02 3.808443593978881836e+02 3.765381860733032227e+02 2.000000000000000000e+00
5.720180702209472656e+02 2.144643241167068481e+02 5.657156372070312500e+02 2.123466020822525024e+02 5.567085647583007812e+02 2.101633429527282715e+02 2.000000000000000000e+00
3.677658081054687500e+02 3.158662462234497070e+02 3.616190481185913086e+02 3.137127113342285156e+02 3.528244948387145996e+02 3.117128920555114746e+02 2.000000000000000000e+00
4.614780902862548828e+02 2.827658092975616455e+02 4.553348445892333984e+02 2.805830419063568115e+02 4.464291095733642578e+02 2.783824181556701660e+02 2.000000000000000000e+00
5.680055046081542969e+02 2.125468575954437256e+02 5.617448234558105469e+02 2.104195386171340942e+02 5.527678298950195312e+02 2.082268810272216797e+02 2.000000000000000000e+00
4.257522583007812500e+02 3.664997005462646484e+02 4.195504474639892578e+02 3.643419885635375977e+02 4.107837581634521484e+02 3.623119926452636719e+02 2.000000000000000000e+00
1.930004692077636719e+02 4.224637842178344727e+02 1.867478942871093750e+02 4.203772687911987305e+02 1.780698490142822266e+02 4.185926055908203125e+02 2.000000000000000000e+00
5.063075256347656250e+02 3.541499662399291992e+02 5.000926017761230469e+02 3.520648884773254395e+02 4.912817192077636719e+02 3.498153448104858398e+02 2.000000000000000000e+00
2.270623016357421875e+02 4.182855606079101562e+02 2.207755088806152344e+02 4.161505222320556641e+02 2.121664905548095703e+02 4.144226503372192383e+02 2.000000000000000000e+00
4.755264568328857422e+02 1.286386942863464355e+02 4.693986511230468750e+02 1.264947152137756348e+02 4.603882122039794922e+02 1.243928074836730957e+02 2.000000000000000000e+00
5.226024818420410156e+02 1.846248757839202881e+02 5.164445304870605469e+02 1.825306069850921631e+02 5.074500846862792969e+02 1.804527568817138672e+02 2.000000000000000000e+00
5.097092628479003906e+02 1.826073896884918213e+02 5.035149002075195312e+02 1.804456615447998047e+02 4.945376014709472656e+02 1.784152793884277344e+02 2.000000000000000000e+00
5.352420043945312500e+02 1.926694607734680176e+02 5.290684890747070312e+02 1.904977083206176758e+02 5.201116943359375000e+02 1.883762168884277344e+02 2.000000000000000000e+00
3.756646728515625000e+02 3.391603446006774902e+02 3.695537424087524414e+02 3.369447970390319824e+02 3.608073139190673828e+02 3.351246714591979980e+02 2.000000000000000000e+00
5.391629600524902344e+02 1.454998254776000977e+02 5.329406738281250000e+02 1.434035754203796387e+02 5.239787101745605469e+02 1.413214087486267090e+02 2.000000000000000000e+00
5.678589439392089844e+02 1.644473218917846680e+02 5.616884803771972656e+02 1.623131847381591797e+02 5.527282142639160156e+02 1.602134799957275391e+02 2.000000000000000000e+00
3.659266996383666992e+02 4.295322704315185547e+02 3.597220778465270996e+02 4.273769617080688477e+02 3.511293649673461914e+02 4.254155015945434570e+02 2.000000000000000000e+00
4.975154685974121094e+02 1.315332412719726562e+02 4.913087463378906250e+02 1.293710732460021973e+02 4.823254203796386719e+02 1.272208857536315918e+02 2.000000000000000000e+00
4.306513404846191406e+02 3.923782682418823242e+02 4.244649410247802734e+02 3.902270936965942383e+02 4.157601070404052734e+02 3.880974769592285156e+02 2.000000000000000000e+00
5.521348381042480469e+02 1.405233120918273926e+02 5.459158897399902344e+02 1.384588909149169922e+02 5.369790077209472656e+02 1.363628482818603516e+02 2.000000000000000000e+00
5.173348426818847656e+02 2.025553715229034424e+02 5.111076164245605469e+02 2.004137706756591797e+02 5.022863769531250000e+02 1.983370327949523926e+02 2.000000000000000000e+00
3.757426786422729492e+02 3.857212257385253906e+02 3.695928955078125000e+02 3.835658884048461914e+02 3.609201955795288086e+02 3.815651321411132812e+02 2.000000000000000000e+00
4.534882831573486328e+02 1.677690267562866211e+02 4.473640727996826172e+02 1.655536007881164551e+02 4.384306049346923828e+02 1.634986996650695801e+02 2.000000000000000000e+00
5.442753410339355469e+02 1.655585575103759766e+02 5.380157470703125000e+02 1.634145283699035645e+02 5.289611816406250000e+02 1.612758922576904297e+02 2.000000000000000000e+00
5.768833732604980469e+02 5.160924911499023438e+01 5.706326866149902344e+02 4.946137905120849609e+01 5.614910888671875000e+02 4.730611324310302734e+01 2.000000000000000000e+00
4.355446815490722656e+02 4.003759002685546875e+02 4.293900489807128906e+02 3.981919097900390625e+02 4.206539058685302734e+02 3.960491752624511719e+02 2.000000000000000000e+00
4.007389545440673828e+02 4.303198385238647461e+02 3.945981168746948242e+02 4.281192111968994141e+02 3.859172964096069336e+02 4.260356569290161133e+02 2.000000000000000000e+00
2.258723545074462891e+02 3.953666782379150391e+02 2.197111797332763672e+02 3.932369184494018555e+02 2.109152793884277344e+02 3.914404964447021484e+02 2.000000000000000000e+00
5.880016517639160156e+02 2.074203014373779297e+02 5.817800331115722656e+02 2.052261793613433838e+02 5.727565956115722656e+02 2.030389702320098877e+02 2.000000000000000000e+00
4.056512737274169922e+02 4.114921045303344727e+02 3.995336914062500000e+02 4.093354511260986328e+02 3.908614492416381836e+02 4.072817516326904297e+02 2.000000000000000000e+00
5.153300857543945312e+02 3.560636043548583984e+02 5.090751457214355469e+02 3.538277935981750488e+02 5.002816772460937500e+02 3.516135334968566895e+02 2.000000000000000000e+00
5.024924087524414062e+02 1.426788139343261719e+02 4.962807655334472656e+02 1.405874705314636230e+02 4.872819519042968750e+02 1.384613013267517090e+02 2.000000000000000000e+00
5.838657951354980469e+02 1.865483057498931885e+02 5.776354408264160156e+02 1.843459439277648926e+02 5.686454582214355469e+02 1.821723604202270508e+02 2.000000000000000000e+00
4.824010276794433594e+02 4.267704820632934570e+02 4.761412048339843750e+02 4.245427608489990234e+02 4.674380493164062500e+02 4.224097108840942383e+02 2.000000000000000000e+00
3.638360595703125000e+02 3.687460756301879883e+02 3.575856947898864746e+02 3.666027832031250000e+02 3.490494394302368164e+02 3.646316957473754883e+02 2.000000000000000000e+00
2.000475120544433594e+02 4.293666458129882812e+02 1.938253307342529297e+02 4.272837638854980469e+02 1.851502037048339844e+02 4.254046440124511719e+02 2.000000000000000000e+00
4.098071002960205078e+02 3.685723686218261719e+02 4.035873699188232422e+02 3.664157438278198242e+02 3.948305368423461914e+02 3.643912124633789062e+02 2.000000000000000000e+00
4.266277503967285156e+02 4.431226587295532227e+02 4.204414653778076172e+02 4.408721351623535156e+02 4.117450618743896484e+02 4.387525177001953125e+02 2.000000000000000000e+00
5.034062004089355469e+02 1.526378273963928223e+02 4.972427749633789062e+02 1.505307698249816895e+02 4.881866264343261719e+02 1.484677720069885254e+02 2.000000000000000000e+00
2.106162071228027344e+02 3.035303664207458496e+02 2.044548034667968750e+02 3.014030814170837402e+02 1.956159305572509766e+02 2.995072960853576660e+02 2.000000000000000000e+00
4.823930358886718750e+02 7.248699188232421875e+01 4.762875080108642578e+02 7.032481670379638672e+01 4.672380733489990234e+02 6.826692581176757812e+01 2.000000000000000000e+00
2.146210193634033203e+02 3.134542894363403320e+02 2.084653282165527344e+02 3.113249230384826660e+02 1.995977020263671875e+02 3.096717882156372070e+02 2.000000000000000000e+00
4.018347454071044922e+02 3.726555204391479492e+02 3.956276273727416992e+02 3.705067205429077148e+02 3.868973398208618164e+02 3.684758090972900391e+02 2.000000000000000000e+00
3.687941884994506836e+02 3.350971698760986328e+02 3.626330280303955078e+02 3.328966712951660156e+02 3.538444209098815918e+02 3.310592365264892578e+02 2.000000000000000000e+00
3.756278371810913086e+02 3.301161575317382812e+02 3.694944477081298828e+02 3.279551410675048828e+02 3.607640695571899414e+02 3.260961627960205078e+02 2.000000000000000000e+00
4.744818115234375000e+02 4.208312129974365234e+02 4.682633972167968750e+02 4.186149358749389648e+02 4.595754432678222656e+02 4.164684247970581055e+02 2.000000000000000000e+00
4.863000297546386719e+02 4.405711841583251953e+02 4.800463867187500000e+02 4.383363389968872070e+02 4.712837886810302734e+02 4.361704158782958984e+02 2.000000000000000000e+00
3.867483854293823242e+02 3.578371310234069824e+02 3.806274414062500000e+02 3.557114338874816895e+02 3.719821166992187500e+02 3.537248897552490234e+02 2.000000000000000000e+00
5.718660926818847656e+02 5.151803970336914062e+01 5.656479454040527344e+02 4.937401771545410156e+01 5.565277671813964844e+02 4.726919174194335938e+01 2.000000000000000000e+00
4.037789630889892578e+02 3.806780433654785156e+02 3.975710153579711914e+02 3.785126352310180664e+02 3.888129281997680664e+02 3.764738845825195312e+02 2.000000000000000000e+00
4.195461463928222656e+02 1.298481416702270508e+02 4.134248065948486328e+02 1.276839423179626465e+02 4.044862651824951172e+02 1.255977702140808105e+02 2.000000000000000000e+00
5.294101524353027344e+02 1.936711871623992920e+02 5.232011795043945312e+02 1.915184462070465088e+02 5.142398643493652344e+02 1.894136488437652588e+02 2.000000000000000000e+00
4.435302734375000000e+02 4.349443817138671875e+02 4.373250770568847656e+02 4.327812337875366211e+02 4.286859130859375000e+02 4.305859708786010742e+02 2.000000000000000000e+00
3.659411334991455078e+02 4.414335107803344727e+02 3.597149348258972168e+02 4.392760705947875977e+02 3.511571669578552246e+02 4.373009490966796875e+02 2.000000000000000000e+00
3.995331430435180664e+02 2.929049420356750488e+02 3.933927917480468750e+02 2.907332181930541992e+02 3.848001432418823242e+02 2.886501181125640869e+02 2.000000000000000000e+00
4.565183734893798828e+02 2.924922215938568115e+02 4.504080200195312500e+02 2.903876996040344238e+02 4.416213703155517578e+02 2.882606542110443115e+02 2.000000000000000000e+00
4.345617961883544922e+02 4.450180435180664062e+02 4.283563518524169922e+02 4.427653312683105469e+02 4.196832561492919922e+02 4.406383180618286133e+02 2.000000000000000000e+00
3.766278076171875000e+02 3.509362864494323730e+02 3.705370187759399414e+02 3.487748765945434570e+02 3.617537546157836914e+02 3.468370127677917480e+02 2.000000000000000000e+00
3.968155527114868164e+02 3.636192941665649414e+02 3.906336688995361328e+02 3.614870023727416992e+02 3.819213581085205078e+02 3.594522428512573242e+02 2.000000000000000000e+00
2.480341958999633789e+02 4.361125659942626953e+02 2.418614196777343750e+02 4.339250278472900391e+02 2.331788349151611328e+02 4.320946741104125977e+02 2.000000000000000000e+00
5.146297645568847656e+02 1.866360282897949219e+02 5.084701538085937500e+02 1.844701373577117920e+02 4.994952964782714844e+02 1.824042034149169922e+02 2.000000000000000000e+00
3.758218717575073242e+02 4.146553373336791992e+02 3.697098112106323242e+02 4.124688863754272461e+02 3.610125446319580078e+02 4.104736661911010742e+02 2.000000000000000000e+00
4.495849323272705078e+02 3.014875817298889160e+02 4.434176063537597656e+02 2.994065880775451660e+02 4.346644592285156250e+02 2.973491227626800537e+02 2.000000000000000000e+00
5.618787193298339844e+02 4.556571006774902344e+01 5.556828689575195312e+02 4.345430374145507812e+01 5.465707397460937500e+02 4.134475708007812500e+01 2.000000000000000000e+00
3.907567453384399414e+02 3.666584873199462891e+02 3.846289062500000000e+02 3.645280838012695312e+02 3.759491586685180664e+02 3.625107192993164062e+02 2.000000000000000000e+00
5.252518272399902344e+02 2.036012399196624756e+02 5.189487266540527344e+02 2.014401376247406006e+02 5.100380516052246094e+02 1.993310666084289551e+02 2.000000000000000000e+00
4.204101276397705078e+02 7.567776203155517578e+01 4.142883300781250000e+02 7.350956439971923828e+01 4.052713298797607422e+02 7.152191162109375000e+01 2.000000000000000000e+00
4.137821388244628906e+02 3.605830192565917969e+02 4.075582599639892578e+02 3.584577727317810059e+02 3.988165283203125000e+02 3.564146804809570312e+02 2.000000000000000000e+00
5.954961585998535156e+02 1.561618280410766602e+02 5.892352867126464844e+02 1.540508079528808594e+02 5.801469802856445312e+02 1.518422627449035645e+02 2.000000000000000000e+00
5.206508255004882812e+02 1.888111102581024170e+02 5.144634437561035156e+02 1.866402089595794678e+02 5.054671669006347656e+02 1.845804584026336670e+02 2.000000000000000000e+00
1.808775615692138672e+02 4.085178565979003906e+02 1.746457958221435547e+02 4.063442516326904297e+02 1.659260368347167969e+02 4.046087408065795898e+02 2.000000000000000000e+00
4.775025081634521484e+02 3.493357586860656738e+02 4.712911701202392578e+02 3.471709942817687988e+02 4.625644874572753906e+02 3.450291180610656738e+02 2.000000000000000000e+00
4.026867961883544922e+02 4.194230461120605469e+02 3.965389108657836914e+02 4.172495841979980469e+02 3.878549194335937500e+02 4.151484489440917969e+02 2.000000000000000000e+00
2.729181814193725586e+02 3.611770677566528320e+02 2.667374849319458008e+02 3.590390396118164062e+02 2.580455923080444336e+02 3.572245860099792480e+02 2.000000000000000000e+00
2.176236820220947266e+02 3.085119366645812988e+02 2.114607715606689453e+02 3.063915467262268066e+02 2.026135253906250000e+02 3.046958041191101074e+02 2.000000000000000000e+00
1.758267784118652344e+02 4.305928802490234375e+02 1.695778465270996094e+02 4.284853363037109375e+02 1.608690166473388672e+02 4.267920970916748047e+02 2.000000000000000000e+00
4.345535945892333984e+02 3.075641226768493652e+02 4.283745765686035156e+02 3.053621220588684082e+02 4.196644306182861328e+02 3.032221126556396484e+02 2.000000000000000000e+00
2.176091861724853516e+02 3.035257315635681152e+02 2.114445972442626953e+02 3.013931035995483398e+02 2.026094818115234375e+02 2.994914889335632324e+02 2.000000000000000000e+00
4.535356140136718750e+02 8.671967983245849609e+01 4.473348712921142578e+02 8.456480026245117188e+01 4.382601070404052734e+02 8.253202915191650391e+01 2.000000000000000000e+00
2.689667367935180664e+02 3.621876955032348633e+02 2.627813100814819336e+02 3.600431013107299805e+02 2.540783834457397461e+02 3.581930923461914062e+02 2.000000000000000000e+00
3.709895944595336914e+02 4.394373321533203125e+02 3.647425556182861328e+02 4.372462606430053711e+02 3.561700439453125000e+02 4.353207778930664062e+02 2.000000000000000000e+00
3.955311298370361328e+02 2.939816308021545410e+02 3.893983173370361328e+02 2.917703568935394287e+02 3.808218717575073242e+02 2.896557641029357910e+02 2.000000000000000000e+00
5.668109130859375000e+02 4.756638050079345703e+01 5.606054115295410156e+02 4.543380260467529297e+01 5.515352249145507812e+02 4.331306934356689453e+01 2.000000000000000000e+00
4.674353313446044922e+02 4.767411231994628906e+01 4.612666034698486328e+02 4.557181835174560547e+01 4.520811748504638672e+02 4.348533153533935547e+01 2.000000000000000000e+00
4.573322486877441406e+02 3.769818305969238281e+01 4.511947631835937500e+02 3.553625106811523438e+01 4.419586467742919922e+02 3.349728584289550781e+01 2.000000000000000000e+00
5.551141357421875000e+02 5.157252788543701172e+01 5.488790321350097656e+02 4.945509910583496094e+01 5.397631835937500000e+02 4.737125873565673828e+01 2.000000000000000000e+00
5.401076126098632812e+02 3.560638904571533203e+01 5.339763832092285156e+02 3.347624301910400391e+01 5.247607994079589844e+02 3.141587734222412109e+01 2.000000000000000000e+00
4.193368530273437500e+02 1.117142057418823242e+02 4.132086181640625000e+02 1.095699262619018555e+02 4.042602539062500000e+02 1.075818157196044922e+02 2.000000000000000000e+00
5.508956336975097656e+02 3.754423141479492188e+01 5.447374916076660156e+02 3.547182083129882812e+01 5.355960083007812500e+02 3.342690467834472656e+01 2.000000000000000000e+00
5.510026931762695312e+02 5.164711475372314453e+01 5.447814369201660156e+02 4.952633857727050781e+01 5.357108879089355469e+02 4.741866588592529297e+01 2.000000000000000000e+00
2.219464206695556641e+02 3.933575534820556641e+02 2.157615947723388672e+02 3.912486934661865234e+02 2.069191551208496094e+02 3.894315290451049805e+02 2.000000000000000000e+00
4.644614601135253906e+02 1.966788625717163086e+02 4.582775592803955078e+02 1.944756746292114258e+02 4.493968868255615234e+02 1.923805510997772217e+02 2.000000000000000000e+00
4.763796997070312500e+02 8.858701229095458984e+01 4.703319454193115234e+02 8.646650791168212891e+01 4.612522888183593750e+02 8.445682525634765625e+01 2.000000000000000000e+00
4.773770809173583984e+02 4.336949300765991211e+02 4.711532020568847656e+02 4.314392852783203125e+02 4.623955440521240234e+02 4.293125438690185547e+02 2.000000000000000000e+00
4.773939228057861328e+02 3.466989040374755859e+01 4.712552547454833984e+02 3.252832889556884766e+01 4.621401405334472656e+02 3.046501636505126953e+01 2.000000000000000000e+00
4.775832557678222656e+02 1.076466035842895508e+02 4.713716793060302734e+02 1.055106353759765625e+02 4.623780536651611328e+02 1.034639167785644531e+02 2.000000000000000000e+00
2.349460124969482422e+02 3.953577089309692383e+02 2.287717247009277344e+02 3.932335281372070312e+02 2.200086784362792969e+02 3.914453172683715820e+02 2.000000000000000000e+00
3.996319913864135742e+02 4.978696346282958984e+01 3.933792734146118164e+02 4.762175559997558594e+01 3.843243122100830078e+02 4.556525230407714844e+01 2.000000000000000000e+00
5.063374328613281250e+02 3.591424298286437988e+02 5.001426506042480469e+02 3.570676016807556152e+02 4.913477134704589844e+02 3.548039031028747559e+02 2.000000000000000000e+00
3.688587045669555664e+02 4.255797815322875977e+02 3.626954984664916992e+02 4.234220695495605469e+02 3.540432143211364746e+02 4.214570045471191406e+02 2.000000000000000000e+00
5.649887084960937500e+02 1.943874800205230713e+02 5.587605667114257812e+02 1.922531712055206299e+02 5.497675895690917969e+02 1.901222205162048340e+02 2.000000000000000000e+00
4.207547664642333984e+02 3.635702562332153320e+02 4.145442199707031250e+02 3.614279222488403320e+02 4.058503723144531250e+02 3.594034194946289062e+02 2.000000000000000000e+00
2.229670715332031250e+02 4.083039951324462891e+02 2.167100524902343750e+02 4.061939764022827148e+02 2.079858112335205078e+02 4.044324731826782227e+02 2.000000000000000000e+00
2.124251365661621094e+02 2.804939603805541992e+02 2.062735080718994141e+02 2.783927643299102783e+02 1.973134422302246094e+02 2.765249025821685791e+02 2.000000000000000000e+00
5.910093498229980469e+02 2.214359736442565918e+02 5.847676467895507812e+02 2.193099206686019897e+02 5.757283401489257812e+02 2.170957785844802856e+02 2.000000000000000000e+00
3.429363703727722168e+02 3.657934570312500000e+02 3.367313849925994873e+02 3.636353874206542969e+02 3.279763793945312500e+02 3.618295097351074219e+02 2.000000000000000000e+00
1.811095142364501953e+02 4.474850893020629883e+02 1.749108219146728516e+02 4.454129505157470703e+02 1.661092662811279297e+02 4.436062717437744141e+02 2.000000000000000000e+00
4.893763542175292969e+02 7.149088382720947266e+01 4.832719421386718750e+02 6.932975292205810547e+01 4.742218303680419922e+02 6.725998878479003906e+01 2.000000000000000000e+00
1.879841327667236328e+02 4.134711027145385742e+02 1.816869354248046875e+02 4.113288974761962891e+02 1.729202365875244141e+02 4.095921421051025391e+02 2.000000000000000000e+00
4.842931938171386719e+02 5.866537570953369141e+01 4.782118225097656250e+02 5.651515960693359375e+01 4.691059589385986328e+02 5.441675662994384766e+01 2.000000000000000000e+00
2.291532230377197266e+02 4.382275485992431641e+02 2.228777122497558594e+02 4.360703229904174805e+02 2.142470836639404297e+02 4.343437671661376953e+02 2.000000000000000000e+00
4.316755390167236328e+02 3.754357337951660156e+02 4.255050945281982422e+02 3.732818984985351562e+02 4.168187618255615234e+02 3.712995386123657227e+02 2.000000000000000000e+00
4.266191387176513672e+02 3.904035472869873047e+02 4.204352760314941406e+02 3.882595968246459961e+02 4.116955852508544922e+02 3.861740541458129883e+02 2.000000000000000000e+00
3.607796335220336914e+02 3.198467731475830078e+02 3.546181941032409668e+02 3.177109122276306152e+02 3.458118605613708496e+02 3.157550382614135742e+02 2.000000000000000000e+00
4.312391948699951172e+02 6.272830009460449219e+01 4.250585651397705078e+02 6.058635234832763672e+01 4.161280536651611328e+02 5.851245403289794922e+01 2.000000000000000000e+00
4.824439430236816406e+02 7.746266841888427734e+01 4.763350200653076172e+02 7.531702995300292969e+01 4.672771930694580078e+02 7.327684879302978516e+01 2.000000000000000000e+00
4.056784725189208984e+02 4.164708280563354492e+02 3.995591735839843750e+02 4.143210268020629883e+02 3.908775949478149414e+02 4.122395753860473633e+02 2.000000000000000000e+00
4.486751747131347656e+02 3.799475812911987305e+02 4.425456523895263672e+02 3.777388143539428711e+02 4.337826251983642578e+02 3.756101989746093750e+02 2.000000000000000000e+00
5.063686943054199219e+02 4.560121536254882812e+01 5.002403068542480469e+02 4.354225158691406250e+01 4.912264823913574219e+02 4.149011135101318359e+01 2.000000000000000000e+00
5.103780555725097656e+02 4.560486316680908203e+01 5.042398452758789062e+02 4.354323863983154297e+01 4.952369689941406250e+02 4.147263050079345703e+01 2.000000000000000000e+00
5.014292335510253906e+02 5.160271167755126953e+01 4.952874755859375000e+02 4.955972671508789062e+01 4.862688255310058594e+02 4.748951911926269531e+01 2.000000000000000000e+00
5.471394729614257812e+02 1.484852528572082520e+02 5.409249305725097656e+02 1.464383053779602051e+02 5.319479942321777344e+02 1.443428635597229004e+02 2.000000000000000000e+00
5.439942741394042969e+02 1.975631546974182129e+02 5.378899574279785156e+02 1.954191112518310547e+02 5.289319419860839844e+02 1.932972228527069092e+02 2.000000000000000000e+00
3.827981567382812500e+02 3.877727079391479492e+02 3.766019582748413086e+02 3.856312322616577148e+02 3.679149484634399414e+02 3.836314487457275391e+02 2.000000000000000000e+00
5.292503738403320312e+02 2.045914900302886963e+02 5.229324913024902344e+02 2.024480116367340088e+02 5.140206336975097656e+02 2.003364837169647217e+02 2.000000000000000000e+00
4.962436866760253906e+02 2.803667628765106201e+02 4.901044654846191406e+02 2.781885409355163574e+02 4.813370704650878906e+02 2.760126042366027832e+02 2.000000000000000000e+00
2.190119934082031250e+02 4.272628641128540039e+02 2.127842998504638672e+02 4.251547050476074219e+02 2.041122150421142578e+02 4.233673238754272461e+02 2.000000000000000000e+00
4.203670978546142578e+02 1.007374906539916992e+02 4.142816162109375000e+02 9.860371112823486328e+01 4.053375911712646484e+02 9.657431602478027344e+01 2.000000000000000000e+00
3.866679096221923828e+02 3.069458985328674316e+02 3.805329608917236328e+02 3.047073698043823242e+02 3.718873310089111328e+02 3.026957702636718750e+02 2.000000000000000000e+00
4.363833618164062500e+02 4.859307289123535156e+01 4.302274227142333984e+02 4.644646167755126953e+01 4.211724281311035156e+02 4.446049690246582031e+01 2.000000000000000000e+00
4.164299011230468750e+02 7.366440296173095703e+01 4.103102111816406250e+02 7.148848056793212891e+01 4.012967205047607422e+02 6.951601982116699219e+01 2.000000000000000000e+00
4.432371520996093750e+02 6.067867755889892578e+01 4.370607280731201172e+02 5.848936557769775391e+01 4.281798744201660156e+02 5.648767948150634766e+01 2.000000000000000000e+00
1.528860855102539062e+02 4.285985183715820312e+02 1.467301750183105469e+02 4.264975404739379883e+02 1.378606605529785156e+02 4.248568582534790039e+02 2.000000000000000000e+00
5.329716300964355469e+02 4.765677452087402344e+01 5.268460083007812500e+02 4.551298141479492188e+01 5.178850173950195312e+02 4.343038558959960938e+01 2.000000000000000000e+00
4.573284626007080078e+02 4.864781856536865234e+01 4.511917114257812500e+02 4.650680065155029297e+01 4.420993328094482422e+02 4.448432922363281250e+01 2.000000000000000000e+00
4.872209167480468750e+02 2.913492143154144287e+02 4.810791015625000000e+02 2.891320216655731201e+02 4.723071289062500000e+02 2.870336329936981201e+02 2.000000000000000000e+00
4.901437187194824219e+02 2.993902301788330078e+02 4.840547561645507812e+02 2.971704125404357910e+02 4.753195858001708984e+02 2.950547826290130615e+02 2.000000000000000000e+00
5.321483802795410156e+02 4.095387697219848633e+02 5.258276939392089844e+02 4.073687553405761719e+02 5.170675659179687500e+02 4.050449609756469727e+02 2.000000000000000000e+00
4.148056030273437500e+02 4.421844577789306641e+02 4.086333942413330078e+02 4.399646472930908203e+02 3.999887084960937500e+02 4.378256607055664062e+02 2.000000000000000000e+00
3.748734426498413086e+02 4.265773057937622070e+02 3.687009572982788086e+02 4.244293928146362305e+02 3.600375699996948242e+02 4.224394655227661133e+02 2.000000000000000000e+00
3.706581735610961914e+02 3.300774550437927246e+02 3.645254230499267578e+02 3.279128479957580566e+02 3.557811903953552246e+02 3.260368680953979492e+02 2.000000000000000000e+00
4.902650451660156250e+02 2.773815321922302246e+02 4.841593360900878906e+02 2.751929354667663574e+02 4.753911113739013672e+02 2.730349445343017578e+02 2.000000000000000000e+00
3.708627939224243164e+02 4.196092557907104492e+02 3.647013568878173828e+02 4.174316740036010742e+02 3.560145878791809082e+02 4.154525899887084961e+02 2.000000000000000000e+00
4.346212482452392578e+02 4.410503911972045898e+02 4.283989620208740234e+02 4.387782382965087891e+02 4.197070980072021484e+02 4.366411542892456055e+02 2.000000000000000000e+00
5.949807167053222656e+02 2.204195702075958252e+02 5.887513542175292969e+02 2.182962477207183838e+02 5.796909904479980469e+02 2.160808092355728149e+02 2.000000000000000000e+00
4.912170219421386719e+02 4.128209352493286133e+02 4.849758338928222656e+02 4.105922698974609375e+02 4.762966918945312500e+02 4.084101963043212891e+02 2.000000000000000000e+00
2.409747171401977539e+02 4.262317657470703125e+02 2.347640323638916016e+02 4.240323829650878906e+02 2.261422443389892578e+02 4.223626756668090820e+02 2.000000000000000000e+00
4.934779930114746094e+02 1.537147450447082520e+02 4.873496055603027344e+02 1.515758156776428223e+02 4.783387470245361328e+02 1.494911456108093262e+02 2.000000000000000000e+00
4.584893798828125000e+02 4.278651809692382812e+02 4.523724079132080078e+02 4.256519508361816406e+02 4.437063026428222656e+02 4.235318756103515625e+02 2.000000000000000000e+00
3.328616940975189209e+02 3.509969258308410645e+02 3.266859132051467896e+02 3.488123846054077148e+02 3.179662474989891052e+02 3.469439148902893066e+02 2.000000000000000000e+00
5.588444900512695312e+02 3.953056812286376953e+01 5.526928138732910156e+02 3.744571208953857422e+01 5.435976028442382812e+02 3.536550521850585938e+01 2.000000000000000000e+00
3.548557138442993164e+02 3.278463792800903320e+02 3.486791992187500000e+02 3.257173776626586914e+02 3.399014592170715332e+02 3.237391376495361328e+02 2.000000000000000000e+00
4.075599098205566406e+02 5.769756317138671875e+01 4.014303302764892578e+02 5.558073520660400391e+01 3.923421955108642578e+02 5.351603507995605469e+01 2.000000000000000000e+00
2.106278324127197266e+02 3.094878888130187988e+02 2.044673919677734375e+02 3.073723769187927246e+02 1.956148624420166016e+02 3.056796312332153320e+02 2.000000000000000000e+00
3.706961393356323242e+02 3.866725587844848633e+02 3.645713186264038086e+02 3.845409250259399414e+02 3.559548044204711914e+02 3.825467348098754883e+02 2.000000000000000000e+00
4.909318542480468750e+02 1.798816180229187012e+02 4.849412918090820312e+02 1.777911186218261719e+02 4.757522010803222656e+02 1.756219768524169922e+02 2.000000000000000000e+00
4.323930358886718750e+02 1.419211506843566895e+02 4.260830688476562500e+02 1.397284340858459473e+02 4.173992633819580078e+02 1.376416254043579102e+02 2.000000000000000000e+00
4.068302631378173828e+02 3.735956525802612305e+02 4.006090068817138672e+02 3.714584684371948242e+02 3.918826627731323242e+02 3.694317054748535156e+02 2.000000000000000000e+00
4.545156002044677734e+02 4.288540506362915039e+02 4.483911800384521484e+02 4.266586160659790039e+02 4.397180461883544922e+02 4.245344066619873047e+02 2.000000000000000000e+00
5.790479850769042969e+02 1.963323354721069336e+02 5.727987098693847656e+02 1.942033982276916504e+02 5.638411903381347656e+02 1.919092082977294922e+02 2.000000000000000000e+00
5.084080314636230469e+02 1.426837277412414551e+02 5.021970939636230469e+02 1.405907678604125977e+02 4.931925964355468750e+02 1.384617877006530762e+02 2.000000000000000000e+00
5.412265014648437500e+02 1.846101665496826172e+02 5.350469398498535156e+02 1.824489104747772217e+02 5.260819816589355469e+02 1.802977859973907471e+02 2.000000000000000000e+00
4.217588806152343750e+02 4.341484737396240234e+02 4.156504821777343750e+02 4.318886232376098633e+02 4.069525146484375000e+02 4.297795200347900391e+02 2.000000000000000000e+00
3.677252197265625000e+02 3.836321783065795898e+02 3.616014099121093750e+02 3.814961385726928711e+02 3.530045175552368164e+02 3.794874286651611328e+02 2.000000000000000000e+00
4.377308654785156250e+02 1.685346794128417969e+02 4.315466594696044922e+02 1.663426494598388672e+02 4.225505065917968750e+02 1.643006372451782227e+02 2.000000000000000000e+00
1.852174472808837891e+02 4.364713525772094727e+02 1.789765453338623047e+02 4.343558692932128906e+02 1.700836944580078125e+02 4.326703262329101562e+02 2.000000000000000000e+00
5.146201133728027344e+02 1.816185879707336426e+02 5.084598731994628906e+02 1.794644451141357422e+02 4.994811820983886719e+02 1.774015331268310547e+02 2.000000000000000000e+00
1.456762504577636719e+02 4.416324520111083984e+02 1.393529510498046875e+02 4.396072769165039062e+02 1.305596923828125000e+02 4.379709577560424805e+02 2.000000000000000000e+00
3.946064138412475586e+02 3.955656194686889648e+02 3.884333515167236328e+02 3.934268617630004883e+02 3.797346496582031250e+02 3.914069223403930664e+02 2.000000000000000000e+00
4.901498222351074219e+02 4.414989709854125977e+02 4.839111709594726562e+02 4.392748546600341797e+02 4.751572895050048828e+02 4.370619678497314453e+02 2.000000000000000000e+00
4.993856620788574219e+02 1.846529674530029297e+02 4.933453369140625000e+02 1.825672101974487305e+02 4.844023704528808594e+02 1.805118691921234131e+02 2.000000000000000000e+00
5.800102043151855469e+02 2.193135058879852295e+02 5.737249183654785156e+02 2.171936792135238647e+02 5.647246742248535156e+02 2.150253885984420776e+02 2.000000000000000000e+00
4.385106182098388672e+02 2.865137672424316406e+02 4.323622417449951172e+02 2.844003331661224365e+02 4.235500240325927734e+02 2.824470233917236328e+02 2.000000000000000000e+00
2.309256744384765625e+02 3.953649044036865234e+02 2.247445774078369141e+02 3.932371044158935547e+02 2.159817981719970703e+02 3.914344882965087891e+02 2.000000000000000000e+00
4.744537639617919922e+02 1.905956554412841797e+02 4.682771301269531250e+02 1.884036827087402344e+02 4.594079017639160156e+02 1.862979698181152344e+02 2.000000000000000000e+00
4.864328575134277344e+02 8.043840408325195312e+01 4.803289794921875000e+02 7.830933094024658203e+01 4.712728309631347656e+02 7.626727581024169922e+01 2.000000000000000000e+00
3.700334787368774414e+02 4.434708595275878906e+02 3.637574768066406250e+02 4.413210296630859375e+02 3.551833200454711914e+02 4.393474817276000977e+02 2.000000000000000000e+00
5.519127845764160156e+02 4.563560485839843750e+01 5.457429885864257812e+02 4.350966453552246094e+01 5.366533851623535156e+02 4.139373779296875000e+01 2.000000000000000000e+00
4.514284420013427734e+02 4.966040611267089844e+01 4.452775001525878906e+02 4.749020576477050781e+01 4.362321758270263672e+02 4.548417091369628906e+01 2.000000000000000000e+00
3.687272024154663086e+02 3.259577679634094238e+02 3.625989389419555664e+02 3.238207769393920898e+02 3.538527536392211914e+02 3.219699454307556152e+02 2.000000000000000000e+00
3.956991910934448242e+02 4.015270471572875977e+02 3.895200824737548828e+02 3.993714952468872070e+02 3.808260488510131836e+02 3.973558759689331055e+02 2.000000000000000000e+00
4.745202064514160156e+02 1.326522803306579590e+02 4.683689308166503906e+02 1.305022215843200684e+02 4.593517208099365234e+02 1.283976674079895020e+02 2.000000000000000000e+00
5.294658279418945312e+02 1.866253316402435303e+02 5.233119010925292969e+02 1.845263028144836426e+02 5.143467521667480469e+02 1.824284327030181885e+02 2.000000000000000000e+00
3.938689899444580078e+02 3.726984357833862305e+02 3.876691007614135742e+02 3.705391359329223633e+02 3.789691495895385742e+02 3.684733915328979492e+02 2.000000000000000000e+00
5.688790893554687500e+02 1.694282770156860352e+02 5.627030754089355469e+02 1.672747635841369629e+02 5.537401199340820312e+02 1.651721906661987305e+02 2.000000000000000000e+00
3.938103628158569336e+02 3.847557735443115234e+02 3.876116657257080078e+02 3.825764894485473633e+02 3.788462829589843750e+02 3.805705690383911133e+02 2.000000000000000000e+00
3.319480288028717041e+02 3.578204441070556641e+02 3.257336425781250000e+02 3.557026147842407227e+02 3.170008850097656250e+02 3.538651800155639648e+02 2.000000000000000000e+00
4.227580261230468750e+02 4.134824037551879883e+02 4.165603065490722656e+02 4.113194704055786133e+02 4.078410053253173828e+02 4.092829942703247070e+02 2.000000000000000000e+00
3.896597623825073242e+02 3.956288194656372070e+02 3.834736633300781250e+02 3.934883737564086914e+02 3.747502470016479492e+02 3.914646720886230469e+02 2.000000000000000000e+00
2.013366413116455078e+02 2.674862676858901978e+02 1.950898456573486328e+02 2.653377091884613037e+02 1.861157226562500000e+02 2.634308481216430664e+02 2.000000000000000000e+00
3.906759977340698242e+02 3.508394193649291992e+02 3.845758390426635742e+02 3.486832308769226074e+02 3.758652639389038086e+02 3.467533922195434570e+02 2.000000000000000000e+00
4.077401733398437500e+02 3.546397447586059570e+02 4.015845394134521484e+02 3.525005221366882324e+02 3.928690195083618164e+02 3.504462933540344238e+02 2.000000000000000000e+00
3.758869314193725586e+02 4.216297674179077148e+02 3.697355985641479492e+02 4.194427013397216797e+02 3.610756826400756836e+02 4.174568939208984375e+02 2.000000000000000000e+00
4.405946636199951172e+02 3.922348165512084961e+02 4.344654560089111328e+02 3.900715398788452148e+02 4.257510089874267578e+02 3.878964042663574219e+02 2.000000000000000000e+00
4.375048828125000000e+02 4.093666791915893555e+02 4.313067054748535156e+02 4.071460676193237305e+02 4.226048946380615234e+02 4.049767255783081055e+02 2.000000000000000000e+00
4.485868549346923828e+02 1.307639122009277344e+02 4.425546550750732422e+02 1.286038899421691895e+02 4.334779357910156250e+02 1.265719056129455566e+02 2.000000000000000000e+00
2.508219575881958008e+02 3.523484587669372559e+02 2.447155284881591797e+02 3.502117681503295898e+02 2.358777332305908203e+02 3.483737254142761230e+02 2.000000000000000000e+00
4.855413627624511719e+02 1.507251834869384766e+02 4.793778419494628906e+02 1.485605120658874512e+02 4.703840923309326172e+02 1.464614510536193848e+02 2.000000000000000000e+00
4.994970512390136719e+02 1.456384992599487305e+02 4.933354759216308594e+02 1.435165786743164062e+02 4.842883872985839844e+02 1.414440393447875977e+02 2.000000000000000000e+00
4.402686500549316406e+02 4.963674545288085938e+01 4.340848064422607422e+02 4.745656013488769531e+01 4.250482177734375000e+02 4.547224044799804688e+01 2.000000000000000000e+00
4.265415096282958984e+02 1.428956079483032227e+02 4.203367900848388672e+02 1.406601047515869141e+02 4.114855384826660156e+02 1.386068987846374512e+02 2.000000000000000000e+00
4.263425350189208984e+02 6.975461483001708984e+01 4.201857948303222656e+02 6.756553173065185547e+01 4.112219524383544922e+02 6.555587768554687500e+01 2.000000000000000000e+00
3.748997497558593750e+02 4.414762401580810547e+02 3.686949777603149414e+02 4.392854976654052734e+02 3.600902128219604492e+02 4.373426628112792969e+02 2.000000000000000000e+00
3.797290945053100586e+02 3.048905968666076660e+02 3.735756540298461914e+02 3.026760578155517578e+02 3.648933744430541992e+02 3.006945848464965820e+02 2.000000000000000000e+00
5.114068603515625000e+02 9.359460353851318359e+01 5.053822326660156250e+02 9.155512332916259766e+01 4.961600112915039062e+02 8.952043533325195312e+01 2.000000000000000000e+00
4.327417278289794922e+02 4.331922340393066406e+02 4.265264034271240234e+02 4.309144735336303711e+02 4.178150939941406250e+02 4.287789773941040039e+02 2.000000000000000000e+00
2.316480731964111328e+02 3.423998451232910156e+02 2.255848979949951172e+02 3.402664875984191895e+02 2.166543388366699219e+02 3.384315204620361328e+02 2.000000000000000000e+00
3.736511850357055664e+02 3.538949632644653320e+02 3.675419330596923828e+02 3.517586445808410645e+02 3.587916254997253418e+02 3.498396992683410645e+02 2.000000000000000000e+00
5.769038200378417969e+02 1.396529459953308105e+02 5.707241249084472656e+02 1.375485491752624512e+02 5.616456985473632812e+02 1.352828335762023926e+02 2.000000000000000000e+00
4.424412822723388672e+02 4.073459243774414062e+02 4.362401771545410156e+02 4.051439237594604492e+02 4.275842571258544922e+02 4.029600906372070312e+02 2.000000000000000000e+00
3.868800687789916992e+02 3.686604022979736328e+02 3.807345294952392578e+02 3.665641593933105469e+02 3.720248413085937500e+02 3.645153522491455078e+02 2.000000000000000000e+00
4.027979469299316406e+02 3.635714149475097656e+02 3.966192007064819336e+02 3.614441585540771484e+02 3.878764963150024414e+02 3.594118380546569824e+02 2.000000000000000000e+00
5.380670738220214844e+02 4.105213451385498047e+02 5.317522621154785156e+02 4.083258104324340820e+02 5.229970741271972656e+02 4.060213136672973633e+02 2.000000000000000000e+00
4.305988788604736328e+02 4.431490230560302734e+02 4.243964576721191406e+02 4.408786725997924805e+02 4.157258605957031250e+02 4.387461662292480469e+02 2.000000000000000000e+00
4.026531696319580078e+02 4.233779668807983398e+02 3.965300321578979492e+02 4.212143898010253906e+02 3.878663969039916992e+02 4.191439962387084961e+02 2.000000000000000000e+00
3.957256174087524414e+02 4.383270406723022461e+02 3.895767831802368164e+02 4.361117935180664062e+02 3.809049081802368164e+02 4.340870475769042969e+02 2.000000000000000000e+00
4.603851318359375000e+02 4.229694986343383789e+02 4.542914772033691406e+02 4.207393884658813477e+02 4.456060504913330078e+02 4.186017894744873047e+02 2.000000000000000000e+00
4.567977046966552734e+02 3.826940059661865234e+02 4.506737709045410156e+02 3.805072689056396484e+02 4.419600200653076172e+02 3.783996105194091797e+02 2.000000000000000000e+00
3.627787780761718750e+02 3.787054538726806641e+02 3.566077876091003418e+02 3.765585136413574219e+02 3.480484628677368164e+02 3.745653390884399414e+02 2.000000000000000000e+00
3.587917780876159668e+02 3.258614230155944824e+02 3.526612544059753418e+02 3.237308979034423828e+02 3.439224243164062500e+02 3.218089628219604492e+02 2.000000000000000000e+00
3.284176635742187500e+02 3.765551090240478516e+01 3.222286072373390198e+02 3.545248031616210938e+01 3.131704711914062500e+02 3.345871925354003906e+01 2.000000000000000000e+00
3.917586374282836914e+02 3.907089900970458984e+02 3.855507230758666992e+02 3.885510349273681641e+02 3.768088388442993164e+02 3.865472459793090820e+02 2.000000000000000000e+00
4.545441627502441406e+02 4.011642265319824219e+02 4.484055805206298828e+02 3.989157485961914062e+02 4.396980953216552734e+02 3.968278312683105469e+02 2.000000000000000000e+00
3.060325622558593750e+02 4.397085428237915039e+02 2.998503112792968750e+02 4.375520467758178711e+02 2.912142944335937500e+02 4.356107854843139648e+02 2.000000000000000000e+00
2.890690922737121582e+02 4.130657100677490234e+02 2.828289794921875000e+02 4.108249282836914062e+02 2.741624450683593750e+02 4.089478254318237305e+02 2.000000000000000000e+00
3.697771310806274414e+02 3.707053327560424805e+02 3.635840749740600586e+02 3.685690069198608398e+02 3.550574350357055664e+02 3.665848731994628906e+02 2.000000000000000000e+00
3.787402963638305664e+02 3.807136058807373047e+02 3.725799274444580078e+02 3.785774946212768555e+02 3.639049100875854492e+02 3.765574407577514648e+02 2.000000000000000000e+00
5.354006385803222656e+02 1.815062069892883301e+02 5.292021560668945312e+02 1.793962097167968750e+02 5.202939414978027344e+02 1.772784090042114258e+02 2.000000000000000000e+00
5.737119102478027344e+02 3.796669721603393555e+02 5.675295448303222656e+02 3.774438858032226562e+02 5.586726760864257812e+02 3.751612615585327148e+02 2.000000000000000000e+00
3.806506967544555664e+02 3.558480620384216309e+02 3.745437335968017578e+02 3.537251973152160645e+02 3.658239459991455078e+02 3.517603540420532227e+02 2.000000000000000000e+00
3.697679758071899414e+02 3.401192092895507812e+02 3.636116361618041992e+02 3.379109215736389160e+02 3.548392033576965332e+02 3.360603046417236328e+02 2.000000000000000000e+00
4.262919902801513672e+02 6.370233535766601562e+01 4.201513957977294922e+02 6.154957294464111328e+01 4.111094665527343750e+02 5.951572895050048828e+01 2.000000000000000000e+00
3.756581735610961914e+02 3.431291556358337402e+02 3.695619535446166992e+02 3.409204459190368652e+02 3.607712125778198242e+02 3.390403819084167480e+02 2.000000000000000000e+00
5.669472694396972656e+02 1.783689236640930176e+02 5.607327270507812500e+02 1.762045741081237793e+02 5.517504310607910156e+02 1.740757584571838379e+02 2.000000000000000000e+00
5.563004875183105469e+02 2.196056360006332397e+02 5.501816368103027344e+02 2.175109237432479858e+02 5.412316894531250000e+02 2.153675061464309692e+02 2.000000000000000000e+00
4.173955440521240234e+02 8.372471809387207031e+01 4.112781047821044922e+02 8.148488044738769531e+01 4.022722816467285156e+02 7.953499317169189453e+01 2.000000000000000000e+00
4.895522499084472656e+02 9.763350963592529297e+01 4.833593177795410156e+02 9.550734043121337891e+01 4.742913246154785156e+02 9.338948249816894531e+01 2.000000000000000000e+00
4.574719524383544922e+02 4.348238611221313477e+02 4.513524818420410156e+02 4.326388692855834961e+02 4.426816463470458984e+02 4.305013561248779297e+02 2.000000000000000000e+00
3.866768503189086914e+02 3.509020113945007324e+02 3.805932617187500000e+02 3.487572669982910156e+02 3.718707275390625000e+02 3.468201327323913574e+02 2.000000000000000000e+00
5.013990211486816406e+02 1.606364679336547852e+02 4.952484703063964844e+02 1.585267925262451172e+02 4.862028884887695312e+02 1.564624714851379395e+02 2.000000000000000000e+00
4.007459449768066406e+02 4.353022527694702148e+02 3.946036100387573242e+02 4.331035280227661133e+02 3.859541940689086914e+02 4.310408163070678711e+02 2.000000000000000000e+00
5.750302124023437500e+02 2.113887315988540649e+02 5.687641716003417969e+02 2.092348909378051758e+02 5.597552490234375000e+02 2.070521843433380127e+02 2.000000000000000000e+00
4.451011371612548828e+02 5.367183208465576172e+01 4.389562129974365234e+02 5.148488044738769531e+01 4.300520992279052734e+02 4.952786922454833984e+01 2.000000000000000000e+00
3.898073720932006836e+02 3.727389621734619141e+02 3.836586332321166992e+02 3.706069707870483398e+02 3.749306631088256836e+02 3.685592651367187500e+02 2.000000000000000000e+00
4.953883934020996094e+02 1.606634330749511719e+02 4.892660903930664062e+02 1.585566329956054688e+02 4.802133750915527344e+02 1.564712476730346680e+02 2.000000000000000000e+00
4.285427570343017578e+02 4.004111480712890625e+02 4.223649883270263672e+02 3.982187318801879883e+02 4.136641216278076172e+02 3.961182403564453125e+02 2.000000000000000000e+00
5.431478309631347656e+02 1.504682564735412598e+02 5.369269371032714844e+02 1.483933854103088379e+02 5.279486083984375000e+02 1.463111042976379395e+02 2.000000000000000000e+00
4.177266216278076172e+02 3.714730310440063477e+02 4.115307331085205078e+02 3.693661022186279297e+02 4.028114604949951172e+02 3.673434162139892578e+02 2.000000000000000000e+00
4.873537254333496094e+02 4.257221174240112305e+02 4.810977554321289062e+02 4.234927797317504883e+02 4.723851013183593750e+02 4.213294458389282227e+02 2.000000000000000000e+00
3.707674884796142578e+02 3.500426387786865234e+02 3.646327209472656250e+02 3.478656363487243652e+02 3.558188486099243164e+02 3.459352755546569824e+02 2.000000000000000000e+00
4.345332622528076172e+02 2.985058021545410156e+02 4.283657836914062500e+02 2.963963055610656738e+02 4.196135902404785156e+02 2.944455885887145996e+02 2.000000000000000000e+00
3.599430251121520996e+02 4.314653062820434570e+02 3.537631845474243164e+02 4.292762231826782227e+02 3.452107238769531250e+02 4.273580074310302734e+02 2.000000000000000000e+00
3.578941345214843750e+02 3.488760137557983398e+02 3.517139601707458496e+02 3.466804289817810059e+02 3.428290414810180664e+02 3.447094202041625977e+02 2.000000000000000000e+00
5.728394126892089844e+02 4.450970649719238281e+01 5.666209220886230469e+02 4.237878799438476562e+01 5.574925041198730469e+02 4.028225898742675781e+01 2.000000000000000000e+00
4.485134601593017578e+02 1.486863827705383301e+02 4.423463439941406250e+02 1.465705704689025879e+02 4.334089088439941406e+02 1.444654941558837891e+02 2.000000000000000000e+00
3.120514827966690063e+02 3.750798654556274414e+02 3.058063042163848877e+02 3.728587675094604492e+02 2.971848750114440918e+02 3.708846187591552734e+02 2.000000000000000000e+00
4.872806167602539062e+02 4.168323040008544922e+01 4.811052894592285156e+02 3.951290130615234375e+01 4.719779682159423828e+02 3.744672775268554688e+01 2.000000000000000000e+00
1.929498100280761719e+02 4.304789257049560547e+02 1.867506217956542969e+02 4.284070873260498047e+02 1.780421257019042969e+02 4.266218948364257812e+02 2.000000000000000000e+00
2.124157428741455078e+02 2.674754047393798828e+02 2.061966800689697266e+02 2.653418290615081787e+02 1.972639751434326172e+02 2.634531873464584351e+02 2.000000000000000000e+00
5.920833778381347656e+02 1.268896079063415527e+02 5.857694053649902344e+02 1.248105239868164062e+02 5.767059898376464844e+02 1.225988245010375977e+02 2.000000000000000000e+00
5.746354484558105469e+02 3.836118793487548828e+02 5.684361648559570312e+02 3.813764762878417969e+02 5.595893669128417969e+02 3.790857267379760742e+02 2.000000000000000000e+00
3.359016418457031250e+02 3.568057036399841309e+02 3.297101134061813354e+02 3.546798133850097656e+02 3.209921570122241974e+02 3.528356409072875977e+02 2.000000000000000000e+00
3.967775297164916992e+02 4.124769115447998047e+02 3.906147766113281250e+02 4.103210163116455078e+02 3.820357990264892578e+02 4.082349586486816406e+02 2.000000000000000000e+00
4.655180358886718750e+02 3.470312118530273438e+01 4.593984413146972656e+02 3.257144451141357422e+01 4.501611042022705078e+02 3.049890518188476562e+01 2.000000000000000000e+00
3.646975708007812500e+02 3.320040965080261230e+02 3.585887455940246582e+02 3.298460125923156738e+02 3.497647094726562500e+02 3.280098009109497070e+02 2.000000000000000000e+00
4.365639400482177734e+02 3.933423900604248047e+02 4.304175758361816406e+02 3.911741065979003906e+02 4.217082881927490234e+02 3.889977550506591797e+02 2.000000000000000000e+00
1.880347537994384766e+02 4.244501495361328125e+02 1.817683410644531250e+02 4.223080587387084961e+02 1.730050373077392578e+02 4.205723333358764648e+02 2.000000000000000000e+00
4.037417888641357422e+02 3.276304650306701660e+02 3.975900602340698242e+02 3.254618883132934570e+02 3.888113117218017578e+02 3.235247254371643066e+02 2.000000000000000000e+00
1.940186023712158203e+02 4.404700183868408203e+02 1.877264404296875000e+02 4.384288501739501953e+02 1.789613819122314453e+02 4.366813802719116211e+02 2.000000000000000000e+00
5.769889640808105469e+02 2.154357898235321045e+02 5.707257080078125000e+02 2.132858866453170776e+02 5.617300415039062500e+02 2.111034983396530151e+02 2.000000000000000000e+00
5.329681396484375000e+02 3.530599093437194824e+02 5.266973304748535156e+02 3.508176970481872559e+02 5.178696250915527344e+02 3.485837173461914062e+02 2.000000000000000000e+00
3.260639649629592896e+02 3.949468517303466797e+02 3.199017639178782701e+02 3.928174781799316406e+02 3.111906737089157104e+02 3.907435941696166992e+02 2.000000000000000000e+00
4.164133930206298828e+02 6.664911746978759766e+01 4.102920532226562500e+02 6.447778701782226562e+01 4.012747478485107422e+02 6.250961780548095703e+01 2.000000000000000000e+00
4.596394062042236328e+02 4.150685262680053711e+02 4.534767150878906250e+02 4.128100919723510742e+02 4.447160625457763672e+02 4.106633949279785156e+02 2.000000000000000000e+00
4.935137939453125000e+02 1.375779962539672852e+02 4.873398780822753906e+02 1.354349327087402344e+02 4.783523845672607422e+02 1.333318591117858887e+02 2.000000000000000000e+00
4.128059387207031250e+02 3.546242451667785645e+02 4.066082477569580078e+02 3.524881052970886230e+02 3.978716421127319336e+02 3.504290199279785156e+02 2.000000000000000000e+00
3.996152067184448242e+02 5.474374294281005859e+01 3.933865690231323242e+02 5.259279727935791016e+01 3.842907094955444336e+02 5.052997112274169922e+01 2.000000000000000000e+00
4.695218849182128906e+02 3.967155933380126953e+01 4.633216571807861328e+02 3.756817817687988281e+01 4.540405941009521484e+02 3.553619384765625000e+01 2.000000000000000000e+00
3.676992797851562500e+02 2.940729081630706787e+02 3.616864919662475586e+02 2.919047892093658447e+02 3.527267765998840332e+02 2.899370133876800537e+02 2.000000000000000000e+00
5.225626945495605469e+02 3.648777866363525391e+02 5.162474441528320312e+02 3.626989459991455078e+02 5.073191833496093750e+02 3.604814529418945312e+02 2.000000000000000000e+00
4.007599163055419922e+02 4.412365150451660156e+02 3.945899677276611328e+02 4.389993381500244141e+02 3.859743642807006836e+02 4.369480705261230469e+02 2.000000000000000000e+00
4.217145442962646484e+02 3.725011110305786133e+02 4.155131244659423828e+02 3.703664588928222656e+02 4.068484783172607422e+02 3.683575201034545898e+02 2.000000000000000000e+00
3.947243070602416992e+02 4.343376302719116211e+02 3.885888051986694336e+02 4.321331262588500977e+02 3.799033832550048828e+02 4.301066923141479492e+02 2.000000000000000000e+00
1.710030078887939453e+02 4.215683412551879883e+02 1.647467327117919922e+02 4.194001865386962891e+02 1.560473060607910156e+02 4.177476310729980469e+02 2.000000000000000000e+00
4.322648620605468750e+02 5.361459732055664062e+01 4.261317729949951172e+02 5.147137641906738281e+01 4.171689510345458984e+02 4.952691078186035156e+01 2.000000000000000000e+00
4.446450233459472656e+02 3.839643287658691406e+02 4.384975337982177734e+02 3.817545890808105469e+02 4.297862529754638672e+02 3.796541547775268555e+02 2.000000000000000000e+00
4.376550960540771484e+02 3.694195032119750977e+02 4.315404987335205078e+02 3.672138977050781250e+02 4.227237224578857422e+02 3.652330398559570312e+02 2.000000000000000000e+00
4.373104858398437500e+02 4.164244651794433594e+01 4.311478614807128906e+02 3.948719501495361328e+01 4.220410156250000000e+02 3.749377727508544922e+01 2.000000000000000000e+00
5.808804893493652344e+02 5.356648921966552734e+01 5.745967483520507812e+02 5.140335559844970703e+01 5.654340171813964844e+02 4.923351287841796875e+01 2.000000000000000000e+00
3.677834463119506836e+02 3.757379579544067383e+02 3.616033315658569336e+02 3.735774564743041992e+02 3.530573129653930664e+02 3.715667438507080078e+02 2.000000000000000000e+00
3.651939105987548828e+02 4.517050266265869141e+02 3.589842844009399414e+02 4.495219516754150391e+02 3.503612065315246582e+02 4.475206661224365234e+02 2.000000000000000000e+00
4.195739746093750000e+02 5.168525218963623047e+01 4.134740638732910156e+02 4.958537578582763672e+01 4.044496822357177734e+02 4.753211975097656250e+01 2.000000000000000000e+00
5.726122474670410156e+02 3.726831722259521484e+02 5.664630126953125000e+02 3.704462671279907227e+02 5.575061035156250000e+02 3.681879043579101562e+02 2.000000000000000000e+00
5.410927200317382812e+02 1.936204969882965088e+02 5.349304199218750000e+02 1.914508187770843506e+02 5.259581375122070312e+02 1.893343484401702881e+02 2.000000000000000000e+00
1.699954986572265625e+02 4.075844478607177734e+02 1.637744235992431641e+02 4.054349184036254883e+02 1.550101852416992188e+02 4.037124395370483398e+02 2.000000000000000000e+00
3.847436237335205078e+02 3.926927804946899414e+02 3.785478830337524414e+02 3.905594873428344727e+02 3.698682260513305664e+02 3.885594606399536133e+02 2.000000000000000000e+00
1.680640411376953125e+02 4.465433406829833984e+02 1.618648815155029297e+02 4.444362831115722656e+02 1.531169319152832031e+02 4.426235818862915039e+02 2.000000000000000000e+00
3.997942829132080078e+02 3.287061524391174316e+02 3.936715078353881836e+02 3.265305805206298828e+02 3.848327970504760742e+02 3.245455956459045410e+02 2.000000000000000000e+00
3.727624225616455078e+02 3.228903222084045410e+02 3.666659259796142578e+02 3.207520508766174316e+02 3.579148864746093750e+02 3.188925504684448242e+02 2.000000000000000000e+00
4.610599040985107422e+02 8.671740531921386719e+01 4.549185180664062500e+02 8.459428310394287109e+01 4.461814022064208984e+02 8.253191471099853516e+01 2.000000000000000000e+00
4.107260799407958984e+02 4.164568233489990234e+02 4.045873451232910156e+02 4.143120574951171875e+02 3.959128427505493164e+02 4.122381734848022461e+02 2.000000000000000000e+00
4.057498836517333984e+02 3.346670866012573242e+02 3.996318054199218750e+02 3.325034236907958984e+02 3.908284330368041992e+02 3.305137395858764648e+02 2.000000000000000000e+00
1.987451648712158203e+02 3.934813928604125977e+02 1.925820446014404297e+02 3.914015293121337891e+02 1.837815189361572266e+02 3.896080684661865234e+02 2.000000000000000000e+00
4.067661190032958984e+02 3.507137846946716309e+02 4.006355285644531250e+02 3.485384917259216309e+02 3.919072866439819336e+02 3.464811444282531738e+02 2.000000000000000000e+00
4.157374000549316406e+02 3.416230487823486328e+02 4.096493530273437500e+02 3.395291161537170410e+02 4.008009052276611328e+02 3.374932336807250977e+02 2.000000000000000000e+00
4.323716735839843750e+02 4.956933975219726562e+01 4.262148189544677734e+02 4.743773460388183594e+01 4.171918010711669922e+02 4.547321319580078125e+01 2.000000000000000000e+00
4.256633281707763672e+02 4.361283016204833984e+02 4.195058345794677734e+02 4.338710117340087891e+02 4.107676696777343750e+02 4.317435693740844727e+02 2.000000000000000000e+00
4.435103797912597656e+02 4.022977924346923828e+02 4.373379230499267578e+02 4.000778961181640625e+02 4.286628437042236328e+02 3.979158353805541992e+02 2.000000000000000000e+00
4.293254089355468750e+02 5.762044429779052734e+01 4.231904888153076172e+02 5.550413131713867188e+01 4.142094421386718750e+02 5.355661869049072266e+01 2.000000000000000000e+00
4.495887470245361328e+02 2.865360724925994873e+02 4.433904743194580078e+02 2.844143700599670410e+02 4.345872211456298828e+02 2.824015831947326660e+02 2.000000000000000000e+00
2.829714345932006836e+02 4.000951337814331055e+02 2.768044424057006836e+02 3.978502035140991211e+02 2.681874990463256836e+02 3.960357427597045898e+02 2.000000000000000000e+00
4.955414199829101562e+02 1.496743083000183105e+02 4.893814468383789062e+02 1.475454211235046387e+02 4.803487205505371094e+02 1.454610729217529297e+02 2.000000000000000000e+00
3.906795644760131836e+02 4.005708646774291992e+02 3.845109272003173828e+02 3.984230375289916992e+02 3.757976388931274414e+02 3.964107799530029297e+02 2.000000000000000000e+00
3.349119567871093750e+02 3.451134109497070312e+02 3.286976015567779541e+02 3.428445482254028320e+02 3.199786071782000363e+02 3.408980154991149902e+02 2.000000000000000000e+00
3.956400775909423828e+02 6.759743213653564453e+01 3.894513845443725586e+02 6.547270774841308594e+01 3.803346586227416992e+02 6.346737384796142578e+01 2.000000000000000000e+00
5.808653640747070312e+02 2.232835221290588379e+02 5.746106529235839844e+02 2.211880177259445190e+02 5.656460571289062500e+02 2.189465618133544922e+02 2.000000000000000000e+00
