3.338201904296875000e+02 2.279052114486694336e+02 3.354947817325592041e+02 2.273500210046768188e+02 3.290573424100875854e+02 2.229262840747833252e+02 1.000000000000000000e+00
2.358201122283935547e+02 1.928633236885070801e+02 2.395210742950439453e+02 1.927527272701263428e+02 2.347994709014892578e+02 1.887324357032775879e+02 1.000000000000000000e+00
3.053442990779876709e+02 2.456237795948982239e+02 3.074376213550567627e+02 2.449126589298248291e+02 3.014161980152130127e+02 2.403845825325697660e+02 1.000000000000000000e+00
3.232426452636718750e+02 2.240496057271957397e+02 3.251894533634185791e+02 2.234192794561386108e+02 3.187767639011144638e+02 2.190514522790908813e+02 1.000000000000000000e+00
3.097726738452911377e+02 2.200964337587356567e+02 3.122345578670501709e+02 2.196559131145477295e+02 3.063842463493347168e+02 2.152752524614334106e+02 1.000000000000000000e+00
2.586961650848388672e+02 1.929384148120880127e+02 2.620839548110961914e+02 1.927317774295806885e+02 2.569677114486694336e+02 1.887410116195678711e+02 1.000000000000000000e+00
3.111564636230468750e+02 2.487802129983901978e+02 3.133010250329971313e+02 2.481427314877510071e+02 3.072060847282409668e+02 2.436365968734025955e+02 1.000000000000000000e+00
3.103136593103408813e+02 2.447360385954380035e+02 3.124139100313186646e+02 2.441216889023780823e+02 3.063905334472656250e+02 2.395650176703929901e+02 1.000000000000000000e+00
3.401293635368347168e+02 2.244144272804260254e+02 3.413692331314086914e+02 2.240478515625000000e+02 3.346763610839843750e+02 2.196837455034255981e+02 1.000000000000000000e+00
3.034807741641998291e+02 2.395427856221795082e+02 3.055925905704498291e+02 2.387763365730643272e+02 2.996434330940246582e+02 2.342545773088932037e+02 1.000000000000000000e+00
3.252961730957031250e+02 2.287293085455894470e+02 3.272020262479782104e+02 2.281326287984848022e+02 3.208527527004480362e+02 2.237156814336776733e+02 1.000000000000000000e+00
3.269351500272750854e+02 2.241988366842269897e+02 3.287365722656250000e+02 2.236882781982421875e+02 3.223168945312500000e+02 2.193957352638244629e+02 1.000000000000000000e+00
2.368130779266357422e+02 2.016950368881225586e+02 2.405104351043701172e+02 2.015186154842376709e+02 2.357766723632812500e+02 1.974407780170440674e+02 1.000000000000000000e+00
3.264757996797561646e+02 2.334665371477603912e+02 3.284448242187500000e+02 2.326302333176136017e+02 3.221204224228858948e+02 2.282409051060676575e+02 1.000000000000000000e+00
3.304257810115814209e+02 2.333336484432220459e+02 3.323119819164276123e+02 2.324819943308830261e+02 3.258885192871093750e+02 2.280617979168891907e+02 1.000000000000000000e+00
3.308261108398437500e+02 2.242443376779556274e+02 3.325959479808807373e+02 2.237640684843063354e+02 3.261067199707031250e+02 2.194959712028503418e+02 1.000000000000000000e+00
3.035358273983001709e+02 2.354609982669353485e+02 3.057198488712310791e+02 2.346074214577674866e+02 2.998159170150756836e+02 2.300874629616737366e+02 1.000000000000000000e+00
3.450262451171875000e+02 2.244177085161209106e+02 3.462815546989440918e+02 2.239209741353988647e+02 3.394468080997467041e+02 2.195490717887878418e+02 1.000000000000000000e+00
2.144125843048095703e+02 2.213165116310119629e+02 2.176906681060791016e+02 2.205276167392730713e+02 2.126280498504638672e+02 2.159977555274963379e+02 1.000000000000000000e+00
3.289428406953811646e+02 2.376679381728172302e+02 3.309882199764251709e+02 2.366185605525970459e+02 3.246116334199905396e+02 2.320958706736564636e+02 1.000000000000000000e+00
2.044533252716064453e+02 2.148456251621246338e+02 2.082279968261718750e+02 2.143477159738540649e+02 2.034906768798828125e+02 2.100987535715103149e+02 1.000000000000000000e+00
3.228754273056983948e+02 2.340759730339050293e+02 3.249190369248390198e+02 2.331736600399017334e+02 3.186505126953125000e+02 2.286539760231971741e+02 1.000000000000000000e+00
3.345309448242187500e+02 2.243306565284729004e+02 3.361924135684967041e+02 2.238254839181900024e+02 3.296341556310653687e+02 2.195171499252319336e+02 1.000000000000000000e+00
2.734734201431274414e+02 2.329053796827793121e+02 2.758801889419555664e+02 2.323882591724395752e+02 2.696321105957031250e+02 2.277367696166038513e+02 1.000000000000000000e+00
2.924226975440979004e+02 2.084257793426513672e+02 2.953467702865600586e+02 2.081444370746612549e+02 2.897391343116760254e+02 2.038921952247619629e+02 1.000000000000000000e+00
2.503961467742919922e+02 2.319000542163848877e+02 2.524439382553100586e+02 2.313160702586174011e+02 2.469168853759765625e+02 2.270068350434303284e+02 1.000000000000000000e+00
2.866527390480041504e+02 2.233822309970855713e+02 2.890757751464843750e+02 2.229343861341476440e+02 2.832079458236694336e+02 2.187386155128479004e+02 1.000000000000000000e+00
2.586763286590576172e+02 2.018190443515777588e+02 2.620544719696044922e+02 2.016199028491973877e+02 2.569348764419555664e+02 1.976786935329437256e+02 1.000000000000000000e+00
3.012196648120880127e+02 1.955662214756011963e+02 3.038318789005279541e+02 1.954992055892944336e+02 2.983531188964843750e+02 1.913847005367279053e+02 1.000000000000000000e+00
2.104646396636962891e+02 2.211094039678573608e+02 2.137682151794433594e+02 2.202395778894424438e+02 2.087468433380126953e+02 2.155949538946151733e+02 1.000000000000000000e+00
3.259652101993560791e+02 1.813497126102447510e+02 3.277276611328125000e+02 1.814406859874725342e+02 3.213110351562500000e+02 1.775741672515869141e+02 1.000000000000000000e+00
2.743290376663208008e+02 2.293827205896377563e+02 2.767870473861694336e+02 2.287546384334564209e+02 2.704782390594482422e+02 2.244309997558593750e+02 1.000000000000000000e+00
3.057644045352935791e+02 2.221807390451431274e+02 3.081953120231628418e+02 2.217064815759658813e+02 3.023723447322845459e+02 2.173840159177780151e+02 1.000000000000000000e+00
2.936304616928100586e+02 1.947203958034515381e+02 2.965316462516784668e+02 1.946854698657989502e+02 2.911935734748840332e+02 1.906002795696258545e+02 1.000000000000000000e+00
2.637327575683593750e+02 2.244105219841003418e+02 2.661520051956176758e+02 2.239237976074218750e+02 2.601047945022583008e+02 2.196982419490814209e+02 1.000000000000000000e+00
1.949712848663330078e+02 1.906916785240173340e+02 1.988619804382324219e+02 1.905117166042327881e+02 1.945439147949218750e+02 1.865392291545867920e+02 1.000000000000000000e+00
3.438326120376586914e+02 2.185062396526336670e+02 3.450184631347656250e+02 2.183061504364013672e+02 3.381846928596496582e+02 2.140986013412475586e+02 1.000000000000000000e+00
2.506608247756958008e+02 1.979218411445617676e+02 2.540552186965942383e+02 1.976984381675720215e+02 2.489314413070678711e+02 1.936938285827636719e+02 1.000000000000000000e+00
3.382017219066619873e+02 2.021809816360473633e+02 3.395182192325592041e+02 2.021402120590209961e+02 3.324255371093750000e+02 1.976986813545227051e+02 1.000000000000000000e+00
2.467357635498046875e+02 1.978882133960723877e+02 2.501958322525024414e+02 1.976845371723175049e+02 2.452746438980102539e+02 1.936556231975555420e+02 1.000000000000000000e+00
3.148057860136032104e+02 1.958038759231567383e+02 3.164682006835937500e+02 1.954848754405975342e+02 3.101689147949218750e+02 1.913518345355987549e+02 1.000000000000000000e+00
2.873586106300354004e+02 2.299169763922691345e+02 2.893896174430847168e+02 2.291732785105705261e+02 2.833695673942565918e+02 2.247547745704650879e+02 1.000000000000000000e+00
3.083444213867187500e+02 1.784724998474121094e+02 3.104868161678314209e+02 1.785760617256164551e+02 3.042438960075378418e+02 1.746618032455444336e+02 1.000000000000000000e+00
3.274664610624313354e+02 2.184375751018524170e+02 3.291549074649810791e+02 2.183063346147537231e+02 3.226159974932670593e+02 2.140980970859527588e+02 1.000000000000000000e+00
1.997599792480468750e+02 2.039794600009918213e+02 2.037475109100341797e+02 2.038591146469116211e+02 1.992423057556152344e+02 1.996123194694519043e+02 1.000000000000000000e+00
2.029453563690185547e+02 1.944647026062011719e+02 2.068263721466064453e+02 1.942808961868286133e+02 2.024980258941650391e+02 1.903852808475494385e+02 1.000000000000000000e+00
2.055625724792480469e+02 2.108814829587936401e+02 2.093518066406250000e+02 2.103955972194671631e+02 2.047305774688720703e+02 2.062148129940032959e+02 1.000000000000000000e+00
2.028467369079589844e+02 2.011655259132385254e+02 2.067746734619140625e+02 2.009079730510711670e+02 2.023358631134033203e+02 1.968158841133117676e+02 1.000000000000000000e+00
3.077955317497253418e+02 1.984812605381011963e+02 3.101184386014938354e+02 1.983022606372833252e+02 3.042855226993560791e+02 1.941764509677886963e+02 1.000000000000000000e+00
3.026161193847656250e+02 2.317102655768394470e+02 3.048642885684967041e+02 2.309774163365364075e+02 2.990272831916809082e+02 2.267309108376502991e+02 1.000000000000000000e+00
2.986499023437500000e+02 2.251822346448898315e+02 3.008016657829284668e+02 2.246870720386505127e+02 2.951114487648010254e+02 2.204267263412475586e+02 1.000000000000000000e+00
2.844573974609375000e+02 2.272272938489913940e+02 2.866904592514038086e+02 2.265871578454971313e+02 2.808341979980468750e+02 2.224156183004379272e+02 1.000000000000000000e+00
2.941432499885559082e+02 2.306365048885345459e+02 2.961786198616027832e+02 2.297727048397064209e+02 2.903121018409729004e+02 2.255122670531272888e+02 1.000000000000000000e+00
2.735486459732055664e+02 2.368296660482883453e+02 2.757592773437500000e+02 2.361470639705657959e+02 2.695558452606201172e+02 2.316081082820892334e+02 1.000000000000000000e+00
1.979342460632324219e+02 1.943843507766723633e+02 2.018082904815673828e+02 1.941430485248565674e+02 1.974635601043701172e+02 1.900519394874572754e+02 1.000000000000000000e+00
2.319620513916015625e+02 2.248071438074111938e+02 2.352759647369384766e+02 2.245674276351928711e+02 2.299020385742187500e+02 2.201506036520004272e+02 1.000000000000000000e+00
3.334588623046875000e+02 1.903016638755798340e+02 3.352328193187713623e+02 1.904249989986419678e+02 3.289018553495407104e+02 1.864623248577117920e+02 1.000000000000000000e+00
3.190167541056871414e+02 1.802656817436218262e+02 3.208800964802503586e+02 1.803339064121246338e+02 3.145637208223342896e+02 1.764566302299499512e+02 1.000000000000000000e+00
2.428285646438598633e+02 1.988630032539367676e+02 2.464736318588256836e+02 1.986586904525756836e+02 2.417078256607055664e+02 1.945916104316711426e+02 1.000000000000000000e+00
2.019475078582763672e+02 4.545125198364257812e+02 1.987928867340087891e+02 4.529169130325317383e+02 1.879110431671142578e+02 4.478372240066528320e+02 2.000000000000000000e+00
2.128767490386962891e+02 4.645200920104980469e+02 2.097422885894775391e+02 4.628521299362182617e+02 1.989286327362060547e+02 4.577870607376098633e+02 2.000000000000000000e+00
4.827008056640625000e+02 3.106905555725097656e+02 4.794892597198486328e+02 3.089814805984497070e+02 4.684722042083740234e+02 3.034680175781250000e+02 2.000000000000000000e+00
4.776954078674316406e+02 3.107050538063049316e+02 4.744827938079833984e+02 3.089959144592285156e+02 4.634687232971191406e+02 3.034754347801208496e+02 2.000000000000000000e+00
2.178752708435058594e+02 4.625289773941040039e+02 2.147123527526855469e+02 4.608623170852661133e+02 2.039223480224609375e+02 4.557369232177734375e+02 2.000000000000000000e+00
2.848068833351135254e+02 4.405471658706665039e+02 2.816266465187072754e+02 4.390372180938720703e+02 2.708309602737426758e+02 4.336473226547241211e+02 2.000000000000000000e+00
2.487652111053466797e+02 4.416355133056640625e+02 2.456616210937500000e+02 4.400002241134643555e+02 2.348185443878173828e+02 4.346991062164306641e+02 2.000000000000000000e+00
2.249157047271728516e+02 4.324683666229248047e+02 2.216331195831298828e+02 4.309588766098022461e+02 2.107635974884033203e+02 4.257041788101196289e+02 2.000000000000000000e+00
2.878829956054687500e+02 4.496020317077636719e+02 2.845849609375000000e+02 4.479007673263549805e+02 2.739123201370239258e+02 4.426786851882934570e+02 2.000000000000000000e+00
2.687695598602294922e+02 4.216497230529785156e+02 2.656783723831176758e+02 4.201724338531494141e+02 2.547832918167114258e+02 4.147835111618041992e+02 2.000000000000000000e+00
2.677264070510864258e+02 4.276338243484497070e+02 2.647358369827270508e+02 4.261040067672729492e+02 2.537565279006958008e+02 4.207323074340820312e+02 2.000000000000000000e+00
3.137498778104782104e+02 4.625370025634765625e+02 3.105484008789062500e+02 4.609867715835571289e+02 2.998069453239440918e+02 4.555227756500244141e+02 2.000000000000000000e+00
5.365472984313964844e+02 3.348028278350830078e+02 5.334203529357910156e+02 3.332204604148864746e+02 5.223747634887695312e+02 3.273855328559875488e+02 2.000000000000000000e+00
6.339037513732910156e+02 2.018887460231781006e+02 6.306751060485839844e+02 2.002860689163208008e+02 6.193509483337402344e+02 1.944301879405975342e+02 2.000000000000000000e+00
6.118225669860839844e+02 1.947667980194091797e+02 6.085745811462402344e+02 1.931247067451477051e+02 5.973798179626464844e+02 1.874106574058532715e+02 2.000000000000000000e+00
5.309095573425292969e+02 8.666170120239257812e+01 5.278404045104980469e+02 8.504320621490478516e+01 5.165630531311035156e+02 7.939141273498535156e+01 2.000000000000000000e+00
2.717543029785156250e+02 4.645846366882324219e+02 2.685659456253051758e+02 4.628848743438720703e+02 2.578086519241333008e+02 4.576932191848754883e+02 2.000000000000000000e+00
4.858708190917968750e+02 1.087377119064331055e+02 4.827853775024414062e+02 1.071389579772949219e+02 4.715570354461669922e+02 1.015670299530029297e+02 2.000000000000000000e+00
4.827029991149902344e+02 3.146878409385681152e+02 4.794935894012451172e+02 3.129803180694580078e+02 4.684737300872802734e+02 3.074654245376586914e+02 2.000000000000000000e+00
2.507712221145629883e+02 3.346565937995910645e+02 2.476126384735107422e+02 3.332279133796691895e+02 2.366416740417480469e+02 3.278944444656372070e+02 2.000000000000000000e+00
2.657835388183593750e+02 4.575705671310424805e+02 2.626528596878051758e+02 4.559734582901000977e+02 2.518645143508911133e+02 4.506569910049438477e+02 2.000000000000000000e+00
2.547852468490600586e+02 4.446074295043945312e+02 2.517141580581665039e+02 4.430104780197143555e+02 2.408651256561279297e+02 4.376887607574462891e+02 2.000000000000000000e+00
2.858170771598815918e+02 4.346020889282226562e+02 2.826120305061340332e+02 4.330982494354248047e+02 2.718000173568725586e+02 4.277100276947021484e+02 2.000000000000000000e+00
2.947054123878479004e+02 4.635416078567504883e+02 2.916715073585510254e+02 4.619554567337036133e+02 2.808257436752319336e+02 4.565708684921264648e+02 2.000000000000000000e+00
5.270539665222167969e+02 1.567642307281494141e+02 5.239556884765625000e+02 1.551868987083435059e+02 5.126874351501464844e+02 1.494695663452148438e+02 2.000000000000000000e+00
5.325346183776855469e+02 3.347887587547302246e+02 5.294339561462402344e+02 3.332278203964233398e+02 5.183922767639160156e+02 3.273860549926757812e+02 2.000000000000000000e+00
2.787985849380493164e+02 4.425843000411987305e+02 2.756696748733520508e+02 4.410625648498535156e+02 2.648196697235107422e+02 4.356878471374511719e+02 2.000000000000000000e+00
5.930689048767089844e+02 1.657682776451110840e+02 5.897672843933105469e+02 1.642087697982788086e+02 5.785156250000000000e+02 1.584842348098754883e+02 2.000000000000000000e+00
5.889160728454589844e+02 2.149168539047241211e+02 5.856782913208007812e+02 2.132887566089630127e+02 5.743880081176757812e+02 2.074275040626525879e+02 2.000000000000000000e+00
2.599644136428833008e+02 3.177055692672729492e+02 2.567395305633544922e+02 3.161234164237976074e+02 2.457628774642944336e+02 3.108306026458740234e+02 2.000000000000000000e+00
2.377761077880859375e+02 4.386893463134765625e+02 2.346023273468017578e+02 4.370793628692626953e+02 2.238529491424560547e+02 4.317912340164184570e+02 2.000000000000000000e+00
5.790239334106445312e+02 1.607600498199462891e+02 5.757460975646972656e+02 1.590801644325256348e+02 5.645343589782714844e+02 1.534059548377990723e+02 2.000000000000000000e+00
2.578150606155395508e+02 4.545405721664428711e+02 2.547047567367553711e+02 4.529246091842651367e+02 2.439328622817993164e+02 4.476510715484619141e+02 2.000000000000000000e+00
2.597810029983520508e+02 4.595772457122802734e+02 2.566191720962524414e+02 4.579615259170532227e+02 2.458451700210571289e+02 4.526719808578491211e+02 2.000000000000000000e+00
4.776986980438232422e+02 3.147071886062622070e+02 4.744904518127441406e+02 3.129963755607604980e+02 4.634712505340576172e+02 3.074765324592590332e+02 2.000000000000000000e+00
4.860636901855468750e+02 1.746346378326416016e+02 4.828729248046875000e+02 1.730847001075744629e+02 4.716949748992919922e+02 1.674671459197998047e+02 2.000000000000000000e+00
2.587834453582763672e+02 3.356477737426757812e+02 2.556184387207031250e+02 3.342106032371520996e+02 2.446570730209350586e+02 3.288771986961364746e+02 2.000000000000000000e+00
5.950631713867187500e+02 1.707694172859191895e+02 5.917811393737792969e+02 1.692495703697204590e+02 5.805446815490722656e+02 1.634813046455383301e+02 2.000000000000000000e+00
2.496691274642944336e+02 4.666761875152587891e+02 2.465665864944458008e+02 4.651499748229980469e+02 2.357280826568603516e+02 4.598387861251831055e+02 2.000000000000000000e+00
2.697758769989013672e+02 4.316060256958007812e+02 2.667211008071899414e+02 4.300796556472778320e+02 2.557832002639770508e+02 4.246961402893066406e+02 2.000000000000000000e+00
3.007187187671661377e+02 4.625524663925170898e+02 2.976475214958190918e+02 4.609762430191040039e+02 2.868337082862854004e+02 4.555768489837646484e+02 2.000000000000000000e+00
2.756950664520263672e+02 4.286097764968872070e+02 2.726941204071044922e+02 4.271056652069091797e+02 2.617157268524169922e+02 4.217120218276977539e+02 2.000000000000000000e+00
2.857075810432434082e+02 4.635774707794189453e+02 2.826640629768371582e+02 4.618928289413452148e+02 2.718214702606201172e+02 4.566208362579345703e+02 2.000000000000000000e+00
5.479653930664062500e+02 1.537794470787048340e+02 5.448688316345214844e+02 1.521133232116699219e+02 5.336499595642089844e+02 1.464329624176025391e+02 2.000000000000000000e+00
2.637736797332763672e+02 4.625529527664184570e+02 2.606272268295288086e+02 4.609862422943115234e+02 2.498440074920654297e+02 4.556899595260620117e+02 2.000000000000000000e+00
4.838664054870605469e+02 9.870467662811279297e+01 4.807812309265136719e+02 9.707887172698974609e+01 4.695493793487548828e+02 9.152671337127685547e+01 2.000000000000000000e+00
2.767821359634399414e+02 4.326059675216674805e+02 2.736639070510864258e+02 4.310979366302490234e+02 2.627577495574951172e+02 4.257035350799560547e+02 2.000000000000000000e+00
2.686702251434326172e+02 4.425655031204223633e+02 2.657349538803100586e+02 4.410045862197875977e+02 2.547881937026977539e+02 4.356531715393066406e+02 2.000000000000000000e+00
2.607713937759399414e+02 4.355797863006591797e+02 2.577257680892944336e+02 4.340438890457153320e+02 2.467741250991821289e+02 4.286454534530639648e+02 2.000000000000000000e+00
2.477958822250366211e+02 4.485769701004028320e+02 2.446982574462890625e+02 4.469240283966064453e+02 2.338563251495361328e+02 4.416623067855834961e+02 2.000000000000000000e+00
2.727583312988281250e+02 4.525903987884521484e+02 2.696536254882812500e+02 4.508966445922851562e+02 2.588742971420288086e+02 4.456951761245727539e+02 2.000000000000000000e+00
4.807138633728027344e+02 3.306657457351684570e+02 4.775367736816406250e+02 3.289806890487670898e+02 4.664978313446044922e+02 3.234727549552917480e+02 2.000000000000000000e+00
5.300653648376464844e+02 1.638013243675231934e+02 5.269829177856445312e+02 1.622970271110534668e+02 5.156937217712402344e+02 1.564984273910522461e+02 2.000000000000000000e+00
2.517593812942504883e+02 4.485629653930664062e+02 2.486821889877319336e+02 4.469307088851928711e+02 2.378266716003417969e+02 4.416537237167358398e+02 2.000000000000000000e+00
5.270640373229980469e+02 1.667927670478820801e+02 5.239874839782714844e+02 1.652673912048339844e+02 5.126912307739257812e+02 1.594943332672119141e+02 2.000000000000000000e+00
4.960070800781250000e+02 1.685818290710449219e+02 4.927795791625976562e+02 1.668560600280761719e+02 4.816426086425781250e+02 1.613977789878845215e+02 2.000000000000000000e+00
2.059033966064453125e+02 4.535190296173095703e+02 2.028044700622558594e+02 4.518806219100952148e+02 1.919377708435058594e+02 4.467820215225219727e+02 2.000000000000000000e+00
6.329257202148437500e+02 2.338633266091346741e+02 6.297521400451660156e+02 2.323244476318359375e+02 6.184152793884277344e+02 2.264338830113410950e+02 2.000000000000000000e+00
6.058456420898437500e+02 2.288806298375129700e+02 6.026418495178222656e+02 2.273168027400970459e+02 5.913826370239257812e+02 2.214072722196578979e+02 2.000000000000000000e+00
2.747820711135864258e+02 4.395751190185546875e+02 2.717229318618774414e+02 4.380056905746459961e+02 2.608251333236694336e+02 4.326704263687133789e+02 2.000000000000000000e+00
5.750661087036132812e+02 2.058674740791320801e+02 5.717918777465820312e+02 2.041959071159362793e+02 5.605968666076660156e+02 1.985076105594635010e+02 2.000000000000000000e+00
2.647404766082763672e+02 4.475919055938720703e+02 2.617033052444458008e+02 4.459974431991577148e+02 2.507880258560180664e+02 4.406768846511840820e+02 2.000000000000000000e+00
2.728017282485961914e+02 4.455965137481689453e+02 2.697234201431274414e+02 4.440123081207275391e+02 2.588416147232055664e+02 4.386887884140014648e+02 2.000000000000000000e+00
5.031861686706542969e+02 7.172285556793212891e+01 5.000108909606933594e+02 7.006151676177978516e+01 4.885457801818847656e+02 6.447589874267578125e+01 2.000000000000000000e+00
2.797757863998413086e+02 4.356055641174316406e+02 2.766366243362426758e+02 4.340817689895629883e+02 2.657992553710937500e+02 4.287140893936157227e+02 2.000000000000000000e+00
6.229176139831542969e+02 2.129079115390777588e+02 6.197162437438964844e+02 2.111186045408248901e+02 6.084110069274902344e+02 2.054241156578063965e+02 2.000000000000000000e+00
5.761938476562500000e+02 2.227939134836196899e+02 5.728253746032714844e+02 2.212552785873413086e+02 5.615700721740722656e+02 2.154135113954544067e+02 2.000000000000000000e+00
2.388348674774169922e+02 4.426845788955688477e+02 2.356348133087158203e+02 4.410371446609497070e+02 2.249297332763671875e+02 4.357784843444824219e+02 2.000000000000000000e+00
4.306136798858642578e+02 4.346181678771972656e+02 4.275219726562500000e+02 4.329451990127563477e+02 4.165904235839843750e+02 4.273734283447265625e+02 2.000000000000000000e+00
2.777129220962524414e+02 4.636112737655639648e+02 2.746148061752319336e+02 4.618561506271362305e+02 2.637813425064086914e+02 4.566845226287841797e+02 2.000000000000000000e+00
5.469411659240722656e+02 1.587685775756835938e+02 5.438295936584472656e+02 1.571155929565429688e+02 5.326460647583007812e+02 1.514292526245117188e+02 2.000000000000000000e+00
5.845599937438964844e+02 4.346357774734497070e+02 5.812851524353027344e+02 4.328863620758056641e+02 5.702261924743652344e+02 4.269380521774291992e+02 2.000000000000000000e+00
5.517790603637695312e+02 2.076260197162628174e+02 5.488658523559570312e+02 2.062362492084503174e+02 5.375474929809570312e+02 2.004388868808746338e+02 2.000000000000000000e+00
2.827130126953125000e+02 4.575465202331542969e+02 2.795553588867187500e+02 4.558949089050292969e+02 2.687416696548461914e+02 4.505920457839965820e+02 2.000000000000000000e+00
6.047478675842285156e+02 1.867788505554199219e+02 6.015109252929687500e+02 1.852206230163574219e+02 5.903893470764160156e+02 1.793953227996826172e+02 2.000000000000000000e+00
5.927592277526855469e+02 1.988135826587677002e+02 5.895313072204589844e+02 1.973695671558380127e+02 5.783271598815917969e+02 1.914535331726074219e+02 2.000000000000000000e+00
5.330467033386230469e+02 1.507330870628356934e+02 5.299386024475097656e+02 1.491420865058898926e+02 5.187218093872070312e+02 1.434521913528442383e+02 2.000000000000000000e+00
2.139775180816650391e+02 4.334646749496459961e+02 2.107514953613281250e+02 4.319715929031372070e+02 1.997819995880126953e+02 4.266988277435302734e+02 2.000000000000000000e+00
2.508775472640991211e+02 3.167064857482910156e+02 2.476608133316040039e+02 3.151097774505615234e+02 2.366522312164306641e+02 3.098040175437927246e+02 2.000000000000000000e+00
5.997128295898437500e+02 2.189460593461990356e+02 5.965039062500000000e+02 2.172825604677200317e+02 5.852668571472167969e+02 2.114465475082397461e+02 2.000000000000000000e+00
4.960149002075195312e+02 1.735821318626403809e+02 4.928270912170410156e+02 1.718589735031127930e+02 4.816618156433105469e+02 1.663989973068237305e+02 2.000000000000000000e+00
2.757620859146118164e+02 4.595929956436157227e+02 2.726481914520263672e+02 4.578506612777709961e+02 2.618317270278930664e+02 4.526674032211303711e+02 2.000000000000000000e+00
5.550282669067382812e+02 1.487511706352233887e+02 5.519171142578125000e+02 1.470784735679626465e+02 5.406554031372070312e+02 1.414322948455810547e+02 2.000000000000000000e+00
2.897582387924194336e+02 4.665734338760375977e+02 2.867207026481628418e+02 4.649178886413574219e+02 2.758730173110961914e+02 4.596076440811157227e+02 2.000000000000000000e+00
2.899059438705444336e+02 4.386071920394897461e+02 2.866549372673034668e+02 4.370975160598754883e+02 2.758643484115600586e+02 4.317055177688598633e+02 2.000000000000000000e+00
5.822271728515625000e+02 2.277713459730148315e+02 5.789019203186035156e+02 2.261620473861694336e+02 5.676148796081542969e+02 2.203903180360794067e+02 2.000000000000000000e+00
5.539580154418945312e+02 1.597563099861145020e+02 5.508350944519042969e+02 1.580868172645568848e+02 5.396500968933105469e+02 1.524113702774047852e+02 2.000000000000000000e+00
6.318864250183105469e+02 2.068784773349761963e+02 6.286560630798339844e+02 2.052958345413208008e+02 6.173454666137695312e+02 1.994311201572418213e+02 2.000000000000000000e+00
3.057447504997253418e+02 4.625509500503540039e+02 3.026178276538848877e+02 4.609766721725463867e+02 2.917872929573059082e+02 4.555558347702026367e+02 2.000000000000000000e+00
2.189034748077392578e+02 4.334762334823608398e+02 2.156768035888671875e+02 4.319525527954101562e+02 2.047438907623291016e+02 4.267192125320434570e+02 2.000000000000000000e+00
4.850880432128906250e+02 1.676483273506164551e+02 4.818928337097167969e+02 1.661265349388122559e+02 4.707730770111083984e+02 1.604707431793212891e+02 2.000000000000000000e+00
6.288881874084472656e+02 1.979051792621612549e+02 6.256499671936035156e+02 1.963119792938232422e+02 6.143251991271972656e+02 1.903987097740173340e+02 2.000000000000000000e+00
3.997172880172729492e+02 3.887284898757934570e+02 3.965231323242187500e+02 3.870972919464111328e+02 3.856351613998413086e+02 3.815001869201660156e+02 2.000000000000000000e+00
5.288574790954589844e+02 7.570554256439208984e+01 5.257908439636230469e+02 7.408945083618164062e+01 5.145186233520507812e+02 6.846702575683593750e+01 2.000000000000000000e+00
4.618836688995361328e+02 1.147127151489257812e+02 4.586584186553955078e+02 1.131137466430664062e+02 4.474877071380615234e+02 1.075217056274414062e+02 2.000000000000000000e+00
5.539172935485839844e+02 1.697559642791748047e+02 5.507845497131347656e+02 1.681757783889770508e+02 5.396279335021972656e+02 1.624536395072937012e+02 2.000000000000000000e+00
2.537920045852661133e+02 4.406011819839477539e+02 2.507057189941406250e+02 4.389977788925170898e+02 2.398627758026123047e+02 4.336823844909667969e+02 2.000000000000000000e+00
6.359756469726562500e+02 2.368802641332149506e+02 6.328184318542480469e+02 2.353669430315494537e+02 6.214262771606445312e+02 2.294703215360641479e+02 2.000000000000000000e+00
4.907504272460937500e+02 3.176731896400451660e+02 4.875390052795410156e+02 3.159771180152893066e+02 4.765203285217285156e+02 3.104336285591125488e+02 2.000000000000000000e+00
2.627769756317138672e+02 4.425587511062622070e+02 2.597995901107788086e+02 4.410054445266723633e+02 2.488591146469116211e+02 4.356428003311157227e+02 2.000000000000000000e+00
4.476245403289794922e+02 3.806818628311157227e+02 4.445246028900146484e+02 3.791503429412841797e+02 4.336069011688232422e+02 3.734649181365966797e+02 2.000000000000000000e+00
5.350437736511230469e+02 1.657796144485473633e+02 5.319515991210937500e+02 1.642400479316711426e+02 5.207290077209472656e+02 1.584923529624938965e+02 2.000000000000000000e+00
5.887898063659667969e+02 1.988994562625885010e+02 5.855603027343750000e+02 1.973709082603454590e+02 5.743505859375000000e+02 1.915114259719848633e+02 2.000000000000000000e+00
6.038600540161132812e+02 2.188889461755752563e+02 6.006069374084472656e+02 2.172926312685012817e+02 5.893583488464355469e+02 2.114155715703964233e+02 2.000000000000000000e+00
4.107309246063232422e+02 4.496778059005737305e+02 4.075562191009521484e+02 4.480767345428466797e+02 3.967083454132080078e+02 4.424339103698730469e+02 2.000000000000000000e+00
5.469035720825195312e+02 1.657745146751403809e+02 5.437862586975097656e+02 1.641546320915222168e+02 5.326216506958007812e+02 1.584689927101135254e+02 2.000000000000000000e+00
5.240848350524902344e+02 1.738186740875244141e+02 5.210233116149902344e+02 1.722450542449951172e+02 5.097143936157226562e+02 1.665267419815063477e+02 2.000000000000000000e+00
2.818033432960510254e+02 4.505651950836181641e+02 2.785962820053100586e+02 4.489287185668945312e+02 2.678375864028930664e+02 4.436585426330566406e+02 2.000000000000000000e+00
4.630109596252441406e+02 1.699653124809265137e+02 4.598293781280517578e+02 1.683325910568237305e+02 4.486291503906250000e+02 1.627276253700256348e+02 2.000000000000000000e+00
4.946362304687500000e+02 4.455347156524658203e+02 4.913349342346191406e+02 4.439889335632324219e+02 4.805817222595214844e+02 4.381961488723754883e+02 2.000000000000000000e+00
6.238963127136230469e+02 2.289481347799301147e+02 6.207021522521972656e+02 2.272529751062393188e+02 6.093989944458007812e+02 2.214504683017730713e+02 2.000000000000000000e+00
2.199228954315185547e+02 4.464966773986816406e+02 2.167868614196777344e+02 4.448964071273803711e+02 2.058413410186767578e+02 4.396713638305664062e+02 2.000000000000000000e+00
2.050151157379150391e+02 4.474994659423828125e+02 2.018806743621826172e+02 4.458949756622314453e+02 1.909415149688720703e+02 4.407649898529052734e+02 2.000000000000000000e+00
2.816802978515625000e+02 4.615787172317504883e+02 2.785794687271118164e+02 4.599056196212768555e+02 2.677157258987426758e+02 4.546300792694091797e+02 2.000000000000000000e+00
5.659412193298339844e+02 2.108309161663055420e+02 5.627352333068847656e+02 2.092765474319458008e+02 5.515132522583007812e+02 2.034656953811645508e+02 2.000000000000000000e+00
2.528176546096801758e+02 4.545609855651855469e+02 2.497061157226562500e+02 4.529736471176147461e+02 2.388988208770751953e+02 4.476991367340087891e+02 2.000000000000000000e+00
2.120795917510986328e+02 4.464938449859619141e+02 2.089305686950683594e+02 4.449003410339355469e+02 1.980188846588134766e+02 4.397407579421997070e+02 2.000000000000000000e+00
3.097421872615814209e+02 4.595029735565185547e+02 3.065890192985534668e+02 4.579815530776977539e+02 2.957994985580444336e+02 4.525076150894165039e+02 2.000000000000000000e+00
5.442284011840820312e+02 6.663208007812500000e+01 5.411001586914062500e+02 6.510888576507568359e+01 5.297119712829589844e+02 5.944916725158691406e+01 2.000000000000000000e+00
4.576679992675781250e+02 3.746397113800048828e+02 4.545807552337646484e+02 3.730765771865844727e+02 4.436052227020263672e+02 3.674271297454833984e+02 2.000000000000000000e+00
6.090352249145507812e+02 5.973276615142822266e+01 6.058395385742187500e+02 5.820154666900634766e+01 5.943810462951660156e+02 5.240042209625244141e+01 2.000000000000000000e+00
5.400684165954589844e+02 1.848260915279388428e+02 5.368676757812500000e+02 1.831416428089141846e+02 5.255908203125000000e+02 1.774875640869140625e+02 2.000000000000000000e+00
2.428163433074951172e+02 4.277291965484619141e+02 2.396567821502685547e+02 4.262531805038452148e+02 2.288249301910400391e+02 4.208226442337036133e+02 2.000000000000000000e+00
2.957270812988281250e+02 4.555233621597290039e+02 2.926737976074218750e+02 4.539855480194091797e+02 2.818213200569152832e+02 4.485513353347778320e+02 2.000000000000000000e+00
4.295631122589111328e+02 4.656600522994995117e+02 4.264528560638427734e+02 4.640146923065185547e+02 4.155864906311035156e+02 4.583906936645507812e+02 2.000000000000000000e+00
5.179812622070312500e+02 1.137291669845581055e+02 5.149254226684570312e+02 1.120704030990600586e+02 5.036224746704101562e+02 1.064431142807006836e+02 2.000000000000000000e+00
6.288524246215820312e+02 2.229711145162582397e+02 6.257048416137695312e+02 2.212559187412261963e+02 6.143508911132812500e+02 2.154744708538055420e+02 2.000000000000000000e+00
4.366844844818115234e+02 4.007604503631591797e+02 4.334877300262451172e+02 3.991780185699462891e+02 4.225745582580566406e+02 3.935832595825195312e+02 2.000000000000000000e+00
6.139351272583007812e+02 2.348858486115932465e+02 6.106703567504882812e+02 2.332566069066524506e+02 5.994326782226562500e+02 2.273716726899147034e+02 2.000000000000000000e+00
4.087307453155517578e+02 3.357188487052917480e+02 4.055627727508544922e+02 3.341177129745483398e+02 3.945282602310180664e+02 3.285482811927795410e+02 2.000000000000000000e+00
5.027140235900878906e+02 3.027462172508239746e+02 4.995726394653320312e+02 3.013706374168395996e+02 4.883950614929199219e+02 2.954621922969818115e+02 2.000000000000000000e+00
6.099105834960937500e+02 2.328734430670738220e+02 6.066631507873535156e+02 2.313455039262771606e+02 5.954079627990722656e+02 2.254067373275756836e+02 2.000000000000000000e+00
4.667339801788330078e+02 3.866939449310302734e+02 4.636528682708740234e+02 3.851072502136230469e+02 4.525507545471191406e+02 3.794352149963378906e+02 2.000000000000000000e+00
2.338616180419921875e+02 4.416113376617431641e+02 2.306342315673828125e+02 4.400198793411254883e+02 2.198274707794189453e+02 4.347712182998657227e+02 2.000000000000000000e+00
5.476879310607910156e+02 3.746493530273437500e+02 5.444754028320312500e+02 3.730851173400878906e+02 5.333438110351562500e+02 3.672276020050048828e+02 2.000000000000000000e+00
2.677505493164062500e+02 4.376035022735595703e+02 2.647227764129638672e+02 4.360411834716796875e+02 2.538269329071044922e+02 4.306860494613647461e+02 2.000000000000000000e+00
5.170358276367187500e+02 1.487842369079589844e+02 5.139672279357910156e+02 1.471455931663513184e+02 5.027225303649902344e+02 1.414888858795166016e+02 2.000000000000000000e+00
5.640140342712402344e+02 2.048448014259338379e+02 5.607495117187500000e+02 2.031598341464996338e+02 5.496230506896972656e+02 1.975397622585296631e+02 2.000000000000000000e+00
5.507411575317382812e+02 2.026021420955657959e+02 5.478610801696777344e+02 2.012121570110321045e+02 5.365164756774902344e+02 1.954149770736694336e+02 2.000000000000000000e+00
5.769569206237792969e+02 2.129087662696838379e+02 5.737010002136230469e+02 2.113230121135711670e+02 5.624773025512695312e+02 2.054837000370025635e+02 2.000000000000000000e+00
4.165840435028076172e+02 3.588909673690795898e+02 4.134833049774169922e+02 3.572703623771667480e+02 4.025316524505615234e+02 3.517139339447021484e+02 2.000000000000000000e+00
5.809989738464355469e+02 1.657932543754577637e+02 5.777013587951660156e+02 1.641251349449157715e+02 5.664771080017089844e+02 1.584522986412048340e+02 2.000000000000000000e+00
6.097962760925292969e+02 1.847891986370086670e+02 6.065517044067382812e+02 1.831671559810638428e+02 5.953836631774902344e+02 1.774132990837097168e+02 2.000000000000000000e+00
4.066927242279052734e+02 4.496698379516601562e+02 4.035205078125000000e+02 4.480418872833251953e+02 3.926778554916381836e+02 4.424336385726928711e+02 2.000000000000000000e+00
5.390790367126464844e+02 1.517145180702209473e+02 5.359576416015625000e+02 1.500849223136901855e+02 5.247418785095214844e+02 1.444003415107727051e+02 2.000000000000000000e+00
4.716769409179687500e+02 4.127541303634643555e+02 4.684957885742187500e+02 4.111510705947875977e+02 4.575736713409423828e+02 4.054348897933959961e+02 2.000000000000000000e+00
5.940427970886230469e+02 1.607667160034179688e+02 5.907686233520507812e+02 1.592201614379882812e+02 5.795006179809570312e+02 1.534882164001464844e+02 2.000000000000000000e+00
5.592661094665527344e+02 2.229507744312286377e+02 5.558158683776855469e+02 2.212525928020477295e+02 5.447405433654785156e+02 2.154792308807373047e+02 2.000000000000000000e+00
4.166868877410888672e+02 4.057023382186889648e+02 4.134495258331298828e+02 4.041239976882934570e+02 4.026204204559326172e+02 3.985209703445434570e+02 2.000000000000000000e+00
4.949047660827636719e+02 1.878746938705444336e+02 4.918216514587402344e+02 1.862052118778228760e+02 4.806156730651855469e+02 1.806126844882965088e+02 2.000000000000000000e+00
5.860304069519042969e+02 1.859192633628845215e+02 5.829013061523437500e+02 1.842664468288421631e+02 5.715426063537597656e+02 1.784704685211181641e+02 2.000000000000000000e+00
6.190638542175292969e+02 7.174389839172363281e+01 6.158189773559570312e+02 7.016969203948974609e+01 6.043944168090820312e+02 6.445385456085205078e+01 2.000000000000000000e+00
4.766407775878906250e+02 4.207722616195678711e+02 4.734260845184326172e+02 4.191783285140991211e+02 4.624994182586669922e+02 4.133900499343872070e+02 2.000000000000000000e+00
4.415898132324218750e+02 4.506419134140014648e+02 4.384531593322753906e+02 4.489518213272094727e+02 4.275945472717285156e+02 4.433388233184814453e+02 2.000000000000000000e+00
2.668021249771118164e+02 4.145487785339355469e+02 2.636699199676513672e+02 4.131086540222167969e+02 2.527916717529296875e+02 4.077076148986816406e+02 2.000000000000000000e+00
6.299026489257812500e+02 2.279576718807220459e+02 6.267390823364257812e+02 2.262529903650283813e+02 6.153805541992187500e+02 2.204456162452697754e+02 2.000000000000000000e+00
4.465417194366455078e+02 4.316956329345703125e+02 4.434279537200927734e+02 4.301236724853515625e+02 4.325028991699218750e+02 4.244235277175903320e+02 2.000000000000000000e+00
5.566758537292480469e+02 3.765929603576660156e+02 5.535054397583007812e+02 3.750474071502685547e+02 5.423562049865722656e+02 3.691668748855590820e+02 2.000000000000000000e+00
5.440618324279785156e+02 1.627707052230834961e+02 5.410025596618652344e+02 1.611874008178710938e+02 5.297724723815917969e+02 1.554633593559265137e+02 2.000000000000000000e+00
6.259039878845214844e+02 2.068500208854675293e+02 6.226701736450195312e+02 2.052623569965362549e+02 6.113628578186035156e+02 1.993879365921020508e+02 2.000000000000000000e+00
5.235866165161132812e+02 4.477132701873779297e+02 5.203682899475097656e+02 4.460143804550170898e+02 5.093614768981933594e+02 4.400528669357299805e+02 2.000000000000000000e+00
4.046781635284423828e+02 3.886972761154174805e+02 4.014802265167236328e+02 3.870871925354003906e+02 3.906155395507812500e+02 3.814651536941528320e+02 2.000000000000000000e+00
2.408582592010498047e+02 4.486063385009765625e+02 2.376515769958496094e+02 4.468826723098754883e+02 2.269269847869873047e+02 4.416805171966552734e+02 2.000000000000000000e+00
4.507036113739013672e+02 3.887319087982177734e+02 4.475376892089843750e+02 3.871344423294067383e+02 4.365976238250732422e+02 3.814525222778320312e+02 2.000000000000000000e+00
4.675305175781250000e+02 4.636820840835571289e+02 4.643809223175048828e+02 4.619540548324584961e+02 4.534629249572753906e+02 4.562110090255737305e+02 2.000000000000000000e+00
5.448918533325195312e+02 1.727839636802673340e+02 5.418109130859375000e+02 1.712106728553771973e+02 5.306395339965820312e+02 1.654743003845214844e+02 2.000000000000000000e+00
2.518515300750732422e+02 3.226850652694702148e+02 2.486515665054321289e+02 3.211417579650878906e+02 2.376663684844970703e+02 3.157839059829711914e+02 2.000000000000000000e+00
5.239634513854980469e+02 9.262362957000732422e+01 5.208816528320312500e+02 9.099387645721435547e+01 5.096134376525878906e+02 8.534733295440673828e+01 2.000000000000000000e+00
2.557901287078857422e+02 3.326581764221191406e+02 2.526211214065551758e+02 3.311871385574340820e+02 2.416483449935913086e+02 3.258746695518493652e+02 2.000000000000000000e+00
4.426842975616455078e+02 3.927490854263305664e+02 4.395347023010253906e+02 3.911816740036010742e+02 4.286595153808593750e+02 3.855317115783691406e+02 2.000000000000000000e+00
4.096684932708740234e+02 3.548383855819702148e+02 4.065951824188232422e+02 3.531952285766601562e+02 3.955726337432861328e+02 3.476873517036437988e+02 2.000000000000000000e+00
4.165983009338378906e+02 3.498634672164916992e+02 4.134727478027343750e+02 3.482470178604125977e+02 4.024828529357910156e+02 3.427023696899414062e+02 2.000000000000000000e+00
5.155844116210937500e+02 4.417063379287719727e+02 5.124049186706542969e+02 4.399537181854248047e+02 5.013731956481933594e+02 4.340842437744140625e+02 2.000000000000000000e+00
5.275478553771972656e+02 4.615728521347045898e+02 5.243238639831542969e+02 4.598899698257446289e+02 5.133073234558105469e+02 4.539585113525390625e+02 2.000000000000000000e+00
4.277709960937500000e+02 3.777947187423706055e+02 4.245857524871826172e+02 3.762528705596923828e+02 4.136255168914794922e+02 3.705822515487670898e+02 2.000000000000000000e+00
6.140514564514160156e+02 7.165449142456054688e+01 6.108613395690917969e+02 7.014654636383056641e+01 5.993985557556152344e+02 6.442790508270263672e+01 2.000000000000000000e+00
4.447062683105468750e+02 4.007756710052490234e+02 4.415206050872802734e+02 3.991964149475097656e+02 4.306374549865722656e+02 3.935595846176147461e+02 2.000000000000000000e+00
4.609655475616455078e+02 1.497391748428344727e+02 4.578382015228271484e+02 1.481784939765930176e+02 4.466423702239990234e+02 1.425813388824462891e+02 2.000000000000000000e+00
5.710526084899902344e+02 2.139110559225082397e+02 5.677764320373535156e+02 2.123001998662948608e+02 5.566058921813964844e+02 2.064848148822784424e+02 2.000000000000000000e+00
4.846264076232910156e+02 4.554949808120727539e+02 4.814389038085937500e+02 4.540050172805786133e+02 4.705488014221191406e+02 4.481981849670410156e+02 2.000000000000000000e+00
4.066021442413330078e+02 4.616976070404052734e+02 4.035016536712646484e+02 4.600284576416015625e+02 3.927189636230468750e+02 4.544574022293090820e+02 2.000000000000000000e+00
4.407102966308593750e+02 3.127786874771118164e+02 4.374852275848388672e+02 3.112262606620788574e+02 4.264737606048583984e+02 3.056074547767639160e+02 2.000000000000000000e+00
4.977598571777343750e+02 3.125475525856018066e+02 4.945608901977539062e+02 3.110441637039184570e+02 4.835075950622558594e+02 3.053208661079406738e+02 2.000000000000000000e+00
4.755251789093017578e+02 4.656786918640136719e+02 4.723670387268066406e+02 4.639060449600219727e+02 4.614527320861816406e+02 4.581815671920776367e+02 2.000000000000000000e+00
4.176663494110107422e+02 3.708217906951904297e+02 4.145136165618896484e+02 3.692662096023559570e+02 4.035635662078857422e+02 3.636097526550292969e+02 2.000000000000000000e+00
4.376804542541503906e+02 3.837211990356445312e+02 4.345565223693847656e+02 3.821356630325317383e+02 4.235990047454833984e+02 3.765029382705688477e+02 2.000000000000000000e+00
2.887192988395690918e+02 4.555420017242431641e+02 2.856293940544128418e+02 4.539189004898071289e+02 2.748251962661743164e+02 4.485881710052490234e+02 2.000000000000000000e+00
5.558422279357910156e+02 2.066848111152648926e+02 5.528152465820312500e+02 2.052038705348968506e+02 5.415702629089355469e+02 1.994893455505371094e+02 2.000000000000000000e+00
4.167628192901611328e+02 4.347915458679199219e+02 4.136219215393066406e+02 4.331308650970458984e+02 4.026536560058593750e+02 4.275352334976196289e+02 2.000000000000000000e+00
4.907714843750000000e+02 3.217214727401733398e+02 4.875719261169433594e+02 3.200253367424011230e+02 4.765494728088378906e+02 3.144873690605163574e+02 2.000000000000000000e+00
6.040474319458007812e+02 6.569373607635498047e+01 6.008496093750000000e+02 6.417510509490966797e+01 5.894154739379882812e+02 5.840005874633789062e+01 2.000000000000000000e+00
4.316779232025146484e+02 3.866951036453247070e+02 4.285758972167968750e+02 3.851620531082153320e+02 4.176196002960205078e+02 3.795253944396972656e+02 2.000000000000000000e+00
5.670913124084472656e+02 2.238730913400650024e+02 5.636967277526855469e+02 2.223003834486007690e+02 5.524767494201660156e+02 2.164419382810592651e+02 2.000000000000000000e+00
4.619628047943115234e+02 9.566300868988037109e+01 4.587953186035156250e+02 9.399776458740234375e+01 4.475317096710205078e+02 8.847042560577392578e+01 2.000000000000000000e+00
4.546571063995361328e+02 3.806958103179931641e+02 4.515465450286865234e+02 3.791376399993896484e+02 4.405781555175781250e+02 3.734472084045410156e+02 2.000000000000000000e+00
6.375755691528320312e+02 1.765402650833129883e+02 6.344247436523437500e+02 1.749117708206176758e+02 6.230727005004882812e+02 1.691016983985900879e+02 2.000000000000000000e+00
5.619486045837402344e+02 2.088761901855468750e+02 5.588257408142089844e+02 2.072958505153656006e+02 5.475782585144042969e+02 2.015499866008758545e+02 2.000000000000000000e+00
2.218911075592041016e+02 4.274753522872924805e+02 2.186746311187744141e+02 4.259408426284790039e+02 2.077145862579345703e+02 4.207217502593994141e+02 2.000000000000000000e+00
5.186782264709472656e+02 3.697094821929931641e+02 5.154992675781250000e+02 3.680668687820434570e+02 5.045248794555664062e+02 3.623436927795410156e+02 2.000000000000000000e+00
4.435350704193115234e+02 4.396269035339355469e+02 4.404302406311035156e+02 4.380601930618286133e+02 4.295150470733642578e+02 4.323610639572143555e+02 2.000000000000000000e+00
3.137717896699905396e+02 3.806334543228149414e+02 3.105970460176467896e+02 3.791460371017456055e+02 2.997102665901184082e+02 3.737074899673461914e+02 2.000000000000000000e+00
2.588300752639770508e+02 3.276938223838806152e+02 2.556373739242553711e+02 3.262489700317382812e+02 2.446563243865966797e+02 3.209034776687622070e+02 2.000000000000000000e+00
2.168550205230712891e+02 4.495677566528320312e+02 2.137626361846923828e+02 4.479545402526855469e+02 2.028284931182861328e+02 4.427650594711303711e+02 2.000000000000000000e+00
4.757065773010253906e+02 3.276882362365722656e+02 4.725014972686767578e+02 3.259919142723083496e+02 4.614832210540771484e+02 3.204767775535583496e+02 2.000000000000000000e+00
2.588432312011718750e+02 3.226816749572753906e+02 2.556447744369506836e+02 3.211362934112548828e+02 2.446576690673828125e+02 3.157849431037902832e+02 2.000000000000000000e+00
4.949144935607910156e+02 1.067255687713623047e+02 4.917529106140136719e+02 1.051438093185424805e+02 4.806563758850097656e+02 9.952634811401367188e+01 2.000000000000000000e+00
3.097502434253692627e+02 3.816375875473022461e+02 3.065918576717376709e+02 3.801044940948486328e+02 2.957295227050781250e+02 3.746943998336791992e+02 2.000000000000000000e+00
4.116436481475830078e+02 4.596696567535400391e+02 4.085713481903076172e+02 4.580303192138671875e+02 3.977418851852416992e+02 4.523992967605590820e+02 2.000000000000000000e+00
4.366753578186035156e+02 3.138020396232604980e+02 4.334844684600830078e+02 3.122331905364990234e+02 4.224585914611816406e+02 3.066353487968444824e+02 2.000000000000000000e+00
6.090222167968750000e+02 6.771227359771728516e+01 6.057876586914062500e+02 6.619103908538818359e+01 5.943745231628417969e+02 6.041311740875244141e+01 2.000000000000000000e+00
5.089917373657226562e+02 6.773892402648925781e+01 5.058889198303222656e+02 6.610387802124023438e+01 4.944080162048339844e+02 6.048394203186035156e+01 2.000000000000000000e+00
4.989294242858886719e+02 5.767134189605712891e+01 4.959039115905761719e+02 5.614095211029052734e+01 4.844116210937500000e+02 5.040966510772705078e+01 2.000000000000000000e+00
5.971661376953125000e+02 7.171186923980712891e+01 5.939379882812500000e+02 7.015585899353027344e+01 5.825918006896972656e+02 6.446246623992919922e+01 2.000000000000000000e+00
5.820585441589355469e+02 5.577053546905517578e+01 5.790031242370605469e+02 5.420714378356933594e+01 5.674859046936035156e+02 4.842384338378906250e+01 2.000000000000000000e+00
4.608541870117187500e+02 1.316626954078674316e+02 4.577042579650878906e+02 1.300125646591186523e+02 4.464829444885253906e+02 1.245454859733581543e+02 2.000000000000000000e+00
5.931060218811035156e+02 5.778174877166748047e+01 5.898519325256347656e+02 5.614262580871582031e+01 5.784268760681152344e+02 5.043949127197265625e+01 2.000000000000000000e+00
5.930929565429687500e+02 7.180469512939453125e+01 5.898450279235839844e+02 7.018525600433349609e+01 5.785230064392089844e+02 6.447576999664306641e+01 2.000000000000000000e+00
2.628038311004638672e+02 4.125505399703979492e+02 2.596829843521118164e+02 4.110986709594726562e+02 2.488080883026123047e+02 4.057348680496215820e+02 2.000000000000000000e+00
5.059007835388183594e+02 2.168374925851821899e+02 5.027624320983886719e+02 2.152093791961669922e+02 4.915437889099121094e+02 2.094516599178314209e+02 2.000000000000000000e+00
5.180147171020507812e+02 1.086906766891479492e+02 5.149234008789062500e+02 1.070058631896972656e+02 5.036297416687011719e+02 1.014165401458740234e+02 2.000000000000000000e+00
5.185990715026855469e+02 4.546395635604858398e+02 5.153783035278320312e+02 4.529535341262817383e+02 5.043664932250976562e+02 4.470501565933227539e+02 2.000000000000000000e+00
5.192851066589355469e+02 5.477960586547851562e+01 5.160635948181152344e+02 5.322850227355957031e+01 5.047280311584472656e+02 4.747000694274902344e+01 2.000000000000000000e+00
5.190916252136230469e+02 1.277303624153137207e+02 5.159612464904785156e+02 1.262308716773986816e+02 5.047033119201660156e+02 1.204571628570556641e+02 2.000000000000000000e+00
2.758461284637451172e+02 4.145698642730712891e+02 2.726956796646118164e+02 4.131151771545410156e+02 2.618336153030395508e+02 4.077131795883178711e+02 2.000000000000000000e+00
4.410970783233642578e+02 6.971883773803710938e+01 4.379572486877441406e+02 6.810041427612304688e+01 4.265016841888427734e+02 6.250890254974365234e+01 2.000000000000000000e+00
5.477133750915527344e+02 3.796688032150268555e+02 5.444930458068847656e+02 3.781144523620605469e+02 5.333673095703125000e+02 3.722345638275146484e+02 2.000000000000000000e+00
4.097351360321044922e+02 4.456724023818969727e+02 4.065094947814941406e+02 4.441124010086059570e+02 3.956537199020385742e+02 4.384380054473876953e+02 2.000000000000000000e+00
6.069304275512695312e+02 2.147315812110900879e+02 6.036782264709472656e+02 2.131193536520004272e+02 5.923911857604980469e+02 2.073788738250732422e+02 2.000000000000000000e+00
4.616717529296875000e+02 3.836653518676757812e+02 4.585619544982910156e+02 3.821193981170654297e+02 4.475990581512451172e+02 3.764547729492187500e+02 2.000000000000000000e+00
2.637500286102294922e+02 4.276179313659667969e+02 2.607956552505493164e+02 4.260792875289916992e+02 2.497766542434692383e+02 4.207268428802490234e+02 2.000000000000000000e+00
2.537589883804321289e+02 2.997078573703765869e+02 2.506621074676513672e+02 2.980996119976043701e+02 2.395776462554931641e+02 2.929327404499053955e+02 2.000000000000000000e+00
6.329894447326660156e+02 2.419885101914405823e+02 6.297684288024902344e+02 2.403479614388197660e+02 6.183865928649902344e+02 2.344031980633735657e+02 2.000000000000000000e+00
3.837434101104736328e+02 3.856896686553955078e+02 3.805670166015625000e+02 3.841082239151000977e+02 3.696269559860229492e+02 3.785773086547851562e+02 2.000000000000000000e+00
2.218767356872558594e+02 4.665156984329223633e+02 2.187394046783447266e+02 4.648477220535278320e+02 2.079652690887451172e+02 4.597160196304321289e+02 2.000000000000000000e+00
5.309251213073730469e+02 9.162174224853515625e+01 5.278619384765625000e+02 8.997728347778320312e+01 5.165983963012695312e+02 8.434646129608154297e+01 2.000000000000000000e+00
2.289047527313232422e+02 4.324960184097290039e+02 2.256274986267089844e+02 4.309811210632324219e+02 2.147983360290527344e+02 4.257179975509643555e+02 2.000000000000000000e+00
5.258404541015625000e+02 7.871834278106689453e+01 5.227666664123535156e+02 7.710712909698486328e+01 5.115116310119628906e+02 7.147338867187500000e+01 2.000000000000000000e+00
2.697897958755493164e+02 4.575713968276977539e+02 2.666189861297607422e+02 4.559237766265869141e+02 2.558742809295654297e+02 4.506758165359497070e+02 2.000000000000000000e+00
4.727177143096923828e+02 3.957284259796142578e+02 4.696154499053955078e+02 3.941247367858886719e+02 4.585718441009521484e+02 3.884557628631591797e+02 2.000000000000000000e+00
4.677004718780517578e+02 4.107529020309448242e+02 4.644848918914794922e+02 4.090908908843994141e+02 4.535792541503906250e+02 4.034941864013671875e+02 2.000000000000000000e+00
4.018035316467285156e+02 3.397456741333007812e+02 3.985872220993041992e+02 3.380783128738403320e+02 3.876016855239868164e+02 3.325721454620361328e+02 2.000000000000000000e+00
4.728611755371093750e+02 8.264170646667480469e+01 4.696910762786865234e+02 8.113403320312500000e+01 4.584224224090576172e+02 7.547548770904541016e+01 2.000000000000000000e+00
5.241301918029785156e+02 9.757912158966064453e+01 5.209959793090820312e+02 9.595457553863525391e+01 5.096750450134277344e+02 9.032936096191406250e+01 2.000000000000000000e+00
4.465427303314208984e+02 4.366710948944091797e+02 4.434368610382080078e+02 4.351117086410522461e+02 4.325300884246826172e+02 4.294130659103393555e+02 2.000000000000000000e+00
4.896918296813964844e+02 4.006557369232177734e+02 4.865306472778320312e+02 3.989064788818359375e+02 4.755027770996093750e+02 3.932164049148559570e+02 2.000000000000000000e+00
5.482372474670410156e+02 6.562132358551025391e+01 5.450920486450195312e+02 6.407725811004638672e+01 5.336788368225097656e+02 5.843792438507080078e+01 2.000000000000000000e+00
5.522233390808105469e+02 6.562840461730957031e+01 5.490586662292480469e+02 6.408790111541748047e+01 5.376525306701660156e+02 5.843823909759521484e+01 2.000000000000000000e+00
5.432649040222167969e+02 7.163905620574951172e+01 5.401005935668945312e+02 7.008001327514648438e+01 5.287357139587402344e+02 6.444781780242919922e+01 2.000000000000000000e+00
5.890003776550292969e+02 1.687693905830383301e+02 5.857169914245605469e+02 1.671363043785095215e+02 5.744812583923339844e+02 1.614624881744384766e+02 2.000000000000000000e+00
5.859730339050292969e+02 2.179104298353195190e+02 5.826984214782714844e+02 2.162622982263565063e+02 5.714541053771972656e+02 2.104196906089782715e+02 2.000000000000000000e+00
4.236668109893798828e+02 4.077551937103271484e+02 4.204144954681396484e+02 4.061514329910278320e+02 4.095874309539794922e+02 4.005858564376831055e+02 2.000000000000000000e+00
5.711769485473632812e+02 2.248403155803680420e+02 5.678139686584472656e+02 2.232820272445678711e+02 5.565423583984375000e+02 2.174284654855728149e+02 2.000000000000000000e+00
5.377580070495605469e+02 3.006580853462219238e+02 5.345565795898437500e+02 2.990383315086364746e+02 5.234523963928222656e+02 2.934270036220550537e+02 2.000000000000000000e+00
2.597504854202270508e+02 4.465535688400268555e+02 2.567067241668701172e+02 4.449621105194091797e+02 2.457933807373046875e+02 4.396239995956420898e+02 2.000000000000000000e+00
4.619135475158691406e+02 1.207030320167541504e+02 4.586710548400878906e+02 1.190982341766357422e+02 4.475177955627441406e+02 1.135202980041503906e+02 2.000000000000000000e+00
4.277299785614013672e+02 3.267050242424011230e+02 4.246508216857910156e+02 3.251791405677795410e+02 4.136028766632080078e+02 3.195511507987976074e+02 2.000000000000000000e+00
4.780104351043701172e+02 6.866500854492187500e+01 4.747724914550781250e+02 6.708023071289062500e+01 4.635127925872802734e+02 6.143255710601806641e+01 2.000000000000000000e+00
4.579994869232177734e+02 9.364774703979492188e+01 4.548201274871826172e+02 9.198431968688964844e+01 4.435529232025146484e+02 8.646861076354980469e+01 2.000000000000000000e+00
4.850576591491699219e+02 8.062763214111328125e+01 4.817903709411621094e+02 7.909049034118652344e+01 4.705723857879638672e+02 7.340875625610351562e+01 2.000000000000000000e+00
1.939845752716064453e+02 4.475130128860473633e+02 1.908229160308837891e+02 4.458907556533813477e+02 1.799971485137939453e+02 4.407836723327636719e+02 2.000000000000000000e+00
5.749698448181152344e+02 6.781006336212158203e+01 5.719067382812500000e+02 6.614966869354248047e+01 5.604511833190917969e+02 6.049863338470458984e+01 2.000000000000000000e+00
4.990468215942382812e+02 6.873031139373779297e+01 4.958855628967285156e+02 6.709237575531005859e+01 4.844386863708496094e+02 6.145038127899169922e+01 2.000000000000000000e+00
5.286142539978027344e+02 3.116351366043090820e+02 5.254859733581542969e+02 3.100085806846618652e+02 5.143541336059570312e+02 3.043534255027770996e+02 2.000000000000000000e+00
5.316041946411132812e+02 3.196345281600952148e+02 5.284680747985839844e+02 3.181429195404052734e+02 5.173145103454589844e+02 3.123700618743896484e+02 2.000000000000000000e+00
5.736470413208007812e+02 4.306179571151733398e+02 5.704150390625000000e+02 4.289387655258178711e+02 5.592447471618652344e+02 4.229699850082397461e+02 2.000000000000000000e+00
4.556074237823486328e+02 4.626446914672851562e+02 4.525011634826660156e+02 4.609517383575439453e+02 4.416365718841552734e+02 4.552271890640258789e+02 2.000000000000000000e+00
4.157364845275878906e+02 4.466909837722778320e+02 4.125405311584472656e+02 4.451176500320434570e+02 4.016594219207763672e+02 4.394516658782958984e+02 2.000000000000000000e+00
4.116119670867919922e+02 3.498108887672424316e+02 4.084901428222656250e+02 3.482104253768920898e+02 3.975020170211791992e+02 3.426717853546142578e+02 2.000000000000000000e+00
5.317984008789062500e+02 2.976503634452819824e+02 5.285806846618652344e+02 2.960658609867095947e+02 5.174845695495605469e+02 2.904347848892211914e+02 2.000000000000000000e+00
4.117603492736816406e+02 4.397291421890258789e+02 4.085687541961669922e+02 4.381276416778564453e+02 3.976522541046142578e+02 4.324956464767456055e+02 2.000000000000000000e+00
4.755635738372802734e+02 4.616525316238403320e+02 4.724266052246093750e+02 4.598811721801757812e+02 4.614577674865722656e+02 4.541804981231689453e+02 2.000000000000000000e+00
6.370144081115722656e+02 2.409352264925837517e+02 6.338152503967285156e+02 2.393616027384996414e+02 6.224136352539062500e+02 2.334031368792057037e+02 2.000000000000000000e+00
5.325618362426757812e+02 4.336987352371215820e+02 5.293343544006347656e+02 4.319468164443969727e+02 5.183376502990722656e+02 4.261778354644775391e+02 2.000000000000000000e+00
2.818593430519104004e+02 4.455987310409545898e+02 2.786262798309326172e+02 4.440736484527587891e+02 2.678805828094482422e+02 4.387101602554321289e+02 2.000000000000000000e+00
5.350509643554687500e+02 1.738204193115234375e+02 5.319531822204589844e+02 1.722547388076782227e+02 5.207187461853027344e+02 1.665133023262023926e+02 2.000000000000000000e+00
4.996315383911132812e+02 4.485330963134765625e+02 4.963454627990722656e+02 4.469880437850952148e+02 4.855920219421386719e+02 4.411993789672851562e+02 2.000000000000000000e+00
3.736987638473510742e+02 3.707064914703369141e+02 3.705715322494506836e+02 3.692672252655029297e+02 3.597302865982055664e+02 3.636193656921386719e+02 2.000000000000000000e+00
6.010739707946777344e+02 5.972481250762939453e+01 5.977931022644042969e+02 5.811670303344726562e+01 5.864213943481445312e+02 5.239688873291015625e+01 2.000000000000000000e+00
3.957932758331298828e+02 3.476900696754455566e+02 3.926551818847656250e+02 3.460714173316955566e+02 3.816792011260986328e+02 3.405629324913024902e+02 2.000000000000000000e+00
4.489502239227294922e+02 7.770293712615966797e+01 4.458733272552490234e+02 7.607231140136718750e+01 4.344971370697021484e+02 7.049633502960205078e+01 2.000000000000000000e+00
2.518318176269531250e+02 3.286815261840820312e+02 2.486384248733520508e+02 3.272440838813781738e+02 2.376627635955810547e+02 3.218880057334899902e+02 2.000000000000000000e+00
4.117118263244628906e+02 4.066858005523681641e+02 4.084826374053955078e+02 4.051064872741699219e+02 3.976442289352416992e+02 3.994736051559448242e+02 2.000000000000000000e+00
5.321274375915527344e+02 2.000066971778869629e+02 5.291207885742187500e+02 1.983527183532714844e+02 5.178366088867187500e+02 1.925122654438018799e+02 2.000000000000000000e+00
4.740285015106201172e+02 1.618515443801879883e+02 4.707286071777343750e+02 1.603527188301086426e+02 4.595988464355468750e+02 1.546503424644470215e+02 2.000000000000000000e+00
4.476864051818847656e+02 3.937573957443237305e+02 4.445415401458740234e+02 3.921783542633056641e+02 4.336662292480468750e+02 3.865257310867309570e+02 2.000000000000000000e+00
4.956739616394042969e+02 4.495305633544921875e+02 4.923952102661132812e+02 4.479679012298583984e+02 4.816095542907714844e+02 4.421875047683715820e+02 2.000000000000000000e+00
6.210011100769042969e+02 2.167874139547348022e+02 6.177692222595214844e+02 2.151416301727294922e+02 6.064381217956542969e+02 2.093760681152343750e+02 2.000000000000000000e+00
5.499602699279785156e+02 1.627863121032714844e+02 5.468397331237792969e+02 1.611765217781066895e+02 5.356553459167480469e+02 1.554662561416625977e+02 2.000000000000000000e+00
5.829408073425292969e+02 2.048842155933380127e+02 5.797396278381347656e+02 2.032970416545867920e+02 5.684788322448730469e+02 1.975122356414794922e+02 2.000000000000000000e+00
4.625781250000000000e+02 4.546261453628540039e+02 4.594755840301513672e+02 4.529057407379150391e+02 4.485104084014892578e+02 4.472345924377441406e+02 2.000000000000000000e+00
4.086673641204833984e+02 4.036879920959472656e+02 4.054879474639892578e+02 4.020805406570434570e+02 3.946677255630493164e+02 3.964682435989379883e+02 2.000000000000000000e+00
4.790143489837646484e+02 1.880268359184265137e+02 4.757759380340576172e+02 1.863555121421813965e+02 4.646754169464111328e+02 1.809453248977661133e+02 2.000000000000000000e+00
2.260105133056640625e+02 4.555185413360595703e+02 2.227568149566650391e+02 4.539163684844970703e+02 2.119821453094482422e+02 4.487348699569702148e+02 2.000000000000000000e+00
5.558227539062500000e+02 2.016711866855621338e+02 5.527919960021972656e+02 2.001840949058532715e+02 5.415415763854980469e+02 1.944792151451110840e+02 2.000000000000000000e+00
1.866837787628173828e+02 4.604905843734741211e+02 1.834817790985107422e+02 4.589340591430664062e+02 1.725198841094970703e+02 4.538553571701049805e+02 2.000000000000000000e+00
4.355874061584472656e+02 4.157175350189208984e+02 4.323232460021972656e+02 4.141310834884643555e+02 4.214418983459472656e+02 4.084922933578491211e+02 2.000000000000000000e+00
5.314821243286132812e+02 4.625469160079956055e+02 5.283239746093750000e+02 4.608563947677612305e+02 5.173125076293945312e+02 4.549395561218261719e+02 2.000000000000000000e+00
5.406370925903320312e+02 2.047274601459503174e+02 5.376362419128417969e+02 2.032461512088775635e+02 5.265275382995605469e+02 1.973802924156188965e+02 2.000000000000000000e+00
6.219334793090820312e+02 2.398395995981991291e+02 6.186294555664062500e+02 2.382228239625692368e+02 6.074172401428222656e+02 2.323487851023674011e+02 2.000000000000000000e+00
4.796850013732910156e+02 3.066820693016052246e+02 4.764791297912597656e+02 3.049741244316101074e+02 4.654574871063232422e+02 2.994588339328765869e+02 2.000000000000000000e+00
2.718342876434326172e+02 4.145622396469116211e+02 2.686841106414794922e+02 4.131111574172973633e+02 2.578163433074951172e+02 4.077112197875976562e+02 2.000000000000000000e+00
5.159254264831542969e+02 2.107764422893524170e+02 5.127578163146972656e+02 2.091618025302886963e+02 5.015282630920410156e+02 2.034674656391143799e+02 2.000000000000000000e+00
5.281082153320312500e+02 1.005748558044433594e+02 5.249959754943847656e+02 9.893455982208251953e+01 5.136701011657714844e+02 9.333193302154541016e+01 2.000000000000000000e+00
4.106682491302490234e+02 4.637599325180053711e+02 4.075703716278076172e+02 4.621221399307250977e+02 3.967350482940673828e+02 4.564881134033203125e+02 2.000000000000000000e+00
5.941467285156250000e+02 6.575985431671142578e+01 5.908482742309570312e+02 6.419003963470458984e+01 5.794418907165527344e+02 5.842514991760253906e+01 2.000000000000000000e+00
4.930885124206542969e+02 6.974198341369628906e+01 4.899279785156250000e+02 6.813197135925292969e+01 4.785131263732910156e+02 6.244681835174560547e+01 2.000000000000000000e+00
4.096871948242187500e+02 3.457753658294677734e+02 4.065306377410888672e+02 3.441614770889282227e+02 3.955669260025024414e+02 3.386125516891479492e+02 2.000000000000000000e+00
4.366089534759521484e+02 4.217151546478271484e+02 4.334049701690673828e+02 4.201334667205810547e+02 4.224960994720458984e+02 4.144654941558837891e+02 2.000000000000000000e+00
5.160806274414062500e+02 1.527825736999511719e+02 5.129883384704589844e+02 1.511579561233520508e+02 5.016778945922851562e+02 1.454939818382263184e+02 2.000000000000000000e+00
5.710089111328125000e+02 2.069174802303314209e+02 5.677694702148437500e+02 2.051977980136871338e+02 5.566280555725097656e+02 1.995527923107147217e+02 2.000000000000000000e+00
4.346909236907958984e+02 3.926949548721313477e+02 4.315803241729736328e+02 3.911284875869750977e+02 4.206522560119628906e+02 3.855077648162841797e+02 2.000000000000000000e+00
6.107728958129882812e+02 1.897675144672393799e+02 6.075286865234375000e+02 1.881493949890136719e+02 5.963642692565917969e+02 1.824073612689971924e+02 2.000000000000000000e+00
4.346690654754638672e+02 4.047371578216552734e+02 4.314227962493896484e+02 4.031633949279785156e+02 4.205523395538330078e+02 3.975445604324340820e+02 2.000000000000000000e+00
3.727393817901611328e+02 3.777033519744873047e+02 3.695816040039062500e+02 3.761650514602661133e+02 3.587702345848083496e+02 3.706119489669799805e+02 2.000000000000000000e+00
4.637086772918701172e+02 4.337306356430053711e+02 4.605376338958740234e+02 4.320918416976928711e+02 4.497067928314208984e+02 4.263988494873046875e+02 2.000000000000000000e+00
4.306051063537597656e+02 4.157447290420532227e+02 4.273330116271972656e+02 4.141542434692382812e+02 4.165270709991455078e+02 4.085336351394653320e+02 2.000000000000000000e+00
2.427980327606201172e+02 2.866633951663970947e+02 2.395816802978515625e+02 2.850957369804382324e+02 2.284966850280761719e+02 2.798305392265319824e+02 2.000000000000000000e+00
4.317259883880615234e+02 3.708305454254150391e+02 4.285109233856201172e+02 3.692944765090942383e+02 4.175600910186767578e+02 3.635903406143188477e+02 2.000000000000000000e+00
4.486283874511718750e+02 3.746693515777587891e+02 4.455256366729736328e+02 3.731275463104248047e+02 4.346080017089843750e+02 3.674624347686767578e+02 2.000000000000000000e+00
4.167706966400146484e+02 4.417128467559814453e+02 4.135758972167968750e+02 4.401186990737915039e+02 4.027030372619628906e+02 4.344849300384521484e+02 2.000000000000000000e+00
4.816616821289062500e+02 4.127521705627441406e+02 4.784887123107910156e+02 4.111164093017578125e+02 4.675235271453857422e+02 4.053640794754028320e+02 2.000000000000000000e+00
4.785477638244628906e+02 4.297161912918090820e+02 4.753706645965576172e+02 4.281583070755004883e+02 4.644690227508544922e+02 4.223466825485229492e+02 2.000000000000000000e+00
4.901645851135253906e+02 1.506060576438903809e+02 4.869804191589355469e+02 1.492388749122619629e+02 4.757309246063232422e+02 1.434199905395507812e+02 2.000000000000000000e+00
2.917750859260559082e+02 3.715645551681518555e+02 2.886337876319885254e+02 3.700303459167480469e+02 2.777193880081176758e+02 3.646629953384399414e+02 2.000000000000000000e+00
5.270645713806152344e+02 1.708309292793273926e+02 5.240159988403320312e+02 1.692549991607666016e+02 5.126900672912597656e+02 1.635286831855773926e+02 2.000000000000000000e+00
5.410576248168945312e+02 1.657306194305419922e+02 5.379742431640625000e+02 1.641759753227233887e+02 5.267375564575195312e+02 1.584526634216308594e+02 2.000000000000000000e+00
4.819429969787597656e+02 6.970812320709228516e+01 4.787243938446044922e+02 6.812099933624267578e+01 4.674354267120361328e+02 6.244284152984619141e+01 2.000000000000000000e+00
4.680125713348388672e+02 1.628884363174438477e+02 4.648178100585937500e+02 1.613185358047485352e+02 4.535897827148437500e+02 1.556588888168334961e+02 2.000000000000000000e+00
4.679200744628906250e+02 8.965900897979736328e+01 4.647559547424316406e+02 8.809195518493652344e+01 4.535304927825927734e+02 8.247759819030761719e+01 2.000000000000000000e+00
4.155888366699218750e+02 4.617189073562622070e+02 4.125553607940673828e+02 4.601133871078491211e+02 4.017011451721191406e+02 4.544596910476684570e+02 2.000000000000000000e+00
4.207578182220458984e+02 3.246885752677917480e+02 4.176838684082031250e+02 3.231326651573181152e+02 4.066517066955566406e+02 3.175154185295104980e+02 2.000000000000000000e+00
5.530743408203125000e+02 1.138373136520385742e+02 5.499020385742187500e+02 1.121373653411865234e+02 5.385807609558105469e+02 1.064516115188598633e+02 2.000000000000000000e+00
4.736060237884521484e+02 4.537272691726684570e+02 4.704988098144531250e+02 4.520031595230102539e+02 4.594561195373535156e+02 4.462439918518066406e+02 2.000000000000000000e+00
2.727752971649169922e+02 3.616529560089111328e+02 2.696967458724975586e+02 3.600848150253295898e+02 2.586146545410156250e+02 3.546951985359191895e+02 2.000000000000000000e+00
4.146679401397705078e+02 3.737706613540649414e+02 4.115140724182128906e+02 3.722406005859375000e+02 4.005690002441406250e+02 3.665853023529052734e+02 2.000000000000000000e+00
6.190279579162597656e+02 1.598093247413635254e+02 6.157438468933105469e+02 1.582671618461608887e+02 6.043412590026855469e+02 1.523275423049926758e+02 2.000000000000000000e+00
4.835284805297851562e+02 4.277687215805053711e+02 4.802994155883789062e+02 4.261795377731323242e+02 4.694638347625732422e+02 4.203563261032104492e+02 2.000000000000000000e+00
4.277626991271972656e+02 3.886884212493896484e+02 4.246267986297607422e+02 3.870983076095581055e+02 4.136926937103271484e+02 3.815013456344604492e+02 2.000000000000000000e+00
4.436674499511718750e+02 3.836968088150024414e+02 4.405379390716552734e+02 3.821393537521362305e+02 4.296062660217285156e+02 3.764643001556396484e+02 2.000000000000000000e+00
5.795988273620605469e+02 4.316123485565185547e+02 5.763350296020507812e+02 4.298860502243041992e+02 5.652575683593750000e+02 4.239463233947753906e+02 2.000000000000000000e+00
4.715460205078125000e+02 4.637212085723876953e+02 4.683674621582031250e+02 4.619989728927612305e+02 4.574684429168701172e+02 4.562281036376953125e+02 2.000000000000000000e+00
4.435255146026611328e+02 4.436120653152465820e+02 4.403825664520263672e+02 4.419839286804199219e+02 4.295357418060302734e+02 4.363299608230590820e+02 2.000000000000000000e+00
4.365978145599365234e+02 4.586197328567504883e+02 4.334103393554687500e+02 4.569572496414184570e+02 4.225946044921875000e+02 4.513281297683715820e+02 2.000000000000000000e+00
5.015768432617187500e+02 4.435748720169067383e+02 4.983047294616699219e+02 4.420254993438720703e+02 4.875369071960449219e+02 4.362312412261962891e+02 2.000000000000000000e+00
4.976798057556152344e+02 4.036072540283203125e+02 4.945760536193847656e+02 4.017657852172851562e+02 4.835746765136718750e+02 3.960793876647949219e+02 2.000000000000000000e+00
4.036909198760986328e+02 3.986966371536254883e+02 4.005155372619628906e+02 3.970884847640991211e+02 3.896644592285156250e+02 3.914649724960327148e+02 2.000000000000000000e+00
3.998081970214843750e+02 3.457081675529479980e+02 3.965979623794555664e+02 3.441006231307983398e+02 3.856480121612548828e+02 3.385696148872375488e+02 2.000000000000000000e+00
3.700637197494506836e+02 5.766733646392822266e+01 3.670044565200805664e+02 5.606976985931396484e+01 3.555263376235961914e+02 5.053643703460693359e+01 2.000000000000000000e+00
4.326140117645263672e+02 4.107394123077392578e+02 4.293843364715576172e+02 4.091810703277587891e+02 4.185272216796875000e+02 4.035591888427734375e+02 2.000000000000000000e+00
4.955960083007812500e+02 4.217450094223022461e+02 4.925241470336914062e+02 4.200776767730712891e+02 4.816016006469726562e+02 4.143355751037597656e+02 2.000000000000000000e+00
3.466275024414062500e+02 4.595196676254272461e+02 3.435183119773864746e+02 4.579535293579101562e+02 3.327815854549407959e+02 4.524235010147094727e+02 2.000000000000000000e+00
3.297798460721969604e+02 4.326995944976806641e+02 3.266301578283309937e+02 4.310597562789916992e+02 3.157626342773437500e+02 4.255724573135375977e+02 2.000000000000000000e+00
4.106681251525878906e+02 3.906854581832885742e+02 4.075177669525146484e+02 3.890955591201782227e+02 3.966503620147705078e+02 3.834625911712646484e+02 2.000000000000000000e+00
4.196751117706298828e+02 4.006790542602539062e+02 4.164491271972656250e+02 3.990893268585205078e+02 4.056060218811035156e+02 3.935110187530517578e+02 2.000000000000000000e+00
5.769688224792480469e+02 2.018675673007965088e+02 5.737831497192382812e+02 2.001921200752258301e+02 5.625570678710937500e+02 1.945001506805419922e+02 2.000000000000000000e+00
6.155303382873535156e+02 4.007703924179077148e+02 6.122756385803222656e+02 3.990163707733154297e+02 6.010863113403320312e+02 3.930561304092407227e+02 2.000000000000000000e+00
4.216738319396972656e+02 3.757826900482177734e+02 4.184923076629638672e+02 3.742531871795654297e+02 4.075728130340576172e+02 3.685766601562500000e+02 2.000000000000000000e+00
4.106459712982177734e+02 3.598269081115722656e+02 4.075645732879638672e+02 3.582464647293090820e+02 3.965626239776611328e+02 3.526781058311462402e+02 2.000000000000000000e+00
4.677904033660888672e+02 8.363885879516601562e+01 4.646685218811035156e+02 8.210399150848388672e+01 4.534494304656982422e+02 7.644458770751953125e+01 2.000000000000000000e+00
4.165882015228271484e+02 3.628645420074462891e+02 4.135019874572753906e+02 3.612753295898437500e+02 4.025427246093750000e+02 3.556634902954101562e+02 2.000000000000000000e+00
6.088879966735839844e+02 1.986469244956970215e+02 6.056450271606445312e+02 1.971168208122253418e+02 5.944117546081542969e+02 1.913700699806213379e+02 2.000000000000000000e+00
5.979845046997070312e+02 2.398719634953886271e+02 5.947420692443847656e+02 2.382286528497934341e+02 5.834358596801757812e+02 2.324772790074348450e+02 2.000000000000000000e+00
4.589294433593750000e+02 1.036478376388549805e+02 4.557323646545410156e+02 1.020177698135375977e+02 4.445141887664794922e+02 9.640178203582763672e+01 2.000000000000000000e+00
5.310607910156250000e+02 1.176640892028808594e+02 5.280192947387695312e+02 1.161021709442138672e+02 5.166984367370605469e+02 1.103870487213134766e+02 2.000000000000000000e+00
4.985910606384277344e+02 4.555477380752563477e+02 4.953220176696777344e+02 4.539778232574462891e+02 4.845645713806152344e+02 4.482011890411376953e+02 2.000000000000000000e+00
4.277465534210205078e+02 3.708512020111083984e+02 4.245565509796142578e+02 3.692911148071289062e+02 4.135790443420410156e+02 3.636201810836791992e+02 2.000000000000000000e+00
5.429982376098632812e+02 1.808068978786468506e+02 5.398217773437500000e+02 1.791932201385498047e+02 5.285932731628417969e+02 1.734961509704589844e+02 2.000000000000000000e+00
4.415946960449218750e+02 4.556462144851684570e+02 4.384129619598388672e+02 4.539942169189453125e+02 4.276113033294677734e+02 4.483220958709716797e+02 2.000000000000000000e+00
6.169088172912597656e+02 2.319003903865814209e+02 6.137096023559570312e+02 2.302254027128219604e+02 6.024290275573730469e+02 2.243515455722808838e+02 2.000000000000000000e+00
4.870443153381347656e+02 7.371138095855712891e+01 4.837452697753906250e+02 7.212879180908203125e+01 4.724723243713378906e+02 6.643426895141601562e+01 2.000000000000000000e+00
4.306567668914794922e+02 3.927039241790771484e+02 4.275494670867919922e+02 3.911391305923461914e+02 4.166285991668701172e+02 3.855308961868286133e+02 2.000000000000000000e+00
5.369650840759277344e+02 1.808126950263977051e+02 5.337929725646972656e+02 1.791875410079956055e+02 5.225714111328125000e+02 1.735056853294372559e+02 2.000000000000000000e+00
4.696419429779052734e+02 4.207574272155761719e+02 4.663901996612548828e+02 4.191443252563476562e+02 4.555310058593750000e+02 4.134057426452636719e+02 2.000000000000000000e+00
5.850262451171875000e+02 1.707814764976501465e+02 5.817204666137695312e+02 1.690925288200378418e+02 5.704948806762695312e+02 1.634556841850280762e+02 2.000000000000000000e+00
4.586329364776611328e+02 3.917089033126831055e+02 4.555301570892333984e+02 3.901236963272094727e+02 4.445755958557128906e+02 3.844053411483764648e+02 2.000000000000000000e+00
5.285741615295410156e+02 4.466886663436889648e+02 5.253751182556152344e+02 4.449658012390136719e+02 5.143367958068847656e+02 4.390602207183837891e+02 2.000000000000000000e+00
4.117208290100097656e+02 3.698440647125244141e+02 4.085896968841552734e+02 3.682741212844848633e+02 3.976125192642211914e+02 3.626430416107177734e+02 2.000000000000000000e+00
4.756886291503906250e+02 3.187002611160278320e+02 4.724764156341552734e+02 3.169895696640014648e+02 4.614575195312500000e+02 3.114700984954833984e+02 2.000000000000000000e+00
4.006387996673583984e+02 4.516194820404052734e+02 3.974539184570312500e+02 4.499286890029907227e+02 3.866401672363281250e+02 4.443865442276000977e+02 2.000000000000000000e+00
3.988216543197631836e+02 3.687067937850952148e+02 3.956802988052368164e+02 3.670913457870483398e+02 3.846739816665649414e+02 3.615745353698730469e+02 2.000000000000000000e+00
6.149771118164062500e+02 6.460540294647216797e+01 6.118232536315917969e+02 6.312735557556152344e+01 6.003515625000000000e+02 5.737300872802734375e+01 2.000000000000000000e+00
4.899932670593261719e+02 1.686116909980773926e+02 4.867738914489746094e+02 1.670409965515136719e+02 4.756130981445312500e+02 1.614620018005371094e+02 2.000000000000000000e+00
3.528181767463684082e+02 3.947027635574340820e+02 3.497120666503906250e+02 3.931839323043823242e+02 3.387676393985748291e+02 3.876562213897705078e+02 2.000000000000000000e+00
5.290710449218750000e+02 6.169853210449218750e+01 5.259175491333007812e+02 6.017930030822753906e+01 5.145660972595214844e+02 5.444542407989501953e+01 2.000000000000000000e+00
2.338401031494140625e+02 4.496492385864257812e+02 2.306214714050292969e+02 4.479907608032226562e+02 2.198605155944824219e+02 4.427800369262695312e+02 2.000000000000000000e+00
2.537768840789794922e+02 2.866743493080139160e+02 2.506035900115966797e+02 2.851612257957458496e+02 2.395375919342041016e+02 2.798456132411956787e+02 2.000000000000000000e+00
6.341644859313964844e+02 1.468169331550598145e+02 6.309504508972167969e+02 1.452964425086975098e+02 6.196922111511230469e+02 1.400267601013183594e+02 2.000000000000000000e+00
6.165057945251464844e+02 4.047480297088623047e+02 6.132643508911132812e+02 4.030051660537719727e+02 6.021154212951660156e+02 3.970541095733642578e+02 2.000000000000000000e+00
3.767201566696166992e+02 3.766746568679809570e+02 3.735859394073486328e+02 3.751593017578125000e+02 3.627265310287475586e+02 3.695883893966674805e+02 2.000000000000000000e+00
4.375937175750732422e+02 4.326632452011108398e+02 4.344847393035888672e+02 4.310663509368896484e+02 4.235549068450927734e+02 4.253989648818969727e+02 2.000000000000000000e+00
5.070006752014160156e+02 5.477527141571044922e+01 5.039375114440917969e+02 5.325244903564453125e+01 4.925686454772949219e+02 4.747724533081054688e+01 2.000000000000000000e+00
4.056733989715576172e+02 3.517945003509521484e+02 4.025409221649169922e+02 3.501642537117004395e+02 3.915414762496948242e+02 3.446582365036010742e+02 2.000000000000000000e+00
4.776411151885986328e+02 4.137732696533203125e+02 4.744602966308593750e+02 4.121651029586791992e+02 4.635089778900146484e+02 4.063974094390869141e+02 2.000000000000000000e+00
2.289417839050292969e+02 4.435083103179931641e+02 2.256626129150390625e+02 4.419616842269897461e+02 2.148785400390625000e+02 4.367150402069091797e+02 2.000000000000000000e+00
4.447059631347656250e+02 3.477786326408386230e+02 4.415502357482910156e+02 3.461679124832153320e+02 4.306368446350097656e+02 3.404798054695129395e+02 2.000000000000000000e+00
2.347595024108886719e+02 4.596582412719726562e+02 2.315806102752685547e+02 4.580766677856445312e+02 2.207146930694580078e+02 4.528180360794067383e+02 2.000000000000000000e+00
6.188806152343750000e+02 2.359239193797111511e+02 6.156680870056152344e+02 2.342745052278041840e+02 6.044246864318847656e+02 2.283782038092613220e+02 2.000000000000000000e+00
5.745615196228027344e+02 3.737515926361083984e+02 5.713046836853027344e+02 3.721267175674438477e+02 5.602555656433105469e+02 3.662157726287841797e+02 2.000000000000000000e+00
3.667790222167968750e+02 4.146966934204101562e+02 3.636002206802368164e+02 4.130691003799438477e+02 3.527338266372680664e+02 4.075625324249267578e+02 2.000000000000000000e+00
4.578468036651611328e+02 8.662609577178955078e+01 4.547612667083740234e+02 8.499621391296386719e+01 4.435070800781250000e+02 7.945482730865478516e+01 2.000000000000000000e+00
5.007238769531250000e+02 4.356005001068115234e+02 4.974960327148437500e+02 4.340077257156372070e+02 4.866073036193847656e+02 4.282431364059448242e+02 2.000000000000000000e+00
5.350452995300292969e+02 1.577678489685058594e+02 5.319468498229980469e+02 1.561936926841735840e+02 5.207217407226562500e+02 1.504948496818542480e+02 2.000000000000000000e+00
4.536785602569580078e+02 3.746939420700073242e+02 4.505772686004638672e+02 3.731056594848632812e+02 4.396054744720458984e+02 3.674702453613281250e+02 2.000000000000000000e+00
4.411145973205566406e+02 7.470743179321289062e+01 4.379500484466552734e+02 7.306597709655761719e+01 4.264706134796142578e+02 6.749127388000488281e+01 2.000000000000000000e+00
5.110548782348632812e+02 5.968311309814453125e+01 5.079617118835449219e+02 5.816834449768066406e+01 4.964218521118164062e+02 5.241843223571777344e+01 2.000000000000000000e+00
4.085946941375732422e+02 3.137889719009399414e+02 4.055434322357177734e+02 3.121945810317993164e+02 3.944890165328979492e+02 3.067240333557128906e+02 2.000000000000000000e+00
5.638534545898437500e+02 3.856672811508178711e+02 5.605432128906250000e+02 3.840089178085327148e+02 5.494891929626464844e+02 3.781593990325927734e+02 2.000000000000000000e+00
4.416148662567138672e+02 4.616585254669189453e+02 4.384458065032958984e+02 4.599574756622314453e+02 4.276271343231201172e+02 4.543023777008056641e+02 2.000000000000000000e+00
4.626727008819580078e+02 3.927043247222900391e+02 4.595434570312500000e+02 3.910973596572875977e+02 4.485977840423583984e+02 3.854314041137695312e+02 2.000000000000000000e+00
4.355751705169677734e+02 4.546187210083007812e+02 4.324275875091552734e+02 4.529693412780761719e+02 4.215889263153076172e+02 4.473276758193969727e+02 2.000000000000000000e+00
2.120258140563964844e+02 4.404882287979125977e+02 2.089228057861328125e+02 4.389892959594726562e+02 1.979048633575439453e+02 4.336934852600097656e+02 2.000000000000000000e+00
4.739437294006347656e+02 7.360075950622558594e+01 4.707302284240722656e+02 7.207294464111328125e+01 4.594640254974365234e+02 6.639205455780029297e+01 2.000000000000000000e+00
4.856713294982910156e+02 4.046589088439941406e+02 4.825279235839843750e+02 4.029046154022216797e+02 4.715112972259521484e+02 3.972097492218017578e+02 2.000000000000000000e+00
4.787198162078857422e+02 3.897906875610351562e+02 4.756244182586669922e+02 3.881333684921264648e+02 4.645065593719482422e+02 3.824490737915039062e+02 2.000000000000000000e+00
4.790311336517333984e+02 6.172463893890380859e+01 4.757059669494628906e+02 6.009384155273437500e+01 4.644531536102294922e+02 5.448286056518554688e+01 2.000000000000000000e+00
6.230529785156250000e+02 7.369471549987792969e+01 6.198409461975097656e+02 7.213554382324218750e+01 6.083761596679687500e+02 6.639222621917724609e+01 2.000000000000000000e+00
4.086738014221191406e+02 3.957078266143798828e+02 4.055035114288330078e+02 3.941005611419677734e+02 3.946792602539062500e+02 3.884713554382324219e+02 2.000000000000000000e+00
4.057590961456298828e+02 4.719714832305908203e+02 4.026431560516357422e+02 4.702969121932983398e+02 3.918692636489868164e+02 4.646553468704223633e+02 2.000000000000000000e+00
4.609249591827392578e+02 7.164904117584228516e+01 4.578524494171142578e+02 7.010902404785156250e+01 4.466328430175781250e+02 6.443638801574707031e+01 2.000000000000000000e+00
6.144849967956542969e+02 3.938037157058715820e+02 6.111667442321777344e+02 3.920496225357055664e+02 6.000354003906250000e+02 3.860917139053344727e+02 2.000000000000000000e+00
5.829313468933105469e+02 2.138887310028076172e+02 5.796881675720214844e+02 2.123166024684906006e+02 5.684457397460937500e+02 2.064521634578704834e+02 2.000000000000000000e+00
2.109070110321044922e+02 4.265273523330688477e+02 2.077935504913330078e+02 4.250384616851806641e+02 1.967826366424560547e+02 4.197817182540893555e+02 2.000000000000000000e+00
4.256327533721923828e+02 4.127497959136962891e+02 4.224028301239013672e+02 4.111676359176635742e+02 4.115649414062500000e+02 4.055811309814453125e+02 2.000000000000000000e+00
2.089199542999267578e+02 4.655389881134033203e+02 2.057493877410888672e+02 4.638353347778320312e+02 1.949744510650634766e+02 4.588186740875244141e+02 2.000000000000000000e+00
4.406751441955566406e+02 3.487684392929077148e+02 4.375415992736816406e+02 3.471464896202087402e+02 4.266213130950927734e+02 3.415000963211059570e+02 2.000000000000000000e+00
4.137398433685302734e+02 3.427463150024414062e+02 4.105978393554687500e+02 3.411133790016174316e+02 3.995712614059448242e+02 3.355857896804809570e+02 2.000000000000000000e+00
5.031056785583496094e+02 1.067664241790771484e+02 4.996011161804199219e+02 1.051735067367553711e+02 4.885584068298339844e+02 9.952242851257324219e+01 2.000000000000000000e+00
4.516001319885253906e+02 4.366620826721191406e+02 4.484770488739013672e+02 4.350854873657226562e+02 4.375958251953125000e+02 4.293972301483154297e+02 2.000000000000000000e+00
4.467076396942138672e+02 3.547962427139282227e+02 4.435599708557128906e+02 3.531983113288879395e+02 4.326642799377441406e+02 3.475304961204528809e+02 2.000000000000000000e+00
2.398038196563720703e+02 4.127407264709472656e+02 2.366853332519531250e+02 4.110290050506591797e+02 2.257306385040283203e+02 4.058310985565185547e+02 2.000000000000000000e+00
4.476642513275146484e+02 3.707102680206298828e+02 4.445225524902343750e+02 3.691657161712646484e+02 4.336054706573486328e+02 3.635193300247192383e+02 2.000000000000000000e+00
4.567229938507080078e+02 3.617868089675903320e+02 4.536414813995361328e+02 3.602525711059570312e+02 4.426915931701660156e+02 3.545228648185729980e+02 2.000000000000000000e+00
4.739617061614990234e+02 6.964413642883300781e+01 4.707109069824218750e+02 6.806470870971679688e+01 4.595061969757080078e+02 6.243145465850830078e+01 2.000000000000000000e+00
4.665428447723388672e+02 4.566548824310302734e+02 4.634268474578857422e+02 4.549329900741577148e+02 4.524227619171142578e+02 4.492271232604980469e+02 2.000000000000000000e+00
4.845821571350097656e+02 4.227588844299316406e+02 4.813612365722656250e+02 4.211405754089355469e+02 4.705253601074218750e+02 4.153609657287597656e+02 2.000000000000000000e+00
4.709057331085205078e+02 7.757968425750732422e+01 4.676594829559326172e+02 7.607670307159423828e+01 4.564495849609375000e+02 7.039950370788574219e+01 2.000000000000000000e+00
4.907415199279785156e+02 3.066351985931396484e+02 4.874968910217285156e+02 3.049929857254028320e+02 4.764947795867919922e+02 2.994036591053009033e+02 2.000000000000000000e+00
3.237408447265625000e+02 4.196562051773071289e+02 3.205799255520105362e+02 4.180630588531494141e+02 3.097600090503692627e+02 4.126007795333862305e+02 2.000000000000000000e+00
5.369821739196777344e+02 1.698082709312438965e+02 5.339399528503417969e+02 1.682468533515930176e+02 5.226964187622070312e+02 1.625036001205444336e+02 2.000000000000000000e+00
4.315934181213378906e+02 4.207353973388671875e+02 4.283690166473388672e+02 4.191113662719726562e+02 4.175141334533691406e+02 4.135076379776000977e+02 2.000000000000000000e+00
3.757497262954711914e+02 3.646869564056396484e+02 3.725909137725830078e+02 3.632700204849243164e+02 3.617947721481323242e+02 3.576051092147827148e+02 2.000000000000000000e+00
4.370821571350097656e+02 8.761789798736572266e+01 4.339155006408691406e+02 8.602759838104248047e+01 4.226171875000000000e+02 8.049769878387451172e+01 2.000000000000000000e+00
6.228745841979980469e+02 2.437759096920490265e+02 6.195610427856445312e+02 2.422267457842826843e+02 6.083588218688964844e+02 2.363610684871673584e+02 2.000000000000000000e+00
