3.946491098403930664e+02 2.126923513412475586e+02 3.935694599151611328e+02 2.103438860177993774e+02 3.965363168716430664e+02 2.098022282123565674e+02 1.000000000000000000e+00
4.526348018646240234e+02 2.338424831628799438e+02 4.510204505920410156e+02 2.312716367840766907e+02 4.531816387176513672e+02 2.306364592909812927e+02 1.000000000000000000e+00
4.605733966827392578e+02 2.328695520758628845e+02 4.589255046844482422e+02 2.302496480941772461e+02 4.611201477050781250e+02 2.296056970953941345e+02 1.000000000000000000e+00
4.541691875457763672e+02 2.281467130780220032e+02 4.525668621063232422e+02 2.255679005384445190e+02 4.547546386718750000e+02 2.250193780660629272e+02 1.000000000000000000e+00
4.644001770019531250e+02 2.328144223988056183e+02 4.627537822723388672e+02 2.301656332612037659e+02 4.649476051330566406e+02 2.294662928581237793e+02 1.000000000000000000e+00
4.193014240264892578e+02 2.098414599895477295e+02 4.180799865722656250e+02 2.074751400947570801e+02 4.207734394073486328e+02 2.069935119152069092e+02 1.000000000000000000e+00
4.496881771087646484e+02 2.133462506532669067e+02 4.481841182708740234e+02 2.107814919948577881e+02 4.504769611358642578e+02 2.103019237518310547e+02 1.000000000000000000e+00
4.163154888153076172e+02 2.098296332359313965e+02 4.150517940521240234e+02 2.074748218059539795e+02 4.177325153350830078e+02 2.069738459587097168e+02 1.000000000000000000e+00
4.326171875000000000e+02 2.240163266658782959e+02 4.312993812561035156e+02 2.214384913444519043e+02 4.340451335906982422e+02 2.207029563188552856e+02 1.000000000000000000e+00
4.500196838378906250e+02 2.254046621918678284e+02 4.484962463378906250e+02 2.228159326314926147e+02 4.507829952239990234e+02 2.222668451070785522e+02 1.000000000000000000e+00
4.013522338867187500e+02 2.264552298188209534e+02 4.001938152313232422e+02 2.238525688648223877e+02 4.030883502960205078e+02 2.231428831815719604e+02 1.000000000000000000e+00
4.478125286102294922e+02 2.182424765825271606e+02 4.462834167480468750e+02 2.157931351661682129e+02 4.485151386260986328e+02 2.153953546285629272e+02 1.000000000000000000e+00
4.410515785217285156e+02 2.215027606487274170e+02 4.394660377502441406e+02 2.189997088909149170e+02 4.417815303802490234e+02 2.184699851274490356e+02 1.000000000000000000e+00
4.563080120086669922e+02 2.242247307300567627e+02 4.547200298309326172e+02 2.216815781593322754e+02 4.569944763183593750e+02 2.212292468547821045e+02 1.000000000000000000e+00
3.894132995605468750e+02 2.154961538314819336e+02 3.883147907257080078e+02 2.130737435817718506e+02 3.913100290298461914e+02 2.125758504867553711e+02 1.000000000000000000e+00
4.384115886688232422e+02 2.215588974952697754e+02 4.369623470306396484e+02 2.190515881776809692e+02 4.393420124053955078e+02 2.184929180145263672e+02 1.000000000000000000e+00
4.198229980468750000e+02 2.243052363395690918e+02 4.186027240753173828e+02 2.217757093906402588e+02 4.214403057098388672e+02 2.210487198829650879e+02 1.000000000000000000e+00
4.634237670898437500e+02 2.276640772819519043e+02 4.618404293060302734e+02 2.252140036225318909e+02 4.641236591339111328e+02 2.246642607450485229e+02 1.000000000000000000e+00
4.339875793457031250e+02 2.200524741411209106e+02 4.326483440399169922e+02 2.175826710462570190e+02 4.353352069854736328e+02 2.170517724752426147e+02 1.000000000000000000e+00
4.027254390716552734e+02 2.193099510669708252e+02 4.016881465911865234e+02 2.168931877613067627e+02 4.047096252441406250e+02 2.163574200868606567e+02 1.000000000000000000e+00
4.450904273986816406e+02 2.200772541761398315e+02 4.434593868255615234e+02 2.176153850555419922e+02 4.457445716857910156e+02 2.171747267246246338e+02 1.000000000000000000e+00
4.083368587493896484e+02 2.228659200668334961e+02 4.073273372650146484e+02 2.204106134176254272e+02 4.103770446777343750e+02 2.197413629293441772e+02 1.000000000000000000e+00
4.344449806213378906e+02 2.283643332123756409e+02 4.331114196777343750e+02 2.257358086109161377e+02 4.357807064056396484e+02 2.250158527493476868e+02 1.000000000000000000e+00
4.450170326232910156e+02 2.253281548619270325e+02 4.433974647521972656e+02 2.227191764116287231e+02 4.456549072265625000e+02 2.221203607320785522e+02 1.000000000000000000e+00
4.637993144989013672e+02 2.212411344051361084e+02 4.622658443450927734e+02 2.188999933004379272e+02 4.645770931243896484e+02 2.184663373231887817e+02 1.000000000000000000e+00
4.043932819366455078e+02 2.137207317352294922e+02 4.033210468292236328e+02 2.113947129249572754e+02 4.062462520599365234e+02 2.108440840244293213e+02 1.000000000000000000e+00
4.154828834533691406e+02 2.233738553524017334e+02 4.143546199798583984e+02 2.208609759807586670e+02 4.172826576232910156e+02 2.201837611198425293e+02 1.000000000000000000e+00
4.455291748046875000e+02 2.148665606975555420e+02 4.438831233978271484e+02 2.125325918197631836e+02 4.461912250518798828e+02 2.119864493608474731e+02 1.000000000000000000e+00
4.366459369659423828e+02 2.172774034738540649e+02 4.353178691864013672e+02 2.148267656564712524e+02 4.377339172363281250e+02 2.143391257524490356e+02 1.000000000000000000e+00
4.523421001434326172e+02 2.203916913270950317e+02 4.507740783691406250e+02 2.179733115434646606e+02 4.531210041046142578e+02 2.175678706169128418e+02 1.000000000000000000e+00
4.210929584503173828e+02 2.283161160349845886e+02 4.198385620117187500e+02 2.257080835103988647e+02 4.226718807220458984e+02 2.248797601461410522e+02 1.000000000000000000e+00
4.628396606445312500e+02 2.244722288846969604e+02 4.613303565979003906e+02 2.219901877641677856e+02 4.636263465881347656e+02 2.214966577291488647e+02 1.000000000000000000e+00
4.585447978973388672e+02 2.141954183578491211e+02 4.569132995605468750e+02 2.118294507265090942e+02 4.592602825164794922e+02 2.114897757768630981e+02 1.000000000000000000e+00
3.454954147338867188e+01 4.095638179779052734e+02 2.693658828735351562e+01 4.070083665847778320e+02 2.338634490966796875e+01 4.058929824829101562e+02 2.000000000000000000e+00
4.609321594238281250e+01 4.192181539535522461e+02 3.856588363647460938e+01 4.165458154678344727e+02 3.489152908325195312e+01 4.154626607894897461e+02 2.000000000000000000e+00
3.165864256024360657e+02 2.594535541534423828e+02 3.092167663574218750e+02 2.566154175996780396e+02 3.055556333065032959e+02 2.554577958583831787e+02 2.000000000000000000e+00
3.115722042322158813e+02 2.594721686840057373e+02 3.042037355899810791e+02 2.566334545612335205e+02 3.005436098575592041e+02 2.554817658662796021e+02 2.000000000000000000e+00
5.116630554199218750e+01 4.171969699859619141e+02 4.364368438720703125e+01 4.145211267471313477e+02 3.996011734008789062e+01 4.134242677688598633e+02 2.000000000000000000e+00
1.192024993896484375e+02 3.934214544296264648e+02 1.117501258850097656e+02 3.906834125518798828e+02 1.081201362609863281e+02 3.895876836776733398e+02 2.000000000000000000e+00
8.252048492431640625e+01 3.953225469589233398e+02 7.509624481201171875e+01 3.925888681411743164e+02 7.132265090942382812e+01 3.914839839935302734e+02 2.000000000000000000e+00
5.776437759399414062e+01 3.868017339706420898e+02 5.018505096435546875e+01 3.841596078872680664e+02 4.659528732299804688e+01 3.830427932739257812e+02 2.000000000000000000e+00
1.223267173767089844e+02 4.023443984985351562e+02 1.148677825927734375e+02 3.996008062362670898e+02 1.112178611755371094e+02 3.984272289276123047e+02 2.000000000000000000e+00
1.028283309936523438e+02 3.747566270828247070e+02 9.537582397460937500e+01 3.721065473556518555e+02 9.170028686523437500e+01 3.709885597229003906e+02 2.000000000000000000e+00
1.018555450439453125e+02 3.807724714279174805e+02 9.437658309936523438e+01 3.780702638626098633e+02 9.070524215698242188e+01 3.769108629226684570e+02 2.000000000000000000e+00
1.489220046997070312e+02 4.146593427658081055e+02 1.414590263366699219e+02 4.119584083557128906e+02 1.379533576965332031e+02 4.108390903472900391e+02 2.000000000000000000e+00
3.704063129425048828e+02 2.824843454360961914e+02 3.629848957061767578e+02 2.795556950569152832e+02 3.594223642349243164e+02 2.784175443649291992e+02 2.000000000000000000e+00
4.640533161163330078e+02 1.492986559867858887e+02 4.564297485351562500e+02 1.463850474357604980e+02 4.527288246154785156e+02 1.455504727363586426e+02 2.000000000000000000e+00
4.422121620178222656e+02 1.423737287521362305e+02 4.345889568328857422e+02 1.393914556503295898e+02 4.310704994201660156e+02 1.381917357444763184e+02 2.000000000000000000e+00
3.601541137695312500e+02 3.516338825225830078e+01 3.525412917137145996e+02 3.221755027770996094e+01 3.488134169578552246e+02 3.107329845428466797e+01 2.000000000000000000e+00
1.062279701232910156e+02 4.177612066268920898e+02 9.872850418090820312e+01 4.150607156753540039e+02 9.511192321777343750e+01 4.138809299468994141e+02 2.000000000000000000e+00
3.163895872235298157e+02 5.757815837860107422e+01 3.086451411247253418e+02 5.464387893676757812e+01 3.052041923999786377e+02 5.347875595092773438e+01 2.000000000000000000e+00
3.166111755371093750e+02 2.634467482566833496e+02 3.092519831657409668e+02 2.606074529886245728e+02 3.055898129940032959e+02 2.594534307718276978e+02 2.000000000000000000e+00
8.285232543945312500e+01 2.876390719413757324e+02 7.521846771240234375e+01 2.849182140827178955e+02 7.160543441772460938e+01 2.838671886920928955e+02 2.000000000000000000e+00
1.002105522155761719e+02 4.108908176422119141e+02 9.270544052124023438e+01 4.081878805160522461e+02 8.908437728881835938e+01 4.070148754119873047e+02 2.000000000000000000e+00
8.871334075927734375e+01 3.982185745239257812e+02 8.125272750854492188e+01 3.954740095138549805e+02 7.749908447265625000e+01 3.943699121475219727e+02 2.000000000000000000e+00
1.201223754882812500e+02 3.874866771697998047e+02 1.127221870422363281e+02 3.847402381896972656e+02 1.090788841247558594e+02 3.836721324920654297e+02 2.000000000000000000e+00
1.296612358093261719e+02 4.161847257614135742e+02 1.222179603576660156e+02 4.134992408752441406e+02 1.186326789855957031e+02 4.123179674148559570e+02 2.000000000000000000e+00
3.575399780273437500e+02 1.052431440353393555e+02 3.498365473747253418e+02 1.023021125793457031e+02 3.462671208381652832e+02 1.011842966079711914e+02 2.000000000000000000e+00
3.664400625228881836e+02 2.825218534469604492e+02 3.590231013298034668e+02 2.795904242992401123e+02 3.554537057876586914e+02 2.784517836570739746e+02 2.000000000000000000e+00
1.131277847290039062e+02 3.955442047119140625e+02 1.056963920593261719e+02 3.927977371215820312e+02 1.020931053161621094e+02 3.916958999633789062e+02 2.000000000000000000e+00
4.233660602569580078e+02 1.137253046035766602e+02 4.156969356536865234e+02 1.107426595687866211e+02 4.121455669403076172e+02 1.095749616622924805e+02 2.000000000000000000e+00
4.200254535675048828e+02 1.625481820106506348e+02 4.126243877410888672e+02 1.595676255226135254e+02 4.089204406738281250e+02 1.584632349014282227e+02 2.000000000000000000e+00
9.180652618408203125e+01 2.704900825023651123e+02 8.425174713134765625e+01 2.677174079418182373e+02 8.059270858764648438e+01 2.665019541978836060e+02 2.000000000000000000e+00
7.142139434814453125e+01 3.925899124145507812e+02 6.399749755859375000e+01 3.898800086975097656e+02 6.028438568115234375e+01 3.887249279022216797e+02 2.000000000000000000e+00
4.095513916015625000e+02 1.087556505203247070e+02 4.020002460479736328e+02 1.057936048507690430e+02 3.984121084213256836e+02 1.046595382690429688e+02 2.000000000000000000e+00
9.211828231811523438e+01 4.080544281005859375e+02 8.458522796630859375e+01 4.053499889373779297e+02 8.087907791137695312e+01 4.042033481597900391e+02 2.000000000000000000e+00
9.407501220703125000e+01 4.131107854843139648e+02 8.654661178588867188e+01 4.103893232345581055e+02 8.291137695312500000e+01 4.092682027816772461e+02 2.000000000000000000e+00
3.116051942110061646e+02 2.634730839729309082e+02 3.042466425895690918e+02 2.606326907873153687e+02 3.005850827693939209e+02 2.594827884435653687e+02 2.000000000000000000e+00
3.173677977919578552e+02 1.234952974319458008e+02 3.098811638355255127e+02 1.205376505851745605e+02 3.061954653263092041e+02 1.195021247863769531e+02 2.000000000000000000e+00
9.087881088256835938e+01 2.886175882816314697e+02 8.325830459594726562e+01 2.858933115005493164e+02 7.962575912475585938e+01 2.848363065719604492e+02 2.000000000000000000e+00
4.253528118133544922e+02 1.187107944488525391e+02 4.176794719696044922e+02 1.157221126556396484e+02 4.141322994232177734e+02 1.145542716979980469e+02 2.000000000000000000e+00
8.380983352661132812e+01 4.204492521286010742e+02 7.627958297729492188e+01 4.178079557418823242e+02 7.271371841430664062e+01 4.166567230224609375e+02 2.000000000000000000e+00
1.038966178894042969e+02 3.847394800186157227e+02 9.641408920288085938e+01 3.820642232894897461e+02 9.275403976440429688e+01 3.808890438079833984e+02 2.000000000000000000e+00
1.357487869262695312e+02 4.150192022323608398e+02 1.283027839660644531e+02 4.123278951644897461e+02 1.247061157226562500e+02 4.111482381820678711e+02 2.000000000000000000e+00
1.098384666442871094e+02 3.816739225387573242e+02 1.024250221252441406e+02 3.789912128448486328e+02 9.879673004150390625e+01 3.778466320037841797e+02 2.000000000000000000e+00
1.205431175231933594e+02 4.163683605194091797e+02 1.131441688537597656e+02 4.136205768585205078e+02 1.095467758178710938e+02 4.124582862854003906e+02 2.000000000000000000e+00
3.782104206085205078e+02 1.020295572280883789e+02 3.705885934829711914e+02 9.913716316223144531e+01 3.669352436065673828e+02 9.785539627075195312e+01 2.000000000000000000e+00
9.818332672119140625e+01 4.160565948486328125e+02 9.067205429077148438e+01 4.133026456832885742e+02 8.703767776489257812e+01 4.121731710433959961e+02 2.000000000000000000e+00
3.143605345487594604e+02 4.745750427246093750e+01 3.066108095645904541e+02 4.451936244964599609e+01 3.031874692440032959e+02 4.337300777435302734e+01 2.000000000000000000e+00
1.109818649291992188e+02 3.856386423110961914e+02 1.036048698425292969e+02 3.829616832733154297e+02 9.998916625976562500e+01 3.818208932876586914e+02 2.000000000000000000e+00
1.030052947998046875e+02 3.957487249374389648e+02 9.541723251342773438e+01 3.930554580688476562e+02 9.178384780883789062e+01 3.918515968322753906e+02 2.000000000000000000e+00
9.471200942993164062e+01 3.889094352722167969e+02 8.717853546142578125e+01 3.862592554092407227e+02 8.352336883544921875e+01 3.851108121871948242e+02 2.000000000000000000e+00
8.160806655883789062e+01 4.022893810272216797e+02 7.416683197021484375e+01 3.995397663116455078e+02 7.041591644287109375e+01 3.984719324111938477e+02 2.000000000000000000e+00
1.072961616516113281e+02 4.057714033126831055e+02 9.976116180419921875e+01 4.030751466751098633e+02 9.614564895629882812e+01 4.018549346923828125e+02 2.000000000000000000e+00
3.147140502929687500e+02 2.791788661479949951e+02 3.073636782169342041e+02 2.764502263069152832e+02 3.037484133243560791e+02 2.753536391258239746e+02 2.000000000000000000e+00
3.606497812271118164e+02 1.122872829437255859e+02 3.529918837547302246e+02 1.093545913696289062e+02 3.494325876235961914e+02 1.082562160491943359e+02 2.000000000000000000e+00
8.567481994628906250e+01 4.022127771377563477e+02 7.822595596313476562e+01 3.994556951522827148e+02 7.447904586791992188e+01 3.984026813507080078e+02 2.000000000000000000e+00
3.577246403694152832e+02 1.153219127655029297e+02 3.500975966453552246e+02 1.123800230026245117e+02 3.465361022949218750e+02 1.112955665588378906e+02 2.000000000000000000e+00
3.272461241483688354e+02 1.171868562698364258e+02 3.197302246093750000e+02 1.144069862365722656e+02 3.160300597548484802e+02 1.133192539215087891e+02 2.000000000000000000e+00
3.866851806640625000e+01 4.084806919097900391e+02 3.115825653076171875e+01 4.058527278900146484e+02 2.749273300170898438e+01 4.047295618057250977e+02 2.000000000000000000e+00
4.639662837982177734e+02 1.808458364009857178e+02 4.564073467254638672e+02 1.779867553710937500e+02 4.527130794525146484e+02 1.768197870254516602e+02 2.000000000000000000e+00
4.366538429260253906e+02 1.764468955993652344e+02 4.291103553771972656e+02 1.735915946960449219e+02 4.254935932159423828e+02 1.723664188385009766e+02 2.000000000000000000e+00
1.090818595886230469e+02 3.926741981506347656e+02 1.016070938110351562e+02 3.900077962875366211e+02 9.801504135131835938e+01 3.888089132308959961e+02 2.000000000000000000e+00
4.061847591400146484e+02 1.537330412864685059e+02 3.986508798599243164e+02 1.507835626602172852e+02 3.951379394531250000e+02 1.496571135520935059e+02 2.000000000000000000e+00
9.895706176757812500e+01 4.008721446990966797e+02 9.142848968505859375e+01 3.981845426559448242e+02 8.772710800170898438e+01 3.970006227493286133e+02 2.000000000000000000e+00
1.070089912414550781e+02 3.987687778472900391e+02 9.950565338134765625e+01 3.960889005661010742e+02 9.586481094360351562e+01 3.948722648620605469e+02 2.000000000000000000e+00
3.328868103027343750e+02 2.034344673156738281e+01 3.251819461584091187e+02 1.741969585418701172e+01 3.216194152832031250e+02 1.616696834564208984e+01 2.000000000000000000e+00
1.140936851501464844e+02 3.885684299468994141e+02 1.066885566711425781e+02 3.858211469650268555e+02 1.030993843078613281e+02 3.847180795669555664e+02 2.000000000000000000e+00
4.534221553802490234e+02 1.597818374633789062e+02 4.458576107025146484e+02 1.567718625068664551e+02 4.422765827178955078e+02 1.557789444923400879e+02 2.000000000000000000e+00
4.072591876983642578e+02 1.706107020378112793e+02 3.997591257095336914e+02 1.677166843414306641e+02 3.963210153579711914e+02 1.665023732185363770e+02 2.000000000000000000e+00
7.243623733520507812e+01 3.965339756011962891e+02 6.499608993530273438e+01 3.938031435012817383e+02 6.127729415893554688e+01 3.926656866073608398e+02 2.000000000000000000e+00
2.660935640335083008e+02 3.839360189437866211e+02 2.587489318847656250e+02 3.810474014282226562e+02 2.551802349090576172e+02 3.799092721939086914e+02 2.000000000000000000e+00
1.123717689514160156e+02 4.166009902954101562e+02 1.049106407165527344e+02 4.138326787948608398e+02 1.013916587829589844e+02 4.126527500152587891e+02 2.000000000000000000e+00
3.773358488082885742e+02 1.069935894012451172e+02 3.697269010543823242e+02 1.040863323211669922e+02 3.661342191696166992e+02 1.028207015991210938e+02 2.000000000000000000e+00
4.185130596160888672e+02 3.801632165908813477e+02 4.111781978607177734e+02 3.771682834625244141e+02 4.075739765167236328e+02 3.759418058395385742e+02 2.000000000000000000e+00
3.835460805892944336e+02 1.557271528244018555e+02 3.762056875228881836e+02 1.530017209053039551e+02 3.726353788375854492e+02 1.517733550071716309e+02 2.000000000000000000e+00
1.172941780090332031e+02 4.104922628402709961e+02 1.098281288146972656e+02 4.077155828475952148e+02 1.062177848815917969e+02 4.065785980224609375e+02 2.000000000000000000e+00
4.350786781311035156e+02 1.344558835029602051e+02 4.274551677703857422e+02 1.315241646766662598e+02 4.239114665985107422e+02 1.302870726585388184e+02 2.000000000000000000e+00
4.233184528350830078e+02 1.466159605979919434e+02 4.156566143035888672e+02 1.437281870841979980e+02 4.119017314910888672e+02 1.425169444084167480e+02 2.000000000000000000e+00
3.633897399902343750e+02 9.923021793365478516e+01 3.557047438621520996e+02 9.629675388336181641e+01 3.520600295066833496e+02 9.516876697540283203e+01 2.000000000000000000e+00
4.671421051025390625e+01 3.880309867858886719e+02 3.909383773803710938e+01 3.854128789901733398e+02 3.547103881835937500e+01 3.842517757415771484e+02 2.000000000000000000e+00
8.269237518310546875e+01 2.695180374383926392e+02 7.508729934692382812e+01 2.667326062917709351e+02 7.146278381347656250e+01 2.655188620090484619e+02 2.000000000000000000e+00
4.304274940490722656e+02 1.663986039161682129e+02 4.228651714324951172e+02 1.634509706497192383e+02 4.192671871185302734e+02 1.623493337631225586e+02 2.000000000000000000e+00
3.273173826932907104e+02 1.221903920173645020e+02 3.197767333872616291e+02 1.194044637680053711e+02 3.161120298504829407e+02 1.183242702484130859e+02 2.000000000000000000e+00
1.103677558898925781e+02 4.126609611511230469e+02 1.028776359558105469e+02 4.099074840545654297e+02 9.934059143066406250e+01 4.087251949310302734e+02 2.000000000000000000e+00
3.850241994857788086e+02 9.704084873199462891e+01 3.774072265625000000e+02 9.418566226959228516e+01 3.736990690231323242e+02 9.286497116088867188e+01 2.000000000000000000e+00
1.246687126159667969e+02 4.192919111251831055e+02 1.172525978088378906e+02 4.165840244293212891e+02 1.136752319335937500e+02 4.154033231735229492e+02 2.000000000000000000e+00
1.242080116271972656e+02 3.913793134689331055e+02 1.167996215820312500e+02 3.886423444747924805e+02 1.131730461120605469e+02 3.875967836380004883e+02 2.000000000000000000e+00
4.132147216796875000e+02 1.755065417289733887e+02 4.056524658203125000e+02 1.725665402412414551e+02 4.023109149932861328e+02 1.713930344581604004e+02 2.000000000000000000e+00
3.844484281539916992e+02 1.079715299606323242e+02 3.768529653549194336e+02 1.050708818435668945e+02 3.732376098632812500e+02 1.037897157669067383e+02 2.000000000000000000e+00
4.621271419525146484e+02 1.541678237915039062e+02 4.545766925811767578e+02 1.511961793899536133e+02 4.509774494171142578e+02 1.500928902626037598e+02 2.000000000000000000e+00
1.407558631896972656e+02 4.148330211639404297e+02 1.333614349365234375e+02 4.121495819091796875e+02 1.298382759094238281e+02 4.109921407699584961e+02 2.000000000000000000e+00
5.171171188354492188e+01 3.879453134536743164e+02 4.408378601074218750e+01 3.853020143508911133e+02 4.049842834472656250e+01 3.841718244552612305e+02 2.000000000000000000e+00
3.165725708007812500e+02 1.165629243850708008e+02 3.090768730640411377e+02 1.136134386062622070e+02 3.053724670410156250e+02 1.125274944305419922e+02 2.000000000000000000e+00
4.589781856536865234e+02 1.454802775382995605e+02 4.514471435546875000e+02 1.424766969680786133e+02 4.478081989288330078e+02 1.414061808586120605e+02 2.000000000000000000e+00
2.346945762634277344e+02 3.388420128822326660e+02 2.272330760955810547e+02 3.360835289955139160e+02 2.237251091003417969e+02 3.348404860496520996e+02 2.000000000000000000e+00
3.580302119255065918e+02 2.422562599182128906e+01 3.504595947265625000e+02 2.125990390777587891e+01 3.467094731330871582e+02 2.005472660064697266e+01 2.000000000000000000e+00
2.924843144416809082e+02 6.365278244018554688e+01 2.847478318214416504e+02 6.073112010955810547e+01 2.814056706428527832e+02 5.960886955261230469e+01 2.000000000000000000e+00
3.845787382125854492e+02 1.180402708053588867e+02 3.770744037628173828e+02 1.151302099227905273e+02 3.733958148956298828e+02 1.139213275909423828e+02 2.000000000000000000e+00
8.765825271606445312e+01 3.942298364639282227e+02 8.020540237426757812e+01 3.914998483657836914e+02 7.644012451171875000e+01 3.904042768478393555e+02 2.000000000000000000e+00
4.670862102508544922e+02 1.836703312397003174e+02 4.595887184143066406e+02 1.808073556423187256e+02 4.559298706054687500e+02 1.796724700927734375e+02 2.000000000000000000e+00
3.246441957354545593e+02 2.663508617877960205e+02 3.173182982206344604e+02 2.635132759809494019e+02 3.136670833826065063e+02 2.623564463853836060e+02 2.000000000000000000e+00
9.686208724975585938e+01 3.958401918411254883e+02 8.933279037475585938e+01 3.931557369232177734e+02 8.560108184814453125e+01 3.919810867309570312e+02 2.000000000000000000e+00
2.825366520881652832e+02 3.299605178833007812e+02 2.751638174057006836e+02 3.271617794036865234e+02 2.716704082489013672e+02 3.260055613517761230e+02 2.000000000000000000e+00
3.654110431671142578e+02 1.142162990570068359e+02 3.577471923828125000e+02 1.112608623504638672e+02 3.541533517837524414e+02 1.101606416702270508e+02 2.000000000000000000e+00
4.194961261749267578e+02 1.466787672042846680e+02 4.118614482879638672e+02 1.437621545791625977e+02 4.081806373596191406e+02 1.426421928405761719e+02 2.000000000000000000e+00
4.344928264617919922e+02 1.663529133796691895e+02 4.269421100616455078e+02 1.634116959571838379e+02 4.233408832550048828e+02 1.622527599334716797e+02 2.000000000000000000e+00
2.464516878128051758e+02 3.993535566329956055e+02 2.391349792480468750e+02 3.964985132217407227e+02 2.355071544647216797e+02 3.953500699996948242e+02 2.000000000000000000e+00
3.774608755111694336e+02 1.140669107437133789e+02 3.699189472198486328e+02 1.111722850799560547e+02 3.662918710708618164e+02 1.099273252487182617e+02 2.000000000000000000e+00
3.550341200828552246e+02 1.223464322090148926e+02 3.473905348777770996e+02 1.193919754028320312e+02 3.438930058479309082e+02 1.182776069641113281e+02 2.000000000000000000e+00
1.162156867980957031e+02 4.034659481048583984e+02 1.087419319152832031e+02 4.006904983520507812e+02 1.050871467590332031e+02 3.995143461227416992e+02 2.000000000000000000e+00
2.941242980957031250e+02 1.191681575775146484e+02 2.865282893180847168e+02 1.162924575805664062e+02 2.828236699104309082e+02 1.148751497268676758e+02 2.000000000000000000e+00
3.298265379667282104e+02 3.930664730072021484e+02 3.224971924722194672e+02 3.901785421371459961e+02 3.189555053412914276e+02 3.888960599899291992e+02 2.000000000000000000e+00
4.548208618164062500e+02 1.760687971115112305e+02 4.472651672363281250e+02 1.731409692764282227e+02 4.436712074279785156e+02 1.719763898849487305e+02 2.000000000000000000e+00
5.282018661499023438e+01 4.011445713043212891e+02 4.527788162231445312e+01 3.984730339050292969e+02 4.150661468505859375e+01 3.972687721252441406e+02 2.000000000000000000e+00
3.744859695434570312e+01 4.025162458419799805e+02 2.982397079467773438e+01 3.999166345596313477e+02 2.631696701049804688e+01 3.987532424926757812e+02 2.000000000000000000e+00
1.162788391113281250e+02 4.145112991333007812e+02 1.088352394104003906e+02 4.117426586151123047e+02 1.053066253662109375e+02 4.105912256240844727e+02 2.000000000000000000e+00
3.973218107223510742e+02 1.587897920608520508e+02 3.897807931900024414e+02 1.559798240661621094e+02 3.862476491928100586e+02 1.547841167449951172e+02 2.000000000000000000e+00
8.689418792724609375e+01 4.082211399078369141e+02 7.945804595947265625e+01 4.054697656631469727e+02 7.567789077758789062e+01 4.043727493286132812e+02 2.000000000000000000e+00
4.457862854003906250e+01 4.014486122131347656e+02 3.697072982788085938e+01 3.988150405883789062e+02 3.333343505859375000e+01 3.976486873626708984e+02 2.000000000000000000e+00
1.448806190490722656e+02 4.117737579345703125e+02 1.374676704406738281e+02 4.090923213958740234e+02 1.340114212036132812e+02 4.079202604293823242e+02 2.000000000000000000e+00
3.732829618453979492e+02 1.514782905578613281e+01 3.655446767807006836e+02 1.225529193878173828e+01 3.619325256347656250e+02 1.103197574615478516e+01 2.000000000000000000e+00
2.924904179573059082e+02 3.237460970878601074e+02 2.850246882438659668e+02 3.209152293205261230e+02 2.815253281593322754e+02 3.198184847831726074e+02 2.000000000000000000e+00
4.376719951629638672e+02 7.915449142456054688e+00 4.300766658782958984e+02 4.887170791625976562e+00 4.263735389709472656e+02 3.736395835876464844e+00 2.000000000000000000e+00
3.710793781280517578e+02 1.331928062438964844e+02 3.634423208236694336e+02 1.302691626548767090e+02 3.598696589469909668e+02 1.290309548377990723e+02 2.000000000000000000e+00
7.619165420532226562e+01 3.815275382995605469e+02 6.868528366088867188e+01 3.788008546829223633e+02 6.512964248657226562e+01 3.776257753372192383e+02 2.000000000000000000e+00
1.306630897521972656e+02 4.081909561157226562e+02 1.231807136535644531e+02 4.054734849929809570e+02 1.196186828613281250e+02 4.043044567108154297e+02 2.000000000000000000e+00
2.654001140594482422e+02 4.147298383712768555e+02 2.580133676528930664e+02 4.118995428085327148e+02 2.545207834243774414e+02 4.106895875930786133e+02 2.000000000000000000e+00
3.476461195945739746e+02 6.238912582397460938e+01 3.400434875488281250e+02 5.945762157440185547e+01 3.363156437873840332e+02 5.824400424957275391e+01 2.000000000000000000e+00
4.596194744110107422e+02 1.698965263366699219e+02 4.520518779754638672e+02 1.669760584831237793e+02 4.485180664062500000e+02 1.657232952117919922e+02 2.000000000000000000e+00
2.717263793945312500e+02 3.502444195747375488e+02 2.643143892288208008e+02 3.474030232429504395e+02 2.607351684570312500e+02 3.462745428085327148e+02 2.000000000000000000e+00
4.451402950286865234e+02 1.821687734127044678e+02 4.375817298889160156e+02 1.794118738174438477e+02 4.338863849639892578e+02 1.785819339752197266e+02 2.000000000000000000e+00
2.430021810531616211e+02 2.858551061153411865e+02 2.356028270721435547e+02 2.831097435951232910e+02 2.319865512847900391e+02 2.818526315689086914e+02 2.000000000000000000e+00
3.362278139591217041e+02 2.515208896994590759e+02 3.286434024572372437e+02 2.485814514756202698e+02 3.251932066679000854e+02 2.475258484482765198e+02 2.000000000000000000e+00
4.410752582550048828e+02 1.804876220226287842e+02 4.335351562500000000e+02 1.777383255958557129e+02 4.298568439483642578e+02 1.767112398147583008e+02 2.000000000000000000e+00
3.014881289005279541e+02 3.355678153038024902e+02 2.940417480468750000e+02 3.326468825340270996e+02 2.904356384277343750e+02 3.315938758850097656e+02 2.000000000000000000e+00
6.726495742797851562e+01 3.956948947906494141e+02 5.972681045532226562e+01 3.929630756378173828e+02 5.612331390380859375e+01 3.918074369430541992e+02 2.000000000000000000e+00
3.816295194625854492e+02 3.219310069084167480e+02 3.743654775619506836e+02 3.191511297225952148e+02 3.706998586654663086e+02 3.179302740097045898e+02 2.000000000000000000e+00
1.020008087158203125e+02 3.907799148559570312e+02 9.443790435791015625e+01 3.880997371673583984e+02 9.075147628784179688e+01 3.868984079360961914e+02 2.000000000000000000e+00
3.472926330566406250e+02 9.733614921569824219e+01 3.396731269359588623e+02 9.438114166259765625e+01 3.360140693187713623e+02 9.325378417968750000e+01 2.000000000000000000e+00
3.954802274703979492e+02 1.529105615615844727e+02 3.879792499542236328e+02 1.500043129920959473e+02 3.843836975097656250e+02 1.487337756156921387e+02 2.000000000000000000e+00
3.825206613540649414e+02 1.508313846588134766e+02 3.752022123336791992e+02 1.480835509300231934e+02 3.716080045700073242e+02 1.467968845367431641e+02 2.000000000000000000e+00
4.082134437561035156e+02 1.606939673423767090e+02 4.007317829132080078e+02 1.578055858612060547e+02 3.971250009536743164e+02 1.566626071929931641e+02 2.000000000000000000e+00
2.511725616455078125e+02 3.091365694999694824e+02 2.437404298782348633e+02 3.061918044090270996e+02 2.401925802230834961e+02 3.050760555267333984e+02 2.000000000000000000e+00
4.114864826202392578e+02 1.137549591064453125e+02 4.039257812500000000e+02 1.107577514648437500e+02 4.003497600555419922e+02 1.096583604812622070e+02 2.000000000000000000e+00
4.401495075225830078e+02 1.323957467079162598e+02 4.325413513183593750e+02 1.294518041610717773e+02 4.289840698242187500e+02 1.282732343673706055e+02 2.000000000000000000e+00
2.424528503417968750e+02 3.993988752365112305e+02 2.351361179351806641e+02 3.965350484848022461e+02 2.314920616149902344e+02 3.953946304321289062e+02 2.000000000000000000e+00
3.692360544204711914e+02 1.000455665588378906e+02 3.615384244918823242e+02 9.712502002716064453e+01 3.578694772720336914e+02 9.592065811157226562e+01 2.000000000000000000e+00
3.067867732048034668e+02 3.612191820144653320e+02 2.993662095069885254e+02 3.583033847808837891e+02 2.958484196662902832e+02 3.572155237197875977e+02 2.000000000000000000e+00
4.242795753479003906e+02 1.087203168869018555e+02 4.165801715850830078e+02 1.057490873336791992e+02 4.130436992645263672e+02 1.045616054534912109e+02 2.000000000000000000e+00
3.908047199249267578e+02 1.708871698379516602e+02 3.832638883590698242e+02 1.678934597969055176e+02 3.798400592803955078e+02 1.667945694923400879e+02 2.000000000000000000e+00
2.517877960205078125e+02 3.555119991302490234e+02 2.443266439437866211e+02 3.527064585685729980e+02 2.407992839813232422e+02 3.515356492996215820e+02 2.000000000000000000e+00
3.264215087890625000e+02 1.365955424308776855e+02 3.188383483886718750e+02 1.338240623474121094e+02 3.151943054795265198e+02 1.326052308082580566e+02 2.000000000000000000e+00
4.165968990325927734e+02 1.336453771591186523e+02 4.090800762176513672e+02 1.306541848182678223e+02 4.054906940460205078e+02 1.295941257476806641e+02 2.000000000000000000e+00
4.476386451721191406e+02 1.982050895690917969e+01 4.401055049896240234e+02 1.676420688629150391e+01 4.364290809631347656e+02 1.563870906829833984e+01 2.000000000000000000e+00
3.116760861873626709e+02 3.691634845733642578e+02 3.043526303768157959e+02 3.662516212463378906e+02 3.007313227653503418e+02 3.651260089874267578e+02 2.000000000000000000e+00
2.773272371292114258e+02 3.995087957382202148e+02 2.699762248992919922e+02 3.966366720199584961e+02 2.664663696289062500e+02 3.954959821701049805e+02 2.000000000000000000e+00
1.007165718078613281e+02 3.677045345306396484e+02 9.325769424438476562e+01 3.650637531280517578e+02 8.961612701416015625e+01 3.639016485214233398e+02 2.000000000000000000e+00
4.608291912078857422e+02 1.748655366897583008e+02 4.532611370086669922e+02 1.719179177284240723e+02 4.496747112274169922e+02 1.706948018074035645e+02 2.000000000000000000e+00
2.821868896484375000e+02 3.807210731506347656e+02 2.747877168655395508e+02 3.779018640518188477e+02 2.712666320800781250e+02 3.767122220993041992e+02 2.000000000000000000e+00
3.906709623336791992e+02 3.236290311813354492e+02 3.834344196319580078e+02 3.207397484779357910e+02 3.797177124023437500e+02 3.196056890487670898e+02 2.000000000000000000e+00
3.743801259994506836e+02 1.111049222946166992e+02 3.667136526107788086e+02 1.081805992126464844e+02 3.631838703155517578e+02 1.069829177856445312e+02 2.000000000000000000e+00
4.561660766601562500e+02 1.541709423065185547e+02 4.486172199249267578e+02 1.511541080474853516e+02 4.450271606445312500e+02 1.500562977790832520e+02 2.000000000000000000e+00
3.586189270019531250e+02 3.945452928543090820e+02 3.512936401367187500e+02 3.915726327896118164e+02 3.476864027976989746e+02 3.903647804260253906e+02 2.000000000000000000e+00
2.395931816101074219e+02 3.387706661224365234e+02 2.321254062652587891e+02 3.359586811065673828e+02 2.286621379852294922e+02 3.347589468955993652e+02 2.000000000000000000e+00
7.449550628662109375e+01 4.023657274246215820e+02 6.710681915283203125e+01 3.996522045135498047e+02 6.334312438964843750e+01 3.985417270660400391e+02 2.000000000000000000e+00
2.855829167366027832e+02 3.379037189483642578e+02 2.782184457778930664e+02 3.351009893417358398e+02 2.746484041213989258e+02 3.339564228057861328e+02 2.000000000000000000e+00
3.031960141658782959e+02 4.117755174636840820e+02 2.959324955940246582e+02 4.088655853271484375e+02 2.923972463607788086e+02 4.077369117736816406e+02 2.000000000000000000e+00
3.754420804977416992e+02 1.211499595642089844e+02 3.678423786163330078e+02 1.182395839691162109e+02 3.643490600585937500e+02 1.170555067062377930e+02 2.000000000000000000e+00
8.378152847290039062e+01 2.754788231849670410e+02 7.616662979125976562e+01 2.727100539207458496e+02 7.253507614135742188e+01 2.715234088897705078e+02 2.000000000000000000e+00
3.533073115348815918e+02 4.107916831970214844e+01 3.456747126579284668e+02 3.815762042999267578e+01 3.419528198242187500e+02 3.699202537536621094e+01 2.000000000000000000e+00
8.785783767700195312e+01 2.855925321578979492e+02 8.022771835327148438e+01 2.828432035446166992e+02 7.660533905029296875e+01 2.817842137813568115e+02 2.000000000000000000e+00
2.776647329330444336e+02 3.420914053916931152e+02 2.702916574478149414e+02 3.393002343177795410e+02 2.667531442642211914e+02 3.381040406227111816e+02 2.000000000000000000e+00
2.441762685775756836e+02 3.051406288146972656e+02 2.367504596710205078e+02 3.022082233428955078e+02 2.331762409210205078e+02 3.010860300064086914e+02 2.000000000000000000e+00
2.510346078872680664e+02 3.001592445373535156e+02 2.435960245132446289e+02 2.972129559516906738e+02 2.400441884994506836e+02 2.961008942127227783e+02 2.000000000000000000e+00
3.507468867301940918e+02 3.887137842178344727e+02 3.435054016113281250e+02 3.857141733169555664e+02 3.398799133300781250e+02 3.844760227203369141e+02 2.000000000000000000e+00
3.625967741012573242e+02 4.082482337951660156e+02 3.552806091308593750e+02 4.052549457550048828e+02 3.517352914810180664e+02 4.041000080108642578e+02 2.000000000000000000e+00
2.625567913055419922e+02 3.276179838180541992e+02 2.551925945281982422e+02 3.247993826866149902e+02 2.516497468948364258e+02 3.236222290992736816e+02 2.000000000000000000e+00
4.426542377471923828e+02 1.982485771179199219e+01 4.351438331604003906e+02 1.678444862365722656e+01 4.314391517639160156e+02 1.560926914215087891e+01 2.000000000000000000e+00
2.796957063674926758e+02 3.501217103004455566e+02 2.722911357879638672e+02 3.472779607772827148e+02 2.687265920639038086e+02 3.461344385147094727e+02 2.000000000000000000e+00
2.917749619483947754e+02 9.898704528808593750e+01 2.841624140739440918e+02 9.606688499450683594e+01 2.806018376350402832e+02 9.486481189727783203e+01 2.000000000000000000e+00
4.022665119171142578e+02 1.617897748947143555e+02 3.947561979293823242e+02 1.589162278175354004e+02 3.912224149703979492e+02 1.577541732788085938e+02 2.000000000000000000e+00
3.199610290513373911e+02 4.032984638214111328e+02 3.127005308866500854e+02 4.003614521026611328e+02 3.091110229492187500e+02 3.991224718093872070e+02 2.000000000000000000e+00
2.426067972183227539e+02 4.113213872909545898e+02 2.353644847869873047e+02 4.085375118255615234e+02 2.317442798614501953e+02 4.074328136444091797e+02 2.000000000000000000e+00
2.746973848342895508e+02 2.624600529670715332e+02 2.672643709182739258e+02 2.595421153306961060e+02 2.637623262405395508e+02 2.583390212059020996e+02 2.000000000000000000e+00
3.315944218635559082e+02 2.613275152444839478e+02 3.241107177734375000e+02 2.584434825181961060e+02 3.205773315578699112e+02 2.573257452249526978e+02 2.000000000000000000e+00
3.111478573083877563e+02 4.136009645462036133e+02 3.039059448242187500e+02 4.106404495239257812e+02 3.002560722827911377e+02 4.095194435119628906e+02 2.000000000000000000e+00
2.523268413543701172e+02 3.208229398727416992e+02 2.448874950408935547e+02 3.179317975044250488e+02 2.414148092269897461e+02 3.167721605300903320e+02 2.000000000000000000e+00
2.725706768035888672e+02 3.331316256523132324e+02 2.652184724807739258e+02 3.303345394134521484e+02 2.616777324676513672e+02 3.291653823852539062e+02 2.000000000000000000e+00
1.235155296325683594e+02 4.083036231994628906e+02 1.160465240478515625e+02 4.055631780624389648e+02 1.124049186706542969e+02 4.044051361083984375e+02 2.000000000000000000e+00
3.875288391113281250e+02 1.548633670806884766e+02 3.801123046875000000e+02 1.520435571670532227e+02 3.765290832519531250e+02 1.507373929023742676e+02 2.000000000000000000e+00
2.522616243362426758e+02 3.844150400161743164e+02 2.448256063461303711e+02 3.814869117736816406e+02 2.412853527069091797e+02 3.803503131866455078e+02 2.000000000000000000e+00
3.246893921494483948e+02 2.703186357021331787e+02 3.173410034179687500e+02 2.674463814496994019e+02 3.137184447050094604e+02 2.662576603889465332e+02 2.000000000000000000e+00
4.327906513214111328e+02 1.387979507446289062e+01 4.251712989807128906e+02 1.089424610137939453e+01 4.214906978607177734e+02 9.730224609375000000e+00 2.000000000000000000e+00
2.666019296646118164e+02 3.362506127357482910e+02 2.592541790008544922e+02 3.334147667884826660e+02 2.556872701644897461e+02 3.322183299064636230e+02 2.000000000000000000e+00
3.983822345733642578e+02 1.717555332183837891e+02 3.909445190429687500e+02 1.688641047477722168e+02 3.875076627731323242e+02 1.677235865592956543e+02 2.000000000000000000e+00
2.923385000228881836e+02 4.452504158020019531e+01 2.847308039665222168e+02 4.166852474212646484e+01 2.811827683448791504e+02 4.044240474700927734e+01 2.000000000000000000e+00
2.895136713981628418e+02 3.298346900939941406e+02 2.820810842514038086e+02 3.270383977890014648e+02 2.785609722137451172e+02 3.259130001068115234e+02 2.000000000000000000e+00
4.672725200653076172e+02 1.238577175140380859e+02 4.596988201141357422e+02 1.209400749206542969e+02 4.561045551300048828e+02 1.197931766510009766e+02 2.000000000000000000e+00
3.936189889907836914e+02 1.569590592384338379e+02 3.861649179458618164e+02 1.540737891197204590e+02 3.826141691207885742e+02 1.529106974601745605e+02 2.000000000000000000e+00
5.468271255493164062e+01 3.818743658065795898e+02 4.707332611083984375e+01 3.792416524887084961e+02 4.347133636474609375e+01 3.781028795242309570e+02 2.000000000000000000e+00
3.530292057991027832e+02 3.175555729866027832e+02 3.455672311782836914e+02 3.145959520339965820e+02 3.420696425437927246e+02 3.134336614608764648e+02 2.000000000000000000e+00
2.792436504364013672e+02 3.886017465591430664e+02 2.718664216995239258e+02 3.857248306274414062e+02 2.683432912826538086e+02 3.845792341232299805e+02 2.000000000000000000e+00
1.477349853515625000e+02 3.326533555984497070e+02 1.403077697753906250e+02 3.299578571319580078e+02 1.367155265808105469e+02 3.287891578674316406e+02 2.000000000000000000e+00
9.081836700439453125e+01 2.806353771686553955e+02 8.320957183837890625e+01 2.779055178165435791e+02 7.956920623779296875e+01 2.768519604206085205e+02 2.000000000000000000e+00
4.978744506835937500e+01 4.043154144287109375e+02 4.226593017578125000e+01 4.016063976287841797e+02 3.851844787597656250e+01 4.004552078247070312e+02 2.000000000000000000e+00
3.096679377555847168e+02 2.762383747100830078e+02 3.023406374454498291e+02 2.735022282600402832e+02 2.987010788917541504e+02 2.723914825916290283e+02 2.000000000000000000e+00
9.077486038208007812e+01 2.754599618911743164e+02 8.316347122192382812e+01 2.726846337318420410e+02 7.953523635864257812e+01 2.715002453327178955e+02 2.000000000000000000e+00
3.255608826875686646e+02 5.552354335784912109e+01 3.179354858398437500e+02 5.260366916656494141e+01 3.143589168787002563e+02 5.144579887390136719e+01 2.000000000000000000e+00
1.437797927856445312e+02 3.337145447731018066e+02 1.363264656066894531e+02 3.310396456718444824e+02 1.327394676208496094e+02 3.298532438278198242e+02 2.000000000000000000e+00
2.475186300277709961e+02 4.092712211608886719e+02 2.402903270721435547e+02 4.064737701416015625e+02 2.366404056549072266e+02 4.053087615966796875e+02 2.000000000000000000e+00
2.707922649383544922e+02 2.634900212287902832e+02 2.633824157714843750e+02 2.605674755573272705e+02 2.597912883758544922e+02 2.593894654512405396e+02 2.000000000000000000e+00
4.376947975158691406e+02 1.588388442993164062e+01 4.301210021972656250e+02 1.284569263458251953e+01 4.264121437072753906e+02 1.169365882873535156e+01 2.000000000000000000e+00
3.388601076602935791e+02 1.632698535919189453e+01 3.311000978946685791e+02 1.342802524566650391e+01 3.276068419218063354e+02 1.218348026275634766e+01 2.000000000000000000e+00
3.285514527559280396e+02 6.306538581848144531e+00 3.208124694973230362e+02 3.376865386962890625e+00 3.171580198407173157e+02 2.265944480895996094e+00 2.000000000000000000e+00
4.262966060638427734e+02 1.996109962463378906e+01 4.185841369628906250e+02 1.696557998657226562e+01 4.149741268157958984e+02 1.573329448699951172e+01 2.000000000000000000e+00
4.110567665100097656e+02 4.166364669799804688e+00 4.035980892181396484e+02 1.113338470458984375e+00 3.998699665069580078e+02 -2.663612365722656250e-02 2.000000000000000000e+00
2.913900446891784668e+02 8.074903964996337891e+01 2.837366628646850586e+02 7.784395694732666016e+01 2.800548386573791504e+02 7.668741703033447266e+01 2.000000000000000000e+00
4.218809223175048828e+02 6.021137237548828125e+00 4.141425514221191406e+02 3.063583374023437500e+00 4.105126667022705078e+02 1.925497055053710938e+00 2.000000000000000000e+00
4.221967792510986328e+02 2.000753402709960938e+01 4.144911479949951172e+02 1.698679447174072266e+01 4.108688354492187500e+02 1.579957008361816406e+01 2.000000000000000000e+00
9.674383163452148438e+01 3.657127761840820312e+02 8.927379608154296875e+01 3.630717802047729492e+02 8.558589935302734375e+01 3.618709516525268555e+02 2.000000000000000000e+00
3.376056218147277832e+02 1.651954793930053711e+02 3.301806342601776123e+02 1.622694683074951172e+02 3.264906615018844604e+02 1.611535263061523438e+02 2.000000000000000000e+00
3.476362609863281250e+02 5.730454444885253906e+01 3.400340890884399414e+02 5.438800334930419922e+01 3.362875068187713623e+02 5.313998222351074219e+01 2.000000000000000000e+00
3.536789560317993164e+02 4.014728736877441406e+02 3.463159489631652832e+02 3.985146903991699219e+02 3.427481079101562500e+02 3.973602676391601562e+02 2.000000000000000000e+00
3.483121657371520996e+02 3.341302871704101562e+00 3.404812312126159668e+02 3.847074508666992188e-01 3.370430600643157959e+02 -8.675765991210937500e-01 2.000000000000000000e+00
3.487213444709777832e+02 7.641287326812744141e+01 3.411290287971496582e+02 7.346457481384277344e+01 3.373913574218750000e+02 7.239957332611083984e+01 2.000000000000000000e+00
1.098825836181640625e+02 3.676382160186767578e+02 1.024282455444335938e+02 3.649863910675048828e+02 9.877016067504882812e+01 3.638331413269042969e+02 2.000000000000000000e+00
2.708542490005493164e+02 1.873033046722412109e+01 2.631116008758544922e+02 1.575263500213623047e+01 2.596502971649169922e+02 1.455307960510253906e+01 2.000000000000000000e+00
3.817182302474975586e+02 3.268574881553649902e+02 3.744493722915649414e+02 3.240744066238403320e+02 3.707507038116455078e+02 3.228417420387268066e+02 2.000000000000000000e+00
2.453230428695678711e+02 3.953840160369873047e+02 2.379328632354736328e+02 3.925260686874389648e+02 2.343524646759033203e+02 3.913734769821166992e+02 2.000000000000000000e+00
4.375126361846923828e+02 1.622967767715454102e+02 4.299796485900878906e+02 1.592948269844055176e+02 4.263513183593750000e+02 1.581764173507690430e+02 2.000000000000000000e+00
2.964857792854309082e+02 3.327253460884094238e+02 2.890394282341003418e+02 3.298089623451232910e+02 2.855122685432434082e+02 3.287568712234497070e+02 2.000000000000000000e+00
9.776947021484375000e+01 3.808132123947143555e+02 9.025648117065429688e+01 3.781209754943847656e+02 8.662981033325195312e+01 3.769581413269042969e+02 2.000000000000000000e+00
8.520112991333007812e+01 2.523311617970466614e+02 7.758823394775390625e+01 2.495493623614311218e+02 7.380002975463867188e+01 2.484574127197265625e+02 2.000000000000000000e+00
4.645387554168701172e+02 1.887884652614593506e+02 4.571416950225830078e+02 1.859290730953216553e+02 4.535034465789794922e+02 1.847374856472015381e+02 2.000000000000000000e+00
2.185857200622558594e+02 3.363643884658813477e+02 2.112783813476562500e+02 3.335176777839660645e+02 2.075179576873779297e+02 3.324197459220886230e+02 2.000000000000000000e+00
5.524551391601562500e+01 4.211467123031616211e+02 4.775316238403320312e+01 4.184650611877441406e+02 4.407409667968750000e+01 4.173743391036987305e+02 2.000000000000000000e+00
3.602543020248413086e+02 4.008354663848876953e+01 3.526234126091003418e+02 3.715584754943847656e+01 3.488986206054687500e+02 3.598865032196044922e+01 2.000000000000000000e+00
6.199066162109375000e+01 3.867031288146972656e+02 5.439340591430664062e+01 3.840316200256347656e+02 5.078693389892578125e+01 3.828543806076049805e+02 2.000000000000000000e+00
3.550387263298034668e+02 2.722424983978271484e+01 3.474731755256652832e+02 2.426352024078369141e+01 3.437233901023864746e+02 2.306964397430419922e+01 2.000000000000000000e+00
1.042255592346191406e+02 4.108448839187622070e+02 9.673753738403320312e+01 4.081475543975830078e+02 9.311151504516601562e+01 4.069701576232910156e+02 2.000000000000000000e+00
3.075304567813873291e+02 3.444937777519226074e+02 3.001259148120880127e+02 3.415347933769226074e+02 2.965786123275756836e+02 3.404797124862670898e+02 2.000000000000000000e+00
3.027906489372253418e+02 3.594054007530212402e+02 2.953446960449218750e+02 3.565320181846618652e+02 2.917803645133972168e+02 3.553962135314941406e+02 2.000000000000000000e+00
2.359676837921142578e+02 2.900256979465484619e+02 2.285364246368408203e+02 2.872640419006347656e+02 2.250109863281250000e+02 2.860212743282318115e+02 2.000000000000000000e+00
3.029297792911529541e+02 3.155695438385009766e+01 2.953104543685913086e+02 2.854989051818847656e+01 2.916997671127319336e+02 2.740382194519042969e+01 2.000000000000000000e+00
3.535581064224243164e+02 4.607542991638183594e+01 3.458891606330871582e+02 4.319296360015869141e+01 3.421705937385559082e+02 4.197775840759277344e+01 2.000000000000000000e+00
2.822277832031250000e+02 3.856419181823730469e+02 2.748713064193725586e+02 3.827826547622680664e+02 2.713309621810913086e+02 3.816286039352416992e+02 2.000000000000000000e+00
3.245783996582031250e+02 3.486390709877014160e+02 3.172241821885108948e+02 3.457273650169372559e+02 3.136546629667282104e+02 3.446639728546142578e+02 2.000000000000000000e+00
3.772592496871948242e+02 1.414269447326660156e+01 3.695045804977416992e+02 1.125612258911132812e+01 3.659139394760131836e+02 9.990735054016113281e+00 2.000000000000000000e+00
3.812611722946166992e+02 1.415376663208007812e+01 3.735116910934448242e+02 1.126276016235351562e+01 3.699940824508666992e+02 9.993739128112792969e+00 2.000000000000000000e+00
3.723784494400024414e+02 2.015263080596923828e+01 3.646429443359375000e+02 1.725796222686767578e+01 3.610656738281250000e+02 1.600147247314453125e+01 2.000000000000000000e+00
4.194169616699218750e+02 1.167153310775756836e+02 4.117947673797607422e+02 1.137220716476440430e+02 4.082420635223388672e+02 1.125948143005371094e+02 2.000000000000000000e+00
4.170394325256347656e+02 1.655777406692504883e+02 4.096247863769531250e+02 1.626214098930358887e+02 4.059784889221191406e+02 1.615397787094116211e+02 2.000000000000000000e+00
2.588251924514770508e+02 3.575015330314636230e+02 2.513353109359741211e+02 3.546933674812316895e+02 2.478209209442138672e+02 3.535274720191955566e+02 2.000000000000000000e+00
4.022545146942138672e+02 1.727012586593627930e+02 3.947382831573486328e+02 1.698436546325683594e+02 3.913687753677368164e+02 1.686448001861572266e+02 2.000000000000000000e+00
3.710356473922729492e+02 2.488018959760665894e+02 3.636386728286743164e+02 2.458176273107528687e+02 3.601387023925781250e+02 2.446319581568241119e+02 2.000000000000000000e+00
9.378553390502929688e+01 3.999890470504760742e+02 8.628374099731445312e+01 3.972954797744750977e+02 8.257146835327148438e+01 3.961630010604858398e+02 2.000000000000000000e+00
2.924852299690246582e+02 6.967361927032470703e+01 2.847543644905090332e+02 6.676928043365478516e+01 2.813626098632812500e+02 6.563893318176269531e+01 2.000000000000000000e+00
2.618561697006225586e+02 2.766393435001373291e+02 2.544563579559326172e+02 2.737302267551422119e+02 2.508235311508178711e+02 2.725624716281890869e+02 2.000000000000000000e+00
3.078456723690032959e+02 1.743754863739013672e+01 3.002068483829498291e+02 1.447058200836181641e+01 2.965262150764465332e+02 1.328397274017333984e+01 2.000000000000000000e+00
2.883206486701965332e+02 4.252964973449707031e+01 2.807525944709777832e+02 3.964779853820800781e+01 2.771538066864013672e+02 3.844020366668701172e+01 2.000000000000000000e+00
3.149807125329971313e+02 2.944878101348876953e+01 3.073394775390625000e+02 2.644978523254394531e+01 3.035380852222442627e+02 2.534980773925781250e+01 2.000000000000000000e+00
2.636358261108398438e+01 4.026802396774291992e+02 1.870332717895507812e+01 4.001876878738403320e+02 1.521366119384765625e+01 3.990601873397827148e+02 2.000000000000000000e+00
4.039393043518066406e+02 1.614582538604736328e+01 3.964746999740600586e+02 1.313900470733642578e+01 3.927390146255493164e+02 1.188121318817138672e+01 2.000000000000000000e+00
3.287954711914062500e+02 1.733134746551513672e+01 3.211143188923597336e+02 1.439359188079833984e+01 3.174925842881202698e+02 1.319407939910888672e+01 2.000000000000000000e+00
3.621795034408569336e+02 2.596913462877273560e+02 3.547535395622253418e+02 2.568266612291336060e+02 3.512141108512878418e+02 2.556324326992034912e+02 2.000000000000000000e+00
3.650890827178955078e+02 2.676480424404144287e+02 3.576470041275024414e+02 2.647724622488021851e+02 3.541267395019531250e+02 2.635565811395645142e+02 2.000000000000000000e+00
4.076581096649169922e+02 3.762647438049316406e+02 4.003597450256347656e+02 3.733075332641601562e+02 3.967347717285156250e+02 3.721258020401000977e+02 2.000000000000000000e+00
2.914370417594909668e+02 4.110459709167480469e+02 2.841317439079284668e+02 4.081710004806518555e+02 2.805882573127746582e+02 4.070032167434692383e+02 2.000000000000000000e+00
2.513145446777343750e+02 3.962790870666503906e+02 2.439369487762451172e+02 3.934326267242431641e+02 2.403660249710083008e+02 3.923186159133911133e+02 2.000000000000000000e+00
2.460298013687133789e+02 3.001679134368896484e+02 2.385869884490966797e+02 2.972440838813781738e+02 2.349738311767578125e+02 2.961113297939300537e+02 2.000000000000000000e+00
3.650650024414062500e+02 2.458500981330871582e+02 3.576932382583618164e+02 2.428822633624076843e+02 3.542181706428527832e+02 2.416828003898262978e+02 2.000000000000000000e+00
2.472607421875000000e+02 3.893849515914916992e+02 2.398540782928466797e+02 3.865053176879882812e+02 2.362809467315673828e+02 3.853670454025268555e+02 2.000000000000000000e+00
3.111079710721969604e+02 4.095801115036010742e+02 3.038468015193939209e+02 4.066257047653198242e+02 3.002758181095123291e+02 4.055207061767578125e+02 2.000000000000000000e+00
4.679991149902343750e+02 1.877193582057952881e+02 4.605359172821044922e+02 1.848490869998931885e+02 4.569164466857910156e+02 1.836882448196411133e+02 2.000000000000000000e+00
3.673387479782104492e+02 3.805883216857910156e+02 3.600490140914916992e+02 3.776164627075195312e+02 3.565083932876586914e+02 3.764668607711791992e+02 2.000000000000000000e+00
1.162318992614746094e+02 3.985401678085327148e+02 1.087281990051269531e+02 3.957673072814941406e+02 1.051074600219726562e+02 3.946612644195556641e+02 2.000000000000000000e+00
3.656693410873413086e+02 1.222802782058715820e+02 3.580555129051208496e+02 1.193232107162475586e+02 3.544995737075805664e+02 1.182111597061157227e+02 2.000000000000000000e+00
3.348225712776184082e+02 3.959942722320556641e+02 3.274729311466217041e+02 3.931434059143066406e+02 3.238814088702201843e+02 3.918852853775024414e+02 2.000000000000000000e+00
2.082472038269042969e+02 3.215533804893493652e+02 2.009221363067626953e+02 3.187008404731750488e+02 1.971790599822998047e+02 3.175705003738403320e+02 2.000000000000000000e+00
4.297425842285156250e+02 7.907109260559082031e+00 4.220762634277343750e+02 4.918828010559082031e+00 4.184117126464843750e+02 3.746809959411621094e+00 2.000000000000000000e+00
2.300409793853759766e+02 2.980452597141265869e+02 2.225784111022949219e+02 2.952966034412384033e+02 2.190551280975341797e+02 2.939571869373321533e+02 2.000000000000000000e+00
2.789108896255493164e+02 2.662952899932861328e+01 2.712592458724975586e+02 2.374392986297607422e+01 2.677513408660888672e+02 2.251712322235107422e+01 2.000000000000000000e+00
8.382898330688476562e+01 2.816375148296356201e+02 7.621164321899414062e+01 2.789063429832458496e+02 7.257236480712890625e+01 2.778650844097137451e+02 2.000000000000000000e+00
2.467968750000000000e+02 3.565911626815795898e+02 2.393171787261962891e+02 3.537544298171997070e+02 2.358147716522216797e+02 3.526105070114135742e+02 2.000000000000000000e+00
3.639638662338256836e+02 1.484058451652526855e+02 3.559646296501159668e+02 1.452672100067138672e+02 3.528123474121093750e+02 1.442426133155822754e+02 2.000000000000000000e+00
3.052015376091003418e+02 1.110076618194580078e+02 2.976379394531250000e+02 1.080578470230102539e+02 2.937872624397277832e+02 1.067712879180908203e+02 2.000000000000000000e+00
2.826607060432434082e+02 3.429606056213378906e+02 2.753067636489868164e+02 3.401472830772399902e+02 2.717568063735961914e+02 3.389633202552795410e+02 2.000000000000000000e+00
3.309286808967590332e+02 3.970156288146972656e+02 3.235939025878906250e+02 3.941453647613525391e+02 3.200356140150688589e+02 3.928987169265747070e+02 2.000000000000000000e+00
4.515654945373535156e+02 1.637112879753112793e+02 4.440221881866455078e+02 1.607588911056518555e+02 4.403844928741455078e+02 1.597316408157348633e+02 2.000000000000000000e+00
3.804869699478149414e+02 1.110510349273681641e+02 3.729101276397705078e+02 1.081200742721557617e+02 3.693043851852416992e+02 1.069047546386718750e+02 2.000000000000000000e+00
4.139233112335205078e+02 1.526708149909973145e+02 4.065054035186767578e+02 1.497311067581176758e+02 4.028551959991455078e+02 1.486531448364257812e+02 2.000000000000000000e+00
2.983374619483947754e+02 4.028546190261840820e+02 2.910419011116027832e+02 4.000144386291503906e+02 2.875281071662902832e+02 3.987919664382934570e+02 2.000000000000000000e+00
2.437914705276489258e+02 3.535265851020812988e+02 2.363422489166259766e+02 3.507172608375549316e+02 2.328279876708984375e+02 3.496091651916503906e+02 2.000000000000000000e+00
3.105435180664062500e+02 1.374470472335815430e+02 3.032038879394531250e+02 1.347024321556091309e+02 2.994494318962097168e+02 1.334335756301879883e+02 2.000000000000000000e+00
5.930803298950195312e+01 4.100474023818969727e+02 5.179260253906250000e+01 4.073740053176879883e+02 4.814403533935546875e+01 4.062590789794921875e+02 2.000000000000000000e+00
3.875021362304687500e+02 1.498637509346008301e+02 3.800931406021118164e+02 1.470441055297851562e+02 3.765105295181274414e+02 1.457350873947143555e+02 2.000000000000000000e+00
1.867109298706054688e+01 4.158718729019165039e+02 1.117214202880859375e+01 4.132696866989135742e+02 7.384929656982421875e+00 4.122736644744873047e+02 2.000000000000000000e+00
2.707639169692993164e+02 3.651155519485473633e+02 2.633092355728149414e+02 3.623509597778320312e+02 2.598894643783569336e+02 3.612199115753173828e+02 2.000000000000000000e+00
3.664538908004760742e+02 4.091128063201904297e+02 3.591549372673034668e+02 4.061214923858642578e+02 3.556428837776184082e+02 4.049201202392578125e+02 2.000000000000000000e+00
3.719748830795288086e+02 1.530857634544372559e+02 3.644559955596923828e+02 1.502000713348388672e+02 3.608439350128173828e+02 1.490801525115966797e+02 2.000000000000000000e+00
4.537237548828125000e+02 1.868656575679779053e+02 4.462930583953857422e+02 1.839776122570037842e+02 4.426885700225830078e+02 1.829929625988006592e+02 2.000000000000000000e+00
3.135384827852249146e+02 2.554396069049835205e+02 3.061518549919128418e+02 2.526023107767105103e+02 3.024981379508972168e+02 2.514488223195075989e+02 2.000000000000000000e+00
1.058083724975585938e+02 3.676591014862060547e+02 9.834257125854492188e+01 3.650058317184448242e+02 9.470165252685546875e+01 3.638587474822998047e+02 2.000000000000000000e+00
3.476372981071472168e+02 1.591538214683532715e+02 3.402039194107055664e+02 1.562302780151367188e+02 3.365149235725402832e+02 1.551105022430419922e+02 2.000000000000000000e+00
3.575689387321472168e+02 4.908411026000976562e+01 3.498959040641784668e+02 4.621792316436767578e+01 3.461896061897277832e+02 4.498938560485839844e+01 2.000000000000000000e+00
2.466474008560180664e+02 4.133624410629272461e+02 2.394498729705810547e+02 4.106059312820434570e+02 2.357498264312744141e+02 4.094425106048583984e+02 2.000000000000000000e+00
4.230825233459472656e+02 1.396399497985839844e+01 4.153145122528076172e+02 1.096940517425537109e+01 4.116601276397705078e+02 9.841332435607910156e+00 2.000000000000000000e+00
3.230129089951515198e+02 1.837463378906250000e+01 3.153240051865577698e+02 1.540519237518310547e+01 3.116530758142471313e+02 1.427264213562011719e+01 2.000000000000000000e+00
2.440300893783569336e+02 2.961322045326232910e+02 2.365478801727294922e+02 2.931904935836791992e+02 2.329774475097656250e+02 2.920471215248107910e+02 2.000000000000000000e+00
2.718978881835937500e+02 3.709900617599487305e+02 2.644733285903930664e+02 3.682316923141479492e+02 2.610248994827270508e+02 3.670697736740112305e+02 2.000000000000000000e+00
3.465338134765625000e+02 1.012973213195800781e+02 3.389826047420501709e+02 9.834752082824707031e+01 3.352886962890625000e+02 9.722906112670898438e+01 2.000000000000000000e+00
4.023113441467285156e+02 1.547820997238159180e+02 3.947619009017944336e+02 1.518853425979614258e+02 3.912399005889892578e+02 1.506908226013183594e+02 2.000000000000000000e+00
2.696879577636718750e+02 3.422096014022827148e+02 2.623192119598388672e+02 3.393777823448181152e+02 2.587475872039794922e+02 3.381949853897094727e+02 2.000000000000000000e+00
4.411452388763427734e+02 1.373835682868957520e+02 4.335248088836669922e+02 1.344112372398376465e+02 4.300042152404785156e+02 1.332002377510070801e+02 2.000000000000000000e+00
2.697993469238281250e+02 3.543031382560729980e+02 2.623550701141357422e+02 3.515174889564514160e+02 2.588100862503051758e+02 3.503777861595153809e+02 2.000000000000000000e+00
2.073253631591796875e+02 3.284923768043518066e+02 2.000073528289794922e+02 3.256240868568420410e+02 1.962755584716796875e+02 3.245000052452087402e+02 2.000000000000000000e+00
2.992114567756652832e+02 3.826413917541503906e+02 2.918830251693725586e+02 3.797677659988403320e+02 2.883079218864440918e+02 3.785425472259521484e+02 2.000000000000000000e+00
2.656883239746093750e+02 3.652135705947875977e+02 2.582543325424194336e+02 3.624425697326660156e+02 2.548320436477661133e+02 3.613138532638549805e+02 2.000000000000000000e+00
7.371480941772460938e+01 2.393602752126753330e+02 6.605329513549804688e+01 2.365721129626035690e+02 6.237447738647460938e+01 2.353555293381214142e+02 2.000000000000000000e+00
2.663850402832031250e+02 3.205982995033264160e+02 2.589879465103149414e+02 3.177866220474243164e+02 2.554974222183227539e+02 3.165797495841979980e+02 2.000000000000000000e+00
2.835422968864440918e+02 3.239102840423583984e+02 2.761334514617919922e+02 3.211176824569702148e+02 2.726172780990600586e+02 3.199693965911865234e+02 2.000000000000000000e+00
2.523182821273803711e+02 3.913363409042358398e+02 2.449349069595336914e+02 3.884591817855834961e+02 2.413709259033203125e+02 3.873359441757202148e+02 2.000000000000000000e+00
3.166647642850875854e+02 3.609883832931518555e+02 3.093493342399597168e+02 3.580594825744628906e+02 3.057032465934753418e+02 3.569926214218139648e+02 2.000000000000000000e+00
3.137845456600189209e+02 3.781068563461303711e+02 3.064354860782623291e+02 3.752066087722778320e+02 3.028120720386505127e+02 3.740698671340942383e+02 2.000000000000000000e+00
3.211676025390625000e+02 9.965736865997314453e+01 3.135811764001846313e+02 9.656251430511474609e+01 3.098778378963470459e+02 9.554612159729003906e+01 2.000000000000000000e+00
1.252531051635742188e+02 3.241875958442687988e+02 1.177676582336425781e+02 3.214139413833618164e+02 1.140890884399414062e+02 3.203248000144958496e+02 2.000000000000000000e+00
3.578224802017211914e+02 1.193395328521728516e+02 3.501774907112121582e+02 1.163960266113281250e+02 3.466619873046875000e+02 1.152796840667724609e+02 2.000000000000000000e+00
3.713861417770385742e+02 1.141328573226928711e+02 3.636962270736694336e+02 1.112321662902832031e+02 3.601643991470336914e+02 1.100455999374389648e+02 2.000000000000000000e+00
3.117580562829971313e+02 1.843271255493164062e+01 3.041549682617187500e+02 1.545830726623535156e+01 3.003970336914062500e+02 1.430655956268310547e+01 2.000000000000000000e+00
2.991423034667968750e+02 1.120443534851074219e+02 2.914755845069885254e+02 1.091801548004150391e+02 2.878756713867187500e+02 1.077899265289306641e+02 2.000000000000000000e+00
2.982301020622253418e+02 3.852952480316162109e+01 2.906142258644104004e+02 3.561967849731445312e+01 2.870097947120666504e+02 3.443279743194580078e+01 2.000000000000000000e+00
2.515449380874633789e+02 4.111731719970703125e+02 2.442628622055053711e+02 4.084157466888427734e+02 2.406461191177368164e+02 4.072202253341674805e+02 2.000000000000000000e+00
2.548782205581665039e+02 2.746376681327819824e+02 2.474727296829223633e+02 2.717482316493988037e+02 2.438518953323364258e+02 2.705702841281890869e+02 2.000000000000000000e+00
3.826087665557861328e+02 6.223093986511230469e+01 3.750772714614868164e+02 5.917452335357666016e+01 3.712550973892211914e+02 5.804240226745605469e+01 2.000000000000000000e+00
3.091651606559753418e+02 4.018037223815917969e+02 3.019143676757812500e+02 3.989039325714111328e+02 2.983874821662902832e+02 3.977827548980712891e+02 2.000000000000000000e+00
1.057555198669433594e+02 3.144494390487670898e+02 9.822198867797851562e+01 3.116466736793518066e+02 9.457723617553710938e+01 3.105560374259948730e+02 2.000000000000000000e+00
2.493921661376953125e+02 3.238355112075805664e+02 2.419786691665649414e+02 3.209232187271118164e+02 2.384568500518798828e+02 3.197608709335327148e+02 2.000000000000000000e+00
4.487064838409423828e+02 1.075547075271606445e+02 4.410779094696044922e+02 1.046797370910644531e+02 4.374666118621826172e+02 1.034523868560791016e+02 2.000000000000000000e+00
3.187771911174058914e+02 3.760316848754882812e+02 3.114211118221282959e+02 3.730831718444824219e+02 3.077475583553314209e+02 3.719823074340820312e+02 2.000000000000000000e+00
2.627408742904663086e+02 3.383194971084594727e+02 2.553919363021850586e+02 3.354715347290039062e+02 2.517995595932006836e+02 3.343134498596191406e+02 2.000000000000000000e+00
2.785778808593750000e+02 3.330211257934570312e+02 2.712358379364013672e+02 3.302342891693115234e+02 2.676968669891357422e+02 3.290705037117004395e+02 2.000000000000000000e+00
4.136020851135253906e+02 3.772046613693237305e+02 4.062676143646240234e+02 3.742115592956542969e+02 4.026470375061035156e+02 3.729834651947021484e+02 2.000000000000000000e+00
3.071499025821685791e+02 4.117461061477661133e+02 2.998978257179260254e+02 4.088170909881591797e+02 2.963673996925354004e+02 4.077141809463500977e+02 2.000000000000000000e+00
2.792441082000732422e+02 3.925815868377685547e+02 2.718983125686645508e+02 3.896836996078491211e+02 2.683766460418701172e+02 3.885762977600097656e+02 2.000000000000000000e+00
2.723343801498413086e+02 4.075498723983764648e+02 2.649865102767944336e+02 4.046670913696289062e+02 2.614863252639770508e+02 4.035761833190917969e+02 2.000000000000000000e+00
3.367490851879119873e+02 3.910839271545410156e+02 3.294175112247467041e+02 3.882504987716674805e+02 3.258432620763778687e+02 3.869747972488403320e+02 2.000000000000000000e+00
3.326963508129119873e+02 3.514035987854003906e+02 3.252684938907623291e+02 3.485430049896240234e+02 3.216756896674633026e+02 3.474803209304809570e+02 2.000000000000000000e+00
2.387355041503906250e+02 3.487063336372375488e+02 2.313084125518798828e+02 3.458963656425476074e+02 2.277846050262451172e+02 3.447370076179504395e+02 2.000000000000000000e+00
2.340627098083496094e+02 2.960623490810394287e+02 2.265346336364746094e+02 2.932452106475830078e+02 2.230791473388671875e+02 2.919386029243469238e+02 2.000000000000000000e+00
1.986725616455078125e+02 6.767449378967285156e+00 1.907595634460449219e+02 3.736596107482910156e+00 1.872054004669189453e+02 2.514839172363281250e+00 2.000000000000000000e+00
2.677364492416381836e+02 3.603096628189086914e+02 2.603018474578857422e+02 3.575295782089233398e+02 2.568109750747680664e+02 3.563945960998535156e+02 2.000000000000000000e+00
3.307275998592376709e+02 3.694453811645507812e+02 3.234333801269531250e+02 3.665479516983032227e+02 3.197135925292968750e+02 3.654181337356567383e+02 2.000000000000000000e+00
1.822842502593994141e+02 4.107470798492431641e+02 1.749185466766357422e+02 4.079414176940917969e+02 1.712624454498291016e+02 4.068019437789916992e+02 2.000000000000000000e+00
1.645403861999511719e+02 3.842301464080810547e+02 1.571188354492187500e+02 3.814063167572021484e+02 1.534973335266113281e+02 3.803611278533935547e+02 2.000000000000000000e+00
2.456629323959350586e+02 3.407084727287292480e+02 2.382098484039306641e+02 3.378833341598510742e+02 2.346717071533203125e+02 3.367472004890441895e+02 2.000000000000000000e+00
2.547483491897583008e+02 3.504942083358764648e+02 2.473072957992553711e+02 3.476792049407958984e+02 2.437780761718750000e+02 3.464841985702514648e+02 2.000000000000000000e+00
4.079514789581298828e+02 1.497439098358154297e+02 4.005080890655517578e+02 1.467812132835388184e+02 3.969565439224243164e+02 1.456841683387756348e+02 2.000000000000000000e+00
4.486822223663330078e+02 3.460652804374694824e+02 4.414876079559326172e+02 3.431287264823913574e+02 4.377633094787597656e+02 3.419134569168090820e+02 2.000000000000000000e+00
2.564046621322631836e+02 3.256722450256347656e+02 2.489441204071044922e+02 3.228031682968139648e+02 2.454727029800415039e+02 3.216434669494628906e+02 2.000000000000000000e+00
2.452350282669067383e+02 3.101048898696899414e+02 2.378310966491699219e+02 3.071721553802490234e+02 2.342264652252197266e+02 3.060222530364990234e+02 2.000000000000000000e+00
2.980283498764038086e+02 3.254137516021728516e+01 2.904237675666809082e+02 2.960087299346923828e+01 2.868552231788635254e+02 2.842190265655517578e+01 2.000000000000000000e+00
2.511763620376586914e+02 3.129928636550903320e+02 2.437821626663208008e+02 3.101316905021667480e+02 2.402871704101562500e+02 3.089827895164489746e+02 2.000000000000000000e+00
4.392811870574951172e+02 1.463681888580322266e+02 4.316811275482177734e+02 1.433511757850646973e+02 4.281637573242187500e+02 1.420673131942749023e+02 2.000000000000000000e+00
4.303201961517333984e+02 1.876953864097595215e+02 4.226945781707763672e+02 1.848593258857727051e+02 4.190809059143066406e+02 1.838895392417907715e+02 2.000000000000000000e+00
2.894392991065979004e+02 5.249187469482421875e+01 2.817413640022277832e+02 4.971552371978759766e+01 2.783426809310913086e+02 4.839951038360595703e+01 2.000000000000000000e+00
3.608219623565673828e+02 6.611371994018554688e+01 3.531187129020690918e+02 6.319832324981689453e+01 3.494159865379333496e+02 6.203358650207519531e+01 2.000000000000000000e+00
3.338687133789062500e+02 4.029713201522827148e+02 3.265300291776657104e+02 4.000989103317260742e+02 3.229819032549858093e+02 3.988720464706420898e+02 2.000000000000000000e+00
2.624071359634399414e+02 3.207180833816528320e+02 2.550114870071411133e+02 3.178848910331726074e+02 2.514936971664428711e+02 3.166937899589538574e+02 2.000000000000000000e+00
3.739829397201538086e+02 1.291558599472045898e+02 3.664526367187500000e+02 1.262380671501159668e+02 3.628438138961791992e+02 1.250278615951538086e+02 2.000000000000000000e+00
2.773360872268676758e+02 4.044373798370361328e+02 2.699724721908569336e+02 4.015607357025146484e+02 2.664780282974243164e+02 4.004497146606445312e+02 2.000000000000000000e+00
4.479550457000732422e+02 1.791503906250000000e+02 4.403552246093750000e+02 1.763803982734680176e+02 4.366245746612548828e+02 1.755186724662780762e+02 2.000000000000000000e+00
3.166828918457031250e+02 2.247423648834228516e+01 3.091110837459564209e+02 1.947921752929687500e+01 3.052882385253906250e+02 1.837643623352050781e+01 2.000000000000000000e+00
2.656302785873413086e+02 3.423980140686035156e+02 2.582800579071044922e+02 3.395326566696166992e+02 2.547019624710083008e+02 3.383194041252136230e+02 2.000000000000000000e+00
3.679182767868041992e+02 1.292409610748291016e+02 3.603890371322631836e+02 1.263074183464050293e+02 3.567531132698059082e+02 1.251231622695922852e+02 2.000000000000000000e+00
3.048327028751373291e+02 3.693567609786987305e+02 2.974405217170715332e+02 3.664195632934570312e+02 2.938505244255065918e+02 3.653163814544677734e+02 2.000000000000000000e+00
4.154450416564941406e+02 1.186987209320068359e+02 4.078377437591552734e+02 1.156734752655029297e+02 4.042756938934326172e+02 1.145800209045410156e+02 2.000000000000000000e+00
2.935166931152343750e+02 3.406947040557861328e+02 2.861514878273010254e+02 3.377896785736083984e+02 2.825426316261291504e+02 3.367002940177917480e+02 2.000000000000000000e+00
3.635414743423461914e+02 3.934259462356567383e+02 3.561864638328552246e+02 3.904864883422851562e+02 3.526025700569152832e+02 3.893120813369750977e+02 2.000000000000000000e+00
2.463673400878906250e+02 3.199272179603576660e+02 2.389679431915283203e+02 3.170612525939941406e+02 2.354207324981689453e+02 3.158762884140014648e+02 2.000000000000000000e+00
3.096030580997467041e+02 2.674408274888992310e+02 3.022512507438659668e+02 2.645821845531463623e+02 2.985926508903503418e+02 2.634301775693893433e+02 2.000000000000000000e+00
2.365001201629638672e+02 4.014326620101928711e+02 2.291207218170166016e+02 3.985505104064941406e+02 2.254582023620605469e+02 3.974078178405761719e+02 2.000000000000000000e+00
2.333934020996093750e+02 3.188499498367309570e+02 2.260193443298339844e+02 3.160087323188781738e+02 2.224167442321777344e+02 3.148035335540771484e+02 2.000000000000000000e+00
4.436017513275146484e+02 1.282330513000488281e+01 4.360986042022705078e+02 9.853963851928710938e+00 4.323919391632080078e+02 8.672118186950683594e+00 2.000000000000000000e+00
3.212297668308019638e+02 1.174414014816284180e+02 3.137014466524124146e+02 1.144961929321289062e+02 3.100252681970596313e+02 1.134443950653076172e+02 2.000000000000000000e+00
1.876420402526855469e+02 3.458666110038757324e+02 1.802021884918212891e+02 3.430525588989257812e+02 1.766545677185058594e+02 3.419319176673889160e+02 2.000000000000000000e+00
3.579459238052368164e+02 1.030115604400634766e+01 3.503767704963684082e+02 7.369394302368164062e+00 3.465535593032836914e+02 6.062808036804199219e+00 2.000000000000000000e+00
6.731760025024414062e+01 4.037678003311157227e+02 5.977647781372070312e+01 4.010694694519042969e+02 5.615419387817382812e+01 3.999236869812011719e+02 2.000000000000000000e+00
8.510215759277343750e+01 2.393241271376609802e+02 7.753400802612304688e+01 2.365567778795957565e+02 7.367290496826171875e+01 2.353499449789524078e+02 2.000000000000000000e+00
4.634511756896972656e+02 9.466906070709228516e+01 4.558764648437500000e+02 9.165593147277832031e+01 4.522843360900878906e+02 9.056206226348876953e+01 2.000000000000000000e+00
4.495443439483642578e+02 3.499063181877136230e+02 4.423363399505615234e+02 3.469910645484924316e+02 4.385253334045410156e+02 3.457603240013122559e+02 2.000000000000000000e+00
2.113408946990966797e+02 3.273796105384826660e+02 2.040299987792968750e+02 3.245205760002136230e+02 2.002642154693603516e+02 3.234029889106750488e+02 2.000000000000000000e+00
2.731966543197631836e+02 3.818012094497680664e+02 2.657869577407836914e+02 3.789506578445434570e+02 2.622873544692993164e+02 3.778006410598754883e+02 2.000000000000000000e+00
3.367084968090057373e+02 3.377265930175781250e+00 3.288801878690719604e+02 3.761529922485351562e-01 3.251402586698532104e+02 -7.472133636474609375e-01 2.000000000000000000e+00
2.400177907943725586e+02 3.021945834159851074e+02 2.326148509979248047e+02 2.992543065547943115e+02 2.290466403961181641e+02 2.981119108200073242e+02 2.000000000000000000e+00
3.126983028650283813e+02 3.620893621444702148e+02 3.053583371639251709e+02 3.591859531402587891e+02 3.017393493652343750e+02 3.580862474441528320e+02 2.000000000000000000e+00
6.222328186035156250e+01 3.976991987228393555e+02 5.460096359252929688e+01 3.950520658493041992e+02 5.096593856811523438e+01 3.938420248031616211e+02 2.000000000000000000e+00
2.793130779266357422e+02 2.971832621097564697e+02 2.720859670639038086e+02 2.943660306930541992e+02 2.683805847167968750e+02 2.932085609436035156e+02 2.000000000000000000e+00
6.836839675903320312e+01 4.137133598327636719e+02 6.089260101318359375e+01 4.110953807830810547e+02 5.727098464965820312e+01 4.099505710601806641e+02 2.000000000000000000e+00
4.503546810150146484e+02 1.826881384849548340e+02 4.427899456024169922e+02 1.799844932556152344e+02 4.390641784667968750e+02 1.791983914375305176e+02 2.000000000000000000e+00
4.082062721252441406e+02 3.204367446899414062e+02 4.008306598663330078e+02 3.175218558311462402e+02 3.972619962692260742e+02 3.163372564315795898e+02 2.000000000000000000e+00
2.021049785614013672e+02 3.656494474411010742e+02 1.946199607849121094e+02 3.628871154785156250e+02 1.911093235015869141e+02 3.617444515228271484e+02 2.000000000000000000e+00
2.882357478141784668e+02 3.553575038909912109e+01 2.806192016601562500e+02 3.263428688049316406e+01 2.770616436004638672e+02 3.143950939178466797e+01 2.000000000000000000e+00
3.357468569278717041e+02 3.831827402114868164e+02 3.284831541776657104e+02 3.803117179870605469e+02 3.248663026094436646e+02 3.791042518615722656e+02 2.000000000000000000e+00
3.653562927246093750e+02 1.061975526809692383e+02 3.576584172248840332e+02 1.032796096801757812e+02 3.540556645393371582e+02 1.021501064300537109e+02 2.000000000000000000e+00
2.885391831398010254e+02 3.238418626785278320e+02 2.811265873908996582e+02 3.210567069053649902e+02 2.775903320312500000e+02 3.199359512329101562e+02 2.000000000000000000e+00
2.708510732650756836e+02 2.368545055389404297e+01 2.631129121780395508e+02 2.073127269744873047e+01 2.596508169174194336e+02 1.954027175903320312e+01 2.000000000000000000e+00
3.406457209587097168e+02 8.392381668090820312e+00 3.328093564510345459e+02 5.443325042724609375e+00 3.294367980957031250e+02 4.267230033874511719e+00 2.000000000000000000e+00
2.426171541213989258e+02 2.639497697353363037e+02 2.352335834503173828e+02 2.611636054515838623e+02 2.315859508514404297e+02 2.599179089069366455e+02 2.000000000000000000e+00
3.977770996093750000e+02 3.323497939109802246e+02 3.905392169952392578e+02 3.294166016578674316e+02 3.869133329391479492e+02 3.282743883132934570e+02 2.000000000000000000e+00
2.773619365692138672e+02 4.103757047653198242e+02 2.700154399871826172e+02 4.075151109695434570e+02 2.664943552017211914e+02 4.063546800613403320e+02 2.000000000000000000e+00
2.975366210937500000e+02 3.416157245635986328e+02 2.902169179916381836e+02 3.386934542655944824e+02 2.865330815315246582e+02 3.376038551330566406e+02 2.000000000000000000e+00
2.712936687469482422e+02 4.035526800155639648e+02 2.639284944534301758e+02 4.006785964965820312e+02 2.604539775848388672e+02 3.995962858200073242e+02 2.000000000000000000e+00
4.489484786987304688e+01 3.951959037780761719e+02 3.730173110961914062e+01 3.925281715393066406e+02 3.354112625122070312e+01 3.913260555267333984e+02 2.000000000000000000e+00
3.038717651367187500e+02 2.252530574798583984e+01 2.962931823730468750e+02 1.948908805847167969e+01 2.926123046875000000e+02 1.835447788238525391e+01 2.000000000000000000e+00
3.205504760891199112e+02 3.527096343040466309e+02 3.132608944177627563e+02 3.497941946983337402e+02 3.096369016170501709e+02 3.486930871009826660e+02 2.000000000000000000e+00
3.135296016931533813e+02 3.383183956146240234e+02 3.062519526481628418e+02 3.354207515716552734e+02 3.026528322696685791e+02 3.342630386352539062e+02 2.000000000000000000e+00
3.086196589469909668e+02 1.042551040649414062e+01 3.010070192813873291e+02 7.488141059875488281e+00 2.972978210449218750e+02 6.287498474121093750e+00 2.000000000000000000e+00
4.516147804260253906e+02 2.173300266265869141e+01 4.440916728973388672e+02 1.872370719909667969e+01 4.404418945312500000e+02 1.761397361755371094e+01 2.000000000000000000e+00
2.437445974349975586e+02 3.456923890113830566e+02 2.363057804107666016e+02 3.429007029533386230e+02 2.328144073486328125e+02 3.417410016059875488e+02 2.000000000000000000e+00
2.419815969467163086e+02 4.215348672866821289e+02 2.346356773376464844e+02 4.187190055847167969e+02 2.311243152618408203e+02 4.175405931472778320e+02 2.000000000000000000e+00
2.908524775505065918e+02 2.054647922515869141e+01 2.831907033920288086e+02 1.761689186096191406e+01 2.798138427734375000e+02 1.649477005004882812e+01 2.000000000000000000e+00
4.475203895568847656e+02 3.391058421134948730e+02 4.402881145477294922e+02 3.361727356910705566e+02 4.365740108489990234e+02 3.349566364288330078e+02 2.000000000000000000e+00
4.140600299835205078e+02 1.615924930572509766e+02 4.066373348236083984e+02 1.586882114410400391e+02 4.029777526855468750e+02 1.575594305992126465e+02 2.000000000000000000e+00
4.380830764770507812e+01 3.811001014709472656e+02 3.616819381713867188e+01 3.784547138214111328e+02 3.254186630249023438e+01 3.773218202590942383e+02 2.000000000000000000e+00
2.607835388183593750e+02 3.623779392242431641e+02 2.533107280731201172e+02 3.595663189888000488e+02 2.498735809326171875e+02 3.584764480590820312e+02 2.000000000000000000e+00
4.200296401977539062e+01 4.203133678436279297e+02 3.448503494262695312e+01 4.176537322998046875e+02 3.077285766601562500e+01 4.165792894363403320e+02 2.000000000000000000e+00
2.754338693618774414e+02 2.983205902576446533e+02 2.680940246582031250e+02 2.954059767723083496e+02 2.644678354263305664e+02 2.943043541908264160e+02 2.000000000000000000e+00
2.481183910369873047e+02 2.930360734462738037e+02 2.406125926971435547e+02 2.900770604610443115e+02 2.370914554595947266e+02 2.889515697956085205e+02 2.000000000000000000e+00
3.330918276309967041e+02 5.550697803497314453e+01 3.255975341796875000e+02 5.259148120880126953e+01 3.215397034585475922e+02 5.141183853149414062e+01 2.000000000000000000e+00
2.872678518295288086e+02 3.856038951873779297e+02 2.799189758300781250e+02 3.827481508255004883e+02 2.763723421096801758e+02 3.815983343124389648e+02 2.000000000000000000e+00
2.813323044776916504e+02 3.041692256927490234e+02 2.740199279785156250e+02 3.012964797019958496e+02 2.703145742416381836e+02 3.001022100448608398e+02 2.000000000000000000e+00
7.281049728393554688e+01 3.662637948989868164e+02 6.524362564086914062e+01 3.635770654678344727e+02 6.150064468383789062e+01 3.625239944458007812e+02 2.000000000000000000e+00
2.825323176383972168e+02 3.201142001152038574e+02 2.750365591049194336e+02 3.172040104866027832e+02 2.715719270706176758e+02 3.160948491096496582e+02 2.000000000000000000e+00
2.913273620605468750e+02 3.110354375839233398e+02 2.840310668945312500e+02 3.081960153579711914e+02 2.803244924545288086e+02 3.069351196289062500e+02 2.000000000000000000e+00
3.037972414493560791e+02 1.848509788513183594e+01 2.961753225326538086e+02 1.547859191894531250e+01 2.925076293945312500e+02 1.428268432617187500e+01 2.000000000000000000e+00
3.021345210075378418e+02 4.047700309753417969e+02 2.949071955680847168e+02 4.018920993804931641e+02 2.913698410987854004e+02 4.007263326644897461e+02 2.000000000000000000e+00
3.196951293945312500e+02 3.709751987457275391e+02 3.123910218477249146e+02 3.680494737625122070e+02 3.087066650390625000e+02 3.668992710113525391e+02 2.000000000000000000e+00
3.008076167106628418e+02 2.656019210815429688e+01 2.932315373420715332e+02 2.349130153656005859e+01 2.896770620346069336e+02 2.235777854919433594e+01 2.000000000000000000e+00
3.245430299639701843e+02 2.553524941205978394e+02 3.172702330350875854e+02 2.525133365392684937e+02 3.135520935058593750e+02 2.513613590598106384e+02 2.000000000000000000e+00
1.584697914123535156e+02 3.714157819747924805e+02 1.510025978088378906e+02 3.686149978637695312e+02 1.473966789245605469e+02 3.675017738342285156e+02 2.000000000000000000e+00
3.674647521972656250e+02 1.182471084594726562e+02 3.597659921646118164e+02 1.153017997741699219e+02 3.562521052360534668e+02 1.141865444183349609e+02 2.000000000000000000e+00
2.668017244338989258e+02 3.701244306564331055e+02 2.593784761428833008e+02 3.673778486251831055e+02 2.559398651123046875e+02 3.662371301651000977e+02 2.000000000000000000e+00
2.102394676208496094e+02 3.154613685607910156e+02 2.028824138641357422e+02 3.126207304000854492e+02 1.991542816162109375e+02 3.114571881294250488e+02 2.000000000000000000e+00
2.671215486526489258e+02 3.663064956665039062e+01 2.594667959213256836e+02 3.364265441894531250e+01 2.559446859359741211e+02 3.248415470123291016e+01 2.000000000000000000e+00
4.551084899902343750e+02 1.907969319820404053e+02 4.477094173431396484e+02 1.878883016109466553e+02 4.441726970672607422e+02 1.869037592411041260e+02 2.000000000000000000e+00
