2.941388845443725586e+02 2.062181389331817627e+02 2.874208974838256836e+02 2.015526258945465088e+02 2.820030808448791504e+02 1.972309541702270508e+02 1.000000000000000000e+00
2.117370128631591797e+02 1.778856182098388672e+02 2.061535739898681641e+02 1.736699938774108887e+02 2.023306560516357422e+02 1.696730017662048340e+02 1.000000000000000000e+00
2.687604045867919922e+02 2.234436035156250000e+02 2.625476360321044922e+02 2.186796855926513672e+02 2.575609445571899414e+02 2.143579995632171631e+02 1.000000000000000000e+00
2.848975205421447754e+02 2.046210014820098877e+02 2.787143564224243164e+02 2.001532423496246338e+02 2.736873149871826172e+02 1.960388624668121338e+02 1.000000000000000000e+00
2.741179513931274414e+02 2.013460385799407959e+02 2.679320049285888672e+02 1.968794059753417969e+02 2.631460571289062500e+02 1.928594505786895752e+02 1.000000000000000000e+00
2.320877170562744141e+02 1.777575516700744629e+02 2.267509174346923828e+02 1.735602807998657227e+02 2.223818683624267578e+02 1.695875787734985352e+02 1.000000000000000000e+00
2.733592224121093750e+02 2.258319389820098877e+02 2.670515441894531250e+02 2.210630017518997192e+02 2.619183969497680664e+02 2.167483663558959961e+02 1.000000000000000000e+00
2.736506319046020508e+02 2.227389371395111084e+02 2.674125671386718750e+02 2.180498331785202026e+02 2.623964834213256836e+02 2.137259817123413086e+02 1.000000000000000000e+00
2.973468613624572754e+02 2.032475566864013672e+02 2.905472397804260254e+02 1.985706460475921631e+02 2.850259995460510254e+02 1.942794942855834961e+02 1.000000000000000000e+00
2.674951457977294922e+02 2.176381373405456543e+02 2.613406991958618164e+02 2.129750651121139526e+02 2.564815378189086914e+02 2.087048935890197754e+02 1.000000000000000000e+00
2.862207031250000000e+02 2.085069394111633301e+02 2.799114656448364258e+02 2.039972805976867676e+02 2.748471355438232422e+02 1.998495912551879883e+02 1.000000000000000000e+00
2.872173142433166504e+02 2.043648040294647217e+02 2.809385061264038086e+02 1.997557032108306885e+02 2.759034395217895508e+02 1.956377220153808594e+02 1.000000000000000000e+00
2.127082633972167969e+02 1.858673357963562012e+02 2.071151447296142578e+02 1.815535390377044678e+02 2.032787322998046875e+02 1.775577521324157715e+02 1.000000000000000000e+00
2.875439453125000000e+02 2.121904438734054565e+02 2.812636113166809082e+02 2.075242888927459717e+02 2.761827373504638672e+02 2.033031749725341797e+02 1.000000000000000000e+00
2.917397141456604004e+02 2.109107959270477295e+02 2.852801513671875000e+02 2.062717580795288086e+02 2.800158381462097168e+02 2.018199741840362549e+02 1.000000000000000000e+00
2.914712214469909668e+02 2.037477564811706543e+02 2.849416804313659668e+02 1.991582179069519043e+02 2.796469116210937500e+02 1.947559475898742676e+02 1.000000000000000000e+00
2.678765869140625000e+02 2.136582469940185547e+02 2.617092561721801758e+02 2.090818297863006592e+02 2.568651723861694336e+02 2.048298919200897217e+02 1.000000000000000000e+00
3.005458068847656250e+02 2.026638007164001465e+02 2.937064504623413086e+02 1.980786430835723877e+02 2.882395935058593750e+02 1.937686586380004883e+02 1.000000000000000000e+00
1.873901367187500000e+02 1.989338493347167969e+02 1.818993473052978516e+02 1.940819227695465088e+02 1.776910400390625000e+02 1.897279179096221924e+02 1.000000000000000000e+00
2.905486750602722168e+02 2.143124216794967651e+02 2.840916752815246582e+02 2.095352768898010254e+02 2.788661813735961914e+02 2.052260577678680420e+02 1.000000000000000000e+00
1.798686218261718750e+02 1.936874198913574219e+02 1.743682861328125000e+02 1.886197936534881592e+02 1.701284599304199219e+02 1.841217327117919922e+02 1.000000000000000000e+00
2.850959467887878418e+02 2.122393333911895752e+02 2.788173818588256836e+02 2.076296818256378174e+02 2.737543010711669922e+02 2.034233379364013672e+02 1.000000000000000000e+00
2.943782639503479004e+02 2.033314955234527588e+02 2.876282048225402832e+02 1.986459159851074219e+02 2.822010493278503418e+02 1.943495321273803711e+02 1.000000000000000000e+00
2.368534088134765625e+02 2.125222760438919067e+02 2.305677795410156250e+02 2.079085385799407959e+02 2.252520465850830078e+02 2.036595761775970459e+02 1.000000000000000000e+00
2.604170846939086914e+02 1.910717761516571045e+02 2.544510936737060547e+02 1.867167949676513672e+02 2.498733949661254883e+02 1.827636086940765381e+02 1.000000000000000000e+00
2.157238578796386719e+02 2.124372696876525879e+02 2.098610019683837891e+02 2.078150618076324463e+02 2.050232219696044922e+02 2.038933396339416504e+02 1.000000000000000000e+00
2.507601594924926758e+02 2.054104149341583252e+02 2.447498607635498047e+02 2.010237264633178711e+02 2.401755189895629883e+02 1.970076441764831543e+02 1.000000000000000000e+00
2.320250034332275391e+02 1.860340404510498047e+02 2.266606235504150391e+02 1.817548656463623047e+02 2.223029804229736328e+02 1.778257083892822266e+02 1.000000000000000000e+00
2.697149038314819336e+02 1.799350404739379883e+02 2.638152742385864258e+02 1.756649422645568848e+02 2.594034099578857422e+02 1.720460486412048340e+02 1.000000000000000000e+00
1.831926822662353516e+02 1.972897768020629883e+02 1.776390647888183594e+02 1.923134744167327881e+02 1.733361148834228516e+02 1.877835345268249512e+02 1.000000000000000000e+00
2.873774099349975586e+02 1.667037606239318848e+02 2.813243103027343750e+02 1.626164817810058594e+02 2.763585519790649414e+02 1.589369773864746094e+02 1.000000000000000000e+00
2.374527263641357422e+02 2.098187541961669922e+02 2.313414573669433594e+02 2.054126250743865967e+02 2.263063621520996094e+02 2.015005624294281006e+02 1.000000000000000000e+00
2.702148437500000000e+02 2.034799468517303467e+02 2.640086364746093750e+02 1.990556466579437256e+02 2.592338228225708008e+02 1.950394248962402344e+02 1.000000000000000000e+00
2.631609773635864258e+02 1.793418216705322266e+02 2.573331594467163086e+02 1.751153397560119629e+02 2.529212808609008789e+02 1.714297628402709961e+02 1.000000000000000000e+00
2.284894371032714844e+02 2.062685537338256836e+02 2.226259326934814453e+02 2.016681182384490967e+02 2.176668548583984375e+02 1.979444718360900879e+02 1.000000000000000000e+00
1.739836692810058594e+02 1.747472190856933594e+02 1.688096427917480469e+02 1.703587174415588379e+02 1.649896049499511719e+02 1.664523267745971680e+02 1.000000000000000000e+00
3.002561950683593750e+02 1.988024568557739258e+02 2.937391662597656250e+02 1.942879307270050049e+02 2.883118271827697754e+02 1.902546679973602295e+02 1.000000000000000000e+00
2.240646839141845703e+02 1.823498046398162842e+02 2.187325096130371094e+02 1.781008243560791016e+02 2.143863201141357422e+02 1.741370844841003418e+02 1.000000000000000000e+00
2.948702383041381836e+02 1.845489335060119629e+02 2.883006882667541504e+02 1.801937699317932129e+02 2.825505971908569336e+02 1.762268972396850586e+02 1.000000000000000000e+00
2.216686725616455078e+02 1.823472404479980469e+02 2.163348865509033203e+02 1.780956101417541504e+02 2.122670745849609375e+02 1.741287016868591309e+02 1.000000000000000000e+00
2.786108064651489258e+02 1.782419729232788086e+02 2.723390817642211914e+02 1.740374422073364258e+02 2.672158479690551758e+02 1.702028489112854004e+02 1.000000000000000000e+00
2.490820312500000000e+02 2.097916245460510254e+02 2.428730154037475586e+02 2.053565812110900879e+02 2.380165672302246094e+02 2.013107907772064209e+02 1.000000000000000000e+00
2.728486919403076172e+02 1.647608327865600586e+02 2.667355632781982422e+02 1.605869722366333008e+02 2.619537973403930664e+02 1.570625138282775879e+02 1.000000000000000000e+00
2.875214529037475586e+02 1.992434835433959961e+02 2.813478684425354004e+02 1.946706962585449219e+02 2.763446331024169922e+02 1.906305670738220215e+02 1.000000000000000000e+00
1.781287384033203125e+02 1.868216371536254883e+02 1.729699420928955078e+02 1.824061703681945801e+02 1.690400218963623047e+02 1.783956599235534668e+02 1.000000000000000000e+00
1.818036651611328125e+02 1.785099005699157715e+02 1.766172122955322266e+02 1.741458249092102051e+02 1.727609729766845703e+02 1.702351069450378418e+02 1.000000000000000000e+00
1.825757312774658203e+02 1.923903179168701172e+02 1.771789646148681641e+02 1.874426686763763428e+02 1.730383586883544922e+02 1.830566668510437012e+02 1.000000000000000000e+00
1.813529205322265625e+02 1.843544733524322510e+02 1.761649417877197266e+02 1.798738217353820801e+02 1.722375965118408203e+02 1.759085655212402344e+02 1.000000000000000000e+00
2.726006460189819336e+02 1.822954845428466797e+02 2.665341472625732422e+02 1.779851531982421875e+02 2.619283723831176758e+02 1.743109273910522461e+02 1.000000000000000000e+00
2.675366210937500000e+02 2.112004226446151733e+02 2.614601135253906250e+02 2.066460549831390381e+02 2.566207885742187500e+02 2.024716937541961670e+02 1.000000000000000000e+00
2.636762666702270508e+02 2.067300260066986084e+02 2.575629281997680664e+02 2.023202347755432129e+02 2.529370117187500000e+02 1.982807743549346924e+02 1.000000000000000000e+00
2.471800518035888672e+02 2.086612236499786377e+02 2.410222768783569336e+02 2.042892730236053467e+02 2.361440086364746094e+02 2.003064393997192383e+02 1.000000000000000000e+00
2.568228149414062500e+02 2.100677168369293213e+02 2.506022500991821289e+02 2.054417109489440918e+02 2.459884500503540039e+02 2.013011598587036133e+02 1.000000000000000000e+00
2.367612266540527344e+02 2.156500536203384399e+02 2.304540824890136719e+02 2.109552901983261108e+02 2.252704334259033203e+02 2.067293536663055420e+02 1.000000000000000000e+00
1.768155670166015625e+02 1.776965761184692383e+02 1.716410541534423828e+02 1.733096122741699219e+02 1.677941989898681641e+02 1.693930149078369141e+02 1.000000000000000000e+00
2.046794700622558594e+02 2.066735959053039551e+02 1.991088581085205078e+02 2.020509481430053711e+02 1.951391601562500000e+02 1.983450293540954590e+02 1.000000000000000000e+00
2.935268855094909668e+02 1.744379997253417969e+02 2.871375107765197754e+02 1.701960253715515137e+02 2.817766404151916504e+02 1.664535927772521973e+02 1.000000000000000000e+00
2.822676086425781250e+02 1.662810301780700684e+02 2.761997652053833008e+02 1.621579241752624512e+02 2.713309621810913086e+02 1.585479712486267090e+02 1.000000000000000000e+00
2.185594177246093750e+02 1.832666301727294922e+02 2.129410648345947266e+02 1.789837145805358887e+02 2.090714263916015625e+02 1.750011563301086426e+02 1.000000000000000000e+00
4.143805885314941406e+02 2.257788991928100586e+02 4.105372047424316406e+02 2.210229474306106567e+02 4.082945537567138672e+02 2.164906901121139526e+02 2.000000000000000000e+00
4.795793819427490234e+02 2.500451517105102539e+02 4.752034664154052734e+02 2.449424748122692108e+02 4.721957111358642578e+02 2.404420318733900785e+02 2.000000000000000000e+00
4.877966117858886719e+02 2.490119630098342896e+02 4.833691787719726562e+02 2.439019167423248291e+02 4.803965568542480469e+02 2.394261779263615608e+02 2.000000000000000000e+00
4.807471084594726562e+02 2.440992584824562073e+02 4.763679218292236328e+02 2.390333708748221397e+02 4.734334468841552734e+02 2.345108641684055328e+02 2.000000000000000000e+00
4.915719985961914062e+02 2.489315798878669739e+02 4.871655845642089844e+02 2.438605347275733948e+02 4.842276954650878906e+02 2.393624725006520748e+02 2.000000000000000000e+00
4.457122516632080078e+02 2.229383236169815063e+02 4.415604591369628906e+02 2.182460314035415649e+02 4.390230751037597656e+02 2.138175183534622192e+02 2.000000000000000000e+00
4.769745540618896484e+02 2.273211666941642761e+02 4.722124004364013672e+02 2.227482283115386963e+02 4.690104675292968750e+02 2.186456447839736938e+02 2.000000000000000000e+00
4.424883747100830078e+02 2.229009997844696045e+02 4.383632564544677734e+02 2.182158046960830688e+02 4.358632564544677734e+02 2.138121485710144043e+02 2.000000000000000000e+00
4.557262897491455078e+02 2.396242980659008026e+02 4.515299415588378906e+02 2.346569515764713287e+02 4.492303466796875000e+02 2.301728054881095886e+02 2.000000000000000000e+00
4.762009906768798828e+02 2.412461090460419655e+02 4.717687129974365234e+02 2.361731716990470886e+02 4.688429927825927734e+02 2.316474911570549011e+02 2.000000000000000000e+00
4.221497249603271484e+02 2.417497559264302254e+02 4.181862545013427734e+02 2.368316801637411118e+02 4.158214473724365234e+02 2.322302091121673584e+02 2.000000000000000000e+00
4.742856502532958984e+02 2.327635797858238220e+02 4.698668193817138672e+02 2.277235409617424011e+02 4.669908142089843750e+02 2.234924608469009399e+02 2.000000000000000000e+00
4.667577552795410156e+02 2.368825377523899078e+02 4.624507141113281250e+02 2.318338465690612793e+02 4.596362590789794922e+02 2.274284970760345459e+02 2.000000000000000000e+00
4.826676940917968750e+02 2.392884521372616291e+02 4.782684040069580078e+02 2.342491909861564636e+02 4.753644752502441406e+02 2.297670435905456543e+02 2.000000000000000000e+00
4.091386413574218750e+02 2.289371484518051147e+02 4.052796077728271484e+02 2.241539293527603149e+02 4.029763507843017578e+02 2.195400220155715942e+02 2.000000000000000000e+00
4.634891033172607422e+02 2.369893339276313782e+02 4.592706966400146484e+02 2.319645532965660095e+02 4.565131855010986328e+02 2.275189661979675293e+02 2.000000000000000000e+00
4.407447814941406250e+02 2.393879851698875427e+02 4.367065429687500000e+02 2.344717709720134735e+02 4.344379615783691406e+02 2.299027857184410095e+02 2.000000000000000000e+00
4.901262283325195312e+02 2.431020509451627731e+02 4.856480407714843750e+02 2.380420683324337006e+02 4.827013206481933594e+02 2.335181272029876709e+02 2.000000000000000000e+00
4.570376300811767578e+02 2.344858548045158386e+02 4.528143596649169922e+02 2.295564723014831543e+02 4.504931068420410156e+02 2.251185446977615356e+02 2.000000000000000000e+00
4.223595333099365234e+02 2.327601313591003418e+02 4.185025978088378906e+02 2.280267021059989929e+02 4.162903499603271484e+02 2.235546863079071045e+02 2.000000000000000000e+00
4.714575481414794922e+02 2.349232479929924011e+02 4.670829486846923828e+02 2.298387444019317627e+02 4.641775226593017578e+02 2.254984125494956970e+02 2.000000000000000000e+00
4.282989788055419922e+02 2.373400419205427170e+02 4.244062805175781250e+02 2.324509575963020325e+02 4.221557331085205078e+02 2.280036458373069763e+02 2.000000000000000000e+00
4.579679870605468750e+02 2.443720552325248718e+02 4.537403583526611328e+02 2.393819274567067623e+02 4.513812923431396484e+02 2.348020626604557037e+02 2.000000000000000000e+00
4.713818359375000000e+02 2.413455352932214737e+02 4.669897747039794922e+02 2.362831114232540131e+02 4.641195964813232422e+02 2.317586669325828552e+02 2.000000000000000000e+00
4.900219535827636719e+02 2.350331877171993256e+02 4.856259727478027344e+02 2.301091146469116211e+02 4.827248191833496094e+02 2.256744378805160522e+02 2.000000000000000000e+00
4.246651935577392578e+02 2.269526973366737366e+02 4.208341407775878906e+02 2.222392576932907104e+02 4.185690021514892578e+02 2.178244310617446899e+02 2.000000000000000000e+00
4.360542011260986328e+02 2.380546720325946808e+02 4.321108436584472656e+02 2.331835475564002991e+02 4.298409175872802734e+02 2.286707755923271179e+02 2.000000000000000000e+00
4.723069763183593750e+02 2.291163325309753418e+02 4.678349018096923828e+02 2.242617183923721313e+02 4.648187255859375000e+02 2.200684189796447754e+02 2.000000000000000000e+00
4.608553218841552734e+02 2.312359008193016052e+02 4.567086791992187500e+02 2.263988336920738220e+02 4.542761516571044922e+02 2.220206433534622192e+02 2.000000000000000000e+00
4.783034420013427734e+02 2.347580565512180328e+02 4.739158344268798828e+02 2.297180324792861938e+02 4.710362911224365234e+02 2.253922113776206970e+02 2.000000000000000000e+00
4.424685382843017578e+02 2.439948123693466187e+02 4.385317993164062500e+02 2.391115416772663593e+02 4.362675189971923828e+02 2.345233149826526642e+02 2.000000000000000000e+00
4.892123413085937500e+02 2.392976531758904457e+02 4.847249794006347656e+02 2.343171384930610657e+02 4.818219375610351562e+02 2.298220512270927429e+02 2.000000000000000000e+00
4.855414199829101562e+02 2.287305745482444763e+02 4.806365394592285156e+02 2.240566706657409668e+02 4.776337623596191406e+02 2.195601189136505127e+02 2.000000000000000000e+00
