3.338201904296875000e+02 2.279052114486694336e+02 3.354947817325592041e+02 2.273500210046768188e+02 3.290573424100875854e+02 2.229262840747833252e+02 1.000000000000000000e+00
2.358201122283935547e+02 1.928633236885070801e+02 2.395210742950439453e+02 1.927527272701263428e+02 2.347994709014892578e+02 1.887324357032775879e+02 1.000000000000000000e+00
3.053442990779876709e+02 2.456237795948982239e+02 3.074376213550567627e+02 2.449126589298248291e+02 3.014161980152130127e+02 2.403845825325697660e+02 1.000000000000000000e+00
3.232426452636718750e+02 2.240496057271957397e+02 3.251894533634185791e+02 2.234192794561386108e+02 3.187767639011144638e+02 2.190514522790908813e+02 1.000000000000000000e+00
3.097726738452911377e+02 2.200964337587356567e+02 3.122345578670501709e+02 2.196559131145477295e+02 3.063842463493347168e+02 2.152752524614334106e+02 1.000000000000000000e+00
2.586961650848388672e+02 1.929384148120880127e+02 2.620839548110961914e+02 1.927317774295806885e+02 2.569677114486694336e+02 1.887410116195678711e+02 1.000000000000000000e+00
3.111564636230468750e+02 2.487802129983901978e+02 3.133010250329971313e+02 2.481427314877510071e+02 3.072060847282409668e+02 2.436365968734025955e+02 1.000000000000000000e+00
3.103136593103408813e+02 2.447360385954380035e+02 3.124139100313186646e+02 2.441216889023780823e+02 3.063905334472656250e+02 2.395650176703929901e+02 1.000000000000000000e+00
3.401293635368347168e+02 2.244144272804260254e+02 3.413692331314086914e+02 2.240478515625000000e+02 3.346763610839843750e+02 2.196837455034255981e+02 1.000000000000000000e+00
3.034807741641998291e+02 2.395427856221795082e+02 3.055925905704498291e+02 2.387763365730643272e+02 2.996434330940246582e+02 2.342545773088932037e+02 1.000000000000000000e+00
3.252961730957031250e+02 2.287293085455894470e+02 3.272020262479782104e+02 2.281326287984848022e+02 3.208527527004480362e+02 2.237156814336776733e+02 1.000000000000000000e+00
3.269351500272750854e+02 2.241988366842269897e+02 3.287365722656250000e+02 2.236882781982421875e+02 3.223168945312500000e+02 2.193957352638244629e+02 1.000000000000000000e+00
2.368130779266357422e+02 2.016950368881225586e+02 2.405104351043701172e+02 2.015186154842376709e+02 2.357766723632812500e+02 1.974407780170440674e+02 1.000000000000000000e+00
3.264757996797561646e+02 2.334665371477603912e+02 3.284448242187500000e+02 2.326302333176136017e+02 3.221204224228858948e+02 2.282409051060676575e+02 1.000000000000000000e+00
3.304257810115814209e+02 2.333336484432220459e+02 3.323119819164276123e+02 2.324819943308830261e+02 3.258885192871093750e+02 2.280617979168891907e+02 1.000000000000000000e+00
3.308261108398437500e+02 2.242443376779556274e+02 3.325959479808807373e+02 2.237640684843063354e+02 3.261067199707031250e+02 2.194959712028503418e+02 1.000000000000000000e+00
3.035358273983001709e+02 2.354609982669353485e+02 3.057198488712310791e+02 2.346074214577674866e+02 2.998159170150756836e+02 2.300874629616737366e+02 1.000000000000000000e+00
3.450262451171875000e+02 2.244177085161209106e+02 3.462815546989440918e+02 2.239209741353988647e+02 3.394468080997467041e+02 2.195490717887878418e+02 1.000000000000000000e+00
2.144125843048095703e+02 2.213165116310119629e+02 2.176906681060791016e+02 2.205276167392730713e+02 2.126280498504638672e+02 2.159977555274963379e+02 1.000000000000000000e+00
3.289428406953811646e+02 2.376679381728172302e+02 3.309882199764251709e+02 2.366185605525970459e+02 3.246116334199905396e+02 2.320958706736564636e+02 1.000000000000000000e+00
2.044533252716064453e+02 2.148456251621246338e+02 2.082279968261718750e+02 2.143477159738540649e+02 2.034906768798828125e+02 2.100987535715103149e+02 1.000000000000000000e+00
3.228754273056983948e+02 2.340759730339050293e+02 3.249190369248390198e+02 2.331736600399017334e+02 3.186505126953125000e+02 2.286539760231971741e+02 1.000000000000000000e+00
3.345309448242187500e+02 2.243306565284729004e+02 3.361924135684967041e+02 2.238254839181900024e+02 3.296341556310653687e+02 2.195171499252319336e+02 1.000000000000000000e+00
2.734734201431274414e+02 2.329053796827793121e+02 2.758801889419555664e+02 2.323882591724395752e+02 2.696321105957031250e+02 2.277367696166038513e+02 1.000000000000000000e+00
2.924226975440979004e+02 2.084257793426513672e+02 2.953467702865600586e+02 2.081444370746612549e+02 2.897391343116760254e+02 2.038921952247619629e+02 1.000000000000000000e+00
2.503961467742919922e+02 2.319000542163848877e+02 2.524439382553100586e+02 2.313160702586174011e+02 2.469168853759765625e+02 2.270068350434303284e+02 1.000000000000000000e+00
2.866527390480041504e+02 2.233822309970855713e+02 2.890757751464843750e+02 2.229343861341476440e+02 2.832079458236694336e+02 2.187386155128479004e+02 1.000000000000000000e+00
2.586763286590576172e+02 2.018190443515777588e+02 2.620544719696044922e+02 2.016199028491973877e+02 2.569348764419555664e+02 1.976786935329437256e+02 1.000000000000000000e+00
3.012196648120880127e+02 1.955662214756011963e+02 3.038318789005279541e+02 1.954992055892944336e+02 2.983531188964843750e+02 1.913847005367279053e+02 1.000000000000000000e+00
2.104646396636962891e+02 2.211094039678573608e+02 2.137682151794433594e+02 2.202395778894424438e+02 2.087468433380126953e+02 2.155949538946151733e+02 1.000000000000000000e+00
3.259652101993560791e+02 1.813497126102447510e+02 3.277276611328125000e+02 1.814406859874725342e+02 3.213110351562500000e+02 1.775741672515869141e+02 1.000000000000000000e+00
2.743290376663208008e+02 2.293827205896377563e+02 2.767870473861694336e+02 2.287546384334564209e+02 2.704782390594482422e+02 2.244309997558593750e+02 1.000000000000000000e+00
3.057644045352935791e+02 2.221807390451431274e+02 3.081953120231628418e+02 2.217064815759658813e+02 3.023723447322845459e+02 2.173840159177780151e+02 1.000000000000000000e+00
2.936304616928100586e+02 1.947203958034515381e+02 2.965316462516784668e+02 1.946854698657989502e+02 2.911935734748840332e+02 1.906002795696258545e+02 1.000000000000000000e+00
2.637327575683593750e+02 2.244105219841003418e+02 2.661520051956176758e+02 2.239237976074218750e+02 2.601047945022583008e+02 2.196982419490814209e+02 1.000000000000000000e+00
1.949712848663330078e+02 1.906916785240173340e+02 1.988619804382324219e+02 1.905117166042327881e+02 1.945439147949218750e+02 1.865392291545867920e+02 1.000000000000000000e+00
3.438326120376586914e+02 2.185062396526336670e+02 3.450184631347656250e+02 2.183061504364013672e+02 3.381846928596496582e+02 2.140986013412475586e+02 1.000000000000000000e+00
2.506608247756958008e+02 1.979218411445617676e+02 2.540552186965942383e+02 1.976984381675720215e+02 2.489314413070678711e+02 1.936938285827636719e+02 1.000000000000000000e+00
3.382017219066619873e+02 2.021809816360473633e+02 3.395182192325592041e+02 2.021402120590209961e+02 3.324255371093750000e+02 1.976986813545227051e+02 1.000000000000000000e+00
2.467357635498046875e+02 1.978882133960723877e+02 2.501958322525024414e+02 1.976845371723175049e+02 2.452746438980102539e+02 1.936556231975555420e+02 1.000000000000000000e+00
3.148057860136032104e+02 1.958038759231567383e+02 3.164682006835937500e+02 1.954848754405975342e+02 3.101689147949218750e+02 1.913518345355987549e+02 1.000000000000000000e+00
2.873586106300354004e+02 2.299169763922691345e+02 2.893896174430847168e+02 2.291732785105705261e+02 2.833695673942565918e+02 2.247547745704650879e+02 1.000000000000000000e+00
3.083444213867187500e+02 1.784724998474121094e+02 3.104868161678314209e+02 1.785760617256164551e+02 3.042438960075378418e+02 1.746618032455444336e+02 1.000000000000000000e+00
3.274664610624313354e+02 2.184375751018524170e+02 3.291549074649810791e+02 2.183063346147537231e+02 3.226159974932670593e+02 2.140980970859527588e+02 1.000000000000000000e+00
1.997599792480468750e+02 2.039794600009918213e+02 2.037475109100341797e+02 2.038591146469116211e+02 1.992423057556152344e+02 1.996123194694519043e+02 1.000000000000000000e+00
2.029453563690185547e+02 1.944647026062011719e+02 2.068263721466064453e+02 1.942808961868286133e+02 2.024980258941650391e+02 1.903852808475494385e+02 1.000000000000000000e+00
2.055625724792480469e+02 2.108814829587936401e+02 2.093518066406250000e+02 2.103955972194671631e+02 2.047305774688720703e+02 2.062148129940032959e+02 1.000000000000000000e+00
2.028467369079589844e+02 2.011655259132385254e+02 2.067746734619140625e+02 2.009079730510711670e+02 2.023358631134033203e+02 1.968158841133117676e+02 1.000000000000000000e+00
3.077955317497253418e+02 1.984812605381011963e+02 3.101184386014938354e+02 1.983022606372833252e+02 3.042855226993560791e+02 1.941764509677886963e+02 1.000000000000000000e+00
3.026161193847656250e+02 2.317102655768394470e+02 3.048642885684967041e+02 2.309774163365364075e+02 2.990272831916809082e+02 2.267309108376502991e+02 1.000000000000000000e+00
2.986499023437500000e+02 2.251822346448898315e+02 3.008016657829284668e+02 2.246870720386505127e+02 2.951114487648010254e+02 2.204267263412475586e+02 1.000000000000000000e+00
2.844573974609375000e+02 2.272272938489913940e+02 2.866904592514038086e+02 2.265871578454971313e+02 2.808341979980468750e+02 2.224156183004379272e+02 1.000000000000000000e+00
2.941432499885559082e+02 2.306365048885345459e+02 2.961786198616027832e+02 2.297727048397064209e+02 2.903121018409729004e+02 2.255122670531272888e+02 1.000000000000000000e+00
2.735486459732055664e+02 2.368296660482883453e+02 2.757592773437500000e+02 2.361470639705657959e+02 2.695558452606201172e+02 2.316081082820892334e+02 1.000000000000000000e+00
1.979342460632324219e+02 1.943843507766723633e+02 2.018082904815673828e+02 1.941430485248565674e+02 1.974635601043701172e+02 1.900519394874572754e+02 1.000000000000000000e+00
2.319620513916015625e+02 2.248071438074111938e+02 2.352759647369384766e+02 2.245674276351928711e+02 2.299020385742187500e+02 2.201506036520004272e+02 1.000000000000000000e+00
3.334588623046875000e+02 1.903016638755798340e+02 3.352328193187713623e+02 1.904249989986419678e+02 3.289018553495407104e+02 1.864623248577117920e+02 1.000000000000000000e+00
3.190167541056871414e+02 1.802656817436218262e+02 3.208800964802503586e+02 1.803339064121246338e+02 3.145637208223342896e+02 1.764566302299499512e+02 1.000000000000000000e+00
2.428285646438598633e+02 1.988630032539367676e+02 2.464736318588256836e+02 1.986586904525756836e+02 2.417078256607055664e+02 1.945916104316711426e+02 1.000000000000000000e+00
4.452872943878173828e+02 2.520370182394981384e+02 4.464177227020263672e+02 2.509380653500556946e+02 4.396687030792236328e+02 2.458115239441394806e+02 2.000000000000000000e+00
5.186126708984375000e+02 2.786196005344390869e+02 5.192628288269042969e+02 2.773028898239135742e+02 5.117470359802246094e+02 2.719894731044769287e+02 2.000000000000000000e+00
5.266436767578125000e+02 2.776604926586151123e+02 5.271904945373535156e+02 2.763170778751373291e+02 5.197331047058105469e+02 2.710069584846496582e+02 2.000000000000000000e+00
5.188470458984375000e+02 2.726304352283477783e+02 5.194450187683105469e+02 2.713182091712951660e+02 5.120784378051757812e+02 2.660155034065246582e+02 2.000000000000000000e+00
5.305617713928222656e+02 2.776882052421569824e+02 5.310147094726562500e+02 2.763457059860229492e+02 5.236141967773437500e+02 2.710540795326232910e+02 2.000000000000000000e+00
4.804594802856445312e+02 2.487700045108795166e+02 4.812399673461914062e+02 2.476547089219093323e+02 4.742693233489990234e+02 2.426772766560316086e+02 2.000000000000000000e+00
5.149383544921875000e+02 2.538472911715507507e+02 5.154195022583007812e+02 2.527598574757575989e+02 5.081074523925781250e+02 2.476535645127296448e+02 2.000000000000000000e+00
4.766269207000732422e+02 2.487783515453338623e+02 4.775156307220458984e+02 2.476657265424728394e+02 4.705289363861083984e+02 2.426802521198987961e+02 2.000000000000000000e+00
4.912181472778320312e+02 2.677728599309921265e+02 4.917886734008789062e+02 2.664230668544769287e+02 4.845215225219726562e+02 2.611474013328552246e+02 2.000000000000000000e+00
5.139133262634277344e+02 2.696693122386932373e+02 5.145347404479980469e+02 2.683274853229522705e+02 5.072067260742187500e+02 2.630330210924148560e+02 2.000000000000000000e+00
4.549229717254638672e+02 2.705374789237976074e+02 4.557987117767333984e+02 2.692633080482482910e+02 4.490820598602294922e+02 2.640483105182647705e+02 2.000000000000000000e+00
5.119794082641601562e+02 2.598735058307647705e+02 5.125128746032714844e+02 2.586376351118087769e+02 5.051888847351074219e+02 2.535879063606262207e+02 2.000000000000000000e+00
5.040115165710449219e+02 2.648465287685394287e+02 5.045894432067871094e+02 2.635176408290863037e+02 4.972941398620605469e+02 2.582734072208404541e+02 2.000000000000000000e+00
5.208529090881347656e+02 2.676694053411483765e+02 5.214589881896972656e+02 2.663169264793395996e+02 5.140590858459472656e+02 2.610395210981369019e+02 2.000000000000000000e+00
4.401587867736816406e+02 2.557429361343383789e+02 4.412898921966552734e+02 2.546289986371994019e+02 4.345440673828125000e+02 2.494885101914405823e+02 2.000000000000000000e+00
5.000512504577636719e+02 2.648616653680801392e+02 5.005360984802246094e+02 2.635552382469177246e+02 4.932711791992187500e+02 2.583115249872207642e+02 2.000000000000000000e+00
4.742960548400878906e+02 2.675375694036483765e+02 4.751014137268066406e+02 2.662602853775024414e+02 4.679928874969482422e+02 2.609338992834091187e+02 2.000000000000000000e+00
5.287197875976562500e+02 2.716527128219604492e+02 5.292817497253417969e+02 2.703030395507812500e+02 5.217950439453125000e+02 2.649909675121307373e+02 2.000000000000000000e+00
4.922946548461914062e+02 2.619052737951278687e+02 4.928578567504882812e+02 2.605742204189300537e+02 4.855533409118652344e+02 2.553462070226669312e+02 2.000000000000000000e+00
4.533137798309326172e+02 2.590775156021118164e+02 4.544103145599365234e+02 2.580299395322799683e+02 4.476240253448486328e+02 2.527705389261245728e+02 2.000000000000000000e+00
5.089859962463378906e+02 2.628338938951492310e+02 5.095570373535156250e+02 2.614935010671615601e+02 5.022537231445312500e+02 2.562691050767898560e+02 2.000000000000000000e+00
4.600247478485107422e+02 2.646476447582244873e+02 4.609515094757080078e+02 2.634738779067993164e+02 4.542964839935302734e+02 2.583472001552581787e+02 2.000000000000000000e+00
4.942354393005371094e+02 2.726710832118988037e+02 4.946079063415527344e+02 2.713727438449859619e+02 4.873402214050292969e+02 2.660607004165649414e+02 2.000000000000000000e+00
5.089465904235839844e+02 2.696908897161483765e+02 5.095558547973632812e+02 2.683627027273178101e+02 5.022304153442382812e+02 2.630831319093704224e+02 2.000000000000000000e+00
5.288004112243652344e+02 2.626900649070739746e+02 5.292684936523437500e+02 2.614823001623153687e+02 5.217497634887695312e+02 2.561828935146331787e+02 2.000000000000000000e+00
4.561361122131347656e+02 2.530516058206558228e+02 4.571210002899169922e+02 2.519783028960227966e+02 4.504030513763427734e+02 2.467930452525615692e+02 2.000000000000000000e+00
4.685696125030517578e+02 2.655794388055801392e+02 4.693484497070312500e+02 2.643760693073272705e+02 4.624350643157958984e+02 2.592152416706085205e+02 2.000000000000000000e+00
5.099976158142089844e+02 2.558693397045135498e+02 5.105165672302246094e+02 2.546698459982872009e+02 5.031928443908691406e+02 2.495800477266311646e+02 2.000000000000000000e+00
4.962733268737792969e+02 2.578558659553527832e+02 4.967403221130371094e+02 2.566780704259872437e+02 4.894978904724121094e+02 2.515893253684043884e+02 2.000000000000000000e+00
5.159756469726562500e+02 2.627830517292022705e+02 5.165446281433105469e+02 2.614320391416549683e+02 5.092495536804199219e+02 2.561946415901184082e+02 2.000000000000000000e+00
4.772061443328857422e+02 2.725068998336791992e+02 4.781057453155517578e+02 2.712324857711791992e+02 4.710402870178222656e+02 2.658694159984588623e+02 2.000000000000000000e+00
5.277603721618652344e+02 2.676143807172775269e+02 5.283407592773437500e+02 2.663073134422302246e+02 5.208364868164062500e+02 2.610161447525024414e+02 2.000000000000000000e+00
5.288173866271972656e+02 2.529273077845573425e+02 5.293865966796875000e+02 2.518122258782386780e+02 5.217108726501464844e+02 2.462034152448177338e+02 2.000000000000000000e+00
