4.313883972167968750e+02 2.321496579051017761e+02 4.334655189514160156e+02 2.332872462272644043e+02 4.312380695343017578e+02 2.321801143884658813e+02 1.000000000000000000e+00
4.123003864288330078e+02 2.425320893526077271e+02 4.142905902862548828e+02 2.438951110839843750e+02 4.122858905792236328e+02 2.430784302949905396e+02 1.000000000000000000e+00
4.391918945312500000e+02 2.744375646114349365e+02 4.409098529815673828e+02 2.757812511920928955e+02 4.388772296905517578e+02 2.749620974063873291e+02 1.000000000000000000e+00
4.230901813507080078e+02 2.551754164695739746e+02 4.251366615295410156e+02 2.563692337274551392e+02 4.235414791107177734e+02 2.553323829174041748e+02 1.000000000000000000e+00
4.694838619232177734e+02 2.558095872402191162e+02 4.719851684570312500e+02 2.569886183738708496e+02 4.706726074218750000e+02 2.559071820974349976e+02 1.000000000000000000e+00
5.569036865234375000e+02 2.595711064338684082e+02 5.586787223815917969e+02 2.608430492877960205e+02 5.565123939514160156e+02 2.596374821662902832e+02 1.000000000000000000e+00
5.052983093261718750e+02 2.821814274787902832e+02 5.075463867187500000e+02 2.834103727340698242e+02 5.060238456726074219e+02 2.826781332492828369e+02 1.000000000000000000e+00
4.976160049438476562e+02 2.693742388486862183e+02 5.000877380371093750e+02 2.706465482711791992e+02 4.985056114196777344e+02 2.696623241901397705e+02 1.000000000000000000e+00
5.101464271545410156e+02 2.851905226707458496e+02 5.123541831970214844e+02 2.864192211627960205e+02 5.106802177429199219e+02 2.855852687358856201e+02 1.000000000000000000e+00
5.127531814575195312e+02 2.754998481273651123e+02 5.148852539062500000e+02 2.766077899932861328e+02 5.131263542175292969e+02 2.755069899559020996e+02 1.000000000000000000e+00
5.207008743286132812e+02 2.746648263931274414e+02 5.229741287231445312e+02 2.757680690288543701e+02 5.211637687683105469e+02 2.746467304229736328e+02 1.000000000000000000e+00
4.382007503509521484e+02 2.554518592357635498e+02 4.408119869232177734e+02 2.565454423427581787e+02 4.392964839935302734e+02 2.555259704589843750e+02 1.000000000000000000e+00
4.845821952819824219e+02 2.405821228399872780e+02 4.868504714965820312e+02 2.419080354273319244e+02 4.852725219726562500e+02 2.413083343952894211e+02 1.000000000000000000e+00
5.033670997619628906e+02 2.764015531539916992e+02 5.056724929809570312e+02 2.775823688507080078e+02 5.040078163146972656e+02 2.765464818477630615e+02 1.000000000000000000e+00
5.033330154418945312e+02 2.689060682058334351e+02 5.057484245300292969e+02 2.701972067356109619e+02 5.042262268066406250e+02 2.692273879051208496e+02 1.000000000000000000e+00
4.233228206634521484e+02 2.487571871280670166e+02 4.254385375976562500e+02 2.499370881915092468e+02 4.238124370574951172e+02 2.488510903716087341e+02 1.000000000000000000e+00
5.367581176757812500e+02 2.754541039466857910e+02 5.388334465026855469e+02 2.767307460308074951e+02 5.369083976745605469e+02 2.756424272060394287e+02 1.000000000000000000e+00
4.480497455596923828e+02 2.553711855411529541e+02 4.506343746185302734e+02 2.564673167467117310e+02 4.492467403411865234e+02 2.554328781366348267e+02 1.000000000000000000e+00
4.359548950195312500e+02 2.447645875811576843e+02 4.383038997650146484e+02 2.459635470807552338e+02 4.365465736389160156e+02 2.449339905381202698e+02 1.000000000000000000e+00
4.782636451721191406e+02 2.589650881290435791e+02 4.807658195495605469e+02 2.601816111803054810e+02 4.794754028320312500e+02 2.591643083095550537e+02 1.000000000000000000e+00
4.148092079162597656e+02 2.469083561003208160e+02 4.171895122528076172e+02 2.480480352044105530e+02 4.154165649414062500e+02 2.470407566428184509e+02 1.000000000000000000e+00
5.000717735290527344e+02 2.845667123794555664e+02 5.023764038085937500e+02 2.858371925354003906e+02 5.009152030944824219e+02 2.852426469326019287e+02 1.000000000000000000e+00
4.158088684082031250e+02 2.358570706844329834e+02 4.176081848144531250e+02 2.373092955350875854e+02 4.156407833099365234e+02 2.363760832697153091e+02 1.000000000000000000e+00
4.251063537597656250e+02 2.437442323565483093e+02 4.273036479949951172e+02 2.449280704557895660e+02 4.254439449310302734e+02 2.438921356201171875e+02 1.000000000000000000e+00
4.526372718811035156e+02 2.485251778364181519e+02 4.552830219268798828e+02 2.496253055334091187e+02 4.539499855041503906e+02 2.485399174690246582e+02 1.000000000000000000e+00
4.866050148010253906e+02 2.620233464241027832e+02 4.892071533203125000e+02 2.632308357954025269e+02 4.877650451660156250e+02 2.622051411867141724e+02 1.000000000000000000e+00
5.534972572326660156e+02 2.744757699966430664e+02 5.552237510681152344e+02 2.758446979522705078e+02 5.529636192321777344e+02 2.748012721538543701e+02 1.000000000000000000e+00
4.646437072753906250e+02 2.560706788301467896e+02 4.670298767089843750e+02 2.572377026081085205e+02 4.657343769073486328e+02 2.561387640237808228e+02 1.000000000000000000e+00
4.712071514129638672e+02 2.602186292409896851e+02 4.736683082580566406e+02 2.613954484462738037e+02 4.724262142181396484e+02 2.603977060317993164e+02 1.000000000000000000e+00
4.475714111328125000e+02 2.695470285415649414e+02 4.493754005432128906e+02 2.709085392951965332e+02 4.473378276824951172e+02 2.700745868682861328e+02 1.000000000000000000e+00
4.621870708465576172e+02 2.705750155448913574e+02 4.633134746551513672e+02 2.719267916679382324e+02 4.618113994598388672e+02 2.709482753276824951e+02 1.000000000000000000e+00
4.935135269165039062e+02 2.772932159900665283e+02 4.958756065368652344e+02 2.785575878620147705e+02 4.943406677246093750e+02 2.776214933395385742e+02 1.000000000000000000e+00
5.447876548767089844e+02 2.635014653205871582e+02 5.466691970825195312e+02 2.647646802663803101e+02 5.445115470886230469e+02 2.636056834459304810e+02 1.000000000000000000e+00
5.563944053649902344e+02 2.450459137558937073e+02 5.581762695312500000e+02 2.462811130285263062e+02 5.559536170959472656e+02 2.452346040308475494e+02 1.000000000000000000e+00
4.577158260345458984e+02 2.706033039093017578e+02 4.591961383819580078e+02 2.719400668144226074e+02 4.572120380401611328e+02 2.709965515136718750e+02 1.000000000000000000e+00
5.112272453308105469e+02 2.809155607223510742e+02 5.134029006958007812e+02 2.821886301040649414e+02 5.117213821411132812e+02 2.813130211830139160e+02 1.000000000000000000e+00
4.802546501159667969e+02 2.763555300235748291e+02 4.823549270629882812e+02 2.775678133964538574e+02 4.805022048950195312e+02 2.766645526885986328e+02 1.000000000000000000e+00
4.849757385253906250e+02 2.360505826771259308e+02 4.871142578125000000e+02 2.371387937664985657e+02 4.854284667968750000e+02 2.361449275910854340e+02 1.000000000000000000e+00
4.856431961059570312e+02 2.715143144130706787e+02 4.880643272399902344e+02 2.727164626121520996e+02 4.864540100097656250e+02 2.717896127700805664e+02 1.000000000000000000e+00
5.479739952087402344e+02 2.497094580531120300e+02 5.498704910278320312e+02 2.511367803812026978e+02 5.477190017700195312e+02 2.501064151525497437e+02 1.000000000000000000e+00
5.230720329284667969e+02 2.666922014951705933e+02 5.249278068542480469e+02 2.679880088567733765e+02 5.228323364257812500e+02 2.668702715635299683e+02 1.000000000000000000e+00
4.848000907897949219e+02 2.502929690480232239e+02 4.874798965454101562e+02 2.514938208460807800e+02 4.860641860961914062e+02 2.503812718391418457e+02 1.000000000000000000e+00
4.925677490234375000e+02 2.628621840476989746e+02 4.951049232482910156e+02 2.641302502155303955e+02 4.935868835449218750e+02 2.630832231044769287e+02 1.000000000000000000e+00
5.572417640686035156e+02 2.546627354621887207e+02 5.590769767761230469e+02 2.560123604536056519e+02 5.568446731567382812e+02 2.548536846041679382e+02 1.000000000000000000e+00
4.290138244628906250e+02 2.553883373737335205e+02 4.310945129394531250e+02 2.565549927949905396e+02 4.295638751983642578e+02 2.555349290370941162e+02 1.000000000000000000e+00
4.561968421936035156e+02 2.582730728387832642e+02 4.589089107513427734e+02 2.594147354364395142e+02 4.575356483459472656e+02 2.583445447683334351e+02 1.000000000000000000e+00
5.449052238464355469e+02 2.458339543640613556e+02 5.468060874938964844e+02 2.470952457189559937e+02 5.446892738342285156e+02 2.461429448425769806e+02 1.000000000000000000e+00
4.553770446777343750e+02 2.445674134790897369e+02 4.580118465423583984e+02 2.457519078254699707e+02 4.567934894561767578e+02 2.447187960147857666e+02 1.000000000000000000e+00
1.076930999755859375e+02 5.145333766937255859e+01 1.150256538391113281e+02 5.320843219757080078e+01 1.179770088195800781e+02 5.279272556304931641e+01 2.000000000000000000e+00
3.160469359159469604e+02 4.549277114868164062e+02 3.230814209580421448e+02 4.564793872833251953e+02 3.263085025548934937e+02 4.557307863235473633e+02 2.000000000000000000e+00
3.837963247299194336e+02 4.639456844329833984e+02 3.908766508102416992e+02 4.654282093048095703e+02 3.940913391113281250e+02 4.646813821792602539e+02 2.000000000000000000e+00
3.767969083786010742e+02 2.787377321720123291e+02 3.837230825424194336e+02 2.803252279758453369e+02 3.867531156539916992e+02 2.795604586601257324e+02 2.000000000000000000e+00
3.448892211914062500e+02 4.598984241485595703e+02 3.519960331916809082e+02 4.614387273788452148e+02 3.551670837402343750e+02 4.607244443893432617e+02 2.000000000000000000e+00
3.138149410486221313e+02 4.679958343505859375e+01 3.208635864406824112e+02 4.830734252929687500e+01 3.238371887803077698e+02 4.767305374145507812e+01 2.000000000000000000e+00
3.309078371524810791e+02 4.649970817565917969e+02 3.379946601390838623e+02 4.664816093444824219e+02 3.411774301528930664e+02 4.657505321502685547e+02 2.000000000000000000e+00
3.488986515998840332e+02 4.668577623367309570e+02 3.560023808479309082e+02 4.683850479125976562e+02 3.591854548454284668e+02 4.676790904998779297e+02 2.000000000000000000e+00
3.458535170555114746e+02 4.709157514572143555e+02 3.529924321174621582e+02 4.724556398391723633e+02 3.561942148208618164e+02 4.717056369781494141e+02 2.000000000000000000e+00
3.828832101821899414e+02 4.691621589660644531e+02 3.899769592285156250e+02 4.705640745162963867e+02 3.932173156738281250e+02 4.698857545852661133e+02 2.000000000000000000e+00
1.770932292938232422e+02 6.397613525390625000e+01 1.842216300964355469e+02 6.560726165771484375e+01 1.872629642486572266e+02 6.509658336639404297e+01 2.000000000000000000e+00
3.651730966567993164e+02 4.420034837722778320e+02 3.721584796905517578e+02 4.434866380691528320e+02 3.753179311752319336e+02 4.426855945587158203e+02 2.000000000000000000e+00
3.720126962661743164e+02 4.528835821151733398e+02 3.790926837921142578e+02 4.543745470046997070e+02 3.822034311294555664e+02 4.536864423751831055e+02 2.000000000000000000e+00
3.503744196891784668e+02 3.480075430870056152e+02 3.573332524299621582e+02 3.495481896400451660e+02 3.604807138442993164e+02 3.486640977859497070e+02 2.000000000000000000e+00
3.388948369026184082e+02 4.599503660202026367e+02 3.460171818733215332e+02 4.614511871337890625e+02 3.491821908950805664e+02 4.607337427139282227e+02 2.000000000000000000e+00
2.072544384002685547e+02 2.895416593551635742e+02 2.142237663269042969e+02 2.910929882526397705e+02 2.172903537750244141e+02 2.905403780937194824e+02 2.000000000000000000e+00
3.018957209587097168e+02 4.702392053604125977e+02 3.090898430347442627e+02 4.716143560409545898e+02 3.122961425781250000e+02 4.709763908386230469e+02 2.000000000000000000e+00
3.619736051559448242e+02 4.699180126190185547e+02 3.690222167968750000e+02 4.714643669128417969e+02 3.722335815429687500e+02 4.707194995880126953e+02 2.000000000000000000e+00
3.769020414352416992e+02 4.568877696990966797e+02 3.840050649642944336e+02 4.583917093276977539e+02 3.871908283233642578e+02 4.576717901229858398e+02 2.000000000000000000e+00
3.030603027343750000e+02 4.549208736419677734e+02 3.099810481071472168e+02 4.564853382110595703e+02 3.132356566190719604e+02 4.557623434066772461e+02 2.000000000000000000e+00
3.710461759567260742e+02 4.578828477859497070e+02 3.781213712692260742e+02 4.593898773193359375e+02 3.812978839874267578e+02 4.586714315414428711e+02 2.000000000000000000e+00
2.950166010856628418e+02 4.722299623489379883e+02 3.021812129020690918e+02 4.736175298690795898e+02 3.053096616268157959e+02 4.729697656631469727e+02 2.000000000000000000e+00
1.276838684082031250e+02 7.463682174682617188e+01 1.349464225769042969e+02 7.631496906280517578e+01 1.379341506958007812e+02 7.587018013000488281e+01 2.000000000000000000e+00
3.877463388442993164e+02 4.588939619064331055e+02 3.947833871841430664e+02 4.604254531860351562e+02 3.980086374282836914e+02 4.596403026580810547e+02 2.000000000000000000e+00
3.247327882051467896e+02 3.883429527282714844e+01 3.317950439453125000e+02 4.035538673400878906e+01 3.347088015079498291e+02 3.972467422485351562e+01 2.000000000000000000e+00
2.012409973144531250e+02 2.885140407085418701e+02 2.082347583770751953e+02 2.900667142868041992e+02 2.112853813171386719e+02 2.895211207866668701e+02 2.000000000000000000e+00
3.569799494743347168e+02 4.588975095748901367e+02 3.640119314193725586e+02 4.603965282440185547e+02 3.673027372360229492e+02 4.596666383743286133e+02 2.000000000000000000e+00
1.430324172973632812e+02 4.763823366165161133e+02 1.501548385620117188e+02 4.778218173980712891e+02 1.535061645507812500e+02 4.772108888626098633e+02 2.000000000000000000e+00
3.660040903091430664e+02 4.588640213012695312e+02 3.730666828155517578e+02 4.603645420074462891e+02 3.762717008590698242e+02 4.596624326705932617e+02 2.000000000000000000e+00
3.404268193244934082e+02 3.480064415931701660e+02 3.473048400878906250e+02 3.495389127731323242e+02 3.504092407226562500e+02 3.486489343643188477e+02 2.000000000000000000e+00
3.649898386001586914e+02 4.638800811767578125e+02 3.721215820312500000e+02 4.653825187683105469e+02 3.754217863082885742e+02 4.646818399429321289e+02 2.000000000000000000e+00
1.598980903625488281e+02 9.505771636962890625e+01 1.671052360534667969e+02 9.647662639617919922e+01 1.700669670104980469e+02 9.621113777160644531e+01 2.000000000000000000e+00
3.398484194278717041e+02 4.719707107543945312e+02 3.469770503044128418e+02 4.734880828857421875e+02 3.502211928367614746e+02 4.727355480194091797e+02 2.000000000000000000e+00
3.621195697784423828e+02 4.459553003311157227e+02 3.690406513214111328e+02 4.474021339416503906e+02 3.722772836685180664e+02 4.466759204864501953e+02 2.000000000000000000e+00
3.689924621582031250e+02 4.669329071044921875e+02 3.761052274703979492e+02 4.684419679641723633e+02 3.793458890914916992e+02 4.677065849304199219e+02 2.000000000000000000e+00
2.921323537826538086e+02 4.119586515426635742e+02 2.992398667335510254e+02 4.134602165222167969e+02 3.023490595817565918e+02 4.126781415939331055e+02 2.000000000000000000e+00
3.818847036361694336e+02 4.548860263824462891e+02 3.889630460739135742e+02 4.564133691787719727e+02 3.921458148956298828e+02 4.556547403335571289e+02 2.000000000000000000e+00
3.106552124023437500e+02 4.702499485015869141e+02 3.178752441704273224e+02 4.715774917602539062e+02 3.211471252888441086e+02 4.708758115768432617e+02 2.000000000000000000e+00
3.610474872589111328e+02 4.330253648757934570e+02 3.679915475845336914e+02 4.345536947250366211e+02 3.712394714355468750e+02 4.337448263168334961e+02 2.000000000000000000e+00
2.122984123229980469e+02 2.926205170154571533e+02 2.192288684844970703e+02 2.941167640686035156e+02 2.223062419891357422e+02 2.935589003562927246e+02 2.000000000000000000e+00
3.651176786422729492e+02 4.519027805328369141e+02 3.721418762207031250e+02 4.533687257766723633e+02 3.753688669204711914e+02 4.526763153076171875e+02 2.000000000000000000e+00
3.258592838048934937e+02 4.640861034393310547e+02 3.330528569221496582e+02 4.654880762100219727e+02 3.362609863281250000e+02 4.647800445556640625e+02 2.000000000000000000e+00
3.539303588867187500e+02 4.678861570358276367e+02 3.610504484176635742e+02 4.693875217437744141e+02 3.642420959472656250e+02 4.686612367630004883e+02 2.000000000000000000e+00
5.724848747253417969e+02 1.630337047576904297e+02 5.795329666137695312e+02 1.645235395431518555e+02 5.825860023498535156e+02 1.634340047836303711e+02 2.000000000000000000e+00
3.404334425926208496e+02 3.279402852058410645e+02 3.473299860954284668e+02 3.293774485588073730e+02 3.504067683219909668e+02 3.285990929603576660e+02 2.000000000000000000e+00
5.667968177795410156e+02 1.042113447189331055e+02 5.738322257995605469e+02 1.055010938644409180e+02 5.767446327209472656e+02 1.046085262298583984e+02 2.000000000000000000e+00
2.931155991554260254e+02 4.050524997711181641e+02 3.002212524414062500e+02 4.065354681015014648e+02 3.033463442325592041e+02 4.057588863372802734e+02 2.000000000000000000e+00
3.822131681442260742e+02 4.189498043060302734e+02 3.891724252700805664e+02 4.204170656204223633e+02 3.923258686065673828e+02 4.196538162231445312e+02 2.000000000000000000e+00
3.514026188850402832e+02 3.279711055755615234e+02 3.583858656883239746e+02 3.294023180007934570e+02 3.614460468292236328e+02 3.286084342002868652e+02 2.000000000000000000e+00
3.130514830350875854e+02 4.509294605255126953e+02 3.200416259793564677e+02 4.524980592727661133e+02 3.232899782061576843e+02 4.517482709884643555e+02 2.000000000000000000e+00
1.167475700378417969e+02 5.849501609802246094e+01 1.240294456481933594e+02 6.022088527679443359e+01 1.269933700561523438e+02 5.980690956115722656e+01 2.000000000000000000e+00
1.297266578674316406e+02 6.963872909545898438e+01 1.369626808166503906e+02 7.130551815032958984e+01 1.399812507629394531e+02 7.085761070251464844e+01 2.000000000000000000e+00
2.902394104003906250e+02 3.541442298889160156e+02 2.972210073471069336e+02 3.555580186843872070e+02 3.003670954704284668e+02 3.547117710113525391e+02 2.000000000000000000e+00
3.361685490608215332e+02 4.478907823562622070e+02 3.431296396255493164e+02 4.492741441726684570e+02 3.463228464126586914e+02 4.487156724929809570e+02 2.000000000000000000e+00
5.831573486328125000e+01 7.738390445709228516e+01 6.551719665527343750e+01 7.910526752471923828e+01 6.857440948486328125e+01 7.876869678497314453e+01 2.000000000000000000e+00
5.572900962829589844e+02 4.151362037658691406e+02 5.644403648376464844e+02 4.165472745895385742e+02 5.676379966735839844e+02 4.155746269226074219e+02 2.000000000000000000e+00
3.550848388671875000e+02 4.170912265777587891e+02 3.620344543457031250e+02 4.185354423522949219e+02 3.653033161163330078e+02 4.177197360992431641e+02 2.000000000000000000e+00
5.422122764587402344e+02 4.526967573165893555e+02 5.492484855651855469e+02 4.542503499984741211e+02 5.525951576232910156e+02 4.533997964859008789e+02 2.000000000000000000e+00
3.852171039581298828e+02 4.110017538070678711e+02 3.922321796417236328e+02 4.124339962005615234e+02 3.953182077407836914e+02 4.116463994979858398e+02 2.000000000000000000e+00
3.579368901252746582e+02 4.648910665512084961e+02 3.650408649444580078e+02 4.663838052749633789e+02 3.683570241928100586e+02 4.656707239151000977e+02 2.000000000000000000e+00
4.199752235412597656e+02 3.979998493194580078e+02 4.269458007812500000e+02 3.994582557678222656e+02 4.301832580566406250e+02 3.986763095855712891e+02 2.000000000000000000e+00
5.693052482604980469e+02 3.852951478958129883e+02 5.764436149597167969e+02 3.866767358779907227e+02 5.795976066589355469e+02 3.857656002044677734e+02 2.000000000000000000e+00
4.230456256866455078e+02 4.339041852951049805e+02 4.300093746185302734e+02 4.353796148300170898e+02 4.331621742248535156e+02 4.345875978469848633e+02 2.000000000000000000e+00
3.341798400878906250e+02 4.299603939056396484e+02 3.412077331542968750e+02 4.314780664443969727e+02 3.444368600845336914e+02 4.306739902496337891e+02 2.000000000000000000e+00
3.632349538803100586e+02 3.999992752075195312e+02 3.702710580825805664e+02 4.014397716522216797e+02 3.734241962432861328e+02 4.006959056854248047e+02 2.000000000000000000e+00
4.586403179168701172e+02 4.730129241943359375e+02 4.657911109924316406e+02 4.745226001739501953e+02 4.690567970275878906e+02 4.736484146118164062e+02 2.000000000000000000e+00
4.862532043457031250e+02 2.786650657653808594e+01 4.934124565124511719e+02 2.931926250457763672e+01 4.961376380920410156e+02 2.842663764953613281e+01 2.000000000000000000e+00
3.432945871353149414e+02 3.859947252273559570e+02 3.502789926528930664e+02 3.874025630950927734e+02 3.533748483657836914e+02 3.867531824111938477e+02 2.000000000000000000e+00
3.682347726821899414e+02 4.010015630722045898e+02 3.752898263931274414e+02 4.024821853637695312e+02 3.784089660644531250e+02 4.016975212097167969e+02 2.000000000000000000e+00
3.299573057889938354e+02 4.599704074859619141e+02 3.370887756347656250e+02 4.614796829223632812e+02 3.402702021598815918e+02 4.607231283187866211e+02 2.000000000000000000e+00
3.709600543975830078e+02 4.340295267105102539e+02 3.779086923599243164e+02 4.355381870269775391e+02 3.811821889877319336e+02 4.347304773330688477e+02 2.000000000000000000e+00
5.610358238220214844e+02 4.548313379287719727e+02 5.681444740295410156e+02 4.564018106460571289e+02 5.714283561706542969e+02 4.554636669158935547e+02 2.000000000000000000e+00
5.246767044067382812e+02 3.681756019592285156e+02 5.316956138610839844e+02 3.695572614669799805e+02 5.348317909240722656e+02 3.687461328506469727e+02 2.000000000000000000e+00
3.660905456542968750e+02 4.730821323394775391e+02 3.732080411911010742e+02 4.745706939697265625e+02 3.763708829879760742e+02 4.737910223007202148e+02 2.000000000000000000e+00
1.844133758544921875e+02 4.701328897476196289e+02 1.914655399322509766e+02 4.716338968276977539e+02 1.947766399383544922e+02 4.709861326217651367e+02 2.000000000000000000e+00
2.918292236328125000e+02 4.499266433715820312e+02 2.988242483139038086e+02 4.514573764801025391e+02 3.020964968204498291e+02 4.507347822189331055e+02 2.000000000000000000e+00
3.561097407341003418e+02 4.320199728012084961e+02 3.630800199508666992e+02 4.335188770294189453e+02 3.662743854522705078e+02 4.326944446563720703e+02 2.000000000000000000e+00
3.552144479751586914e+02 4.090272045135498047e+02 3.622278738021850586e+02 4.104902744293212891e+02 3.654562377929687500e+02 4.096762847900390625e+02 2.000000000000000000e+00
5.771442222595214844e+02 3.991208839416503906e+02 5.843253898620605469e+02 4.006244945526123047e+02 5.875314331054687500e+02 3.996036529541015625e+02 2.000000000000000000e+00
3.771024465560913086e+02 4.269309139251708984e+02 3.840028715133666992e+02 4.284354400634765625e+02 3.872917795181274414e+02 4.276902580261230469e+02 2.000000000000000000e+00
1.357944297790527344e+02 5.561561107635498047e+01 1.429812049865722656e+02 5.731640338897705078e+01 1.459819984436035156e+02 5.694215297698974609e+01 2.000000000000000000e+00
3.353294074535369873e+02 3.829695510864257812e+02 3.423651742935180664e+02 3.844440078735351562e+02 3.454169631004333496e+02 3.837768888473510742e+02 2.000000000000000000e+00
3.431132817268371582e+02 4.030868625640869141e+02 3.501624751091003418e+02 4.044654321670532227e+02 3.533248591423034668e+02 4.037978839874267578e+02 2.000000000000000000e+00
2.799720430374145508e+02 4.702384185791015625e+02 2.871988821029663086e+02 4.716231822967529297e+02 2.903530573844909668e+02 4.709233474731445312e+02 2.000000000000000000e+00
3.720455932617187500e+02 4.219779825210571289e+02 3.789830017089843750e+02 4.234470891952514648e+02 3.822402667999267578e+02 4.226906490325927734e+02 2.000000000000000000e+00
3.382373964786529541e+02 3.889185190200805664e+02 3.452661442756652832e+02 3.903967666625976562e+02 3.483746957778930664e+02 3.897402477264404297e+02 2.000000000000000000e+00
2.793385601043701172e+02 3.668294477462768555e+02 2.864149475097656250e+02 3.683732700347900391e+02 2.893872976303100586e+02 3.677710676193237305e+02 2.000000000000000000e+00
2.338117504119873047e+02 4.238641691207885742e+02 2.408561706542968750e+02 4.254138851165771484e+02 2.441068553924560547e+02 4.247695398330688477e+02 2.000000000000000000e+00
5.444187736511230469e+02 4.270395898818969727e+02 5.515151977539062500e+02 4.285442590713500977e+02 5.547556877136230469e+02 4.276239681243896484e+02 2.000000000000000000e+00
5.560924720764160156e+02 4.699955320358276367e+02 5.632101440429687500e+02 4.714745664596557617e+02 5.664230346679687500e+02 4.706153440475463867e+02 2.000000000000000000e+00
2.300579547882080078e+02 4.058611822128295898e+02 2.371437168121337891e+02 4.073462247848510742e+02 2.402966928482055664e+02 4.066932106018066406e+02 2.000000000000000000e+00
3.962464284896850586e+02 3.850007772445678711e+02 4.032434368133544922e+02 3.864552927017211914e+02 4.063052082061767578e+02 3.856534194946289062e+02 2.000000000000000000e+00
2.244205284118652344e+02 2.926082789897918701e+02 2.313459587097167969e+02 2.941842985153198242e+02 2.344595623016357422e+02 2.936040687561035156e+02 2.000000000000000000e+00
1.964356803894042969e+02 4.731149482727050781e+02 2.035209941864013672e+02 4.745915651321411133e+02 2.067758464813232422e+02 4.740330648422241211e+02 2.000000000000000000e+00
5.617872428894042969e+02 8.028119087219238281e+01 5.687698364257812500e+02 8.168000221252441406e+01 5.716986656188964844e+02 8.064125061035156250e+01 2.000000000000000000e+00
5.056409645080566406e+02 4.021284198760986328e+02 5.126940917968750000e+02 4.036417865753173828e+02 5.159743690490722656e+02 4.026900672912597656e+02 2.000000000000000000e+00
3.571803903579711914e+02 4.450186014175415039e+02 3.640587759017944336e+02 4.465156602859497070e+02 3.672811889648437500e+02 4.457243442535400391e+02 2.000000000000000000e+00
5.207008743286132812e+02 3.503422021865844727e+02 5.277893638610839844e+02 3.516560125350952148e+02 5.309575271606445312e+02 3.507926702499389648e+02 2.000000000000000000e+00
3.758709096908569336e+02 4.659006500244140625e+02 3.829721689224243164e+02 4.673987531661987305e+02 3.861936044692993164e+02 4.667175149917602539e+02 2.000000000000000000e+00
5.666526603698730469e+02 1.420758032798767090e+02 5.736271476745605469e+02 1.434070229530334473e+02 5.766434288024902344e+02 1.424690365791320801e+02 2.000000000000000000e+00
3.732081937789916992e+02 3.950297355651855469e+02 3.802352619171142578e+02 3.965219879150390625e+02 3.833837604522705078e+02 3.957340192794799805e+02 2.000000000000000000e+00
2.608582735061645508e+02 4.440039825439453125e+02 2.679308462142944336e+02 4.454252386093139648e+02 2.711784648895263672e+02 4.447983455657958984e+02 2.000000000000000000e+00
3.493937087059020996e+02 3.369545030593872070e+02 3.563304448127746582e+02 3.384285950660705566e+02 3.594239807128906250e+02 3.376360845565795898e+02 2.000000000000000000e+00
1.763960361480712891e+02 4.630784654617309570e+02 1.834240722656250000e+02 4.644795083999633789e+02 1.867335796356201172e+02 4.638396120071411133e+02 2.000000000000000000e+00
3.328091740608215332e+02 4.720838069915771484e+02 3.399087834358215332e+02 4.735350179672241211e+02 3.432078862190246582e+02 4.727399396896362305e+02 2.000000000000000000e+00
5.317603111267089844e+02 3.901000499725341797e+02 5.387101554870605469e+02 3.915799283981323242e+02 5.419655799865722656e+02 3.906643152236938477e+02 2.000000000000000000e+00
5.583765220642089844e+02 3.922100973129272461e+02 5.654817581176757812e+02 3.935722446441650391e+02 5.686152458190917969e+02 3.927266263961791992e+02 2.000000000000000000e+00
3.443763732910156250e+02 3.449969816207885742e+02 3.512994694709777832e+02 3.465172791481018066e+02 3.544335031509399414e+02 3.456466698646545410e+02 2.000000000000000000e+00
5.172616577148437500e+02 4.698784589767456055e+02 5.244591140747070312e+02 4.713721990585327148e+02 5.276672935485839844e+02 4.704796600341796875e+02 2.000000000000000000e+00
4.577102661132812500e+02 4.450481700897216797e+02 4.647774028778076172e+02 4.464571380615234375e+02 4.680574321746826172e+02 4.456446647644042969e+02 2.000000000000000000e+00
5.590042686462402344e+02 4.488190126419067383e+02 5.661603355407714844e+02 4.504000711441040039e+02 5.693620109558105469e+02 4.494677495956420898e+02 2.000000000000000000e+00
2.075333213806152344e+02 5.804995536804199219e+01 2.146149158477783203e+02 5.971947669982910156e+01 2.176661491394042969e+02 5.925055503845214844e+01 2.000000000000000000e+00
4.057430171966552734e+02 4.531385278701782227e+02 4.127912902832031250e+02 4.545609283447265625e+02 4.159101295471191406e+02 4.537756204605102539e+02 2.000000000000000000e+00
2.648794555664062500e+02 4.469901895523071289e+02 2.719163179397583008e+02 4.484301567077636719e+02 2.751436471939086914e+02 4.477812910079956055e+02 2.000000000000000000e+00
5.692918777465820312e+02 3.902498817443847656e+02 5.764201164245605469e+02 3.916633415222167969e+02 5.795932006835937500e+02 3.907312345504760742e+02 2.000000000000000000e+00
5.711337852478027344e+02 4.219400453567504883e+02 5.783016967773437500e+02 4.235290288925170898e+02 5.814694786071777344e+02 4.224513959884643555e+02 2.000000000000000000e+00
3.067039179801940918e+02 4.732564544677734375e+02 3.139398801326751709e+02 4.745791482925415039e+02 3.171983030438423157e+02 4.738606739044189453e+02 2.000000000000000000e+00
3.788587045669555664e+02 4.731732559204101562e+02 3.859872150421142578e+02 4.746073722839355469e+02 3.892313528060913086e+02 4.738794136047363281e+02 2.000000000000000000e+00
5.497659301757812500e+02 3.174358534812927246e+02 5.566980552673339844e+02 3.187846112251281738e+02 5.598932456970214844e+02 3.179556941986083984e+02 2.000000000000000000e+00
3.660759305953979492e+02 4.340134620666503906e+02 3.730145883560180664e+02 4.355302190780639648e+02 3.762427091598510742e+02 4.347332811355590820e+02 2.000000000000000000e+00
5.223174476623535156e+02 4.569235897064208984e+02 5.294961547851562500e+02 4.584206628799438477e+02 5.326454544067382812e+02 4.574941205978393555e+02 2.000000000000000000e+00
3.271309512853622437e+02 3.947872352600097656e+02 3.341180121898651123e+02 3.963676500320434570e+02 3.373221433162689209e+02 3.956634235382080078e+02 2.000000000000000000e+00
4.129689311981201172e+02 4.319103813171386719e+02 4.200750160217285156e+02 4.334037923812866211e+02 4.231687355041503906e+02 4.326315450668334961e+02 2.000000000000000000e+00
5.147876548767089844e+02 3.422984075546264648e+02 5.218083000183105469e+02 3.436818623542785645e+02 5.250642776489257812e+02 3.428228831291198730e+02 2.000000000000000000e+00
2.902853083610534668e+02 3.708499145507812500e+02 2.973277878761291504e+02 3.724600553512573242e+02 3.003646242618560791e+02 3.717347145080566406e+02 2.000000000000000000e+00
5.254915237426757812e+02 4.179988861083984375e+02 5.325691032409667969e+02 4.194445323944091797e+02 5.357308959960937500e+02 4.185465431213378906e+02 2.000000000000000000e+00
1.522266387939453125e+02 4.764525318145751953e+02 1.593702125549316406e+02 4.779235696792602539e+02 1.627215671539306641e+02 4.772904825210571289e+02 2.000000000000000000e+00
2.625837993621826172e+02 5.449204444885253906e+01 2.695822143554687500e+02 5.610011100769042969e+01 2.724208688735961914e+02 5.553852081298828125e+01 2.000000000000000000e+00
3.041615903377532959e+02 4.479478597640991211e+02 3.110458070039749146e+02 4.495361995697021484e+02 3.142928773164749146e+02 4.487967967987060547e+02 2.000000000000000000e+00
2.539924621582031250e+02 3.969434595108032227e+02 2.610328960418701172e+02 3.984218788146972656e+02 2.642698049545288086e+02 3.977457046508789062e+02 2.000000000000000000e+00
5.473699378967285156e+02 4.150134658813476562e+02 5.545261955261230469e+02 4.165638542175292969e+02 5.577585411071777344e+02 4.156185150146484375e+02 2.000000000000000000e+00
4.421122741699218750e+02 3.930885028839111328e+02 4.489418983459472656e+02 3.944554567337036133e+02 4.521500587463378906e+02 3.936456727981567383e+02 2.000000000000000000e+00
3.572817397117614746e+02 3.840073299407958984e+02 3.642405414581298828e+02 3.854349088668823242e+02 3.673575162887573242e+02 3.847046899795532227e+02 2.000000000000000000e+00
3.435019850730895996e+02 3.079840707778930664e+02 3.504696965217590332e+02 3.094861507415771484e+02 3.534933161735534668e+02 3.087607169151306152e+02 2.000000000000000000e+00
4.239225196838378906e+02 4.730972099304199219e+02 4.310264587402343750e+02 4.745130729675292969e+02 4.341707515716552734e+02 4.736847066879272461e+02 2.000000000000000000e+00
4.470936870574951172e+02 3.970745658874511719e+02 4.539209938049316406e+02 3.984475421905517578e+02 4.571374225616455078e+02 3.976575994491577148e+02 2.000000000000000000e+00
5.553915977478027344e+02 4.061355113983154297e+02 5.625153160095214844e+02 4.075257396697998047e+02 5.657002639770507812e+02 4.066536712646484375e+02 2.000000000000000000e+00
3.270983582735061646e+02 4.028444337844848633e+02 3.340459907054901123e+02 4.043451261520385742e+02 3.372877502441406250e+02 4.036584234237670898e+02 2.000000000000000000e+00
3.140186458826065063e+02 4.459749555587768555e+02 3.210113830864429474e+02 4.474950313568115234e+02 3.242713013291358948e+02 4.467526388168334961e+02 2.000000000000000000e+00
4.320349788665771484e+02 4.520495367050170898e+02 4.390907573699951172e+02 4.535375118255615234e+02 4.422897052764892578e+02 4.526228427886962891e+02 2.000000000000000000e+00
2.942316889762878418e+02 3.500863981246948242e+02 3.012301325798034668e+02 3.515256714820861816e+02 3.043636775016784668e+02 3.506673645973205566e+02 2.000000000000000000e+00
3.937530517578125000e+02 4.762972784042358398e+02 4.009539508819580078e+02 4.777491617202758789e+02 4.041844463348388672e+02 4.770305299758911133e+02 2.000000000000000000e+00
5.667667198181152344e+02 8.229762554168701172e+01 5.737541580200195312e+02 8.370213031768798828e+01 5.766979408264160156e+02 8.263156414031982422e+01 2.000000000000000000e+00
1.872054004669189453e+02 4.279598236083984375e+01 1.943826103210449219e+02 4.450498580932617188e+01 1.973523235321044922e+02 4.405981063842773438e+01 2.000000000000000000e+00
7.058969497680664062e+01 4.640523433685302734e+02 7.781490325927734375e+01 4.655081319808959961e+02 8.123189926147460938e+01 4.649019956588745117e+02 2.000000000000000000e+00
5.666427040100097656e+02 6.820745944976806641e+01 5.738454627990722656e+02 6.956791877746582031e+01 5.765223503112792969e+02 6.854490280151367188e+01 2.000000000000000000e+00
1.884513854980468750e+02 4.640262508392333984e+02 1.954596996307373047e+02 4.655058717727661133e+02 1.987498950958251953e+02 4.649277448654174805e+02 2.000000000000000000e+00
5.786152458190917969e+02 6.817824840545654297e+01 5.856991577148437500e+02 6.951700687408447266e+01 5.885530471801757812e+02 6.844252109527587891e+01 2.000000000000000000e+00
2.138620758056640625e+02 4.128153419494628906e+02 2.208771514892578125e+02 4.142642927169799805e+02 2.241389179229736328e+02 4.137107563018798828e+02 2.000000000000000000e+00
2.028604698181152344e+02 4.278486156463623047e+02 2.097835254669189453e+02 4.293526124954223633e+02 2.129658031463623047e+02 4.286460685729980469e+02 2.000000000000000000e+00
3.423812556266784668e+02 3.339361953735351562e+02 3.493154311180114746e+02 3.353795528411865234e+02 3.524075627326965332e+02 3.346113610267639160e+02 2.000000000000000000e+00
5.267515373229980469e+02 3.790962266921997070e+02 5.337276649475097656e+02 3.805866193771362305e+02 5.368678092956542969e+02 3.796741962432861328e+02 2.000000000000000000e+00
3.790602731704711914e+02 4.449557018280029297e+02 3.861818552017211914e+02 4.464403152465820312e+02 3.892303466796875000e+02 4.456070709228515625e+02 2.000000000000000000e+00
3.462712717056274414e+02 3.909691286087036133e+02 3.532695627212524414e+02 3.923863935470581055e+02 3.563737177848815918e+02 3.917292308807373047e+02 2.000000000000000000e+00
5.007477378845214844e+02 3.573046302795410156e+02 5.078113746643066406e+02 3.586902809143066406e+02 5.109400367736816406e+02 3.578822422027587891e+02 2.000000000000000000e+00
3.411439514160156250e+02 4.470462083816528320e+02 3.481320810317993164e+02 4.484295415878295898e+02 3.513138127326965332e+02 4.477623081207275391e+02 2.000000000000000000e+00
5.627818107604980469e+02 7.328068256378173828e+01 5.698724937438964844e+02 7.468043804168701172e+01 5.726300621032714844e+02 7.361751079559326172e+01 2.000000000000000000e+00
3.571246337890625000e+02 4.499765682220458984e+02 3.640480947494506836e+02 4.514417266845703125e+02 3.673346567153930664e+02 4.506889772415161133e+02 2.000000000000000000e+00
5.424557495117187500e+02 3.991108131408691406e+02 5.496122550964355469e+02 4.005925369262695312e+02 5.528125572204589844e+02 3.996476268768310547e+02 2.000000000000000000e+00
2.428362417221069336e+02 4.388985443115234375e+02 2.498869180679321289e+02 4.404611349105834961e+02 2.530722332000732422e+02 4.397978925704956055e+02 2.000000000000000000e+00
5.513662719726562500e+02 3.951647472381591797e+02 5.584957885742187500e+02 3.966027975082397461e+02 5.616812133789062500e+02 3.956952238082885742e+02 2.000000000000000000e+00
5.372275352478027344e+02 5.936372280120849609e+01 5.442202186584472656e+02 6.070444107055664062e+01 5.469564247131347656e+02 5.967445850372314453e+01 2.000000000000000000e+00
1.378778266906738281e+02 4.752946901321411133e+02 1.449617385864257812e+02 4.767464447021484375e+02 1.483325386047363281e+02 4.761622095108032227e+02 2.000000000000000000e+00
5.193046951293945312e+02 4.648474502563476562e+02 5.264524650573730469e+02 4.663436079025268555e+02 5.296859169006347656e+02 4.654545736312866211e+02 2.000000000000000000e+00
5.593339347839355469e+02 4.031252574920654297e+02 5.664521598815917969e+02 4.045245409011840820e+02 5.696057128906250000e+02 4.036541175842285156e+02 2.000000000000000000e+00
3.493847656250000000e+02 3.420107746124267578e+02 3.563181161880493164e+02 3.435420870780944824e+02 3.594289255142211914e+02 3.426630306243896484e+02 2.000000000000000000e+00
1.822087383270263672e+02 5.389925479888916016e+01 1.893381786346435547e+02 5.552261352539062500e+01 1.923101043701171875e+02 5.510333061218261719e+01 2.000000000000000000e+00
5.135993766784667969e+02 4.021292495727539062e+02 5.206315422058105469e+02 4.036289119720458984e+02 5.238883781433105469e+02 4.026894664764404297e+02 2.000000000000000000e+00
5.666617393493652344e+02 1.231875801086425781e+02 5.737361526489257812e+02 1.245568656921386719e+02 5.766833496093750000e+02 1.235280275344848633e+02 2.000000000000000000e+00
4.646372127532958984e+02 4.710788726806640625e+02 4.717798137664794922e+02 4.725414848327636719e+02 4.750379943847656250e+02 4.716596746444702148e+02 2.000000000000000000e+00
5.528187370300292969e+02 6.431359291076660156e+01 5.599876785278320312e+02 6.568327903747558594e+01 5.627033805847167969e+02 6.464082241058349609e+01 2.000000000000000000e+00
1.766712188720703125e+02 3.967744874954223633e+02 1.836538696289062500e+02 3.983151626586914062e+02 1.868783855438232422e+02 3.977433013916015625e+02 2.000000000000000000e+00
5.366059684753417969e+02 3.861017560958862305e+02 5.435704421997070312e+02 3.875999879837036133e+02 5.468739700317382812e+02 3.866698122024536133e+02 2.000000000000000000e+00
3.401759028434753418e+02 4.329762125015258789e+02 3.471765136718750000e+02 4.344688796997070312e+02 3.504107069969177246e+02 4.336678504943847656e+02 2.000000000000000000e+00
5.205618858337402344e+02 4.220108699798583984e+02 5.276236534118652344e+02 4.234780311584472656e+02 5.307742309570312500e+02 4.225844478607177734e+02 2.000000000000000000e+00
1.317644691467285156e+02 6.263779163360595703e+01 1.389962768554687500e+02 6.428302288055419922e+01 1.419897460937500000e+02 6.386139392852783203e+01 2.000000000000000000e+00
1.951727771759033203e+02 2.844763827323913574e+02 2.022255802154541016e+02 2.860802328586578369e+02 2.052746677398681641e+02 2.855377221107482910e+02 2.000000000000000000e+00
3.363127744197845459e+02 3.761187171936035156e+02 3.434525752067565918e+02 3.774974155426025391e+02 3.464599299430847168e+02 3.768072509765625000e+02 2.000000000000000000e+00
3.622477102279663086e+02 4.120608329772949219e+02 3.691345834732055664e+02 4.134879827499389648e+02 3.724123239517211914e+02 4.127136898040771484e+02 2.000000000000000000e+00
1.127907562255859375e+02 4.247548341751098633e+02 1.200716400146484375e+02 4.263037490844726562e+02 1.233801269531250000e+02 4.258320093154907227e+02 2.000000000000000000e+00
1.409974098205566406e+02 3.461404323577880859e+01 1.481812477111816406e+02 3.626646995544433594e+01 1.512135124206542969e+02 3.583777427673339844e+01 2.000000000000000000e+00
3.671419668197631836e+02 4.170148658752441406e+02 3.739742136001586914e+02 4.184555768966674805e+02 3.772625732421875000e+02 4.176828718185424805e+02 2.000000000000000000e+00
4.383365154266357422e+02 3.955976486206054688e+01 4.454930782318115234e+02 4.109288692474365234e+01 4.482311153411865234e+02 4.014833450317382812e+01 2.000000000000000000e+00
1.634214305877685547e+02 4.692598056793212891e+02 1.705932617187500000e+02 4.706777143478393555e+02 1.738441944122314453e+02 4.700919342041015625e+02 2.000000000000000000e+00
3.341343080997467041e+02 4.008720731735229492e+02 3.410937190055847168e+02 4.023442840576171875e+02 3.443000483512878418e+02 4.017206811904907227e+02 2.000000000000000000e+00
4.888539505004882812e+02 4.010457229614257812e+02 4.958396339416503906e+02 4.025679731369018555e+02 4.990664672851562500e+02 4.016171693801879883e+02 2.000000000000000000e+00
3.491272902488708496e+02 4.460378265380859375e+02 3.560976576805114746e+02 4.473983573913574219e+02 3.593112492561340332e+02 4.467945098876953125e+02 2.000000000000000000e+00
1.767561435699462891e+02 3.658304214477539062e+02 1.839366722106933594e+02 3.672848939895629883e+02 1.870063781738281250e+02 3.667504978179931641e+02 2.000000000000000000e+00
5.692626953125000000e+02 4.041400194168090820e+02 5.763763999938964844e+02 4.055402326583862305e+02 5.795621299743652344e+02 4.046222019195556641e+02 2.000000000000000000e+00
3.573627018928527832e+02 3.950431251525878906e+02 3.643399047851562500e+02 3.964758682250976562e+02 3.674736022949218750e+02 3.957326459884643555e+02 2.000000000000000000e+00
5.647771072387695312e+02 9.139346122741699219e+01 5.717586708068847656e+02 9.276533603668212891e+01 5.747188186645507812e+02 9.167675971984863281e+01 2.000000000000000000e+00
2.368447589874267578e+02 4.308534622192382812e+02 2.438684844970703125e+02 4.324095582962036133e+02 2.471512269973754883e+02 4.317456722259521484e+02 2.000000000000000000e+00
1.672091197967529297e+02 4.753901195526123047e+02 1.744315052032470703e+02 4.768674087524414062e+02 1.776730346679687500e+02 4.762656641006469727e+02 2.000000000000000000e+00
3.401495981216430664e+02 4.279397964477539062e+02 3.471660161018371582e+02 4.294464540481567383e+02 3.503905653953552246e+02 4.286635494232177734e+02 2.000000000000000000e+00
2.588164377212524414e+02 4.179397058486938477e+02 2.659179067611694336e+02 4.193859386444091797e+02 2.691722106933593750e+02 4.187117671966552734e+02 2.000000000000000000e+00
2.620739412307739258e+02 3.828750371932983398e+02 2.691247844696044922e+02 3.843275499343872070e+02 2.723186922073364258e+02 3.837021589279174805e+02 2.000000000000000000e+00
3.672237873077392578e+02 3.909360980987548828e+02 3.742575407028198242e+02 3.924616813659667969e+02 3.773665761947631836e+02 3.916758871078491211e+02 2.000000000000000000e+00
5.765570068359375000e+02 1.561068820953369141e+02 5.835662269592285156e+02 1.575279164314270020e+02 5.866044425964355469e+02 1.564551687240600586e+02 2.000000000000000000e+00
1.734004783630371094e+02 4.773841094970703125e+02 1.805411624908447266e+02 4.788228893280029297e+02 1.838164043426513672e+02 4.782388401031494141e+02 2.000000000000000000e+00
3.721946430206298828e+02 3.889663839340209961e+02 3.792010831832885742e+02 3.904673194885253906e+02 3.823193693161010742e+02 3.897117090225219727e+02 2.000000000000000000e+00
1.166588020324707031e+02 9.058340549468994141e+01 1.237886810302734375e+02 9.243046760559082031e+01 1.268762779235839844e+02 9.206181049346923828e+01 2.000000000000000000e+00
2.307886314392089844e+02 4.742509603500366211e+02 2.378297519683837891e+02 4.755997753143310547e+02 2.411659240722656250e+02 4.750051403045654297e+02 2.000000000000000000e+00
5.801961135864257812e+02 4.250260734558105469e+02 5.873276329040527344e+02 4.265499114990234375e+02 5.905836868286132812e+02 4.255596685409545898e+02 2.000000000000000000e+00
4.129701519012451172e+02 4.269117879867553711e+02 4.200827312469482422e+02 4.284143829345703125e+02 4.232044696807861328e+02 4.276234531402587891e+02 2.000000000000000000e+00
5.754091835021972656e+02 1.800804269313812256e+02 5.824553871154785156e+02 1.813768422603607178e+02 5.854890823364257812e+02 1.804609179496765137e+02 2.000000000000000000e+00
4.242903137207031250e+02 3.960619926452636719e+01 4.315682411193847656e+02 4.118355274200439453e+01 4.338365173339843750e+02 4.015717506408691406e+01 2.000000000000000000e+00
2.510660219192504883e+02 3.919326210021972656e+02 2.581059885025024414e+02 3.933839750289916992e+02 2.613242483139038086e+02 3.927917289733886719e+02 2.000000000000000000e+00
4.027218055725097656e+02 4.590378570556640625e+02 4.098172283172607422e+02 4.604869222640991211e+02 4.129513549804687500e+02 4.596945333480834961e+02 2.000000000000000000e+00
5.366696166992187500e+02 3.313635277748107910e+02 5.436374473571777344e+02 3.327229356765747070e+02 5.468161010742187500e+02 3.318867516517639160e+02 2.000000000000000000e+00
4.449426555633544922e+02 4.110026693344116211e+02 4.519003582000732422e+02 4.124676275253295898e+02 4.550911617279052734e+02 4.116441679000854492e+02 2.000000000000000000e+00
5.117717933654785156e+02 3.643690538406372070e+02 5.187872314453125000e+02 3.656901884078979492e+02 5.219014930725097656e+02 3.648794603347778320e+02 2.000000000000000000e+00
1.089547920227050781e+02 3.937468528747558594e+01 1.161100387573242188e+02 4.116670131683349609e+01 1.190670394897460938e+02 4.078667163848876953e+01 2.000000000000000000e+00
5.344748497009277344e+02 4.229910421371459961e+02 5.415172195434570312e+02 4.244492626190185547e+02 5.447384643554687500e+02 4.235169839859008789e+02 2.000000000000000000e+00
5.580164146423339844e+02 4.608729600906372070e+02 5.650882530212402344e+02 4.623784589767456055e+02 5.683456420898437500e+02 4.614702558517456055e+02 2.000000000000000000e+00
8.534589767456054688e+01 3.134644818305969238e+02 9.242826461791992188e+01 3.150832271575927734e+02 9.551343917846679688e+01 3.145563697814941406e+02 2.000000000000000000e+00
3.802243947982788086e+02 4.120259428024291992e+02 3.872323942184448242e+02 4.134336948394775391e+02 3.903369760513305664e+02 4.126189899444580078e+02 2.000000000000000000e+00
1.533428192138671875e+02 3.957257223129272461e+02 1.603971576690673828e+02 3.972640514373779297e+02 1.636876201629638672e+02 3.967179965972900391e+02 2.000000000000000000e+00
5.414808464050292969e+02 4.330686092376708984e+02 5.485426139831542969e+02 4.345275306701660156e+02 5.517947387695312500e+02 4.336333751678466797e+02 2.000000000000000000e+00
3.871985769271850586e+02 3.850144672393798828e+02 3.942497873306274414e+02 3.864621591567993164e+02 3.972844839096069336e+02 3.856763362884521484e+02 2.000000000000000000e+00
3.590888071060180664e+02 4.249913120269775391e+02 3.660565805435180664e+02 4.264678430557250977e+02 3.692974233627319336e+02 4.257070398330688477e+02 2.000000000000000000e+00
3.690120553970336914e+02 4.269335460662841797e+02 3.759173297882080078e+02 4.284361696243286133e+02 3.792315387725830078e+02 4.276895570755004883e+02 2.000000000000000000e+00
5.732565307617187500e+02 3.951711845397949219e+02 5.803963661193847656e+02 3.966115522384643555e+02 5.835797691345214844e+02 3.956403350830078125e+02 2.000000000000000000e+00
4.549709796905517578e+02 4.100902748107910156e+02 4.619706439971923828e+02 4.115351343154907227e+02 4.651349830627441406e+02 4.107641315460205078e+02 2.000000000000000000e+00
3.491749882698059082e+02 4.400198793411254883e+02 3.561286020278930664e+02 4.414343976974487305e+02 3.593263864517211914e+02 4.407747316360473633e+02 2.000000000000000000e+00
1.358650779724121094e+02 4.959074020385742188e+01 1.430313873291015625e+02 5.126970291137695312e+01 1.460092163085937500e+02 5.088719844818115234e+01 2.000000000000000000e+00
5.155808830261230469e+02 4.170668077468872070e+02 5.226677894592285156e+02 4.185024547576904297e+02 5.258251953125000000e+02 4.176417875289916992e+02 2.000000000000000000e+00
5.405795860290527344e+02 3.901426506042480469e+02 5.476035881042480469e+02 3.915932750701904297e+02 5.508941078186035156e+02 3.906551313400268555e+02 2.000000000000000000e+00
4.914947509765625000e+02 4.658540153503417969e+02 4.985927772521972656e+02 4.673643636703491211e+02 5.017532348632812500e+02 4.665067863464355469e+02 2.000000000000000000e+00
6.158645629882812500e+01 4.640719985961914062e+02 6.877309799194335938e+01 4.655296468734741211e+02 7.225385665893554688e+01 4.649277448654174805e+02 2.000000000000000000e+00
2.627797842025756836e+02 2.139440059661865234e+01 2.698124074935913086e+02 2.302310943603515625e+01 2.727177095413208008e+02 2.246103286743164062e+01 2.000000000000000000e+00
4.697605609893798828e+02 4.309477329254150391e+02 4.768615436553955078e+02 4.325013828277587891e+02 4.800502586364746094e+02 4.316588258743286133e+02 2.000000000000000000e+00
4.770016193389892578e+02 3.831083106994628906e+02 4.839477539062500000e+02 3.845406532287597656e+02 4.871018791198730469e+02 3.836876249313354492e+02 2.000000000000000000e+00
3.197916564904153347e+02 4.671323060989379883e+02 3.269989627599716187e+02 4.685225629806518555e+02 3.301972961425781250e+02 4.678327417373657227e+02 2.000000000000000000e+00
2.228062915802001953e+02 4.158059835433959961e+02 2.298735904693603516e+02 4.173068046569824219e+02 2.330764579772949219e+02 4.167383480072021484e+02 2.000000000000000000e+00
1.854920959472656250e+02 4.278542947769165039e+02 1.926174163818359375e+02 4.293656158447265625e+02 1.959244251251220703e+02 4.287848281860351562e+02 2.000000000000000000e+00
5.416012001037597656e+02 3.841459751129150391e+02 5.485910606384277344e+02 3.855926227569580078e+02 5.518726158142089844e+02 3.846463108062744141e+02 2.000000000000000000e+00
3.311675417423248291e+02 4.359948778152465820e+02 3.381582641601562500e+02 4.374091243743896484e+02 3.414111638069152832e+02 4.366881752014160156e+02 2.000000000000000000e+00
3.934161376953125000e+02 4.259233474731445312e+02 4.001931476593017578e+02 4.274476718902587891e+02 4.033969402313232422e+02 4.267428731918334961e+02 2.000000000000000000e+00
5.717518997192382812e+02 7.931475162506103516e+01 5.787644767761230469e+02 8.070290565490722656e+01 5.817009925842285156e+02 7.958958148956298828e+01 2.000000000000000000e+00
1.534621620178222656e+02 4.198055219650268555e+02 1.605384635925292969e+02 4.213557243347167969e+02 1.636795330047607422e+02 4.207801580429077148e+02 2.000000000000000000e+00
3.503361511230468750e+02 4.019559431076049805e+02 3.572976088523864746e+02 4.034154081344604492e+02 3.604062795639038086e+02 4.027190923690795898e+02 2.000000000000000000e+00
5.803728103637695312e+02 1.840837848186492920e+02 5.875891685485839844e+02 1.855397915840148926e+02 5.904636192321777344e+02 1.844890558719635010e+02 2.000000000000000000e+00
4.948258781433105469e+02 4.160260677337646484e+02 5.017539405822753906e+02 4.175325393676757812e+02 5.049952125549316406e+02 4.166670656204223633e+02 2.000000000000000000e+00
3.932535696029663086e+02 4.080176210403442383e+02 4.002798175811767578e+02 4.093528461456298828e+02 4.034161090850830078e+02 4.086320543289184570e+02 2.000000000000000000e+00
3.043561708927154541e+02 3.607419776916503906e+02 3.113274532556533813e+02 3.623608160018920898e+02 3.144432675838470459e+02 3.615988254547119141e+02 2.000000000000000000e+00
3.360968017578125000e+02 4.429327154159545898e+02 3.430896306037902832e+02 4.443629264831542969e+02 3.462914729118347168e+02 4.437286233901977539e+02 2.000000000000000000e+00
3.711235952377319336e+02 4.139707803726196289e+02 3.781352567672729492e+02 4.154457521438598633e+02 3.812890958786010742e+02 4.146683406829833984e+02 2.000000000000000000e+00
2.437975168228149414e+02 4.238375043869018555e+02 2.509227752685546875e+02 4.254067754745483398e+02 2.541461801528930664e+02 4.247523307800292969e+02 2.000000000000000000e+00
3.498905038833618164e+02 4.589660167694091797e+02 3.569438171386718750e+02 4.604489278793334961e+02 3.601824331283569336e+02 4.597069787979125977e+02 2.000000000000000000e+00
3.010039675235748291e+02 4.419710254669189453e+02 3.079615473747253418e+02 4.435140180587768555e+02 3.111972349882125854e+02 4.428425073623657227e+02 2.000000000000000000e+00
5.643466758728027344e+02 3.922289514541625977e+02 5.714392089843750000e+02 3.936467599868774414e+02 5.746040153503417969e+02 3.927151536941528320e+02 2.000000000000000000e+00
4.645336627960205078e+02 4.573202133178710938e+01 4.714294719696044922e+02 4.718931198120117188e+01 4.741660499572753906e+02 4.636253356933593750e+01 2.000000000000000000e+00
4.636524677276611328e+02 4.771105813980102539e+02 4.707940387725830078e+02 4.785793018341064453e+02 4.740684795379638672e+02 4.777148866653442383e+02 2.000000000000000000e+00
3.722040700912475586e+02 4.059908294677734375e+02 3.792197895050048828e+02 4.074642133712768555e+02 3.823328542709350586e+02 4.066915369033813477e+02 2.000000000000000000e+00
3.730594778060913086e+02 4.420283603668212891e+02 3.800975370407104492e+02 4.435120582580566406e+02 3.832432270050048828e+02 4.426958370208740234e+02 2.000000000000000000e+00
8.062398910522460938e+01 4.379099893569946289e+02 8.781417846679687500e+01 4.393891382217407227e+02 9.107978820800781250e+01 4.389029645919799805e+02 2.000000000000000000e+00
5.726626586914062500e+02 6.922945976257324219e+01 5.797305870056152344e+02 7.059668540954589844e+01 5.825675010681152344e+02 6.955105304718017578e+01 2.000000000000000000e+00
5.176903724670410156e+02 3.652645969390869141e+02 5.247215652465820312e+02 3.665887498855590820e+02 5.278566932678222656e+02 3.657753038406372070e+02 2.000000000000000000e+00
5.634246253967285156e+02 3.783305454254150391e+02 5.704859733581542969e+02 3.796349287033081055e+02 5.735803222656250000e+02 3.787432622909545898e+02 2.000000000000000000e+00
2.498235607147216797e+02 4.259169387817382812e+02 2.569048166275024414e+02 4.274199056625366211e+02 2.601632356643676758e+02 4.267456197738647461e+02 2.000000000000000000e+00
3.990249013900756836e+02 4.379652786254882812e+02 4.060363197326660156e+02 4.394956111907958984e+02 4.091996765136718750e+02 4.386858272552490234e+02 2.000000000000000000e+00
5.536619377136230469e+02 3.602287101745605469e+02 5.607678222656250000e+02 3.616213417053222656e+02 5.638077354431152344e+02 3.606529569625854492e+02 2.000000000000000000e+00
3.741593027114868164e+02 3.839874029159545898e+02 3.811790800094604492e+02 3.854677248001098633e+02 3.842635822296142578e+02 3.847040748596191406e+02 2.000000000000000000e+00
1.272590065002441406e+02 4.028311872482299805e+02 1.343521118164062500e+02 4.043345403671264648e+02 1.375551605224609375e+02 4.037913036346435547e+02 2.000000000000000000e+00
5.684606933593750000e+02 3.135261869430541992e+02 5.755692863464355469e+02 3.148582792282104492e+02 5.786444664001464844e+02 3.139736652374267578e+02 2.000000000000000000e+00
5.316912841796875000e+02 3.790702915191650391e+02 5.387181472778320312e+02 3.805514001846313477e+02 5.418382644653320312e+02 3.796296215057373047e+02 2.000000000000000000e+00
1.344043540954589844e+02 4.038567924499511719e+02 1.414873695373535156e+02 4.053504180908203125e+02 1.446632766723632812e+02 4.048231887817382812e+02 2.000000000000000000e+00
3.450586557388305664e+02 4.500089550018310547e+02 3.520431518554687500e+02 4.514469480514526367e+02 3.551771235466003418e+02 4.508514833450317383e+02 2.000000000000000000e+00
5.093182182312011719e+02 4.709319305419921875e+02 5.165052604675292969e+02 4.724103784561157227e+02 5.196601676940917969e+02 4.715470075607299805e+02 2.000000000000000000e+00
2.708862924575805664e+02 4.459535694122314453e+02 2.779829072952270508e+02 4.474024772644042969e+02 2.812081599235534668e+02 4.467581605911254883e+02 2.000000000000000000e+00
5.057117652893066406e+02 3.452872681617736816e+02 5.127821159362792969e+02 3.466474056243896484e+02 5.159486198425292969e+02 3.458234024047851562e+02 2.000000000000000000e+00
2.156355285644531250e+02 4.579558181762695312e+02 2.227728748321533203e+02 4.594494438171386719e+02 2.259611797332763672e+02 4.588859653472900391e+02 2.000000000000000000e+00
4.000383281707763672e+02 4.329495334625244141e+02 4.070824909210205078e+02 4.344880771636962891e+02 4.102674579620361328e+02 4.337413501739501953e+02 2.000000000000000000e+00
2.852777099609375000e+02 3.678509330749511719e+02 2.923289799690246582e+02 3.694381141662597656e+02 2.953472900390625000e+02 3.687517118453979492e+02 2.000000000000000000e+00
4.240312862396240234e+02 4.438629627227783203e+02 4.309930133819580078e+02 4.454107189178466797e+02 4.342029476165771484e+02 4.445588207244873047e+02 2.000000000000000000e+00
3.912655019760131836e+02 4.159943389892578125e+02 3.982845783233642578e+02 4.174069976806640625e+02 4.013700294494628906e+02 4.166817140579223633e+02 2.000000000000000000e+00
3.136650693416595459e+02 4.650529861450195312e+02 3.208209838718175888e+02 4.665277147293090820e+02 3.240908509492874146e+02 4.657730484008789062e+02 2.000000000000000000e+00
1.382773780822753906e+02 3.997987461090087891e+02 1.454002571105957031e+02 4.013114976882934570e+02 1.485855293273925781e+02 4.007742404937744141e+02 2.000000000000000000e+00
5.560664176940917969e+02 4.760874080657958984e+02 5.632110595703125000e+02 4.775483179092407227e+02 5.664004516601562500e+02 4.766820430755615234e+02 2.000000000000000000e+00
5.806145668029785156e+02 5.148891448974609375e+01 5.877116775512695312e+02 5.279222488403320312e+01 5.905678176879882812e+02 5.176760673522949219e+01 2.000000000000000000e+00
5.249498939514160156e+02 7.999998092651367188e+01 5.318553543090820312e+02 8.129746913909912109e+01 5.347163200378417969e+02 8.029822826385498047e+01 2.000000000000000000e+00
5.272848510742187500e+02 4.538873147964477539e+02 5.344055747985839844e+02 4.554022979736328125e+02 5.376425170898437500e+02 4.544837093353271484e+02 2.000000000000000000e+00
2.261255455017089844e+02 3.627242517471313477e+02 2.330987262725830078e+02 3.642982578277587891e+02 2.363189792633056641e+02 3.636720657348632812e+02 2.000000000000000000e+00
5.413597488403320312e+02 4.051238536834716797e+02 5.485413169860839844e+02 4.065572261810302734e+02 5.517185020446777344e+02 4.056324291229248047e+02 2.000000000000000000e+00
4.150255775451660156e+02 3.960323810577392578e+02 4.220080280303955078e+02 3.975122165679931641e+02 4.251615333557128906e+02 3.966661119461059570e+02 2.000000000000000000e+00
1.350172424316406250e+02 4.630216455459594727e+02 1.422661209106445312e+02 4.644578647613525391e+02 1.456140518188476562e+02 4.639508771896362305e+02 2.000000000000000000e+00
5.667535400390625000e+02 1.122114086151123047e+02 5.738379478454589844e+02 1.135187816619873047e+02 5.767404747009277344e+02 1.125989484786987305e+02 2.000000000000000000e+00
2.136906433105468750e+02 4.660897922515869141e+02 2.207114219665527344e+02 4.675053262710571289e+02 2.238747406005859375e+02 4.669006490707397461e+02 2.000000000000000000e+00
4.527376747131347656e+02 4.709566211700439453e+02 4.598468971252441406e+02 4.725098133087158203e+02 4.630867671966552734e+02 4.715831136703491211e+02 2.000000000000000000e+00
7.667474746704101562e+01 4.449681758880615234e+02 8.383995056152343750e+01 4.464727592468261719e+02 8.716230392456054688e+01 4.459181928634643555e+02 2.000000000000000000e+00
2.108322620391845703e+02 4.089444923400878906e+02 2.179069805145263672e+02 4.103072261810302734e+02 2.211573314666748047e+02 4.097578239440917969e+02 2.000000000000000000e+00
3.442080998420715332e+02 3.790319967269897461e+02 3.512901926040649414e+02 3.804443407058715820e+02 3.543858027458190918e+02 3.797530889511108398e+02 2.000000000000000000e+00
2.078410625457763672e+02 3.658974409103393555e+02 2.149158954620361328e+02 3.673723554611206055e+02 2.180434417724609375e+02 3.666624498367309570e+02 2.000000000000000000e+00
4.805469703674316406e+02 4.679237794876098633e+02 4.875395584106445312e+02 4.694054746627807617e+02 4.908494377136230469e+02 4.685908985137939453e+02 2.000000000000000000e+00
5.227110671997070312e+02 3.850397443771362305e+02 5.296554565429687500e+02 3.865416955947875977e+02 5.328428459167480469e+02 3.856714582443237305e+02 2.000000000000000000e+00
5.284289550781250000e+02 4.219686985015869141e+02 5.354983520507812500e+02 4.234517669677734375e+02 5.387034416198730469e+02 4.225127935409545898e+02 2.000000000000000000e+00
5.251796913146972656e+02 4.678422403335571289e+02 5.323547363281250000e+02 4.693539905548095703e+02 5.356026649475097656e+02 4.684401369094848633e+02 2.000000000000000000e+00
2.468987703323364258e+02 4.129720544815063477e+02 2.539192962646484375e+02 4.144492578506469727e+02 2.571622323989868164e+02 4.137274503707885742e+02 2.000000000000000000e+00
3.461142277717590332e+02 4.330056524276733398e+02 3.531385803222656250e+02 4.344817256927490234e+02 3.563242793083190918e+02 4.336950731277465820e+02 2.000000000000000000e+00
4.046213054656982422e+02 4.690960264205932617e+02 4.117842388153076172e+02 4.705337905883789062e+02 4.149792480468750000e+02 4.696779298782348633e+02 2.000000000000000000e+00
2.717692565917968750e+02 4.647916316986083984e+01 2.787333679199218750e+02 4.810516834259033203e+01 2.816768193244934082e+02 4.754466533660888672e+01 2.000000000000000000e+00
2.818416428565979004e+02 4.410049581527709961e+02 2.889038395881652832e+02 4.424976253509521484e+02 2.921313166618347168e+02 4.417488527297973633e+02 2.000000000000000000e+00
5.463614463806152344e+02 4.071477699279785156e+02 5.535552406311035156e+02 4.086005973815917969e+02 5.567300987243652344e+02 4.077062129974365234e+02 2.000000000000000000e+00
1.564021110534667969e+02 4.148118352890014648e+02 1.634965801239013672e+02 4.163831233978271484e+02 1.665868854522705078e+02 4.157519674301147461e+02 2.000000000000000000e+00
4.101603984832763672e+02 3.980520057678222656e+02 4.171680355072021484e+02 3.995422697067260742e+02 4.203023433685302734e+02 3.986888837814331055e+02 2.000000000000000000e+00
5.663064002990722656e+02 4.110985851287841797e+02 5.734631347656250000e+02 4.124756526947021484e+02 5.766139602661132812e+02 4.115489530563354492e+02 2.000000000000000000e+00
3.792251586914062500e+02 3.909674406051635742e+02 3.862467050552368164e+02 3.924855136871337891e+02 3.893492126464843750e+02 3.917160701751708984e+02 2.000000000000000000e+00
