2.438948965072631836e+02 1.925661134719848633e+02 2.374727153778076172e+02 1.915802907943725586e+02 2.342000865936279297e+02 1.927505922317504883e+02 1.000000000000000000e+00
1.697429180145263672e+02 1.674009847640991211e+02 1.642083835601806641e+02 1.668271136283874512e+02 1.619104480743408203e+02 1.682822227478027344e+02 1.000000000000000000e+00
2.210807800292968750e+02 2.092548501491546631e+02 2.147544574737548828e+02 2.082891225814819336e+02 2.118908786773681641e+02 2.094055938720703125e+02 1.000000000000000000e+00
2.371184539794921875e+02 1.919420135021209717e+02 2.307570934295654297e+02 1.912097311019897461e+02 2.277189445495605469e+02 1.923947131633758545e+02 1.000000000000000000e+00
2.273084259033203125e+02 1.894644749164581299e+02 2.211316680908203125e+02 1.886104238033294678e+02 2.182362079620361328e+02 1.900209939479827881e+02 1.000000000000000000e+00
1.893430042266845703e+02 1.673279857635498047e+02 1.833365440368652344e+02 1.667002058029174805e+02 1.810764789581298828e+02 1.681595706939697266e+02 1.000000000000000000e+00
2.250463676452636719e+02 2.115662831068038940e+02 2.186713409423828125e+02 2.105860573053359985e+02 2.157412242889404297e+02 2.117371040582656860e+02 1.000000000000000000e+00
2.259335613250732422e+02 2.085841798782348633e+02 2.196243381500244141e+02 2.076206481456756592e+02 2.167346763610839844e+02 2.087803173065185547e+02 1.000000000000000000e+00
2.465551280975341797e+02 1.896909320354461670e+02 2.400688171386718750e+02 1.887106132507324219e+02 2.367112731933593750e+02 1.899211871623992920e+02 1.000000000000000000e+00
2.203306293487548828e+02 2.039479029178619385e+02 2.140719127655029297e+02 2.029990231990814209e+02 2.111694335937500000e+02 2.042423379421234131e+02 1.000000000000000000e+00
2.378927421569824219e+02 1.957177698612213135e+02 2.315488529205322266e+02 1.949577140808105469e+02 2.285135459899902344e+02 1.961808586120605469e+02 1.000000000000000000e+00
2.390383148193359375e+02 1.914233815670013428e+02 2.326720714569091797e+02 1.906523716449737549e+02 2.296078968048095703e+02 1.918198513984680176e+02 1.000000000000000000e+00
1.706663036346435547e+02 1.750110769271850586e+02 1.651373386383056641e+02 1.744823241233825684e+02 1.628115940093994141e+02 1.757640051841735840e+02 1.000000000000000000e+00
2.391313457489013672e+02 1.988209819793701172e+02 2.327346611022949219e+02 1.980768728256225586e+02 2.297068309783935547e+02 1.993016946315765381e+02 1.000000000000000000e+00
2.422360229492187500e+02 1.970977163314819336e+02 2.358380889892578125e+02 1.962414979934692383e+02 2.327254772186279297e+02 1.974203789234161377e+02 1.000000000000000000e+00
2.419557476043701172e+02 1.902093923091888428e+02 2.355592823028564453e+02 1.892975735664367676e+02 2.324547386169433594e+02 1.904568457603454590e+02 1.000000000000000000e+00
2.207018566131591797e+02 2.002937006950378418e+02 2.144681072235107422e+02 1.993680238723754883e+02 2.115574455261230469e+02 2.005485069751739502e+02 1.000000000000000000e+00
2.493470144271850586e+02 1.892280864715576172e+02 2.427579355239868164e+02 1.882286489009857178e+02 2.393595600128173828e+02 1.894242846965789795e+02 1.000000000000000000e+00
1.453817176818847656e+02 1.850710737705230713e+02 1.394914054870605469e+02 1.840365421772003174e+02 1.369368934631347656e+02 1.852308619022369385e+02 1.000000000000000000e+00
2.413771057128906250e+02 2.004300355911254883e+02 2.349802494049072266e+02 1.994353616237640381e+02 2.319182586669921875e+02 2.006313765048980713e+02 1.000000000000000000e+00
1.384199905395507812e+02 1.790016603469848633e+02 1.324966812133789062e+02 1.779154944419860840e+02 1.300045204162597656e+02 1.793494677543640137e+02 1.000000000000000000e+00
2.368975353240966797e+02 1.991144227981567383e+02 2.305722045898437500e+02 1.983570241928100586e+02 2.275685691833496094e+02 1.995543479919433594e+02 1.000000000000000000e+00
2.440297365188598633e+02 1.896615421772003174e+02 2.375630187988281250e+02 1.886748003959655762e+02 2.342615318298339844e+02 1.898670637607574463e+02 1.000000000000000000e+00
1.893792724609375000e+02 1.996919238567352295e+02 1.831627368927001953e+02 1.987047851085662842e+02 1.802214050292968750e+02 2.000061786174774170e+02 1.000000000000000000e+00
2.147612762451171875e+02 1.796689724922180176e+02 2.088381481170654297e+02 1.789805388450622559e+02 2.060629272460937500e+02 1.803678846359252930e+02 1.000000000000000000e+00
1.702672100067138672e+02 1.997528064250946045e+02 1.640975666046142578e+02 1.991379690170288086e+02 1.613976573944091797e+02 2.003369593620300293e+02 1.000000000000000000e+00
2.047013378143310547e+02 1.935484743118286133e+02 1.987338542938232422e+02 1.928028380870819092e+02 1.957568359375000000e+02 1.941401660442352295e+02 1.000000000000000000e+00
1.891027832031250000e+02 1.751448154449462891e+02 1.830598735809326172e+02 1.744965505599975586e+02 1.807737827301025391e+02 1.758824157714843750e+02 1.000000000000000000e+00
2.243566894531250000e+02 1.694710063934326172e+02 2.183698749542236328e+02 1.687023282051086426e+02 2.155888366699218750e+02 1.703466439247131348e+02 1.000000000000000000e+00
1.413420295715332031e+02 1.829184687137603760e+02 1.354101943969726562e+02 1.818749678134918213e+02 1.328331947326660156e+02 1.832470214366912842e+02 1.000000000000000000e+00
2.400072908401489258e+02 1.566247487068176270e+02 2.336134433746337891e+02 1.560612273216247559e+02 2.305982494354248047e+02 1.574763107299804688e+02 1.000000000000000000e+00
1.903228473663330078e+02 1.978264296054840088e+02 1.841526794433593750e+02 1.969211554527282715e+02 1.811323642730712891e+02 1.986092054843902588e+02 1.000000000000000000e+00
2.234346294403076172e+02 1.916020774841308594e+02 2.172792339324951172e+02 1.907857167720794678e+02 2.143804168701171875e+02 1.922089970111846924e+02 1.000000000000000000e+00
2.182707977294921875e+02 1.688664937019348145e+02 2.123026275634765625e+02 1.681695199012756348e+02 2.095456218719482422e+02 1.697249722480773926e+02 1.000000000000000000e+00
1.826126670837402344e+02 1.942647850513458252e+02 1.763113403320312500e+02 1.934395873546600342e+02 1.735887241363525391e+02 1.950544881820678711e+02 1.000000000000000000e+00
1.338130569458007812e+02 1.635995721817016602e+02 1.280416488647460938e+02 1.629126548767089844e+02 1.257998275756835938e+02 1.648704457283020020e+02 1.000000000000000000e+00
2.493014049530029297e+02 1.857700788974761963e+02 2.426907014846801758e+02 1.847972846031188965e+02 2.393250083923339844e+02 1.860338866710662842e+02 1.000000000000000000e+00
1.813727378845214844e+02 1.715805029869079590e+02 1.754478740692138672e+02 1.710734224319458008e+02 1.731588268280029297e+02 1.724142265319824219e+02 1.000000000000000000e+00
2.435703563690185547e+02 1.727309703826904297e+02 2.370821189880371094e+02 1.719336819648742676e+02 2.338080310821533203e+02 1.734774756431579590e+02 1.000000000000000000e+00
1.795580863952636719e+02 1.715968751907348633e+02 1.740477466583251953e+02 1.710970401763916016e+02 1.715260791778564453e+02 1.724246978759765625e+02 1.000000000000000000e+00
2.310221576690673828e+02 1.675541067123413086e+02 2.250176048278808594e+02 1.667902922630310059e+02 2.223088359832763672e+02 1.684508013725280762e+02 1.000000000000000000e+00
1.995499134063720703e+02 1.976383781433105469e+02 1.933108806610107422e+02 1.967539358139038086e+02 1.899828338623046875e+02 1.982323265075683594e+02 1.000000000000000000e+00
2.266619205474853516e+02 1.551640462875366211e+02 2.203625583648681641e+02 1.546107745170593262e+02 2.175071525573730469e+02 1.561491036415100098e+02 1.000000000000000000e+00
2.393364810943603516e+02 1.865186727046966553e+02 2.329548645019531250e+02 1.857262694835662842e+02 2.298585319519042969e+02 1.868950009346008301e+02 1.000000000000000000e+00
1.381812858581542969e+02 1.747033667564392090e+02 1.323346900939941406e+02 1.736778044700622559e+02 1.298718833923339844e+02 1.751649713516235352e+02 1.000000000000000000e+00
1.419371604919433594e+02 1.675364971160888672e+02 1.361157035827636719e+02 1.666985607147216797e+02 1.337026214599609375e+02 1.685160183906555176e+02 1.000000000000000000e+00
1.415423965454101562e+02 1.784610271453857422e+02 1.356324577331542969e+02 1.774780368804931641e+02 1.331520271301269531e+02 1.788532090187072754e+02 1.000000000000000000e+00
1.414177513122558594e+02 1.727709031105041504e+02 1.355961227416992188e+02 1.719622135162353516e+02 1.331891059875488281e+02 1.735556173324584961e+02 1.000000000000000000e+00
2.264217948913574219e+02 1.716545391082763672e+02 2.204226207733154297e+02 1.708965396881103516e+02 2.176194858551025391e+02 1.725239253044128418e+02 1.000000000000000000e+00
2.205178356170654297e+02 1.983756709098815918e+02 2.142963504791259766e+02 1.975010204315185547e+02 2.113370227813720703e+02 1.987229883670806885e+02 1.000000000000000000e+00
2.172643852233886719e+02 1.948147094249725342e+02 2.111375427246093750e+02 1.940668165683746338e+02 2.082357311248779297e+02 1.953967094421386719e+02 1.000000000000000000e+00
1.984773254394531250e+02 1.967421233654022217e+02 1.922747039794921875e+02 1.959152054786682129e+02 1.891201782226562500e+02 1.973588705062866211e+02 1.000000000000000000e+00
2.100854015350341797e+02 1.975295233726501465e+02 2.039258289337158203e+02 1.967241203784942627e+02 2.008207225799560547e+02 1.979478585720062256e+02 1.000000000000000000e+00
1.892888164520263672e+02 2.022082650661468506e+02 1.830752086639404297e+02 2.013028407096862793e+02 1.802536487579345703e+02 2.024240863323211670e+02 1.000000000000000000e+00
1.369405746459960938e+02 1.665147686004638672e+02 1.311188697814941406e+02 1.656487226486206055e+02 1.286995124816894531e+02 1.675035238265991211e+02 1.000000000000000000e+00
1.621369934082031250e+02 1.945942962169647217e+02 1.563859367370605469e+02 1.939099538326263428e+02 1.538539886474609375e+02 1.954740107059478760e+02 1.000000000000000000e+00
2.443012523651123047e+02 1.638888359069824219e+02 2.379458141326904297e+02 1.633501124382019043e+02 2.348552227020263672e+02 1.648370933532714844e+02 1.000000000000000000e+00
2.355909252166748047e+02 1.564785575866699219e+02 2.293554687500000000e+02 1.558770847320556641e+02 2.264162921905517578e+02 1.573680996894836426e+02 1.000000000000000000e+00
1.764895439147949219e+02 1.724855446815490723e+02 1.709005737304687500e+02 1.719647955894470215e+02 1.685928916931152344e+02 1.733020019531250000e+02 1.000000000000000000e+00
3.931775236129760742e+02 2.114362174272537231e+02 3.912836027145385742e+02 2.104604011774063110e+02 3.927127695083618164e+02 2.115268242359161377e+02 2.000000000000000000e+00
4.530723857879638672e+02 2.336059109866619110e+02 4.505342769622802734e+02 2.322136688232421875e+02 4.513674068450927734e+02 2.333093869686126709e+02 2.000000000000000000e+00
4.610543537139892578e+02 2.326110376417636871e+02 4.585485553741455078e+02 2.312847438454627991e+02 4.593906593322753906e+02 2.322668758034706116e+02 2.000000000000000000e+00
4.543749427795410156e+02 2.277696830034255981e+02 4.518987464904785156e+02 2.264053487777709961e+02 4.528020000457763672e+02 2.275139003992080688e+02 2.000000000000000000e+00
4.648325252532958984e+02 2.325299982726573944e+02 4.623257446289062500e+02 2.312492975592613220e+02 4.632214069366455078e+02 2.321119531989097595e+02 2.000000000000000000e+00
4.196475887298583984e+02 2.088289475440979004e+02 4.163622188568115234e+02 2.076943659782409668e+02 4.178413391113281250e+02 2.089877772331237793e+02 2.000000000000000000e+00
4.497179603576660156e+02 2.127615487575531006e+02 4.473518085479736328e+02 2.115740489959716797e+02 4.483355140686035156e+02 2.124618369340896606e+02 2.000000000000000000e+00
4.172121906280517578e+02 2.087785005569458008e+02 4.143386554718017578e+02 2.076528918743133545e+02 4.157079219818115234e+02 2.089600503444671631e+02 2.000000000000000000e+00
4.321223449707031250e+02 2.235441434383392334e+02 4.298086547851562500e+02 2.221839129924774170e+02 4.312332439422607422e+02 2.233013606071472168e+02 2.000000000000000000e+00
4.501063251495361328e+02 2.250337520241737366e+02 4.476812171936035156e+02 2.236380153894424438e+02 4.486102294921875000e+02 2.247635489702224731e+02 2.000000000000000000e+00
4.001819801330566406e+02 2.258244618773460388e+02 3.981662607192993164e+02 2.246303558349609375e+02 3.995449209213256836e+02 2.255819088220596313e+02 2.000000000000000000e+00
4.480497169494628906e+02 2.174013966321945190e+02 4.456212139129638672e+02 2.163054800033569336e+02 4.464812374114990234e+02 2.174249410629272461e+02 2.000000000000000000e+00
4.410911273956298828e+02 2.209258407354354858e+02 4.386677837371826172e+02 2.196144855022430420e+02 4.396509075164794922e+02 2.207892590761184692e+02 2.000000000000000000e+00
4.565083312988281250e+02 2.235747367143630981e+02 4.540840435028076172e+02 2.223323661088943481e+02 4.549510860443115234e+02 2.234875631332397461e+02 2.000000000000000000e+00
3.878242492675781250e+02 2.142547899484634399e+02 3.859736967086791992e+02 2.132947218418121338e+02 3.873719501495361328e+02 2.142794018983840942e+02 2.000000000000000000e+00
4.384217262268066406e+02 2.209623706340789795e+02 4.360897541046142578e+02 2.196484369039535522e+02 4.371096515655517578e+02 2.208064574003219604e+02 2.000000000000000000e+00
4.186873149871826172e+02 2.237331694364547729e+02 4.166001319885253906e+02 2.224580061435699463e+02 4.180545043945312500e+02 2.234718471765518188e+02 2.000000000000000000e+00
4.636768531799316406e+02 2.269703668355941772e+02 4.612371540069580078e+02 2.257440787553787231e+02 4.621321105957031250e+02 2.267992696166038513e+02 2.000000000000000000e+00
4.334488868713378906e+02 2.191844630241394043e+02 4.312593364715576172e+02 2.179829853773117065e+02 4.325915813446044922e+02 2.192060530185699463e+02 2.000000000000000000e+00
4.012914180755615234e+02 2.182725816965103149e+02 3.993140268325805664e+02 2.171677386760711670e+02 4.008739948272705078e+02 2.183754873275756836e+02 2.000000000000000000e+00
4.452808570861816406e+02 2.192741239070892334e+02 4.428524208068847656e+02 2.181544643640518188e+02 4.437265968322753906e+02 2.192790216207504272e+02 2.000000000000000000e+00
4.069696044921875000e+02 2.220917201042175293e+02 4.049700927734375000e+02 2.209104913473129272e+02 4.065474605560302734e+02 2.219688409566879272e+02 2.000000000000000000e+00
4.340516090393066406e+02 2.280153957009315491e+02 4.317156410217285156e+02 2.265850827097892761e+02 4.331010723114013672e+02 2.276817619800567627e+02 2.000000000000000000e+00
4.452389240264892578e+02 2.250414267182350159e+02 4.427878093719482422e+02 2.236102741956710815e+02 4.437068462371826172e+02 2.247344648838043213e+02 2.000000000000000000e+00
4.640804767608642578e+02 2.202162623405456543e+02 4.616055297851562500e+02 2.190613853931427002e+02 4.625329589843750000e+02 2.202438497543334961e+02 2.000000000000000000e+00
4.031096553802490234e+02 2.126218700408935547e+02 4.010972881317138672e+02 2.115491473674774170e+02 4.026414775848388672e+02 2.127646923065185547e+02 2.000000000000000000e+00
4.141860675811767578e+02 2.226747268438339233e+02 4.122467041015625000e+02 2.214707475900650024e+02 4.136971759796142578e+02 2.225010985136032104e+02 2.000000000000000000e+00
4.457055091857910156e+02 2.139920336008071899e+02 4.433269691467285156e+02 2.129037773609161377e+02 4.442815589904785156e+02 2.138645303249359131e+02 2.000000000000000000e+00
4.364414978027343750e+02 2.163589006662368774e+02 4.341951942443847656e+02 2.152473592758178711e+02 4.353136348724365234e+02 2.163918900489807129e+02 2.000000000000000000e+00
4.524226379394531250e+02 2.195446461439132690e+02 4.500184059143066406e+02 2.184300988912582397e+02 4.509350585937500000e+02 2.195654743909835815e+02 2.000000000000000000e+00
4.201696205139160156e+02 2.279663532972335815e+02 4.178837871551513672e+02 2.265526422858238220e+02 4.194372558593750000e+02 2.275230252742767334e+02 2.000000000000000000e+00
4.630895996093750000e+02 2.236653900146484375e+02 4.606225585937500000e+02 2.224794459342956543e+02 4.615558147430419922e+02 2.235754233598709106e+02 2.000000000000000000e+00
4.587677955627441406e+02 2.135700523853302002e+02 4.563597393035888672e+02 2.122543770074844360e+02 4.572975158691406250e+02 2.132286965847015381e+02 2.000000000000000000e+00
