4.026214027404785156e+02 2.165246719121932983e+02 3.983764028549194336e+02 2.140753000974655151e+02 3.931775236129760742e+02 2.114362174272537231e+02 1.000000000000000000e+00
4.638282775878906250e+02 2.395967712253332138e+02 4.590162944793701172e+02 2.367227782309055328e+02 4.530723857879638672e+02 2.336059109866619110e+02 1.000000000000000000e+00
4.719716167449951172e+02 2.386413421109318733e+02 4.671087074279785156e+02 2.358244170248508453e+02 4.610543537139892578e+02 2.326110376417636871e+02 1.000000000000000000e+00
4.652255916595458984e+02 2.337020717561244965e+02 4.603476619720458984e+02 2.308665159344673157e+02 4.543749427795410156e+02 2.277696830034255981e+02 1.000000000000000000e+00
4.757787513732910156e+02 2.385957336053252220e+02 4.708989238739013672e+02 2.357990263402462006e+02 4.648325252532958984e+02 2.325299982726573944e+02 1.000000000000000000e+00
4.321281433105468750e+02 2.140322399139404297e+02 4.262600421905517578e+02 2.115960377454757690e+02 4.196475887298583984e+02 2.088289475440979004e+02 1.000000000000000000e+00
4.604788208007812500e+02 2.185661602020263672e+02 4.556478023529052734e+02 2.159272760152816772e+02 4.497179603576660156e+02 2.127615487575531006e+02 1.000000000000000000e+00
4.290281963348388672e+02 2.140111684799194336e+02 4.235772991180419922e+02 2.115512841939926147e+02 4.172121906280517578e+02 2.087785005569458008e+02 1.000000000000000000e+00
4.423043823242187500e+02 2.293208304047584534e+02 4.376843261718750000e+02 2.266078940033912659e+02 4.321223449707031250e+02 2.235441434383392334e+02 1.000000000000000000e+00
4.608357906341552734e+02 2.309282675385475159e+02 4.560116291046142578e+02 2.281340780854225159e+02 4.501063251495361328e+02 2.250337520241737366e+02 1.000000000000000000e+00
4.098793697357177734e+02 2.315775597095489502e+02 4.055378437042236328e+02 2.288758081197738647e+02 4.001819801330566406e+02 2.258244618773460388e+02 1.000000000000000000e+00
4.588858985900878906e+02 2.231158590316772461e+02 4.540471839904785156e+02 2.205462491512298584e+02 4.480497169494628906e+02 2.174013966321945190e+02 1.000000000000000000e+00
4.518304157257080078e+02 2.266944265365600586e+02 4.470532512664794922e+02 2.240663588047027588e+02 4.410911273956298828e+02 2.209258407354354858e+02 1.000000000000000000e+00
4.672635555267333984e+02 2.293115231394767761e+02 4.624291992187500000e+02 2.266204673051834106e+02 4.565083312988281250e+02 2.235747367143630981e+02 1.000000000000000000e+00
3.972751760482788086e+02 2.194259333610534668e+02 3.930127859115600586e+02 2.169075465202331543e+02 3.878242492675781250e+02 2.142547899484634399e+02 1.000000000000000000e+00
4.489870643615722656e+02 2.267399892210960388e+02 4.442742347717285156e+02 2.241226190328598022e+02 4.384217262268066406e+02 2.209623706340789795e+02 1.000000000000000000e+00
4.285672950744628906e+02 2.293921199440956116e+02 4.240322875976562500e+02 2.266783896088600159e+02 4.186873149871826172e+02 2.237331694364547729e+02 1.000000000000000000e+00
4.744566631317138672e+02 2.328399807214736938e+02 4.695661926269531250e+02 2.301239767670631409e+02 4.636768531799316406e+02 2.269703668355941772e+02 1.000000000000000000e+00
4.436649227142333984e+02 2.247111350297927856e+02 4.390943908691406250e+02 2.222089219093322754e+02 4.334488868713378906e+02 2.191844630241394043e+02 1.000000000000000000e+00
4.106850337982177734e+02 2.235180044174194336e+02 4.065025329589843750e+02 2.210491025447845459e+02 4.012914180755615234e+02 2.182725816965103149e+02 1.000000000000000000e+00
4.561665344238281250e+02 2.249345844984054565e+02 4.512880229949951172e+02 2.224141073226928711e+02 4.452808570861816406e+02 2.192741239070892334e+02 1.000000000000000000e+00
4.165731811523437500e+02 2.276618948578834534e+02 4.122492122650146484e+02 2.250435474514961243e+02 4.069696044921875000e+02 2.220917201042175293e+02 1.000000000000000000e+00
4.443130779266357422e+02 2.338851316273212433e+02 4.396845149993896484e+02 2.311177057027816772e+02 4.340516090393066406e+02 2.280153957009315491e+02 1.000000000000000000e+00
4.560743141174316406e+02 2.309589689970016479e+02 4.512065410614013672e+02 2.281424403190612793e+02 4.452389240264892578e+02 2.250414267182350159e+02 1.000000000000000000e+00
4.747058105468750000e+02 2.256503748893737793e+02 4.698849201202392578e+02 2.231178277730941772e+02 4.640804767608642578e+02 2.202162623405456543e+02 1.000000000000000000e+00
4.127041053771972656e+02 2.178419780731201172e+02 4.084642982482910156e+02 2.154071331024169922e+02 4.031096553802490234e+02 2.126218700408935547e+02 1.000000000000000000e+00
4.240697669982910156e+02 2.283071896433830261e+02 4.195987224578857422e+02 2.256207418441772461e+02 4.141860675811767578e+02 2.226747268438339233e+02 1.000000000000000000e+00
4.566298198699951172e+02 2.197937303781509399e+02 4.517396545410156250e+02 2.172119593620300293e+02 4.457055091857910156e+02 2.139920336008071899e+02 1.000000000000000000e+00
4.470254516601562500e+02 2.219651323556900024e+02 4.422623348236083984e+02 2.193943780660629272e+02 4.364414978027343750e+02 2.163589006662368774e+02 1.000000000000000000e+00
4.631160926818847656e+02 2.251390528678894043e+02 4.583099651336669922e+02 2.225839376449584961e+02 4.524226379394531250e+02 2.195446461439132690e+02 1.000000000000000000e+00
4.300070476531982422e+02 2.336999966204166412e+02 4.254374122619628906e+02 2.309320825338363647e+02 4.201696205139160156e+02 2.279663532972335815e+02 1.000000000000000000e+00
4.737211036682128906e+02 2.294345694780349731e+02 4.689131450653076172e+02 2.267377772927284241e+02 4.630895996093750000e+02 2.236653900146484375e+02 1.000000000000000000e+00
4.695006465911865234e+02 2.193410325050354004e+02 4.646327877044677734e+02 2.166877895593643188e+02 4.587677955627441406e+02 2.135700523853302002e+02 1.000000000000000000e+00
7.351285934448242188e+01 4.137892484664916992e+02 6.331569671630859375e+01 4.113676500320434570e+02 5.205221176147460938e+01 4.086182641983032227e+02 2.000000000000000000e+00
8.495878219604492188e+01 4.234801769256591797e+02 7.479467391967773438e+01 4.210418844223022461e+02 6.343738555908203125e+01 4.183670997619628906e+02 2.000000000000000000e+00
3.553062438964843750e+02 2.661116659641265869e+02 3.451372385025024414e+02 2.634114700555801392e+02 3.337879335880279541e+02 2.598408830165863037e+02 2.000000000000000000e+00
3.502981567382812500e+02 2.661242383718490601e+02 3.401280522346496582e+02 2.634261488914489746e+02 3.287782591581344604e+02 2.598706680536270142e+02 2.000000000000000000e+00
9.004964828491210938e+01 4.214736986160278320e+02 7.984861373901367188e+01 4.190596389770507812e+02 6.850877761840820312e+01 4.163742113113403320e+02 2.000000000000000000e+00
1.578208732604980469e+02 3.984777975082397461e+02 1.476331329345703125e+02 3.958279180526733398e+02 1.364347267150878906e+02 3.930008983612060547e+02 2.000000000000000000e+00
1.214068794250488281e+02 4.000499010086059570e+02 1.111886978149414062e+02 3.974266147613525391e+02 9.989021301269531250e+01 3.947067975997924805e+02 2.000000000000000000e+00
9.684684753417968750e+01 3.913355541229248047e+02 8.646762847900390625e+01 3.888177251815795898e+02 7.520462036132812500e+01 3.861584186553955078e+02 2.000000000000000000e+00
1.608790874481201172e+02 4.074049186706542969e+02 1.507015037536621094e+02 4.047440814971923828e+02 1.394503402709960938e+02 4.018683815002441406e+02 2.000000000000000000e+00
1.416010475158691406e+02 3.797374963760375977e+02 1.313812828063964844e+02 3.771699285507202148e+02 1.201981544494628906e+02 3.743600177764892578e+02 2.000000000000000000e+00
1.406225776672363281e+02 3.857356882095336914e+02 1.303799438476562500e+02 3.831838703155517578e+02 1.191793251037597656e+02 3.803021621704101562e+02 2.000000000000000000e+00
1.872196006774902344e+02 4.199397325515747070e+02 1.771315479278564453e+02 4.172510719299316406e+02 1.659643268585205078e+02 4.143529415130615234e+02 2.000000000000000000e+00
4.089791870117187500e+02 2.895413231849670410e+02 3.987222623825073242e+02 2.864418375492095947e+02 3.874683856964111328e+02 2.829891085624694824e+02 2.000000000000000000e+00
5.038666343688964844e+02 1.566940999031066895e+02 4.934720420837402344e+02 1.535179710388183594e+02 4.817913818359375000e+02 1.499798655509948730e+02 2.000000000000000000e+00
4.820462417602539062e+02 1.497207927703857422e+02 4.716309261322021484e+02 1.465630745887756348e+02 4.599206256866455078e+02 1.430038261413574219e+02 2.000000000000000000e+00
4.009868526458740234e+02 4.207365989685058594e+01 3.903540039062500000e+02 3.906028747558593750e+01 3.785242938995361328e+02 3.556677818298339844e+01 2.000000000000000000e+00
1.446894836425781250e+02 4.226444435119628906e+02 1.346022987365722656e+02 4.200800943374633789e+02 1.234397697448730469e+02 4.171762132644653320e+02 2.000000000000000000e+00
3.567442631721496582e+02 6.433469295501708984e+01 3.462112116813659668e+02 6.136394977569580078e+01 3.344432675838470459e+02 5.794767379760742188e+01 2.000000000000000000e+00
3.553046274185180664e+02 2.701021742820739746e+02 3.451766061782836914e+02 2.674053668975830078e+02 3.338171386718750000e+02 2.638313305377960205e+02 2.000000000000000000e+00
1.224336433410644531e+02 2.928481793403625488e+02 1.121171379089355469e+02 2.901242995262145996e+02 1.004724311828613281e+02 2.871972370147705078e+02 2.000000000000000000e+00
1.386939811706542969e+02 4.157263898849487305e+02 1.286470985412597656e+02 4.131689214706420898e+02 1.174364852905273438e+02 4.103242206573486328e+02 2.000000000000000000e+00
1.275145912170410156e+02 4.029767274856567383e+02 1.173064994812011719e+02 4.003834247589111328e+02 1.060354042053222656e+02 3.976156425476074219e+02 2.000000000000000000e+00
1.588013839721679688e+02 3.925253105163574219e+02 1.486024284362792969e+02 3.898798942565917969e+02 1.374344635009765625e+02 3.870532608032226562e+02 2.000000000000000000e+00
1.680417728424072266e+02 4.212078666687011719e+02 1.579433250427246094e+02 4.185834074020385742e+02 1.467524909973144531e+02 4.157600212097167969e+02 2.000000000000000000e+00
3.977142047882080078e+02 1.121482086181640625e+02 3.871741962432861328e+02 1.090557003021240234e+02 3.754670095443725586e+02 1.056319141387939453e+02 2.000000000000000000e+00
4.050212097167968750e+02 2.895644867420196533e+02 3.947414541244506836e+02 2.864680802822113037e+02 3.834905099868774414e+02 2.830228900909423828e+02 2.000000000000000000e+00
1.517671203613281250e+02 4.005882024765014648e+02 1.415722465515136719e+02 3.979424858093261719e+02 1.303724670410156250e+02 3.951187849044799805e+02 2.000000000000000000e+00
4.633145809173583984e+02 1.209678912162780762e+02 4.528623962402343750e+02 1.178187990188598633e+02 4.411421871185302734e+02 1.143065071105957031e+02 2.000000000000000000e+00
4.597038936614990234e+02 1.697632241249084473e+02 4.493709754943847656e+02 1.666699934005737305e+02 4.375942707061767578e+02 1.632374095916748047e+02 2.000000000000000000e+00
1.314685821533203125e+02 2.755575871467590332e+02 1.210118675231933594e+02 2.729498291015625000e+02 1.095127677917480469e+02 2.701372683048248291e+02 2.000000000000000000e+00
1.103780364990234375e+02 3.972689580917358398e+02 1.001169013977050781e+02 3.946584892272949219e+02 8.874238967895507812e+01 3.919610738754272461e+02 2.000000000000000000e+00
4.495739746093750000e+02 1.159551429748535156e+02 4.391277503967285156e+02 1.128265857696533203e+02 4.273488521575927734e+02 1.093472814559936523e+02 2.000000000000000000e+00
1.306953239440917969e+02 4.127947711944580078e+02 1.205942916870117188e+02 4.102725934982299805e+02 1.093005180358886719e+02 4.074837970733642578e+02 2.000000000000000000e+00
1.326465988159179688e+02 4.178314018249511719e+02 1.224854087829589844e+02 4.153174495697021484e+02 1.113004684448242188e+02 4.125104713439941406e+02 2.000000000000000000e+00
3.503008127212524414e+02 2.701260387897491455e+02 3.401741647720336914e+02 2.674258428812026978e+02 3.288153994083404541e+02 2.638710343837738037e+02 2.000000000000000000e+00
3.573502516746520996e+02 1.301890540122985840e+02 3.467929697036743164e+02 1.271928334236145020e+02 3.352263796329498291e+02 1.238172841072082520e+02 2.000000000000000000e+00
1.304477119445800781e+02 2.938268458843231201e+02 1.201419258117675781e+02 2.911096823215484619e+02 1.084998130798339844e+02 2.881822228431701660e+02 2.000000000000000000e+00
4.653129863739013672e+02 1.259600186347961426e+02 4.548881530761718750e+02 1.228070282936096191e+02 4.431621456146240234e+02 1.192976474761962891e+02 2.000000000000000000e+00
1.224970817565917969e+02 4.250681591033935547e+02 1.122525978088378906e+02 4.225784111022949219e+02 1.011321258544921875e+02 4.197956085205078125e+02 2.000000000000000000e+00
1.426379966735839844e+02 3.896856737136840820e+02 1.323889160156250000e+02 3.871393775939941406e+02 1.211715316772460938e+02 3.842768955230712891e+02 2.000000000000000000e+00
1.741110706329345703e+02 4.201106643676757812e+02 1.640092468261718750e+02 4.174854898452758789e+02 1.528166198730468750e+02 4.145987319946289062e+02 2.000000000000000000e+00
1.486018943786621094e+02 3.866832304000854492e+02 1.383785057067871094e+02 3.840926027297973633e+02 1.272362327575683594e+02 3.812630081176757812e+02 2.000000000000000000e+00
1.589350891113281250e+02 4.213783407211303711e+02 1.487969017028808594e+02 4.187470436096191406e+02 1.376930427551269531e+02 4.158554220199584961e+02 2.000000000000000000e+00
4.184482097625732422e+02 1.090967130661010742e+02 4.078550148010253906e+02 1.059924745559692383e+02 3.962616586685180664e+02 1.024608707427978516e+02 2.000000000000000000e+00
1.366859054565429688e+02 4.208068084716796875e+02 1.265775108337402344e+02 4.182789373397827148e+02 1.154164886474609375e+02 4.153905487060546875e+02 2.000000000000000000e+00
3.547208857536315918e+02 5.425578117370605469e+01 3.441895151138305664e+02 5.130247592926025391e+01 3.324189758300781250e+02 4.786791801452636719e+01 2.000000000000000000e+00
1.497150611877441406e+02 3.906560182571411133e+02 1.395005989074707031e+02 3.880522584915161133e+02 1.283377456665039062e+02 3.852261114120483398e+02 2.000000000000000000e+00
1.416769599914550781e+02 4.006743192672729492e+02 1.314683341979980469e+02 3.981204557418823242e+02 1.202200508117675781e+02 3.952806186676025391e+02 2.000000000000000000e+00
1.335380935668945312e+02 3.937863206863403320e+02 1.232281684875488281e+02 3.912572765350341797e+02 1.119746017456054688e+02 3.884225177764892578e+02 2.000000000000000000e+00
1.204840278625488281e+02 4.069544219970703125e+02 1.102465248107910156e+02 4.044078111648559570e+02 9.894325256347656250e+01 4.016344070434570312e+02 2.000000000000000000e+00
1.457510185241699219e+02 4.106725502014160156e+02 1.356647300720214844e+02 4.081089878082275391e+02 1.244637489318847656e+02 4.052811098098754883e+02 2.000000000000000000e+00
3.533420419692993164e+02 2.859578883647918701e+02 3.432858896255493164e+02 2.830530095100402832e+02 3.319414365291595459e+02 2.797152113914489746e+02 2.000000000000000000e+00
4.007759761810302734e+02 1.192089128494262695e+02 3.902783823013305664e+02 1.161589193344116211e+02 3.785707712173461914e+02 1.127645587921142578e+02 2.000000000000000000e+00
1.245006752014160156e+02 4.068843126296997070e+02 1.142964935302734375e+02 4.043422365188598633e+02 1.030040931701660156e+02 4.015711784362792969e+02 2.000000000000000000e+00
3.978384733200073242e+02 1.222162055969238281e+02 3.873435974121093750e+02 1.191868114471435547e+02 3.756295776367187500e+02 1.157506799697875977e+02 2.000000000000000000e+00
3.672255277633666992e+02 1.238707494735717773e+02 3.566949152946472168e+02 1.209510827064514160e+02 3.450041508674621582e+02 1.175810194015502930e+02 2.000000000000000000e+00
7.762943267822265625e+01 4.127394819259643555e+02 6.739967346191406250e+01 4.103173255920410156e+02 5.610908508300781250e+01 4.075789833068847656e+02 2.000000000000000000e+00
5.034103775024414062e+02 1.884453713893890381e+02 4.930485916137695312e+02 1.852956354618072510e+02 4.814766502380371094e+02 1.816394913196563721e+02 2.000000000000000000e+00
4.762637042999267578e+02 1.836680424213409424e+02 4.658081722259521484e+02 1.806308412551879883e+02 4.542805194854736328e+02 1.770274615287780762e+02 2.000000000000000000e+00
1.477496337890625000e+02 3.976572704315185547e+02 1.375592231750488281e+02 3.950750827789306641e+02 1.263418388366699219e+02 3.922674894332885742e+02 2.000000000000000000e+00
4.458861064910888672e+02 1.609658288955688477e+02 4.354397296905517578e+02 1.577973604202270508e+02 4.238981342315673828e+02 1.543403434753417969e+02 2.000000000000000000e+00
1.375810432434082031e+02 4.057227516174316406e+02 1.274707221984863281e+02 4.031985855102539062e+02 1.161784934997558594e+02 4.003488492965698242e+02 2.000000000000000000e+00
1.456574249267578125e+02 4.036862611770629883e+02 1.354739379882812500e+02 4.011432838439941406e+02 1.242403411865234375e+02 3.983103132247924805e+02 2.000000000000000000e+00
3.735342407226562500e+02 2.723782539367675781e+01 3.628196096420288086e+02 2.418647289276123047e+01 3.510979628562927246e+02 2.069344997406005859e+01 2.000000000000000000e+00
1.527839279174804688e+02 3.935973930358886719e+02 1.425657081604003906e+02 3.909860372543334961e+02 1.314007186889648438e+02 3.881466722488403320e+02 2.000000000000000000e+00
4.930861854553222656e+02 1.674379563331604004e+02 4.826631164550781250e+02 1.642989277839660645e+02 4.709895038604736328e+02 1.608007478713989258e+02 2.000000000000000000e+00
4.468979167938232422e+02 1.777799320220947266e+02 4.364422321319580078e+02 1.747327995300292969e+02 4.250649738311767578e+02 1.711907887458801270e+02 2.000000000000000000e+00
1.113368034362792969e+02 4.012152814865112305e+02 1.010926628112792969e+02 3.985897350311279297e+02 8.976011276245117188e+01 3.959044933319091797e+02 2.000000000000000000e+00
3.042021477222442627e+02 3.902320575714111328e+02 2.940902400016784668e+02 3.873583173751831055e+02 2.831176757812500000e+02 3.841050767898559570e+02 2.000000000000000000e+00
1.508312416076660156e+02 4.215487718582153320e+02 1.406886100769042969e+02 4.189505338668823242e+02 1.295986747741699219e+02 4.159959268569946289e+02 2.000000000000000000e+00
4.175300312042236328e+02 1.140580129623413086e+02 4.069469928741455078e+02 1.109522151947021484e+02 3.953791522979736328e+02 1.074311971664428711e+02 2.000000000000000000e+00
4.565439510345458984e+02 3.876994085311889648e+02 4.465378761291503906e+02 3.845235729217529297e+02 4.354558086395263672e+02 3.809512138366699219e+02 2.000000000000000000e+00
4.231421852111816406e+02 1.627928853034973145e+02 4.129045391082763672e+02 1.599040031433105469e+02 4.013514423370361328e+02 1.563717770576477051e+02 2.000000000000000000e+00
1.557402992248535156e+02 4.154379701614379883e+02 1.456527328491210938e+02 4.128425931930541992e+02 1.344702911376953125e+02 4.099782228469848633e+02 2.000000000000000000e+00
4.749438476562500000e+02 1.417629790306091309e+02 4.645775508880615234e+02 1.386536049842834473e+02 4.528312683105468750e+02 1.350819468498229980e+02 2.000000000000000000e+00
4.630468463897705078e+02 1.538838028907775879e+02 4.525619506835937500e+02 1.508120226860046387e+02 4.408663082122802734e+02 1.472449421882629395e+02 2.000000000000000000e+00
4.036130714416503906e+02 1.061189317703247070e+02 3.930828571319580078e+02 1.030664491653442383e+02 3.813608121871948242e+02 9.960608482360839844e+01 2.000000000000000000e+00
8.573472976684570312e+01 3.924559736251831055e+02 7.548618316650390625e+01 3.900279951095581055e+02 6.420143127441406250e+01 3.873063468933105469e+02 2.000000000000000000e+00
1.223392486572265625e+02 2.745618903636932373e+02 1.119368553161621094e+02 2.719731152057647705e+02 1.003725624084472656e+02 2.691542977094650269e+02 2.000000000000000000e+00
4.700554180145263672e+02 1.737040185928344727e+02 4.596063518524169922e+02 1.705950307846069336e+02 4.480166912078857422e+02 1.671154761314392090e+02 2.000000000000000000e+00
3.672691059112548828e+02 1.288691067695617676e+02 3.567480778694152832e+02 1.259515500068664551e+02 3.451004958152770996e+02 1.225875806808471680e+02 2.000000000000000000e+00
1.488304138183593750e+02 4.175918054580688477e+02 1.386750602722167969e+02 4.149855136871337891e+02 1.275778770446777344e+02 4.120891857147216797e+02 2.000000000000000000e+00
4.253599548339843750e+02 1.041087913513183594e+02 4.147294044494628906e+02 1.010408449172973633e+02 4.031218910217285156e+02 9.746034622192382812e+01 2.000000000000000000e+00
1.630751609802246094e+02 4.243112611770629883e+02 1.529106712341308594e+02 4.216729545593261719e+02 1.417648315429687500e+02 4.188279819488525391e+02 2.000000000000000000e+00
1.628425312042236328e+02 3.964908885955810547e+02 1.526397514343261719e+02 3.937977933883666992e+02 1.414168167114257812e+02 3.909344816207885742e+02 2.000000000000000000e+00
4.528065204620361328e+02 1.827017641067504883e+02 4.423674678802490234e+02 1.796090340614318848e+02 4.311222267150878906e+02 1.760576605796813965e+02 2.000000000000000000e+00
4.245365333557128906e+02 1.150694561004638672e+02 4.139853191375732422e+02 1.119525146484375000e+02 4.024612712860107422e+02 1.084205818176269531e+02 2.000000000000000000e+00
5.018675804138183594e+02 1.616677522659301758e+02 4.914755058288574219e+02 1.585096263885498047e+02 4.798218727111816406e+02 1.549318313598632812e+02 2.000000000000000000e+00
1.791478729248046875e+02 4.200262784957885742e+02 1.690079593658447266e+02 4.173780870437622070e+02 1.578659820556640625e+02 4.144666814804077148e+02 2.000000000000000000e+00
9.078128814697265625e+01 3.924150753021240234e+02 8.043996810913085938e+01 3.899346685409545898e+02 6.919839859008789062e+01 3.872611141204833984e+02 2.000000000000000000e+00
3.566061401367187500e+02 1.232653641700744629e+02 3.460903930664062500e+02 1.202172946929931641e+02 3.343573915958404541e+02 1.168460941314697266e+02 2.000000000000000000e+00
4.988183975219726562e+02 1.527638196945190430e+02 4.884111022949218750e+02 1.495927977561950684e+02 4.767459392547607422e+02 1.460563731193542480e+02 2.000000000000000000e+00
2.730079317092895508e+02 3.449921607971191406e+02 2.630497407913208008e+02 3.420941519737243652e+02 2.518202209472656250e+02 3.388909649848937988e+02 2.000000000000000000e+00
3.988885211944580078e+02 3.120338916778564453e+01 3.882891559600830078e+02 2.817751407623291016e+01 3.764218473434448242e+02 2.462343692779541016e+01 2.000000000000000000e+00
3.328065800666809082e+02 7.030673503875732422e+01 3.222337952256202698e+02 6.735414505004882812e+01 3.104562681913375854e+02 6.400108337402343750e+01 2.000000000000000000e+00
4.245911884307861328e+02 1.251037287712097168e+02 4.140989398956298828e+02 1.220055341720581055e+02 4.025601863861083984e+02 1.185212802886962891e+02 2.000000000000000000e+00
1.264788818359375000e+02 3.989885902404785156e+02 1.162690353393554688e+02 3.963809251785278320e+02 1.049754333496093750e+02 3.936348009109497070e+02 2.000000000000000000e+00
5.064304161071777344e+02 1.913244009017944336e+02 4.961621665954589844e+02 1.881842029094696045e+02 4.846083068847656250e+02 1.845547771453857422e+02 2.000000000000000000e+00
3.633283996582031250e+02 2.730235290527343750e+02 3.532748103141784668e+02 2.702781987190246582e+02 3.418703627586364746e+02 2.667074900865554810e+02 2.000000000000000000e+00
1.356394004821777344e+02 4.007278203964233398e+02 1.254050254821777344e+02 3.981870460510253906e+02 1.140389060974121094e+02 3.953464078903198242e+02 2.000000000000000000e+00
3.208241577446460724e+02 3.364323449134826660e+02 3.107829284667968750e+02 3.334970140457153320e+02 2.996193528175354004e+02 3.303322505950927734e+02 2.000000000000000000e+00
4.056689453125000000e+02 1.211767888069152832e+02 3.951369619369506836e+02 1.181362867355346680e+02 3.833853769302368164e+02 1.146661949157714844e+02 2.000000000000000000e+00
4.591874694824218750e+02 1.539581680297851562e+02 4.486989498138427734e+02 1.508332443237304688e+02 4.370687294006347656e+02 1.473571085929870605e+02 2.000000000000000000e+00
4.741934490203857422e+02 1.736513757705688477e+02 4.637031269073486328e+02 1.705667209625244141e+02 4.521694087982177734e+02 1.670163702964782715e+02 2.000000000000000000e+00
2.844280076026916504e+02 4.054387664794921875e+02 2.744850778579711914e+02 4.025814342498779297e+02 2.633613586425781250e+02 3.994290876388549805e+02 2.000000000000000000e+00
4.175806903839111328e+02 1.211365413665771484e+02 4.070321369171142578e+02 1.180605697631835938e+02 3.954938364028930664e+02 1.145148897171020508e+02 2.000000000000000000e+00
3.950685739517211914e+02 1.292310762405395508e+02 3.845455932617187500e+02 1.261898231506347656e+02 3.728389883041381836e+02 1.227381920814514160e+02 2.000000000000000000e+00
1.547354698181152344e+02 4.084711933135986328e+02 1.446140098571777344e+02 4.058428144454956055e+02 1.333807754516601562e+02 4.029485607147216797e+02 2.000000000000000000e+00
3.341484379768371582e+02 1.258223676681518555e+02 3.237159118056297302e+02 1.227652215957641602e+02 3.119905698299407959e+02 1.193916320800781250e+02 2.000000000000000000e+00
3.676952505111694336e+02 3.998691558837890625e+02 3.576235961914062500e+02 3.968748807907104492e+02 3.466087031364440918e+02 3.934747695922851562e+02 2.000000000000000000e+00
4.944692420959472656e+02 1.834632861614227295e+02 4.841035842895507812e+02 1.803442060947418213e+02 4.724746990203857422e+02 1.767605066299438477e+02 2.000000000000000000e+00
9.183755874633789062e+01 4.055120944976806641e+02 8.178171157836914062e+01 4.030354070663452148e+02 7.057798385620117188e+01 4.003555011749267578e+02 2.000000000000000000e+00
7.640522003173828125e+01 4.067894697189331055e+02 6.619338989257812500e+01 4.043530368804931641e+02 5.486051559448242188e+01 4.015880155563354492e+02 2.000000000000000000e+00
1.547299766540527344e+02 4.194751024246215820e+02 1.446178245544433594e+02 4.168560934066772461e+02 1.335264205932617188e+02 4.139546585083007812e+02 2.000000000000000000e+00
4.369969177246093750e+02 1.659750294685363770e+02 4.265373229980468750e+02 1.629065966606140137e+02 4.149683856964111328e+02 1.593995189666748047e+02 2.000000000000000000e+00
1.256338500976562500e+02 4.128942918777465820e+02 1.154659080505371094e+02 4.103666782379150391e+02 1.041884231567382812e+02 4.075495147705078125e+02 2.000000000000000000e+00
8.354976654052734375e+01 4.057193040847778320e+02 7.338706970214843750e+01 4.032765913009643555e+02 6.211629867553710938e+01 4.005204820632934570e+02 2.000000000000000000e+00
1.832730197906494141e+02 4.169935655593872070e+02 1.731375694274902344e+02 4.143325567245483398e+02 1.619818973541259766e+02 4.114261293411254883e+02 2.000000000000000000e+00
4.141436195373535156e+02 2.214094161987304688e+01 4.033505916595458984e+02 1.912593841552734375e+01 3.914362192153930664e+02 1.561626434326171875e+01 2.000000000000000000e+00
3.307207036018371582e+02 3.302934622764587402e+02 3.206669006496667862e+02 3.273770213127136230e+02 3.095314323902130127e+02 3.242233657836914062e+02 2.000000000000000000e+00
4.784864234924316406e+02 1.518136024475097656e+01 4.677920818328857422e+02 1.202190399169921875e+01 4.558594703674316406e+02 8.505320549011230469e+00 2.000000000000000000e+00
4.109430599212646484e+02 1.401748752593994141e+02 4.004663372039794922e+02 1.370895481109619141e+02 3.888554096221923828e+02 1.335737872123718262e+02 2.000000000000000000e+00
1.152065849304199219e+02 3.863223695755004883e+02 1.047300338745117188e+02 3.836413908004760742e+02 9.366006851196289062e+01 3.809204721450805664e+02 2.000000000000000000e+00
1.690629577636718750e+02 4.131894636154174805e+02 1.589538383483886719e+02 4.106025838851928711e+02 1.477892494201660156e+02 4.077518749237060547e+02 2.000000000000000000e+00
3.032947993278503418e+02 4.210937261581420898e+02 2.932541799545288086e+02 4.181641674041748047e+02 2.822709965705871582e+02 4.148797416687011719e+02 2.000000000000000000e+00
3.883499765396118164e+02 6.928081512451171875e+01 3.776927185058593750e+02 6.621916294097900391e+01 3.658556222915649414e+02 6.271213531494140625e+01 2.000000000000000000e+00
4.992027854919433594e+02 1.774212598800659180e+02 4.888002395629882812e+02 1.742782545089721680e+02 4.771823406219482422e+02 1.706949877738952637e+02 2.000000000000000000e+00
3.100451356172561646e+02 3.565232276916503906e+02 2.999215698242187500e+02 3.535886263847351074e+02 2.888110661506652832e+02 3.503607845306396484e+02 2.000000000000000000e+00
4.847744750976562500e+02 1.890799534320831299e+02 4.744221782684326172e+02 1.859324634075164795e+02 4.628627300262451172e+02 1.823271131515502930e+02 2.000000000000000000e+00
2.817216181755065918e+02 2.920045208930969238e+02 2.714582490921020508e+02 2.892064547538757324e+02 2.602674245834350586e+02 2.859439408779144287e+02 2.000000000000000000e+00
3.749510812759399414e+02 2.581209719181060791e+02 3.646454763412475586e+02 2.552639329433441162e+02 3.534299325942993164e+02 2.519295206665992737e+02 2.000000000000000000e+00
4.806887245178222656e+02 1.874676632881164551e+02 4.702996826171875000e+02 1.844722867012023926e+02 4.587696266174316406e+02 1.807574415206909180e+02 2.000000000000000000e+00
3.397166442871093750e+02 3.421128559112548828e+02 3.295770877599716187e+02 3.392093896865844727e+02 3.184875488281250000e+02 3.358474159240722656e+02 2.000000000000000000e+00
1.062770652770996094e+02 4.003192806243896484e+02 9.587751388549804688e+01 3.977227306365966797e+02 8.460317611694335938e+01 3.950374460220336914e+02 2.000000000000000000e+00
4.200309181213378906e+02 3.291526508331298828e+02 4.099557781219482422e+02 3.260972356796264648e+02 3.987403583526611328e+02 3.225304913520812988e+02 2.000000000000000000e+00
1.407034301757812500e+02 3.956969404220581055e+02 1.304699134826660156e+02 3.931535768508911133e+02 1.192220687866210938e+02 3.903158712387084961e+02 2.000000000000000000e+00
3.875372314453125000e+02 1.042373228073120117e+02 3.770178222656250000e+02 1.011052608489990234e+02 3.653101491928100586e+02 9.770855426788330078e+01 2.000000000000000000e+00
4.351716327667236328e+02 1.600757718086242676e+02 4.246907997131347656e+02 1.569371438026428223e+02 4.131311035156250000e+02 1.533640408515930176e+02 2.000000000000000000e+00
4.221612262725830078e+02 1.579011940956115723e+02 4.118955707550048828e+02 1.549607634544372559e+02 4.003440284729003906e+02 1.514061355590820312e+02 2.000000000000000000e+00
4.478871440887451172e+02 1.679318976402282715e+02 4.374355506896972656e+02 1.648394465446472168e+02 4.258666706085205078e+02 1.613655352592468262e+02 2.000000000000000000e+00
2.896739196777343750e+02 3.154110789299011230e+02 2.795991182327270508e+02 3.124961900711059570e+02 2.683697509765625000e+02 3.093639564514160156e+02 2.000000000000000000e+00
4.514814472198486328e+02 1.209847640991210938e+02 4.410341167449951172e+02 1.178287553787231445e+02 4.292870235443115234e+02 1.143533134460449219e+02 2.000000000000000000e+00
4.800582695007324219e+02 1.397526955604553223e+02 4.696075153350830078e+02 1.366028666496276855e+02 4.579396057128906250e+02 1.330740880966186523e+02 2.000000000000000000e+00
2.803821396827697754e+02 4.054543304443359375e+02 2.704558086395263672e+02 4.026140785217285156e+02 2.593664216995239258e+02 3.994526767730712891e+02 2.000000000000000000e+00
4.095376014709472656e+02 1.070103120803833008e+02 3.989386892318725586e+02 1.039151430130004883e+02 3.872583341598510742e+02 1.004129076004028320e+02 2.000000000000000000e+00
3.447668766975402832e+02 3.677833986282348633e+02 3.347280585765838623e+02 3.647830295562744141e+02 3.237279358506202698e+02 3.614703083038330078e+02 2.000000000000000000e+00
4.642328548431396484e+02 1.159697771072387695e+02 4.538125610351562500e+02 1.128247976303100586e+02 4.420640277862548828e+02 1.092915773391723633e+02 2.000000000000000000e+00
4.303280067443847656e+02 1.780510854721069336e+02 4.198313045501708984e+02 1.748518824577331543e+02 4.084734535217285156e+02 1.715062379837036133e+02 2.000000000000000000e+00
2.900462341308593750e+02 3.616723680496215820e+02 2.800110769271850586e+02 3.588035917282104492e+02 2.687980651855468750e+02 3.556253385543823242e+02 2.000000000000000000e+00
3.662598896026611328e+02 1.433331727981567383e+02 3.556871032714843750e+02 1.404217028617858887e+02 3.441493225097656250e+02 1.370887398719787598e+02 2.000000000000000000e+00
4.564721107482910156e+02 1.409229826927185059e+02 4.459903621673583984e+02 1.376877522468566895e+02 4.344232463836669922e+02 1.342986059188842773e+02 2.000000000000000000e+00
4.883655166625976562e+02 2.715494155883789062e+01 4.777338600158691406e+02 2.392827987670898438e+01 4.658940124511718750e+02 2.044740200042724609e+01 2.000000000000000000e+00
3.497252511978149414e+02 3.757572698593139648e+02 3.396666264533996582e+02 3.727508926391601562e+02 3.286501163244247437e+02 3.694671678543090820e+02 2.000000000000000000e+00
3.152296140789985657e+02 4.059407472610473633e+02 3.052405083179473877e+02 4.029417800903320312e+02 2.941793203353881836e+02 3.996580839157104492e+02 2.000000000000000000e+00
1.394621086120605469e+02 3.727191209793090820e+02 1.292640113830566406e+02 3.701350736618041992e+02 1.182254981994628906e+02 3.673113441467285156e+02 2.000000000000000000e+00
5.003621482849121094e+02 1.823998546600341797e+02 4.900130271911621094e+02 1.792379593849182129e+02 4.784004211425781250e+02 1.756420254707336426e+02 2.000000000000000000e+00
3.201097717322409153e+02 3.871821928024291992e+02 3.102195739746093750e+02 3.842266988754272461e+02 2.990643310546875000e+02 3.809357643127441406e+02 2.000000000000000000e+00
4.290343379974365234e+02 3.308937120437622070e+02 4.190415382385253906e+02 3.278172039985656738e+02 4.077647113800048828e+02 3.243017292022705078e+02 2.000000000000000000e+00
4.145834350585937500e+02 1.181787586212158203e+02 4.040104675292968750e+02 1.150937891006469727e+02 3.924005460739135742e+02 1.115723133087158203e+02 2.000000000000000000e+00
4.959112930297851562e+02 1.616559720039367676e+02 4.855072021484375000e+02 1.585115432739257812e+02 4.738680458068847656e+02 1.549065184593200684e+02 2.000000000000000000e+00
3.964765310287475586e+02 4.015686178207397461e+02 3.864563608169555664e+02 3.984980249404907227e+02 3.753755521774291992e+02 3.949849033355712891e+02 2.000000000000000000e+00
2.778973388671875000e+02 3.449285960197448730e+02 2.679493093490600586e+02 3.420154809951782227e+02 2.567344331741333008e+02 3.388072228431701660e+02 2.000000000000000000e+00
1.133662796020507812e+02 4.070330572128295898e+02 1.031747245788574219e+02 4.044561481475830078e+02 9.185817718505859375e+01 4.017697191238403320e+02 2.000000000000000000e+00
3.238555297255516052e+02 3.444105005264282227e+02 3.138136291503906250e+02 3.414639616012573242e+02 3.026672363281250000e+02 3.382195472717285156e+02 2.000000000000000000e+00
3.410397028923034668e+02 4.184094285964965820e+02 3.311321413516998291e+02 4.154064702987670898e+02 3.201031494140625000e+02 4.121709394454956055e+02 2.000000000000000000e+00
4.155758094787597656e+02 1.282013797760009766e+02 4.050107765197753906e+02 1.251218819618225098e+02 3.934361600875854492e+02 1.216067719459533691e+02 2.000000000000000000e+00
1.233961868286132812e+02 2.805323803424835205e+02 1.130255889892578125e+02 2.779196190834045410e+02 1.014413452148437500e+02 2.751222860813140869e+02 2.000000000000000000e+00
3.940998220443725586e+02 4.796516418457031250e+01 3.834435415267944336e+02 4.496073246002197266e+01 3.716187143325805664e+02 4.148075580596923828e+01 2.000000000000000000e+00
1.274288749694824219e+02 2.907692885398864746e+02 1.171039390563964844e+02 2.880821871757507324e+02 1.054803848266601562e+02 2.851469135284423828e+02 2.000000000000000000e+00
3.159581908583641052e+02 3.485252451896667480e+02 3.058908998966217041e+02 3.455403828620910645e+02 2.947628474235534668e+02 3.423036217689514160e+02 2.000000000000000000e+00
2.827346491813659668e+02 3.113438129425048828e+02 2.725927734375000000e+02 3.084526705741882324e+02 2.613854074478149414e+02 3.053403639793395996e+02 2.000000000000000000e+00
2.895915818214416504e+02 3.063675570487976074e+02 2.794465303421020508e+02 3.035074496269226074e+02 2.682372426986694336e+02 3.003581285476684570e+02 2.000000000000000000e+00
3.885797452926635742e+02 3.956494474411010742e+02 3.786257314682006836e+02 3.926058483123779297e+02 3.675704956054687500e+02 3.891147565841674805e+02 2.000000000000000000e+00
4.003981971740722656e+02 4.153610658645629883e+02 3.903818988800048828e+02 4.121902799606323242e+02 3.794214200973510742e+02 4.087325477600097656e+02 2.000000000000000000e+00
3.009952998161315918e+02 3.339892315864562988e+02 2.909707021713256836e+02 3.310425496101379395e+02 2.797394704818725586e+02 3.277744460105895996e+02 2.000000000000000000e+00
4.833763504028320312e+02 2.704406261444091797e+01 4.727743816375732422e+02 2.390366077423095703e+01 4.609170532226562500e+02 2.040018081665039062e+01 2.000000000000000000e+00
3.179692077636718750e+02 3.565093159675598145e+02 3.078729546070098877e+02 3.535191679000854492e+02 2.967408132553100586e+02 3.502846097946166992e+02 2.000000000000000000e+00
3.320142209529876709e+02 1.055786275863647461e+02 3.214264832437038422e+02 1.026519727706909180e+02 3.097073054313659668e+02 9.931969642639160156e+01 2.000000000000000000e+00
4.419228267669677734e+02 1.690298867225646973e+02 4.315170955657958984e+02 1.659020161628723145e+02 4.199517536163330078e+02 1.624298214912414551e+02 2.000000000000000000e+00
3.577732849121093750e+02 4.100185632705688477e+02 3.478041386604309082e+02 4.070414829254150391e+02 3.367995607852935791e+02 4.036633014678955078e+02 2.000000000000000000e+00
2.804992675781250000e+02 4.174362516403198242e+02 2.705218505859375000e+02 4.145811796188354492e+02 2.594591045379638672e+02 4.113828563690185547e+02 2.000000000000000000e+00
3.134636229276657104e+02 2.688631600141525269e+02 3.033128964900970459e+02 2.658838820457458496e+02 2.920234680175781250e+02 2.626728826761245728e+02 2.000000000000000000e+00
3.702729511260986328e+02 2.679070150852203369e+02 3.600431823730468750e+02 2.651168221235275269e+02 3.487678527832031250e+02 2.615836501121520996e+02 2.000000000000000000e+00
3.489570307731628418e+02 4.202685356140136719e+02 3.391026616096496582e+02 4.172168397903442383e+02 3.280332946777343750e+02 4.139227437973022461e+02 2.000000000000000000e+00
2.907660222053527832e+02 3.271133494377136230e+02 2.808116745948791504e+02 3.241897630691528320e+02 2.695096731185913086e+02 3.209822416305541992e+02 2.000000000000000000e+00
3.109113770723342896e+02 3.395360183715820312e+02 3.008155512809753418e+02 3.365968036651611328e+02 2.896896362304687500e+02 3.333587980270385742e+02 2.000000000000000000e+00
1.619127941131591797e+02 4.133103418350219727e+02 1.517878341674804688e+02 4.107027339935302734e+02 1.405838584899902344e+02 4.078367757797241211e+02 2.000000000000000000e+00
4.271855831146240234e+02 1.619727301597595215e+02 4.168315124511718750e+02 1.589179515838623047e+02 4.052816486358642578e+02 1.553535246849060059e+02 2.000000000000000000e+00
2.903255605697631836e+02 3.905996131896972656e+02 2.803272700309753418e+02 3.877522945404052734e+02 2.692241191864013672e+02 3.845156908035278320e+02 2.000000000000000000e+00
3.633506488800048828e+02 2.769990563392639160e+02 3.532836318016052246e+02 2.741029357910156250e+02 3.419154977798461914e+02 2.705745255947113037e+02 2.000000000000000000e+00
4.735389995574951172e+02 2.115390300750732422e+01 4.628864192962646484e+02 1.799476146697998047e+01 4.509570312500000000e+02 1.449234008789062500e+01 2.000000000000000000e+00
3.050162959098815918e+02 3.426011395454406738e+02 2.948785400390625000e+02 3.396348953247070312e+02 2.837489008903503418e+02 3.364110159873962402e+02 2.000000000000000000e+00
4.379960918426513672e+02 1.789155077934265137e+02 4.275639629364013672e+02 1.758302307128906250e+02 4.161854267120361328e+02 1.724321866035461426e+02 2.000000000000000000e+00
3.326918637752532959e+02 5.133892536163330078e+01 3.221998290717601776e+02 4.830049037933349609e+01 3.104060971736907959e+02 4.484747886657714844e+01 2.000000000000000000e+00
3.277432250976562500e+02 3.363479089736938477e+02 3.177151183784008026e+02 3.334516024589538574e+02 3.065430605411529541e+02 3.302441167831420898e+02 2.000000000000000000e+00
5.072531509399414062e+02 1.314553642272949219e+02 4.967522621154785156e+02 1.282651019096374512e+02 4.851351356506347656e+02 1.247031712532043457e+02 2.000000000000000000e+00
4.332969093322753906e+02 1.641105580329895020e+02 4.228900146484375000e+02 1.609782028198242188e+02 4.113192176818847656e+02 1.574995064735412598e+02 2.000000000000000000e+00
9.377206802368164062e+01 3.863811063766479492e+02 8.342761993408203125e+01 3.838803720474243164e+02 7.216810226440429688e+01 3.812025547027587891e+02 2.000000000000000000e+00
3.914632272720336914e+02 3.245572829246520996e+02 3.812351369857788086e+02 3.213937139511108398e+02 3.701467275619506836e+02 3.180697059631347656e+02 2.000000000000000000e+00
3.171524658799171448e+02 3.950198078155517578e+02 3.072343134880065918e+02 3.920917081832885742e+02 2.961291503906250000e+02 3.887865400314331055e+02 2.000000000000000000e+00
1.865684795379638672e+02 3.381325149536132812e+02 1.763607883453369141e+02 3.353922486305236816e+02 1.650861644744873047e+02 3.324110484123229980e+02 2.000000000000000000e+00
1.304191017150878906e+02 2.858020341396331787e+02 1.200785446166992188e+02 2.831567108631134033e+02 1.084768676757812500e+02 2.802227210998535156e+02 2.000000000000000000e+00
8.870517730712890625e+01 4.086093807220458984e+02 7.867301940917968750e+01 4.061911153793334961e+02 6.744737625122070312e+01 4.034725713729858398e+02 2.000000000000000000e+00
3.483344125747680664e+02 2.830178868770599365e+02 3.382576906681060791e+02 2.801172816753387451e+02 3.269145506620407104e+02 2.767744767665863037e+02 2.000000000000000000e+00
1.303879737854003906e+02 2.805195629596710205e+02 1.200244903564453125e+02 2.779019486904144287e+02 1.084403800964355469e+02 2.750992763042449951e+02 2.000000000000000000e+00
3.658232116699218750e+02 6.230225086212158203e+01 3.553757333755493164e+02 5.933451175689697266e+01 3.435502028465270996e+02 5.593205451965332031e+01 2.000000000000000000e+00
1.826060295104980469e+02 3.392056632041931152e+02 1.724108123779296875e+02 3.364524865150451660e+02 1.611536502838134766e+02 3.334736394882202148e+02 2.000000000000000000e+00
2.854949641227722168e+02 4.153760147094726562e+02 2.754984712600708008e+02 4.124897289276123047e+02 2.644200754165649414e+02 4.093165397644042969e+02 2.000000000000000000e+00
3.094840395450592041e+02 2.698701184988021851e+02 2.993388366699218750e+02 2.669219380617141724e+02 2.880782151222229004e+02 2.636900943517684937e+02 2.000000000000000000e+00
4.784142494201660156e+02 2.311636447906494141e+01 4.677938842773437500e+02 1.995792388916015625e+01 4.558598613739013672e+02 1.647399902343750000e+01 2.000000000000000000e+00
3.794429922103881836e+02 2.324094772338867188e+01 3.687652921676635742e+02 2.018033981323242188e+01 3.569958496093750000e+02 1.669356822967529297e+01 2.000000000000000000e+00
3.692136240005493164e+02 1.319615364074707031e+01 3.585843205451965332e+02 1.019983291625976562e+01 3.466694951057434082e+02 6.732487678527832031e+00 2.000000000000000000e+00
4.669741535186767578e+02 2.719662666320800781e+01 4.562759685516357422e+02 2.406156063079833984e+01 4.443921184539794922e+02 2.052638053894042969e+01 2.000000000000000000e+00
4.516469478607177734e+02 1.123489379882812500e+01 4.412644100189208984e+02 8.106408119201660156e+00 4.292689228057861328e+02 4.641380310058593750e+00 2.000000000000000000e+00
3.317642819881439209e+02 8.737834453582763672e+01 3.210960388183593750e+02 8.450622081756591797e+01 3.094703972339630127e+02 8.111988544464111328e+01 2.000000000000000000e+00
4.626324462890625000e+02 1.325749397277832031e+01 4.520079040527343750e+02 1.009054183959960938e+01 4.400224590301513672e+02 6.615142822265625000e+00 2.000000000000000000e+00
4.628354549407958984e+02 2.730010986328125000e+01 4.522064495086669922e+02 2.407002925872802734e+01 4.402669429779052734e+02 2.057590484619140625e+01 2.000000000000000000e+00
1.354745101928710938e+02 3.707197093963623047e+02 1.252664756774902344e+02 3.681676340103149414e+02 1.143080902099609375e+02 3.653283691406250000e+02 2.000000000000000000e+00
3.773190307617187500e+02 1.721110224723815918e+02 3.668975543975830078e+02 1.690054106712341309e+02 3.553462839126586914e+02 1.656076455116271973e+02 2.000000000000000000e+00
3.883460998535156250e+02 6.421222686767578125e+01 3.776790475845336914e+02 6.113938808441162109e+01 3.658588266372680664e+02 5.762785434722900391e+01 2.000000000000000000e+00
3.914937734603881836e+02 4.084979295730590820e+02 3.814636564254760742e+02 4.054165363311767578e+02 3.704197072982788086e+02 4.019885301589965820e+02 2.000000000000000000e+00
3.892454242706298828e+02 1.030590534210205078e+01 3.783063077926635742e+02 7.161769866943359375e+00 3.665138578414916992e+02 3.791170120239257812e+00 2.000000000000000000e+00
3.893117666244506836e+02 8.325149059295654297e+01 3.786757230758666992e+02 8.021239757537841797e+01 3.668590402603149414e+02 7.679523468017578125e+01 2.000000000000000000e+00
1.485640144348144531e+02 3.726857042312622070e+02 1.384377479553222656e+02 3.700840759277343750e+02 1.273655891418457031e+02 3.672779273986816406e+02 2.000000000000000000e+00
3.115950316190719604e+02 2.536282539367675781e+01 3.007819521427154541e+02 2.234159946441650391e+01 2.892116093635559082e+02 1.895799636840820312e+01 2.000000000000000000e+00
4.200789546966552734e+02 3.340757775306701660e+02 4.100276470184326172e+02 3.310340952873229980e+02 3.988121652603149414e+02 3.274752831459045410e+02 2.000000000000000000e+00
2.833566594123840332e+02 4.014804124832153320e+02 2.733623647689819336e+02 3.986176586151123047e+02 2.622675752639770508e+02 3.954706478118896484e+02 2.000000000000000000e+00
4.772269916534423828e+02 1.696744465827941895e+02 4.667390155792236328e+02 1.664907646179199219e+02 4.552159786224365234e+02 1.629416799545288086e+02 2.000000000000000000e+00
3.347222900390625000e+02 3.392323350906372070e+02 3.246620178222656250e+02 3.363616704940795898e+02 3.135411375761032104e+02 3.331248807907104492e+02 2.000000000000000000e+00
1.365698242187500000e+02 3.857728958129882812e+02 1.262787818908691406e+02 3.832125377655029297e+02 1.150614166259765625e+02 3.803407430648803711e+02 2.000000000000000000e+00
1.249374198913574219e+02 2.575427252054214478e+02 1.144836235046386719e+02 2.548889628052711487e+02 1.028816413879394531e+02 2.519694676995277405e+02 2.000000000000000000e+00
5.038772010803222656e+02 1.964365518093109131e+02 4.935593986511230469e+02 1.932855033874511719e+02 4.820141983032226562e+02 1.896067643165588379e+02 2.000000000000000000e+00
2.571046447753906250e+02 3.422070693969726562e+02 2.469672393798828125e+02 3.394523048400878906e+02 2.357017040252685547e+02 3.363445472717285156e+02 2.000000000000000000e+00
9.413045883178710938e+01 4.254349136352539062e+02 8.392644882202148438e+01 4.230077648162841797e+02 7.258565902709960938e+01 4.203234958648681641e+02 2.000000000000000000e+00
4.010521602630615234e+02 4.697573661804199219e+01 3.904150724411010742e+02 4.395981788635253906e+01 3.785795307159423828e+02 4.048008441925048828e+01 2.000000000000000000e+00
1.010403060913085938e+02 3.912955427169799805e+02 9.059999465942382812e+01 3.887507772445678711e+02 7.932754516601562500e+01 3.860723590850830078e+02 2.000000000000000000e+00
3.958819580078125000e+02 3.418843746185302734e+01 3.852910757064819336e+02 3.115686893463134766e+01 3.734315824508666992e+02 2.764151573181152344e+01 2.000000000000000000e+00
1.426932907104492188e+02 4.157012414932250977e+02 1.326371955871582031e+02 4.131437158584594727e+02 1.214357376098632812e+02 4.102841520309448242e+02 2.000000000000000000e+00
3.457177734375000000e+02 3.511225962638854980e+02 3.356628119945526123e+02 3.481117630004882812e+02 3.244952088594436646e+02 3.447668480873107910e+02 2.000000000000000000e+00
3.407765197753906250e+02 3.659623146057128906e+02 3.306882023811340332e+02 3.630050468444824219e+02 3.197332458384335041e+02 3.596042203903198242e+02 2.000000000000000000e+00
2.746942138671875000e+02 2.961040985584259033e+02 2.644882488250732422e+02 2.932831764221191406e+02 2.532595682144165039e+02 2.900986361503601074e+02 2.000000000000000000e+00
3.434713745117187500e+02 3.828390598297119141e+01 3.329788815975189209e+02 3.525037765502929688e+01 3.211286010593175888e+02 3.183982372283935547e+01 2.000000000000000000e+00
3.942942190170288086e+02 5.295367240905761719e+01 3.836011648178100586e+02 4.996866703033447266e+01 3.717499113082885742e+02 4.648454189300537109e+01 2.000000000000000000e+00
3.201503906305879354e+02 3.921077013015747070e+02 3.102449947595596313e+02 3.891459703445434570e+02 2.991414785385131836e+02 3.858446359634399414e+02 2.000000000000000000e+00
3.627053213119506836e+02 3.553148889541625977e+02 3.527564096450805664e+02 3.522723412513732910e+02 3.415801405906677246e+02 3.489100384712219238e+02 2.000000000000000000e+00
4.180960083007812500e+02 2.115420341491699219e+01 4.073066711425781250e+02 1.814857006072998047e+01 3.954046010971069336e+02 1.458811283111572266e+01 2.000000000000000000e+00
4.220570373535156250e+02 2.117131233215332031e+01 4.112923336029052734e+02 1.815632343292236328e+01 3.994623708724975586e+02 1.459919929504394531e+01 2.000000000000000000e+00
4.132061767578125000e+02 2.716820240020751953e+01 4.024388408660888672e+02 2.416391372680664062e+01 3.905581378936767578e+02 2.064315319061279297e+01 2.000000000000000000e+00
4.594020748138427734e+02 1.239574885368347168e+02 4.489488220214843750e+02 1.207997131347656250e+02 4.372280883789062500e+02 1.173143148422241211e+02 2.000000000000000000e+00
4.567277240753173828e+02 1.727850294113159180e+02 4.463767719268798828e+02 1.696962833404541016e+02 4.347163677215576172e+02 1.662475275993347168e+02 2.000000000000000000e+00
2.969995117187500000e+02 3.636849117279052734e+02 2.869935607910156250e+02 3.608177518844604492e+02 2.758541250228881836e+02 3.575930571556091309e+02 2.000000000000000000e+00
4.419036293029785156e+02 1.798634290695190430e+02 4.314219379425048828e+02 1.768165540695190430e+02 4.200979900360107422e+02 1.733387875556945801e+02 2.000000000000000000e+00
4.098168659210205078e+02 2.558716893196105957e+02 3.996239948272705078e+02 2.526926279067993164e+02 3.883261442184448242e+02 2.492690590023994446e+02 2.000000000000000000e+00
1.325482940673828125e+02 4.047658824920654297e+02 1.223167610168457031e+02 4.022625875473022461e+02 1.110493659973144531e+02 3.994453525543212891e+02 2.000000000000000000e+00
3.328018188476562500e+02 7.631611347198486328e+01 3.222663573920726776e+02 7.338123321533203125e+01 3.104493713378906250e+02 7.001376628875732422e+01 2.000000000000000000e+00
3.005324399471282959e+02 2.829057955741882324e+02 2.903580927848815918e+02 2.800256681442260742e+02 2.791739797592163086e+02 2.767456090450286865e+02 2.000000000000000000e+00
3.484959101676940918e+02 2.426475048065185547e+01 3.378930974006652832e+02 2.119982242584228516e+01 3.260271912813186646e+02 1.770416736602783203e+01 2.000000000000000000e+00
3.287061768770217896e+02 4.932178974151611328e+01 3.182231749594211578e+02 4.630532741546630859e+01 3.064061582088470459e+02 4.284211635589599609e+01 2.000000000000000000e+00
3.555942392349243164e+02 3.623178005218505859e+01 3.450430917739868164e+02 3.318366050720214844e+01 3.331340336799621582e+02 2.979618072509765625e+01 2.000000000000000000e+00
6.542409896850585938e+01 4.069994831085205078e+02 5.513328552246093750e+01 4.045113945007324219e+02 4.377746582031250000e+01 4.017615509033203125e+02 2.000000000000000000e+00
4.446247005462646484e+02 2.330832481384277344e+01 4.342782306671142578e+02 2.012699604034423828e+01 4.222884845733642578e+02 1.658145904541015625e+01 2.000000000000000000e+00
3.694044494628906250e+02 2.423675537109375000e+01 3.587688302993774414e+02 2.116790771484375000e+01 3.469453430175781250e+02 1.771159172058105469e+01 2.000000000000000000e+00
4.008961772918701172e+02 2.667057502269744873e+02 3.907081317901611328e+02 2.635950028896331787e+02 3.793530607223510742e+02 2.602240312099456787e+02 2.000000000000000000e+00
4.037351989746093750e+02 2.746478891372680664e+02 3.935921335220336914e+02 2.715503847599029541e+02 3.822426176071166992e+02 2.681170356273651123e+02 2.000000000000000000e+00
4.457096576690673828e+02 3.838224220275878906e+02 4.357044124603271484e+02 3.806161594390869141e+02 4.246593666076660156e+02 3.770318984985351562e+02 2.000000000000000000e+00
3.293045657873153687e+02 4.176063394546508789e+02 3.193203735351562500e+02 4.145955276489257812e+02 3.083379817008972168e+02 4.113995075225830078e+02 2.000000000000000000e+00
2.893735337257385254e+02 4.024583816528320312e+02 2.793838787078857422e+02 3.995789909362792969e+02 2.682721853256225586e+02 3.964184331893920898e+02 2.000000000000000000e+00
2.845814204216003418e+02 3.063342905044555664e+02 2.744158935546875000e+02 3.034806275367736816e+02 2.632334899902343750e+02 3.003325223922729492e+02 2.000000000000000000e+00
4.038664245605468750e+02 2.528636178374290466e+02 3.936946439743041992e+02 2.497275397181510925e+02 3.823607778549194336e+02 2.462976381182670593e+02 2.000000000000000000e+00
2.853008723258972168e+02 3.955425167083740234e+02 2.753112459182739258e+02 3.926775884628295898e+02 2.642264080047607422e+02 3.894791650772094727e+02 2.000000000000000000e+00
3.489486694335937500e+02 4.162527608871459961e+02 3.390710449218750000e+02 4.132308483123779297e+02 3.280372923612594604e+02 4.099185562133789062e+02 2.000000000000000000e+00
5.073350334167480469e+02 1.954007542133331299e+02 4.970825576782226562e+02 1.922410404682159424e+02 4.854991722106933594e+02 1.885742604732513428e+02 2.000000000000000000e+00
4.053132915496826172e+02 3.876999950408935547e+02 3.953462219238281250e+02 3.845679330825805664e+02 3.842985534667968750e+02 3.811456060409545898e+02 2.000000000000000000e+00
1.548039627075195312e+02 4.035671710968017578e+02 1.446540069580078125e+02 4.009374761581420898e+02 1.333921241760253906e+02 3.980708456039428711e+02 2.000000000000000000e+00
4.058623695373535156e+02 1.292377853393554688e+02 3.953038024902343750e+02 1.261735224723815918e+02 3.835843801498413086e+02 1.227040100097656250e+02 2.000000000000000000e+00
3.726734638214111328e+02 4.028087854385375977e+02 3.625939035415649414e+02 3.998184299468994141e+02 3.515792536735534668e+02 3.964323234558105469e+02 2.000000000000000000e+00
2.468695068359375000e+02 3.274214816093444824e+02 2.366821765899658203e+02 3.246017217636108398e+02 2.254718303680419922e+02 3.215009522438049316e+02 2.000000000000000000e+00
4.705965614318847656e+02 1.520884037017822266e+01 4.598693561553955078e+02 1.203825473785400391e+01 4.479058551788330078e+02 8.515048027038574219e+00 2.000000000000000000e+00
2.687239980697631836e+02 3.041244220733642578e+02 2.585321950912475586e+02 3.012417626380920410e+02 2.472902822494506836e+02 2.981280863285064697e+02 2.000000000000000000e+00
3.196483154222369194e+02 3.334509372711181641e+01 3.089764404296875000e+02 3.030105113983154297e+01 2.972742295265197754e+02 2.693222522735595703e+01 2.000000000000000000e+00
1.234268379211425781e+02 2.867950773239135742e+02 1.130818176269531250e+02 2.841442894935607910e+02 1.014763832092285156e+02 2.812137150764465332e+02 2.000000000000000000e+00
2.850419616699218750e+02 3.627237939834594727e+02 2.749635314941406250e+02 3.598710680007934570e+02 2.638037109375000000e+02 3.566689825057983398e+02 2.000000000000000000e+00
4.035555744171142578e+02 1.553844237327575684e+02 3.925386667251586914e+02 1.522172641754150391e+02 3.813880014419555664e+02 1.488417792320251465e+02 2.000000000000000000e+00
3.451028752326965332e+02 1.177177190780639648e+02 3.348391115665435791e+02 1.145780611038208008e+02 3.229911500215530396e+02 1.112881851196289062e+02 2.000000000000000000e+00
3.209674072265625000e+02 3.494531607627868652e+02 3.108768612146377563e+02 3.464677762985229492e+02 2.997350454330444336e+02 3.432361221313476562e+02 2.000000000000000000e+00
3.687454223632812500e+02 4.038276386260986328e+02 3.586823439598083496e+02 4.008208465576171875e+02 3.476480102539062500e+02 3.974533510208129883e+02 2.000000000000000000e+00
4.912669181823730469e+02 1.713163590431213379e+02 4.807868957519531250e+02 1.682561445236206055e+02 4.692220497131347656e+02 1.646371436119079590e+02 2.000000000000000000e+00
4.205699157714843750e+02 1.181583166122436523e+02 4.100323200225830078e+02 1.150361680984497070e+02 3.985035419464111328e+02 1.115186834335327148e+02 2.000000000000000000e+00
4.536240863800048828e+02 1.599474263191223145e+02 4.432886695861816406e+02 1.567770767211914062e+02 4.316503047943115234e+02 1.533508229255676270e+02 2.000000000000000000e+00
3.362409973144531250e+02 4.095004320144653320e+02 3.263139647245407104e+02 4.064498949050903320e+02 3.152522888779640198e+02 4.031931495666503906e+02 2.000000000000000000e+00
2.820447373390197754e+02 3.596645236015319824e+02 2.720021343231201172e+02 3.568454360961914062e+02 2.608251953125000000e+02 3.536236953735351562e+02 2.000000000000000000e+00
3.505532240867614746e+02 1.442432069778442383e+02 3.401010441780090332e+02 1.412730216979980469e+02 3.285309755802154541e+02 1.378700208663940430e+02 2.000000000000000000e+00
9.815013885498046875e+01 4.144163846969604492e+02 8.812704086303710938e+01 4.119501113891601562e+02 7.672962188720703125e+01 4.092932224273681641e+02 2.000000000000000000e+00
4.271488666534423828e+02 1.569781422615051270e+02 4.167981910705566406e+02 1.539257025718688965e+02 4.052474975585937500e+02 1.503474497795104980e+02 2.000000000000000000e+00
5.811309814453125000e+01 4.200203990936279297e+02 4.774387359619140625e+01 4.175901317596435547e+02 3.641016006469726562e+01 4.150273561477661133e+02 2.000000000000000000e+00
3.088488769531250000e+02 3.714372253417968750e+02 2.989385676383972168e+02 3.685342168807983398e+02 2.877931809425354004e+02 3.652759838104248047e+02 2.000000000000000000e+00
4.042338848114013672e+02 4.162338924407958984e+02 3.942716360092163086e+02 4.130656814575195312e+02 3.833303546905517578e+02 4.096326398849487305e+02 2.000000000000000000e+00
4.116911315917968750e+02 1.600738191604614258e+02 4.012152385711669922e+02 1.571549963951110840e+02 3.896593952178955078e+02 1.536997961997985840e+02 2.000000000000000000e+00
4.932581520080566406e+02 1.942818260192871094e+02 4.829274368286132812e+02 1.910784137248992920e+02 4.713874530792236328e+02 1.874693584442138672e+02 2.000000000000000000e+00
3.522843623161315918e+02 2.620886546373367310e+02 3.420717477798461914e+02 2.594015210866928101e+02 3.307262885570526123e+02 2.558294677734375000e+02 2.000000000000000000e+00
1.445243835449218750e+02 3.726887512207031250e+02 1.343546485900878906e+02 3.700954914093017578e+02 1.232874107360839844e+02 3.672915744781494141e+02 2.000000000000000000e+00
3.873023366928100586e+02 1.660354757308959961e+02 3.768823862075805664e+02 1.629235339164733887e+02 3.653743600845336914e+02 1.595698642730712891e+02 2.000000000000000000e+00
3.982986783981323242e+02 5.594829082489013672e+01 3.875986337661743164e+02 5.298577308654785156e+01 3.757587289810180664e+02 4.948083400726318359e+01 2.000000000000000000e+00
2.845465683937072754e+02 4.195121240615844727e+02 2.745187997817993164e+02 4.166357803344726562e+02 2.634978628158569336e+02 4.134397029876708984e+02 2.000000000000000000e+00
4.637056636810302734e+02 2.122223854064941406e+01 4.530400371551513672e+02 1.803563117980957031e+01 4.411138343811035156e+02 1.455149173736572266e+01 2.000000000000000000e+00
3.635599088668823242e+02 2.525844097137451172e+01 3.529382324218750000e+02 2.218826293945312500e+01 3.411512160301208496e+02 1.877986907958984375e+01 2.000000000000000000e+00
2.826119065284729004e+02 3.022443580627441406e+02 2.724493408203125000e+02 2.993896508216857910e+02 2.612519216537475586e+02 2.962698698043823242e+02 2.000000000000000000e+00
3.099050295352935791e+02 3.773561239242553711e+02 2.999878835678100586e+02 3.744356203079223633e+02 2.888473200798034668e+02 3.711759996414184570e+02 2.000000000000000000e+00
3.866713571548461914e+02 1.082163906097412109e+02 3.762084054946899414e+02 1.050601243972778320e+02 3.644992065429687500e+02 1.016861057281494141e+02 2.000000000000000000e+00
4.419728755950927734e+02 1.619967913627624512e+02 4.315012836456298828e+02 1.588968157768249512e+02 4.199520015716552734e+02 1.553807759284973145e+02 2.000000000000000000e+00
3.080305778980255127e+02 3.485412669181823730e+02 2.979121708869934082e+02 3.455756878852844238e+02 2.867883896827697754e+02 3.423537325859069824e+02 2.000000000000000000e+00
4.810337638854980469e+02 1.447306036949157715e+02 4.706244850158691406e+02 1.415774059295654297e+02 4.589154338836669922e+02 1.380133581161499023e+02 2.000000000000000000e+00
3.079986262321472168e+02 3.605667114257812500e+02 2.979796433448791504e+02 3.576532673835754395e+02 2.868595576286315918e+02 3.544234371185302734e+02 2.000000000000000000e+00
2.459832143783569336e+02 3.342536330223083496e+02 2.357678699493408203e+02 3.314899635314941406e+02 2.245270252227783203e+02 3.284171462059020996e+02 2.000000000000000000e+00
3.372187805175781250e+02 3.891999578475952148e+02 3.272559815645217896e+02 3.862006044387817383e+02 3.162145385146141052e+02 3.828903865814208984e+02 2.000000000000000000e+00
3.037857973575592041e+02 3.714801979064941406e+02 2.939411616325378418e+02 3.686022377014160156e+02 2.827559208869934082e+02 3.653605413436889648e+02 2.000000000000000000e+00
1.136016845703125000e+02 2.444664005935192108e+02 1.030917930603027344e+02 2.417973481491208076e+02 9.153438568115234375e+01 2.390248107165098190e+02 2.000000000000000000e+00
3.048189699649810791e+02 3.270073914527893066e+02 2.948098754882812500e+02 3.240195679664611816e+02 2.836087346076965332e+02 3.207864761352539062e+02 2.000000000000000000e+00
3.217926636338233948e+02 3.304203844070434570e+02 3.117416077852249146e+02 3.275085783004760742e+02 3.005847465991973877e+02 3.243277001380920410e+02 2.000000000000000000e+00
2.903456425666809082e+02 3.975042200088500977e+02 2.803802180290222168e+02 3.946371173858642578e+02 2.692901277542114258e+02 3.914624977111816406e+02 2.000000000000000000e+00
3.547245192527770996e+02 3.676189899444580078e+02 3.447312021255493164e+02 3.645640897750854492e+02 3.336319577693939209e+02 3.612696933746337891e+02 2.000000000000000000e+00
3.517470407485961914e+02 3.847210836410522461e+02 3.417494821548461914e+02 3.817000150680541992e+02 3.307073056697845459e+02 3.784827661514282227e+02 2.000000000000000000e+00
3.610713195800781250e+02 1.064212560653686523e+02 3.505863046646118164e+02 1.033305072784423828e+02 3.388486027717590332e+02 1.001120138168334961e+02 2.000000000000000000e+00
1.642919445037841797e+02 3.294212079048156738e+02 1.540480422973632812e+02 3.267541551589965820e+02 1.426246643066406250e+02 3.238539147377014160e+02 2.000000000000000000e+00
3.979240417480468750e+02 1.262528872489929199e+02 3.874004840850830078e+02 1.231775164604187012e+02 3.757112741470336914e+02 1.197352695465087891e+02 2.000000000000000000e+00
4.116098308563232422e+02 1.211399102210998535e+02 4.010319805145263672e+02 1.181106233596801758e+02 3.893913602828979492e+02 1.145778465270996094e+02 2.000000000000000000e+00
3.523697829246520996e+02 2.528620719909667969e+01 3.417943429946899414e+02 2.221435546875000000e+01 3.298771667480468750e+02 1.878188610076904297e+01 2.000000000000000000e+00
3.391871953010559082e+02 1.187340116500854492e+02 3.287552493810653687e+02 1.156261253356933594e+02 3.169662168622016907e+02 1.123203420639038086e+02 2.000000000000000000e+00
3.386145937442779541e+02 4.535260677337646484e+01 3.281762391328811646e+02 4.230221271514892578e+01 3.163443297147750854e+02 3.884639739990234375e+01 2.000000000000000000e+00
2.894727158546447754e+02 4.173823070526123047e+02 2.794698762893676758e+02 4.144681549072265625e+02 2.683844280242919922e+02 4.112761688232421875e+02 2.000000000000000000e+00
2.935650634765625000e+02 2.808886420726776123e+02 2.834324336051940918e+02 2.780368673801422119e+02 2.721769094467163086e+02 2.747608959674835205e+02 2.000000000000000000e+00
4.231972694396972656e+02 6.924513816833496094e+01 4.126137447357177734e+02 6.610324859619140625e+01 4.007782936096191406e+02 6.257393360137939453e+01 2.000000000000000000e+00
3.470125126838684082e+02 4.084019565582275391e+02 3.372087407112121582e+02 4.054580211639404297e+02 3.262135314941406250e+02 4.022117328643798828e+02 2.000000000000000000e+00
1.448890113830566406e+02 3.194943594932556152e+02 1.345902633666992188e+02 3.168460106849670410e+02 1.231680107116699219e+02 3.140827059745788574e+02 2.000000000000000000e+00
2.878014206886291504e+02 3.300845360755920410e+02 2.778401803970336914e+02 3.271520733833312988e+02 2.665670776367187500e+02 3.239524555206298828e+02 2.000000000000000000e+00
4.888542175292968750e+02 1.147426414489746094e+02 4.783529090881347656e+02 1.117580795288085938e+02 4.665903949737548828e+02 1.081940460205078125e+02 2.000000000000000000e+00
3.567371821403503418e+02 3.826514053344726562e+02 3.467324829101562500e+02 3.796368741989135742e+02 3.356632387638092041e+02 3.763759803771972656e+02 2.000000000000000000e+00
3.011136472225189209e+02 3.446061158180236816e+02 2.910129094123840332e+02 3.416687965393066406e+02 2.798359060287475586e+02 3.384282302856445312e+02 2.000000000000000000e+00
3.168845823407173157e+02 3.395009851455688477e+02 3.068277585506439209e+02 3.365267658233642578e+02 2.956780076026916504e+02 3.333215689659118652e+02 2.000000000000000000e+00
4.516217708587646484e+02 3.847239446640014648e+02 4.416168498992919922e+02 3.815600967407226562e+02 4.305410194396972656e+02 3.779729747772216797e+02 2.000000000000000000e+00
3.449900507926940918e+02 4.183775424957275391e+02 3.351081240177154541e+02 4.153806495666503906e+02 3.240496215224266052e+02 4.121232318878173828e+02 2.000000000000000000e+00
3.171844175457954407e+02 3.989860582351684570e+02 3.072444152832031250e+02 3.960470294952392578e+02 2.961317753791809082e+02 3.927532768249511719e+02 2.000000000000000000e+00
3.102622681856155396e+02 4.139317703247070312e+02 3.002229309082031250e+02 4.110281753540039062e+02 2.891608262062072754e+02 4.077282428741455078e+02 2.000000000000000000e+00
3.746384286880493164e+02 3.979260349273681641e+02 3.645545339584350586e+02 3.949109315872192383e+02 3.535354018211364746e+02 3.915030956268310547e+02 2.000000000000000000e+00
3.708988952636718750e+02 3.579365587234497070e+02 3.609012746810913086e+02 3.550087666511535645e+02 3.497633051872253418e+02 3.516384029388427734e+02 2.000000000000000000e+00
2.770390319824218750e+02 3.548132085800170898e+02 2.670234060287475586e+02 3.519548678398132324e+02 2.558397674560546875e+02 3.487809491157531738e+02 2.000000000000000000e+00
2.726931428909301758e+02 3.021474623680114746e+02 2.624956655502319336e+02 2.992753314971923828e+02 2.513012218475341797e+02 2.961426115036010742e+02 2.000000000000000000e+00
2.397668743133544922e+02 1.314708709716796875e+01 2.290761566162109375e+02 1.013191223144531250e+01 2.170387077331542969e+02 6.748065948486328125e+00 2.000000000000000000e+00
3.058834528923034668e+02 3.665635156631469727e+02 2.959428095817565918e+02 3.636740112304687500e+02 2.848136281967163086e+02 3.604329013824462891e+02 2.000000000000000000e+00
3.687337350845336914e+02 3.762679195404052734e+02 3.586851191520690918e+02 3.732075262069702148e+02 3.476421809196472168e+02 3.697821664810180664e+02 2.000000000000000000e+00
2.203386497497558594e+02 4.163099098205566406e+02 2.103681468963623047e+02 4.135832977294921875e+02 1.992905139923095703e+02 4.105228900909423828e+02 2.000000000000000000e+00
2.030000019073486328e+02 3.897084474563598633e+02 1.928870105743408203e+02 3.869858837127685547e+02 1.816852283477783203e+02 3.839834690093994141e+02 2.000000000000000000e+00
2.839493703842163086e+02 3.468808364868164062e+02 2.739916992187500000e+02 3.439955163002014160e+02 2.628168010711669922e+02 3.407661151885986328e+02 2.000000000000000000e+00
2.929913640022277832e+02 3.566638255119323730e+02 2.829377746582031250e+02 3.537523269653320312e+02 2.717730379104614258e+02 3.506024193763732910e+02 2.000000000000000000e+00
4.476450252532958984e+02 1.569921255111694336e+02 4.372474384307861328e+02 1.537885236740112305e+02 4.257252216339111328e+02 1.503558182716369629e+02 2.000000000000000000e+00
4.870477104187011719e+02 3.537883043289184570e+02 4.770268917083740234e+02 3.506067895889282227e+02 4.659216976165771484e+02 3.469435143470764160e+02 2.000000000000000000e+00
2.948341059684753418e+02 3.320081233978271484e+02 2.848539113998413086e+02 3.290548110008239746e+02 2.735904216766357422e+02 3.258045101165771484e+02 2.000000000000000000e+00
2.837499690055847168e+02 3.163756442070007324e+02 2.736493825912475586e+02 3.134649109840393066e+02 2.624443674087524414e+02 3.103084731101989746e+02 2.000000000000000000e+00
3.385206305980682373e+02 3.931311607360839844e+01 3.280703431367874146e+02 3.629462242126464844e+01 3.161470642685890198e+02 3.283455848693847656e+01 2.000000000000000000e+00
2.897390747070312500e+02 3.193212032318115234e+02 2.797044992446899414e+02 3.164008498191833496e+02 2.684199523925781250e+02 3.132341980934143066e+02 2.000000000000000000e+00
4.791170406341552734e+02 1.536696267127990723e+02 4.686519527435302734e+02 1.505088758468627930e+02 4.570151710510253906e+02 1.468750119209289551e+02 2.000000000000000000e+00
4.693507099151611328e+02 1.948619198799133301e+02 4.588849163055419922e+02 1.917532789707183838e+02 4.476077270507812500e+02 1.881637716293334961e+02 2.000000000000000000e+00
3.297396850585937500e+02 5.942326068878173828e+01 3.192184142768383026e+02 5.630447387695312500e+01 3.074465942382812500e+02 5.288260459899902344e+01 2.000000000000000000e+00
4.013186645507812500e+02 7.314926147460937500e+01 3.907064199447631836e+02 7.003609657287597656e+01 3.788490009307861328e+02 6.657394409179687500e+01 2.000000000000000000e+00
3.716840839385986328e+02 4.098064899444580078e+02 3.616168212890625000e+02 4.067700290679931641e+02 3.506274104118347168e+02 4.034119892120361328e+02 2.000000000000000000e+00
3.008771967887878418e+02 3.271004390716552734e+02 2.908387446403503418e+02 3.241262269020080566e+02 2.795973205566406250e+02 3.209115958213806152e+02 2.000000000000000000e+00
4.138471126556396484e+02 1.361845064163208008e+02 4.034055519104003906e+02 1.330967187881469727e+02 3.918619108200073242e+02 1.295885252952575684e+02 2.000000000000000000e+00
3.152496948838233948e+02 4.108662128448486328e+02 3.052320253849029541e+02 4.078940820693969727e+02 2.941612839698791504e+02 4.046268367767333984e+02 2.000000000000000000e+00
4.876387596130371094e+02 1.861726498603820801e+02 4.772911357879638672e+02 1.830115628242492676e+02 4.656963539123535156e+02 1.794037628173828125e+02 2.000000000000000000e+00
3.572993779182434082e+02 2.931195259094238281e+01 3.466924142837524414e+02 2.623366355895996094e+01 3.348122251033782959e+02 2.284785747528076172e+01 2.000000000000000000e+00
3.040148007869720459e+02 3.486404800415039062e+02 2.938920283317565918e+02 3.456591224670410156e+02 2.827396845817565918e+02 3.424852967262268066e+02 2.000000000000000000e+00
4.078116130828857422e+02 1.362155270576477051e+02 3.973787260055541992e+02 1.331384682655334473e+02 3.857800292968750000e+02 1.296429562568664551e+02 2.000000000000000000e+00
3.427826237678527832e+02 3.758541870117187500e+02 3.327689516544342041e+02 3.728671073913574219e+02 3.217361450195312500e+02 3.695754432678222656e+02 2.000000000000000000e+00
4.554271221160888672e+02 1.259363150596618652e+02 4.449649047851562500e+02 1.227559232711791992e+02 4.332566261291503906e+02 1.192873048782348633e+02 2.000000000000000000e+00
3.317933356761932373e+02 3.472317552566528320e+02 3.217343139648437500e+02 3.443313646316528320e+02 3.105856019258499146e+02 3.410237503051757812e+02 2.000000000000000000e+00
4.014387512207031250e+02 4.004787969589233398e+02 3.913913583755493164e+02 3.974086046218872070e+02 3.803073740005493164e+02 3.939086008071899414e+02 2.000000000000000000e+00
2.848538208007812500e+02 3.262229347229003906e+02 2.748172283172607422e+02 3.233026456832885742e+02 2.635523986816406250e+02 3.200984215736389160e+02 2.000000000000000000e+00
3.482998967170715332e+02 2.740867030620574951e+02 3.381834113597869873e+02 2.713771069049835205e+02 3.268200379610061646e+02 2.678193676471710205e+02 2.000000000000000000e+00
2.744183635711669922e+02 4.074291515350341797e+02 2.643716096878051758e+02 4.045837497711181641e+02 2.533847808837890625e+02 4.014685821533203125e+02 2.000000000000000000e+00
2.719137239456176758e+02 3.251156044006347656e+02 2.617747163772583008e+02 3.221338820457458496e+02 2.505910778045654297e+02 3.189433622360229492e+02 2.000000000000000000e+00
4.843405151367187500e+02 2.007250785827636719e+01 4.737549114227294922e+02 1.697301864624023438e+01 4.618522644042968750e+02 1.345428943634033203e+01 2.000000000000000000e+00
3.612117004394531250e+02 1.241301155090332031e+02 3.506713557243347168e+02 1.211516332626342773e+02 3.389938056468963623e+02 1.177589464187622070e+02 2.000000000000000000e+00
2.260388755798339844e+02 3.515528297424316406e+02 2.159398365020751953e+02 3.488696980476379395e+02 2.046760559082031250e+02 3.457275724411010742e+02 2.000000000000000000e+00
3.989369535446166992e+02 1.726518630981445312e+01 3.882174062728881836e+02 1.417264938354492188e+01 3.762602233886718750e+02 1.069408893585205078e+01 2.000000000000000000e+00
1.062148857116699219e+02 4.084004259109497070e+02 9.594371795654296875e+01 4.057996845245361328e+02 8.463344573974609375e+01 4.030691671371459961e+02 2.000000000000000000e+00
1.249196815490722656e+02 2.444982151687145233e+02 1.144284248352050781e+02 2.418637543916702271e+02 1.028052902221679688e+02 2.389515990391373634e+02 2.000000000000000000e+00
5.036793899536132812e+02 1.021521091461181641e+02 4.931222915649414062e+02 9.889071464538574219e+01 4.814967155456542969e+02 9.550621032714843750e+01 2.000000000000000000e+00
4.879173660278320312e+02 3.577238845825195312e+02 4.778980445861816406e+02 3.545409893989562988e+02 4.667510128021240234e+02 3.507926702499389648e+02 2.000000000000000000e+00
2.499546813964843750e+02 3.332062411308288574e+02 2.397790813446044922e+02 3.304375362396240234e+02 2.285251712799072266e+02 3.273475670814514160e+02 2.000000000000000000e+00
3.111723935604095459e+02 3.882105445861816406e+02 3.011737668514251709e+02 3.852786684036254883e+02 2.901381516456604004e+02 3.820067453384399414e+02 2.000000000000000000e+00
3.773966073989868164e+02 1.029057025909423828e+01 3.666255187988281250e+02 7.179894447326660156e+00 3.546725773811340332e+02 3.806490898132324219e+00 2.000000000000000000e+00
2.786339998245239258e+02 3.083123517036437988e+02 2.684674978256225586e+02 3.054674077033996582e+02 2.572589397430419922e+02 3.023538208007812500e+02 2.000000000000000000e+00
3.507286071777343750e+02 3.686921167373657227e+02 3.407234191894531250e+02 3.656801891326904297e+02 3.296660768985748291e+02 3.623817873001098633e+02 2.000000000000000000e+00
1.011247062683105469e+02 4.023103380203247070e+02 9.078111648559570312e+01 3.997431707382202148e+02 7.957653045654296875e+01 3.970247554779052734e+02 2.000000000000000000e+00
3.178956604003906250e+02 3.036684894561767578e+02 3.076309502124786377e+02 3.006615972518920898e+02 2.964591979980468750e+02 2.974368309974670410e+02 2.000000000000000000e+00
1.071199035644531250e+02 4.183086347579956055e+02 9.701402664184570312e+01 4.157510232925415039e+02 8.571336746215820312e+01 4.130743503570556641e+02 2.000000000000000000e+00
4.900151443481445312e+02 1.898274064064025879e+02 4.796849346160888672e+02 1.866246449947357178e+02 4.680889320373535156e+02 1.830660974979400635e+02 2.000000000000000000e+00
4.466567707061767578e+02 3.278044509887695312e+02 4.365015316009521484e+02 3.246351027488708496e+02 4.252989482879638672e+02 3.211102938652038574e+02 2.000000000000000000e+00
2.403071260452270508e+02 3.714375972747802734e+02 2.301930522918701172e+02 3.685361766815185547e+02 2.190719890594482422e+02 3.655966615676879883e+02 2.000000000000000000e+00
3.287069094181060791e+02 4.231822013854980469e+01 3.181990966200828552e+02 3.929420471191406250e+01 3.063710319995880127e+02 3.585486888885498047e+01 2.000000000000000000e+00
3.737194824218750000e+02 3.900123739242553711e+02 3.637542724609375000e+02 3.870131921768188477e+02 3.525541687011718750e+02 3.835747718811035156e+02 2.000000000000000000e+00
4.056391048431396484e+02 1.131360054016113281e+02 3.950813627243041992e+02 1.100878286361694336e+02 3.833236408233642578e+02 1.066130447387695312e+02 2.000000000000000000e+00
3.267780154943466187e+02 3.303778409957885742e+02 3.167246702313423157e+02 3.274776077270507812e+02 3.055669248104095459e+02 3.242623329162597656e+02 2.000000000000000000e+00
3.115850830078125000e+02 3.032529830932617188e+01 3.007665705680847168e+02 2.731231212615966797e+01 2.892140793800354004e+02 2.390184402465820312e+01 2.000000000000000000e+00
3.812911987304687500e+02 1.527786254882812500e+01 3.705704355239868164e+02 1.223121643066406250e+01 3.588026428222656250e+02 8.792853355407714844e+00 2.000000000000000000e+00
2.815057969093322754e+02 2.701377868652343750e+02 2.712701702117919922e+02 2.673299878835678101e+02 2.598403024673461914e+02 2.640809029340744019e+02 2.000000000000000000e+00
4.361599445343017578e+02 3.396347093582153320e+02 4.260872554779052734e+02 3.365850305557250977e+02 4.149329853057861328e+02 3.329881024360656738e+02 2.000000000000000000e+00
3.152800598740577698e+02 4.168204164505004883e+02 3.052011108398437500e+02 4.138240814208984375e+02 2.942056870460510254e+02 4.105628728866577148e+02 2.000000000000000000e+00
3.357913208007812500e+02 3.481785035133361816e+02 3.256837159395217896e+02 3.452636790275573730e+02 3.145311278104782104e+02 3.418934369087219238e+02 2.000000000000000000e+00
3.092357790470123291e+02 4.099580812454223633e+02 2.992138671875000000e+02 4.070363903045654297e+02 2.881087946891784668e+02 4.037152433395385742e+02 2.000000000000000000e+00
8.390943527221679688e+01 3.995474624633789062e+02 7.372781753540039062e+01 3.971172523498535156e+02 6.253065109252929688e+01 3.944250297546386719e+02 2.000000000000000000e+00
3.444840407371520996e+02 2.929944992065429688e+01 3.339145505428314209e+02 2.624380588531494141e+01 3.220523987710475922e+02 2.276809215545654297e+01 2.000000000000000000e+00
3.586788630485534668e+02 3.593483662605285645e+02 3.486909484863281250e+02 3.563202238082885742e+02 3.375578308105468750e+02 3.529647874832153320e+02 2.000000000000000000e+00
3.517618727684020996e+02 3.450398612022399902e+02 3.416786193847656250e+02 3.419018268585205078e+02 3.305317687988281250e+02 3.385638785362243652e+02 2.000000000000000000e+00
3.493578505516052246e+02 1.733001708984375000e+01 3.387112426757812500e+02 1.424107074737548828e+01 3.268167418241500854e+02 1.073163986206054688e+01 2.000000000000000000e+00
4.922958374023437500e+02 2.904058456420898438e+01 4.817142105102539062e+02 2.591875076293945312e+01 4.699241065979003906e+02 2.244715690612792969e+01 2.000000000000000000e+00
2.820205688476562500e+02 3.518281030654907227e+02 2.720078134536743164e+02 3.489655208587646484e+02 2.608194875717163086e+02 3.457527852058410645e+02 2.000000000000000000e+00
2.797962617874145508e+02 4.276432943344116211e+02 2.697848796844482422e+02 4.247799110412597656e+02 2.588817119598388672e+02 4.216046476364135742e+02 2.000000000000000000e+00
3.315787053108215332e+02 2.733811855316162109e+01 3.210395202785730362e+02 2.425419330596923828e+01 3.092108452320098877e+02 2.087216377258300781e+01 2.000000000000000000e+00
4.858993339538574219e+02 3.467835760116577148e+02 4.757843303680419922e+02 3.435991573333740234e+02 4.646124553680419922e+02 3.399764728546142578e+02 2.000000000000000000e+00
4.537174701690673828e+02 1.688267326354980469e+02 4.433870887756347656e+02 1.657516264915466309e+02 4.317241573333740234e+02 1.622860693931579590e+02 2.000000000000000000e+00
8.286348342895507812e+01 3.855113554000854492e+02 7.255506515502929688e+01 3.830842351913452148e+02 6.134201049804687500e+01 3.804073905944824219e+02 2.000000000000000000e+00
2.989227294921875000e+02 3.685794782638549805e+02 2.889809560775756836e+02 3.657186412811279297e+02 2.778218984603881836e+02 3.624717807769775391e+02 2.000000000000000000e+00
8.097749710083007812e+01 4.245513725280761719e+02 7.071323394775390625e+01 4.221280860900878906e+02 5.939897537231445312e+01 4.194462919235229492e+02 2.000000000000000000e+00
3.139067989587783813e+02 3.046889662742614746e+02 3.036688530445098877e+02 3.017583346366882324e+02 2.925623774528503418e+02 2.985229825973510742e+02 2.000000000000000000e+00
2.867060542106628418e+02 2.991391932964324951e+02 2.765103149414062500e+02 2.963081681728363037e+02 2.653395080566406250e+02 2.931540262699127197e+02 2.000000000000000000e+00
3.736444091796875000e+02 6.232450962066650391e+01 3.631156301498413086e+02 5.930076599121093750e+01 3.511068725585937500e+02 5.590144157409667969e+01 2.000000000000000000e+00
3.252150881290435791e+02 3.920735836029052734e+02 3.153070372343063354e+02 3.891265296936035156e+02 3.042037653923034668e+02 3.858311605453491211e+02 2.000000000000000000e+00
3.198078308068215847e+02 3.106220412254333496e+02 3.096148073673248291e+02 3.076541447639465332e+02 2.984833359718322754e+02 3.044298434257507324e+02 2.000000000000000000e+00
1.118397521972656250e+02 3.710921716690063477e+02 1.015648651123046875e+02 3.685061073303222656e+02 9.024351119995117188e+01 3.657549476623535156e+02 2.000000000000000000e+00
3.207480468600988388e+02 3.265237784385681152e+02 3.107323300838470459e+02 3.236054706573486328e+02 2.995723557472229004e+02 3.204575872421264648e+02 2.000000000000000000e+00
3.298466491699218750e+02 3.175948190689086914e+02 3.196557312086224556e+02 3.145444393157958984e+02 3.083854675292968750e+02 3.113827228546142578e+02 2.000000000000000000e+00
3.444787907600402832e+02 2.528291702270507812e+01 3.338992011547088623e+02 2.221511363983154297e+01 3.219516602158546448e+02 1.871130466461181641e+01 2.000000000000000000e+00
3.400527358055114746e+02 4.113840150833129883e+02 3.301562201976776123e+02 4.083997535705566406e+02 3.191164245456457138e+02 4.051425933837890625e+02 2.000000000000000000e+00
3.577333068847656250e+02 3.776268053054809570e+02 3.476824641227722168e+02 3.745531082153320312e+02 3.365999448299407959e+02 3.713072204589843750e+02 2.000000000000000000e+00
3.414962458610534668e+02 3.328536987304687500e+01 3.309577941894531250e+02 3.023222923278808594e+01 3.190475768595933914e+02 2.677827358245849609e+01 2.000000000000000000e+00
3.632993173599243164e+02 2.620033890008926392e+02 3.531867384910583496e+02 2.592957168817520142e+02 3.417565917968750000e+02 2.557260596752166748e+02 2.000000000000000000e+00
1.970023345947265625e+02 3.768874025344848633e+02 1.867016887664794922e+02 3.741214656829833984e+02 1.755712890625000000e+02 3.711768579483032227e+02 2.000000000000000000e+00
4.077202129364013672e+02 1.252169752120971680e+02 3.971472167968750000e+02 1.221411824226379395e+02 3.854421377182006836e+02 1.186831998825073242e+02 2.000000000000000000e+00
3.048639523983001709e+02 3.764514827728271484e+02 2.949703979492187500e+02 3.735411071777343750e+02 2.838084721565246582e+02 3.702872657775878906e+02 2.000000000000000000e+00
2.488551950454711914e+02 3.214692449569702148e+02 2.386485862731933594e+02 3.185686683654785156e+02 2.274483489990234375e+02 3.154119014739990234e+02 2.000000000000000000e+00
3.077087092399597168e+02 4.322848320007324219e+01 2.970006394386291504e+02 4.032171249389648438e+01 2.854663681983947754e+02 3.686820030212402344e+01 2.000000000000000000e+00
4.946182632446289062e+02 1.982856273651123047e+02 4.843903923034667969e+02 1.951185142993927002e+02 4.727676677703857422e+02 1.914891958236694336e+02 2.000000000000000000e+00
