4.334158611297607422e+02 2.302875056862831116e+02 4.325072002410888672e+02 2.316095119714736938e+02 4.326695537567138672e+02 2.324633789062500000e+02 1.000000000000000000e+00
4.135585975646972656e+02 2.404108734335750341e+02 4.129698181152343750e+02 2.419322052597999573e+02 4.133791542053222656e+02 2.426994019746780396e+02 1.000000000000000000e+00
4.411682415008544922e+02 2.721724855899810791e+02 4.402544593811035156e+02 2.735427260398864746e+02 4.405388832092285156e+02 2.745867025852203369e+02 1.000000000000000000e+00
4.236293697357177734e+02 2.528501138091087341e+02 4.231965065002441406e+02 2.542644506692886353e+02 4.236159992218017578e+02 2.551908731460571289e+02 1.000000000000000000e+00
4.690715980529785156e+02 2.538320016860961914e+02 4.691886329650878906e+02 2.553593766689300537e+02 4.700764751434326172e+02 2.560420238971710205e+02 1.000000000000000000e+00
5.589004516601562500e+02 2.575899052619934082e+02 5.581253623962402344e+02 2.588368535041809082e+02 5.582750892639160156e+02 2.596926283836364746e+02 1.000000000000000000e+00
5.056680679321289062e+02 2.796817338466644287e+02 5.053523063659667969e+02 2.810863065719604492e+02 5.060801506042480469e+02 2.822200047969818115e+02 1.000000000000000000e+00
4.980280494689941406e+02 2.671845710277557373e+02 4.977409362792968750e+02 2.685480970144271851e+02 4.983760643005371094e+02 2.694760447740554810e+02 1.000000000000000000e+00
5.108605766296386719e+02 2.827276039123535156e+02 5.104674339294433594e+02 2.841790187358856201e+02 5.110100173950195312e+02 2.852560758590698242e+02 1.000000000000000000e+00
5.137439537048339844e+02 2.734552001953125000e+02 5.133651161193847656e+02 2.747951996326446533e+02 5.137294960021972656e+02 2.756914401054382324e+02 1.000000000000000000e+00
5.217593955993652344e+02 2.726637268066406250e+02 5.212183189392089844e+02 2.739855980873107910e+02 5.216467285156250000e+02 2.748993229866027832e+02 1.000000000000000000e+00
4.381423377990722656e+02 2.536405491828918457e+02 4.379170227050781250e+02 2.548610544204711914e+02 4.388088417053222656e+02 2.557048344612121582e+02 1.000000000000000000e+00
4.852788352966308594e+02 2.385086363554000854e+02 4.848714256286621094e+02 2.397495269682258368e+02 4.855718803405761719e+02 2.408731384947896004e+02 1.000000000000000000e+00
5.038768577575683594e+02 2.742264711856842041e+02 5.035984611511230469e+02 2.756094074249267578e+02 5.042141723632812500e+02 2.765456879138946533e+02 1.000000000000000000e+00
5.037167739868164062e+02 2.667513138055801392e+02 5.034768676757812500e+02 2.681734943389892578e+02 5.040907287597656250e+02 2.690693682432174683e+02 1.000000000000000000e+00
4.237903499603271484e+02 2.470213472843170166e+02 4.235430049896240234e+02 2.483504793047904968e+02 4.239941406250000000e+02 2.491403505206108093e+02 1.000000000000000000e+00
5.383226966857910156e+02 2.732124030590057373e+02 5.375336265563964844e+02 2.746016550064086914e+02 5.379107093811035156e+02 2.755355858802795410e+02 1.000000000000000000e+00
4.477446937561035156e+02 2.534727939963340759e+02 4.476453304290771484e+02 2.546248787641525269e+02 4.484965515136718750e+02 2.556014871597290039e+02 1.000000000000000000e+00
4.366575908660888672e+02 2.427157594263553619e+02 4.362110614776611328e+02 2.441795504093170166e+02 4.368530559539794922e+02 2.450498659908771515e+02 1.000000000000000000e+00
4.778749370574951172e+02 2.569433605670928955e+02 4.778327369689941406e+02 2.582047122716903687e+02 4.788880348205566406e+02 2.592221689224243164e+02 1.000000000000000000e+00
4.154858398437500000e+02 2.449267888069152832e+02 4.150622558593750000e+02 2.462840428948402405e+02 4.155473995208740234e+02 2.471332401037216187e+02 1.000000000000000000e+00
5.005650711059570312e+02 2.820781874656677246e+02 5.001686096191406250e+02 2.833870553970336914e+02 5.008519363403320312e+02 2.845743441581726074e+02 1.000000000000000000e+00
4.171749591827392578e+02 2.338612818717956543e+02 4.164940166473388672e+02 2.353646390140056610e+02 4.169335937500000000e+02 2.360932002961635590e+02 1.000000000000000000e+00
4.261984539031982422e+02 2.418457947671413422e+02 4.257025146484375000e+02 2.432639314234256744e+02 4.260988807678222656e+02 2.440586552023887634e+02 1.000000000000000000e+00
4.523678016662597656e+02 2.466550907492637634e+02 4.522696208953857422e+02 2.478845527768135071e+02 4.530765724182128906e+02 2.487707215547561646e+02 1.000000000000000000e+00
4.865591239929199219e+02 2.599660956859588623e+02 4.863615226745605469e+02 2.612500011920928955e+02 4.872444534301757812e+02 2.622263199090957642e+02 1.000000000000000000e+00
5.557412719726562500e+02 2.721555483341217041e+02 5.548057937622070312e+02 2.735602426528930664e+02 5.548192214965820312e+02 2.745037543773651123e+02 1.000000000000000000e+00
4.642271423339843750e+02 2.540692296624183655e+02 4.643036556243896484e+02 2.554959565401077271e+02 4.652451229095458984e+02 2.562700814008712769e+02 1.000000000000000000e+00
4.707525062561035156e+02 2.581765758991241455e+02 4.706960201263427734e+02 2.594328922033309937e+02 4.717587566375732422e+02 2.604024356603622437e+02 1.000000000000000000e+00
4.494948482513427734e+02 2.673203444480895996e+02 4.486715412139892578e+02 2.687190878391265869e+02 4.488593769073486328e+02 2.696912544965744019e+02 1.000000000000000000e+00
4.633322143554687500e+02 2.683708512783050537e+02 4.621461200714111328e+02 2.697012341022491455e+02 4.632467651367187500e+02 2.706852436065673828e+02 1.000000000000000000e+00
4.939566993713378906e+02 2.749793100357055664e+02 4.936209106445312500e+02 2.763563561439514160e+02 4.943229103088378906e+02 2.773777163028717041e+02 1.000000000000000000e+00
5.467406654357910156e+02 2.614442753791809082e+02 5.459022903442382812e+02 2.627355659008026123e+02 5.460565185546875000e+02 2.636064469814300537e+02 1.000000000000000000e+00
5.582247352600097656e+02 2.426992341130971909e+02 5.574678993225097656e+02 2.439950716495513916e+02 5.575884437561035156e+02 2.450527346134185791e+02 1.000000000000000000e+00
4.596933937072753906e+02 2.683682870864868164e+02 4.585699462890625000e+02 2.697077339887619019e+02 4.590296363830566406e+02 2.707041335105895996e+02 1.000000000000000000e+00
5.119164848327636719e+02 2.785410797595977783e+02 5.115254211425781250e+02 2.799665236473083496e+02 5.120830154418945312e+02 2.810095238685607910e+02 1.000000000000000000e+00
4.816022682189941406e+02 2.742283022403717041e+02 4.809917640686035156e+02 2.754155588150024414e+02 4.813416481018066406e+02 2.764937746524810791e+02 1.000000000000000000e+00
4.862975120544433594e+02 2.344792628288269043e+02 4.856856346130371094e+02 2.356135708093643188e+02 4.862238883972167969e+02 2.364006192237138748e+02 1.000000000000000000e+00
4.862091445922851562e+02 2.693956321477890015e+02 4.858145523071289062e+02 2.706178593635559082e+02 4.864953994750976562e+02 2.716556417942047119e+02 1.000000000000000000e+00
5.496563720703125000e+02 2.473936620354652405e+02 5.489339065551757812e+02 2.487921452522277832e+02 5.491537475585937500e+02 2.498032540082931519e+02 1.000000000000000000e+00
5.253550529479980469e+02 2.646513998508453369e+02 5.243907546997070312e+02 2.659978955984115601e+02 5.245885658264160156e+02 2.668657547235488892e+02 1.000000000000000000e+00
4.845697975158691406e+02 2.483427590131759644e+02 4.844707679748535156e+02 2.496546632051467896e+02 4.853745460510253906e+02 2.505156710743904114e+02 1.000000000000000000e+00
4.927832984924316406e+02 2.607889419794082642e+02 4.925506401062011719e+02 2.621297925710678101e+02 4.933165931701660156e+02 2.630685138702392578e+02 1.000000000000000000e+00
5.593107986450195312e+02 2.523340460658073425e+02 5.584655761718750000e+02 2.536775976419448853e+02 5.585790443420410156e+02 2.546475988626480103e+02 1.000000000000000000e+00
4.294678401947021484e+02 2.534201055765151978e+02 4.290786743164062500e+02 2.547559672594070435e+02 4.296174049377441406e+02 2.555785828828811646e+02 1.000000000000000000e+00
4.559267902374267578e+02 2.563157969713211060e+02 4.556937313079833984e+02 2.575310379266738892e+02 4.565363216400146484e+02 2.584531867504119873e+02 1.000000000000000000e+00
5.465600013732910156e+02 2.436301119625568390e+02 5.458832359313964844e+02 2.449247288703918457e+02 5.460851478576660156e+02 2.459661868214607239e+02 1.000000000000000000e+00
4.548139667510986328e+02 2.422534029185771942e+02 4.548009395599365234e+02 2.437590488791465759e+02 4.557678890228271484e+02 2.447120667994022369e+02 1.000000000000000000e+00
9.368270874023437500e+01 4.875536441802978516e+01 9.795305252075195312e+01 5.055800914764404297e+01 1.037613487243652344e+02 5.168107509613037109e+01 2.000000000000000000e+00
3.027348017692565918e+02 4.524403810501098633e+02 3.072364497184753418e+02 4.541414880752563477e+02 3.123977357149124146e+02 4.550901317596435547e+02 2.000000000000000000e+00
3.705467224121093750e+02 4.613287782669067383e+02 3.749519348144531250e+02 4.628867340087890625e+02 3.801401996612548828e+02 4.640131044387817383e+02 2.000000000000000000e+00
3.634677124023437500e+02 2.761839330196380615e+02 3.677330017089843750e+02 2.778313922882080078e+02 3.729246854782104492e+02 2.788153409957885742e+02 2.000000000000000000e+00
3.317425537109375000e+02 4.573755311965942383e+02 3.361290895938873291e+02 4.589923810958862305e+02 3.412797546386718750e+02 4.599976587295532227e+02 2.000000000000000000e+00
3.001617121696472168e+02 4.423075675964355469e+01 3.043319392204284668e+02 4.578373432159423828e+01 3.096970820426940918e+02 4.691084861755371094e+01 2.000000000000000000e+00
3.177696533501148224e+02 4.624589109420776367e+02 3.221687927842140198e+02 4.641117382049560547e+02 3.272899168729782104e+02 4.650785064697265625e+02 2.000000000000000000e+00
3.357281804084777832e+02 4.643581724166870117e+02 3.401503300666809082e+02 4.658879756927490234e+02 3.452840280532836914e+02 4.669369268417358398e+02 2.000000000000000000e+00
3.326687932014465332e+02 4.683871507644653320e+02 3.371143186092376709e+02 4.699958038330078125e+02 3.422541809082031250e+02 4.710040998458862305e+02 2.000000000000000000e+00
3.695970773696899414e+02 4.664429712295532227e+02 3.740220975875854492e+02 4.680856132507324219e+02 3.792516183853149414e+02 4.692048454284667969e+02 2.000000000000000000e+00
1.632011985778808594e+02 6.133220672607421875e+01 1.674784564971923828e+02 6.303840637207031250e+01 1.729219341278076172e+02 6.420152664184570312e+01 2.000000000000000000e+00
3.518583083152770996e+02 4.393923711776733398e+02 3.563108825683593750e+02 4.410968399047851562e+02 3.614263010025024414e+02 4.420874977111816406e+02 2.000000000000000000e+00
3.587559819221496582e+02 4.503356981277465820e+02 3.631824636459350586e+02 4.518834686279296875e+02 3.683747863769531250e+02 4.529668378829956055e+02 2.000000000000000000e+00
3.369882202148437500e+02 3.454935693740844727e+02 3.414476943016052246e+02 3.471532988548278809e+02 3.465737605094909668e+02 3.481815576553344727e+02 2.000000000000000000e+00
3.257456970214843750e+02 4.574088191986083984e+02 3.301609802246093750e+02 4.590462112426757812e+02 3.353009033203125000e+02 4.600166416168212891e+02 2.000000000000000000e+00
1.937700176239013672e+02 2.870889902114868164e+02 1.981502246856689453e+02 2.887425255775451660e+02 2.034200000762939453e+02 2.897702372074127197e+02 2.000000000000000000e+00
2.887488389015197754e+02 4.676981019973754883e+02 2.931149291992187500e+02 4.693345212936401367e+02 2.982432246208190918e+02 4.703410720825195312e+02 2.000000000000000000e+00
3.487330031394958496e+02 4.674577188491821289e+02 3.531500554084777832e+02 4.689448928833007812e+02 3.583607172966003418e+02 4.700105381011962891e+02 2.000000000000000000e+00
3.636878347396850586e+02 4.543253946304321289e+02 3.681195974349975586e+02 4.558981132507324219e+02 3.732864093780517578e+02 4.569802379608154297e+02 2.000000000000000000e+00
2.897651672363281250e+02 4.524511814117431641e+02 2.940973210334777832e+02 4.541377687454223633e+02 2.994638967514038086e+02 4.551057529449462891e+02 2.000000000000000000e+00
3.577923274040222168e+02 4.553308868408203125e+02 3.622597074508666992e+02 4.568999433517456055e+02 3.674028348922729492e+02 4.579744005203247070e+02 2.000000000000000000e+00
2.817367863655090332e+02 4.697036933898925781e+02 2.861055898666381836e+02 4.713442468643188477e+02 2.912761521339416504e+02 4.723487091064453125e+02 2.000000000000000000e+00
1.136713218688964844e+02 7.191610336303710938e+01 1.180196952819824219e+02 7.373507022857666016e+01 1.234882736206054688e+02 7.484890937805175781e+01 2.000000000000000000e+00
3.745124530792236328e+02 4.562904453277587891e+02 3.788301992416381836e+02 4.578729057312011719e+02 3.841130685806274414e+02 4.589805650711059570e+02 2.000000000000000000e+00
3.110650330781936646e+02 3.626013278961181641e+01 3.152551880478858948e+02 3.783748626708984375e+01 3.205871582031250000e+02 3.895594596862792969e+01 2.000000000000000000e+00
1.877645874023437500e+02 2.860522484779357910e+02 1.921182537078857422e+02 2.877212226390838623e+02 1.974053955078125000e+02 2.887625455856323242e+02 2.000000000000000000e+00
3.437712717056274414e+02 4.563622283935546875e+02 3.481571364402770996e+02 4.579177951812744141e+02 3.533187866210937500e+02 4.589842700958251953e+02 2.000000000000000000e+00
1.296223449707031250e+02 4.741772031784057617e+02 1.341642951965332031e+02 4.757652139663696289e+02 1.393583297729492188e+02 4.767480325698852539e+02 2.000000000000000000e+00
3.528132319450378418e+02 4.563444614410400391e+02 3.572444152832031250e+02 4.578943634033203125e+02 3.623795461654663086e+02 4.589577198028564453e+02 2.000000000000000000e+00
3.269792479276657104e+02 3.454931116104125977e+02 3.313834226131439209e+02 3.471336150169372559e+02 3.365553593635559082e+02 3.481801843643188477e+02 2.000000000000000000e+00
3.518572402000427246e+02 4.613753843307495117e+02 3.563092041015625000e+02 4.629053449630737305e+02 3.614162302017211914e+02 4.639753246307373047e+02 2.000000000000000000e+00
1.459720420837402344e+02 9.231893062591552734e+01 1.503889656066894531e+02 9.402214050292968750e+01 1.556883239746093750e+02 9.528573989868164062e+01 2.000000000000000000e+00
3.267229312658309937e+02 4.693979644775390625e+02 3.311187744140625000e+02 4.710221385955810547e+02 3.362828063964843750e+02 4.720153999328613281e+02 2.000000000000000000e+00
3.487095642089843750e+02 4.433634996414184570e+02 3.532127690315246582e+02 4.449752569198608398e+02 3.583621215820312500e+02 4.460399007797241211e+02 2.000000000000000000e+00
3.558164072036743164e+02 4.644038200378417969e+02 3.602330017089843750e+02 4.659484004974365234e+02 3.654116201400756836e+02 4.670246744155883789e+02 2.000000000000000000e+00
2.787682771682739258e+02 4.094481039047241211e+02 2.831478261947631836e+02 4.111551332473754883e+02 2.884323430061340332e+02 4.120436525344848633e+02 2.000000000000000000e+00
3.686697101593017578e+02 4.522885894775390625e+02 3.730543851852416992e+02 4.538915491104125977e+02 3.782512807846069336e+02 4.549613714218139648e+02 2.000000000000000000e+00
2.975516343116760254e+02 4.676686191558837891e+02 3.020255434513092041e+02 4.692613649368286133e+02 3.069438779354095459e+02 4.703205442428588867e+02 2.000000000000000000e+00
3.477642822265625000e+02 4.303925514221191406e+02 3.521410226821899414e+02 4.321352005004882812e+02 3.573103022575378418e+02 4.331226253509521484e+02 2.000000000000000000e+00
1.988379955291748047e+02 2.901749002933502197e+02 2.032111072540283203e+02 2.917976403236389160e+02 2.084563732147216797e+02 2.928048741817474365e+02 2.000000000000000000e+00
3.518556833267211914e+02 4.493654537200927734e+02 3.563038325309753418e+02 4.509033966064453125e+02 3.613982248306274414e+02 4.519910717010498047e+02 2.000000000000000000e+00
3.126914364099502563e+02 4.615511655807495117e+02 3.172160339355468750e+02 4.631486034393310547e+02 3.223277282714843750e+02 4.641441106796264648e+02 2.000000000000000000e+00
3.407247018814086914e+02 4.653702878952026367e+02 3.452187514305114746e+02 4.669064712524414062e+02 3.503144836425781250e+02 4.679881954193115234e+02 2.000000000000000000e+00
5.588861083984375000e+02 1.605277347564697266e+02 5.632273674011230469e+02 1.620981073379516602e+02 5.684724235534667969e+02 1.630003309249877930e+02 2.000000000000000000e+00
3.270662230253219604e+02 3.254405236244201660e+02 3.314301455020904541e+02 3.269877362251281738e+02 3.366473698616027832e+02 3.280088210105895996e+02 2.000000000000000000e+00
5.532667350769042969e+02 1.016459941864013672e+02 5.573676109313964844e+02 1.030807542800903320e+02 5.627830314636230469e+02 1.041369581222534180e+02 2.000000000000000000e+00
2.797491121292114258e+02 4.025350427627563477e+02 2.841423630714416504e+02 4.042361497879028320e+02 2.894180607795715332e+02 4.050922679901123047e+02 2.000000000000000000e+00
3.688853788375854492e+02 4.163063192367553711e+02 3.732500934600830078e+02 4.178840160369873047e+02 3.784620380401611328e+02 4.190177106857299805e+02 2.000000000000000000e+00
3.380655825138092041e+02 3.254563951492309570e+02 3.425295710563659668e+02 3.270145010948181152e+02 3.475585627555847168e+02 3.280439829826354980e+02 2.000000000000000000e+00
2.997542715072631836e+02 4.484445905685424805e+02 3.041861569881439209e+02 4.501604461669921875e+02 3.094234919548034668e+02 4.510759449005126953e+02 2.000000000000000000e+00
1.027279853820800781e+02 5.580917358398437500e+01 1.069822883605957031e+02 5.761907100677490234e+01 1.127531623840332031e+02 5.868600368499755859e+01 2.000000000000000000e+00
1.157321548461914062e+02 6.691650867462158203e+01 1.200687789916992188e+02 6.872184276580810547e+01 1.255346298217773438e+02 6.986533641815185547e+01 2.000000000000000000e+00
2.769442749023437500e+02 3.514649748802185059e+02 2.812631225585937500e+02 3.531795072555541992e+02 2.864536738395690918e+02 3.542707300186157227e+02 2.000000000000000000e+00
3.228292235732078552e+02 4.453507804870605469e+02 3.272208255529403687e+02 4.468768787384033203e+02 3.324948120117187500e+02 4.480210018157958984e+02 2.000000000000000000e+00
4.420783996582031250e+01 7.469821929931640625e+01 4.853097915649414062e+01 7.656745433807373047e+01 5.386993408203125000e+01 7.757735252380371094e+01 2.000000000000000000e+00
5.438685417175292969e+02 4.122700595855712891e+02 5.482639884948730469e+02 4.138182735443115234e+02 5.536245155334472656e+02 4.149798059463500977e+02 2.000000000000000000e+00
3.418299555778503418e+02 4.144749784469604492e+02 3.461762094497680664e+02 4.160479259490966797e+02 3.512881159782409668e+02 4.171745681762695312e+02 2.000000000000000000e+00
5.287041664123535156e+02 4.499154424667358398e+02 5.331755447387695312e+02 4.515570545196533203e+02 5.384552574157714844e+02 4.526434135437011719e+02 2.000000000000000000e+00
3.718686246871948242e+02 4.083549642562866211e+02 3.762447500228881836e+02 4.099174833297729492e+02 3.814859008789062500e+02 4.111077690124511719e+02 2.000000000000000000e+00
3.448237299919128418e+02 4.623706483840942383e+02 3.491827082633972168e+02 4.638971614837646484e+02 3.543554377555847168e+02 4.649930906295776367e+02 2.000000000000000000e+00
4.067113971710205078e+02 3.952948379516601562e+02 4.110554790496826172e+02 3.969099140167236328e+02 4.162351989746093750e+02 3.980299758911132812e+02 2.000000000000000000e+00
5.558748817443847656e+02 3.825366640090942383e+02 5.603000450134277344e+02 3.839637851715087891e+02 5.655412673950195312e+02 3.852597427368164062e+02 2.000000000000000000e+00
4.096245765686035156e+02 4.312334060668945312e+02 4.140737915039062500e+02 4.327863264083862305e+02 4.192988872528076172e+02 4.339025402069091797e+02 2.000000000000000000e+00
3.210525818169116974e+02 4.274309492111206055e+02 3.253850710391998291e+02 4.290298891067504883e+02 3.305466616153717041e+02 4.300512456893920898e+02 2.000000000000000000e+00
3.501161503791809082e+02 3.974412631988525391e+02 3.544052433967590332e+02 3.990171003341674805e+02 3.594739389419555664e+02 4.001035308837890625e+02 2.000000000000000000e+00
4.454431438446044922e+02 4.704092216491699219e+02 4.498268127441406250e+02 4.719475221633911133e+02 4.550493526458740234e+02 4.730050849914550781e+02 2.000000000000000000e+00
4.727745342254638672e+02 2.538172245025634766e+01 4.771253967285156250e+02 2.691441535949707031e+01 4.822680473327636719e+02 2.793804645538330078e+01 2.000000000000000000e+00
3.299999392032623291e+02 3.833969449996948242e+02 3.343298649787902832e+02 3.850364398956298828e+02 3.395084846019744873e+02 3.860886669158935547e+02 2.000000000000000000e+00
3.550401306152343750e+02 3.984248399734497070e+02 3.593467116355895996e+02 4.000242662429809570e+02 3.644893503189086914e+02 4.011013841629028320e+02 2.000000000000000000e+00
3.168440246582031250e+02 4.574461126327514648e+02 3.212295532226562500e+02 4.591303825378417969e+02 3.263735049962997437e+02 4.600570535659790039e+02 2.000000000000000000e+00
3.576777958869934082e+02 4.313768434524536133e+02 3.620338153839111328e+02 4.331151580810546875e+02 3.672860431671142578e+02 4.341073465347290039e+02 2.000000000000000000e+00
5.475536537170410156e+02 4.521258401870727539e+02 5.520109939575195312e+02 4.536226987838745117e+02 5.573445510864257812e+02 4.548095798492431641e+02 2.000000000000000000e+00
5.111661720275878906e+02 3.654893875122070312e+02 5.155676269531250000e+02 3.670032691955566406e+02 5.208314323425292969e+02 3.680715036392211914e+02 2.000000000000000000e+00
3.528485417366027832e+02 4.705466794967651367e+02 3.572628784179687500e+02 4.721577644348144531e+02 3.624881315231323242e+02 4.731498813629150391e+02 2.000000000000000000e+00
1.710148620605468750e+02 4.677084732055664062e+02 1.753818321228027344e+02 4.694484043121337891e+02 1.807282066345214844e+02 4.704518795013427734e+02 2.000000000000000000e+00
2.785861825942993164e+02 4.474870347976684570e+02 2.829702138900756836e+02 4.491277027130126953e+02 2.882615971565246582e+02 4.501798152923583984e+02 2.000000000000000000e+00
3.428016972541809082e+02 4.294052267074584961e+02 3.472426772117614746e+02 4.310793256759643555e+02 3.523768305778503418e+02 4.320985507965087891e+02 2.000000000000000000e+00
3.420981454849243164e+02 4.064254188537597656e+02 3.463226938247680664e+02 4.080290365219116211e+02 3.514304804801940918e+02 4.091565370559692383e+02 2.000000000000000000e+00
5.637423133850097656e+02 3.963502836227416992e+02 5.681119346618652344e+02 3.978601455688476562e+02 5.734588050842285156e+02 3.990195035934448242e+02 2.000000000000000000e+00
3.637574148178100586e+02 4.243206596374511719e+02 3.681196928024291992e+02 4.259445619583129883e+02 3.733546781539916992e+02 4.270152711868286133e+02 2.000000000000000000e+00
1.218223381042480469e+02 5.291513442993164062e+01 1.261045455932617188e+02 5.474497318267822266e+01 1.316349411010742188e+02 5.582898616790771484e+01 2.000000000000000000e+00
3.221603393554687500e+02 3.804633522033691406e+02 3.264534300565719604e+02 3.820975971221923828e+02 3.315610349178314209e+02 3.831117010116577148e+02 2.000000000000000000e+00
3.299220579862594604e+02 4.004272842407226562e+02 3.342120969295501709e+02 4.020499992370605469e+02 3.393757939338684082e+02 4.031412076950073242e+02 2.000000000000000000e+00
2.664851665496826172e+02 4.677618169784545898e+02 2.710574007034301758e+02 4.693424463272094727e+02 2.762440156936645508e+02 4.704034280776977539e+02 2.000000000000000000e+00
3.587716984748840332e+02 4.193433380126953125e+02 3.631018400192260742e+02 4.209636354446411133e+02 3.683155202865600586e+02 4.220490503311157227e+02 2.000000000000000000e+00
3.249593505263328552e+02 3.863860559463500977e+02 3.293263858556747437e+02 3.880277824401855469e+02 3.344951474666595459e+02 3.890648603439331055e+02 2.000000000000000000e+00
2.660970449447631836e+02 3.643095159530639648e+02 2.704301118850708008e+02 3.659792804718017578e+02 2.755621957778930664e+02 3.670045566558837891e+02 2.000000000000000000e+00
2.205146503448486328e+02 4.214216136932373047e+02 2.249081230163574219e+02 4.231067848205566406e+02 2.302049350738525391e+02 4.240746831893920898e+02 2.000000000000000000e+00
5.309015464782714844e+02 4.242823934555053711e+02 5.353689002990722656e+02 4.258257865905761719e+02 5.406288528442382812e+02 4.269939994812011719e+02 2.000000000000000000e+00
5.426241493225097656e+02 4.671679258346557617e+02 5.471582031250000000e+02 4.686851978302001953e+02 5.523018836975097656e+02 4.698299646377563477e+02 2.000000000000000000e+00
2.166727542877197266e+02 4.034406566619873047e+02 2.211296653747558594e+02 4.051462841033935547e+02 2.264066123962402344e+02 4.061555814743041992e+02 2.000000000000000000e+00
3.829619169235229492e+02 3.824206066131591797e+02 3.872829008102416992e+02 3.839690637588500977e+02 3.925091552734375000e+02 3.850696420669555664e+02 2.000000000000000000e+00
2.109700870513916016e+02 2.901135885715484619e+02 2.153414249420166016e+02 2.918516278266906738e+02 2.205359172821044922e+02 2.927862274646759033e+02 2.000000000000000000e+00
1.831277275085449219e+02 4.707159519195556641e+02 1.875042057037353516e+02 4.723947000503540039e+02 1.927715396881103516e+02 4.734325361251831055e+02 2.000000000000000000e+00
5.482305335998535156e+02 7.775849819183349609e+01 5.523835563659667969e+02 7.925431251525878906e+01 5.577318763732910156e+02 8.027795791625976562e+01 2.000000000000000000e+00
4.923372840881347656e+02 3.995009279251098633e+02 4.967075157165527344e+02 4.010209751129150391e+02 5.019375419616699219e+02 4.020998668670654297e+02 2.000000000000000000e+00
3.437674880027770996e+02 4.424003076553344727e+02 3.482428908348083496e+02 4.440791130065917969e+02 3.534109497070312500e+02 4.451091957092285156e+02 2.000000000000000000e+00
5.072585487365722656e+02 3.477152466773986816e+02 5.116383361816406250e+02 3.491359591484069824e+02 5.169214439392089844e+02 3.502783226966857910e+02 2.000000000000000000e+00
3.626337575912475586e+02 4.633289909362792969e+02 3.670986652374267578e+02 4.648774766921997070e+02 3.722450256347656250e+02 4.659757518768310547e+02 2.000000000000000000e+00
5.530371665954589844e+02 1.394689106941223145e+02 5.572561645507812500e+02 1.409134340286254883e+02 5.626275634765625000e+02 1.420468997955322266e+02 2.000000000000000000e+00
3.599122619628906250e+02 3.925045251846313477e+02 3.643024587631225586e+02 3.940919208526611328e+02 3.694752216339111328e+02 3.950877714157104492e+02 2.000000000000000000e+00
2.476531648635864258e+02 4.415115165710449219e+02 2.519448232650756836e+02 4.431329154968261719e+02 2.572651958465576172e+02 4.441194820404052734e+02 2.000000000000000000e+00
3.360097968578338623e+02 3.344634175300598145e+02 3.404374384880065918e+02 3.360203003883361816e+02 3.455757761001586914e+02 3.370655536651611328e+02 2.000000000000000000e+00
1.629451847076416016e+02 4.606112766265869141e+02 1.673159027099609375e+02 4.623441267013549805e+02 1.727025699615478516e+02 4.633098506927490234e+02 2.000000000000000000e+00
3.196743469312787056e+02 4.694576883316040039e+02 3.240216371417045593e+02 4.710915040969848633e+02 3.292588198184967041e+02 4.721131038665771484e+02 2.000000000000000000e+00
5.183279991149902344e+02 3.874368953704833984e+02 5.226331901550292969e+02 3.889351844787597656e+02 5.280119705200195312e+02 3.900261068344116211e+02 2.000000000000000000e+00
5.449527549743652344e+02 3.894021320343017578e+02 5.493673133850097656e+02 3.909256124496459961e+02 5.545916748046875000e+02 3.921052980422973633e+02 2.000000000000000000e+00
3.309866034984588623e+02 3.424624085426330566e+02 3.354443359375000000e+02 3.440850591659545898e+02 3.405451059341430664e+02 3.451596450805664062e+02 2.000000000000000000e+00
5.038891983032226562e+02 4.671463394165039062e+02 5.083560562133789062e+02 4.686662721633911133e+02 5.135587882995605469e+02 4.698104953765869141e+02 2.000000000000000000e+00
4.445409870147705078e+02 4.423359775543212891e+02 4.487595558166503906e+02 4.438201045989990234e+02 4.540939998626708984e+02 4.450298595428466797e+02 2.000000000000000000e+00
5.455536460876464844e+02 4.461217403411865234e+02 5.499588012695312500e+02 4.475916481018066406e+02 5.553394889831542969e+02 4.488217020034790039e+02 2.000000000000000000e+00
1.937674522399902344e+02 5.542499542236328125e+01 1.980852985382080078e+02 5.723763942718505859e+01 2.034046268463134766e+02 5.823048591613769531e+01 2.000000000000000000e+00
3.924045419692993164e+02 4.505102920532226562e+02 3.967838764190673828e+02 4.519920444488525391e+02 4.020893001556396484e+02 4.531901693344116211e+02 2.000000000000000000e+00
2.516605043411254883e+02 4.445320272445678711e+02 2.559516000747680664e+02 4.461280345916748047e+02 2.612667846679687500e+02 4.471061754226684570e+02 2.000000000000000000e+00
5.558715820312500000e+02 3.874913406372070312e+02 5.602817344665527344e+02 3.889356708526611328e+02 5.655426597595214844e+02 3.901846075057983398e+02 2.000000000000000000e+00
5.576327514648437500e+02 4.192610836029052734e+02 5.621524047851562500e+02 4.207624912261962891e+02 5.673723220825195312e+02 4.219456529617309570e+02 2.000000000000000000e+00
2.936040329933166504e+02 4.706737232208251953e+02 2.980825805664062500e+02 4.722627067565917969e+02 3.029974973201751709e+02 4.733161497116088867e+02 2.000000000000000000e+00
3.656655597686767578e+02 4.705382251739501953e+02 3.700995492935180664e+02 4.721641302108764648e+02 3.751887226104736328e+02 4.732250118255615234e+02 2.000000000000000000e+00
5.363236045837402344e+02 3.147637081146240234e+02 5.406077384948730469e+02 3.162855577468872070e+02 5.458946037292480469e+02 3.173417115211486816e+02 2.000000000000000000e+00
3.527706313133239746e+02 4.313834953308105469e+02 3.571512770652770996e+02 4.330989789962768555e+02 3.623500967025756836e+02 4.341034698486328125e+02 2.000000000000000000e+00
5.088438224792480469e+02 4.540904617309570312e+02 5.133349037170410156e+02 4.556099367141723633e+02 5.186257934570312500e+02 4.567860460281372070e+02 2.000000000000000000e+00
3.139224547147750854e+02 3.924020719528198242e+02 3.181622314453125000e+02 3.939975357055664062e+02 3.233778077363967896e+02 3.949924707412719727e+02 2.000000000000000000e+00
3.996306467056274414e+02 4.293176078796386719e+02 4.041164302825927734e+02 4.308831882476806641e+02 4.092614173889160156e+02 4.319685173034667969e+02 2.000000000000000000e+00
5.013449668884277344e+02 3.396382784843444824e+02 5.056312370300292969e+02 3.411066055297851562e+02 5.110161209106445312e+02 3.422454285621643066e+02 2.000000000000000000e+00
2.769860219955444336e+02 3.683452892303466797e+02 2.813385009765625000e+02 3.701091957092285156e+02 2.864918208122253418e+02 3.710078430175781250e+02 2.000000000000000000e+00
5.120797157287597656e+02 4.152525186538696289e+02 5.164966392517089844e+02 4.167497634887695312e+02 5.217150306701660156e+02 4.179594469070434570e+02 2.000000000000000000e+00
1.386643409729003906e+02 4.742579841613769531e+02 1.433326911926269531e+02 4.757805919647216797e+02 1.485397529602050781e+02 4.768142509460449219e+02 2.000000000000000000e+00
2.489925050735473633e+02 5.182661533355712891e+01 2.530910634994506836e+02 5.355242729187011719e+01 2.585088205337524414e+02 5.462037563323974609e+01 2.000000000000000000e+00
2.907725524902343750e+02 4.454700708389282227e+02 2.951500248908996582e+02 4.472041368484497070e+02 3.004754328727722168e+02 4.481289482116699219e+02 2.000000000000000000e+00
2.406892681121826172e+02 3.944869422912597656e+02 2.450712728500366211e+02 3.961641597747802734e+02 2.503584289550781250e+02 3.971442317962646484e+02 2.000000000000000000e+00
5.338982582092285156e+02 4.122371006011962891e+02 5.383176994323730469e+02 4.138003635406494141e+02 5.436178016662597656e+02 4.149737405776977539e+02 2.000000000000000000e+00
4.287061500549316406e+02 3.904148340225219727e+02 4.330248737335205078e+02 3.919408893585205078e+02 4.383330440521240234e+02 3.931340646743774414e+02 2.000000000000000000e+00
3.440572214126586914e+02 3.814287185668945312e+02 3.483193659782409668e+02 3.829868602752685547e+02 3.535787367820739746e+02 3.840780687332153320e+02 2.000000000000000000e+00
3.302603757381439209e+02 3.054702186584472656e+02 3.345236515998840332e+02 3.070823407173156738e+02 3.398151242733001709e+02 3.081871676445007324e+02 2.000000000000000000e+00
4.105766963958740234e+02 4.704443120956420898e+02 4.150966548919677734e+02 4.720170736312866211e+02 4.202726459503173828e+02 4.731694507598876953e+02 2.000000000000000000e+00
4.337135982513427734e+02 3.943809270858764648e+02 4.380344867706298828e+02 3.959032917022705078e+02 4.433296489715576172e+02 3.971026039123535156e+02 2.000000000000000000e+00
5.419330406188964844e+02 4.032910537719726562e+02 5.463220214843750000e+02 4.048192548751831055e+02 5.516417884826660156e+02 4.059845638275146484e+02 2.000000000000000000e+00
3.138273316621780396e+02 4.004200458526611328e+02 3.180687256157398224e+02 4.019397068023681641e+02 3.233388367295265198e+02 4.030157804489135742e+02 2.000000000000000000e+00
3.007263481616973877e+02 4.434692430496215820e+02 3.051596367359161377e+02 4.451699352264404297e+02 3.103735655546188354e+02 4.460986375808715820e+02 2.000000000000000000e+00
4.188469886779785156e+02 4.493819332122802734e+02 4.231322956085205078e+02 4.508527708053588867e+02 4.283942317962646484e+02 4.520252752304077148e+02 2.000000000000000000e+00
2.809261155128479004e+02 3.474240803718566895e+02 2.852218627929687500e+02 3.491479253768920898e+02 2.904633474349975586e+02 3.502360296249389648e+02 2.000000000000000000e+00
3.805526733398437500e+02 4.735873889923095703e+02 3.849028015136718750e+02 4.753034734725952148e+02 3.901209735870361328e+02 4.764231634140014648e+02 2.000000000000000000e+00
5.532139396667480469e+02 7.976861000061035156e+01 5.573692131042480469e+02 8.124674320220947266e+01 5.627182579040527344e+02 8.228412151336669922e+01 2.000000000000000000e+00
1.732790184020996094e+02 4.006211757659912109e+01 1.775691223144531250e+02 4.186979770660400391e+01 1.831237888336181641e+02 4.295671463012695312e+01 2.000000000000000000e+00
5.678026199340820312e+01 4.618342638015747070e+02 6.143888473510742188e+01 4.635251855850219727e+02 6.669507980346679688e+01 4.643849229812622070e+02 2.000000000000000000e+00
5.531883621215820312e+02 6.568077564239501953e+01 5.575418663024902344e+02 6.715411663055419922e+01 5.625613403320312500e+02 6.819889068603515625e+01 2.000000000000000000e+00
1.750989532470703125e+02 4.616447496414184570e+02 1.794419193267822266e+02 4.632896518707275391e+02 1.847858524322509766e+02 4.643200492858886719e+02 2.000000000000000000e+00
5.649560546875000000e+02 6.568116188049316406e+01 5.693282508850097656e+02 6.706256389617919922e+01 5.745219802856445312e+02 6.815023899078369141e+01 2.000000000000000000e+00
2.005296897888183594e+02 4.103258085250854492e+02 2.048037528991699219e+02 4.120150566101074219e+02 2.101008701324462891e+02 4.130333375930786133e+02 2.000000000000000000e+00
1.894531726837158203e+02 4.254405069351196289e+02 1.937748813629150391e+02 4.271070671081542969e+02 1.990843296051025391e+02 4.280691003799438477e+02 2.000000000000000000e+00
3.290085756778717041e+02 3.314167213439941406e+02 3.334434509277343750e+02 3.329786753654479980e+02 3.385580444335937500e+02 3.340320467948913574e+02 2.000000000000000000e+00
5.132945632934570312e+02 3.764337587356567383e+02 5.176306724548339844e+02 3.779363822937011719e+02 5.229722404479980469e+02 3.790225267410278320e+02 2.000000000000000000e+00
3.658934926986694336e+02 4.423780632019042969e+02 3.702661466598510742e+02 4.440798997879028320e+02 3.753672170639038086e+02 4.450795984268188477e+02 2.000000000000000000e+00
3.330091249942779541e+02 3.883571863174438477e+02 3.373331296443939209e+02 3.899797439575195312e+02 3.425427246093750000e+02 3.910858297348022461e+02 2.000000000000000000e+00
4.874758911132812500e+02 3.546403884887695312e+02 4.918242835998535156e+02 3.560538983345031738e+02 4.969982719421386719e+02 3.572633743286132812e+02 2.000000000000000000e+00
3.277832645177841187e+02 4.444631767272949219e+02 3.321940922737121582e+02 4.460399293899536133e+02 3.374743044376373291e+02 4.471399068832397461e+02 2.000000000000000000e+00
5.492200279235839844e+02 7.075987815856933594e+01 5.534006309509277344e+02 7.224738121032714844e+01 5.586962318420410156e+02 7.327410221099853516e+01 2.000000000000000000e+00
3.437798476219177246e+02 4.473753404617309570e+02 3.481723642349243164e+02 4.489905738830566406e+02 3.533838200569152832e+02 4.500709962844848633e+02 2.000000000000000000e+00
5.290533447265625000e+02 3.963681364059448242e+02 5.333910560607910156e+02 3.979099273681640625e+02 5.386973953247070312e+02 3.989837694168090820e+02 2.000000000000000000e+00
2.295357227325439453e+02 4.364836835861206055e+02 2.338635730743408203e+02 4.381756067276000977e+02 2.392628574371337891e+02 4.390870714187622070e+02 2.000000000000000000e+00
5.378647422790527344e+02 3.924044895172119141e+02 5.422800254821777344e+02 3.939515447616577148e+02 5.475615310668945312e+02 3.950394916534423828e+02 2.000000000000000000e+00
5.236676025390625000e+02 5.675515651702880859e+01 5.278494834899902344e+02 5.834060668945312500e+01 5.331583213806152344e+02 5.934988975524902344e+01 2.000000000000000000e+00
1.244770240783691406e+02 4.730562257766723633e+02 1.289372062683105469e+02 4.747620677947998047e+02 1.341149711608886719e+02 4.757563304901123047e+02 2.000000000000000000e+00
5.059165382385253906e+02 4.620689535140991211e+02 5.103769493103027344e+02 4.636275386810302734e+02 5.155911254882812500e+02 4.647699737548828125e+02 2.000000000000000000e+00
5.458306884765625000e+02 4.003108549118041992e+02 5.503019523620605469e+02 4.018253803253173828e+02 5.555330276489257812e+02 4.029556989669799805e+02 2.000000000000000000e+00
3.359913635253906250e+02 3.394833111763000488e+02 3.404407668113708496e+02 3.411392283439636230e+02 3.455605173110961914e+02 3.421506428718566895e+02 2.000000000000000000e+00
1.683187389373779297e+02 5.123278141021728516e+01 1.725659656524658203e+02 5.296829223632812500e+01 1.780789279937744141e+02 5.406093120574951172e+01 2.000000000000000000e+00
5.002113342285156250e+02 3.994730329513549805e+02 5.046201133728027344e+02 4.009902477264404297e+02 5.098481559753417969e+02 4.020957469940185547e+02 2.000000000000000000e+00
5.530971717834472656e+02 1.205772614479064941e+02 5.573327064514160156e+02 1.221089100837707520e+02 5.627186965942382812e+02 1.231017494201660156e+02 2.000000000000000000e+00
4.514344501495361328e+02 4.684448003768920898e+02 4.558073425292968750e+02 4.699777364730834961e+02 4.610480976104736328e+02 4.710582447052001953e+02 2.000000000000000000e+00
5.393106079101562500e+02 6.175475120544433594e+01 5.435109901428222656e+02 6.331187725067138672e+01 5.487832069396972656e+02 6.430715560913085938e+01 2.000000000000000000e+00
1.632663249969482422e+02 3.944047307968139648e+02 1.676105976104736328e+02 3.960235404968261719e+02 1.728705692291259766e+02 3.970276880264282227e+02 2.000000000000000000e+00
5.232169914245605469e+02 3.834562826156616211e+02 5.275131797790527344e+02 3.849372053146362305e+02 5.328353309631347656e+02 3.860394430160522461e+02 2.000000000000000000e+00
3.269550782442092896e+02 4.304423046112060547e+02 3.313485109806060791e+02 4.320014190673828125e+02 3.365050661563873291e+02 4.330756044387817383e+02 2.000000000000000000e+00
5.071592712402343750e+02 4.193308782577514648e+02 5.115510368347167969e+02 4.207551956176757812e+02 5.168081665039062500e+02 4.219722318649291992e+02 2.000000000000000000e+00
1.177727127075195312e+02 5.991272449493408203e+01 1.221015357971191406e+02 6.168567180633544922e+01 1.275808906555175781e+02 6.284470081329345703e+01 2.000000000000000000e+00
1.817385196685791016e+02 2.820416593551635742e+02 1.860258769989013672e+02 2.837128007411956787e+02 1.913608551025390625e+02 2.847048676013946533e+02 2.000000000000000000e+00
3.232251283526420593e+02 3.735369586944580078e+02 3.275178527832031250e+02 3.751705455780029297e+02 3.325804138183593750e+02 3.761791992187500000e+02 2.000000000000000000e+00
3.489680790901184082e+02 4.094283199310302734e+02 3.533152461051940918e+02 4.110429811477661133e+02 3.584459543228149414e+02 4.121416997909545898e+02 2.000000000000000000e+00
9.931863784790039062e+01 4.224473619461059570e+02 1.037515830993652344e+02 4.241654205322265625e+02 1.090936279296875000e+02 4.251128339767456055e+02 2.000000000000000000e+00
1.270672798156738281e+02 3.189690113067626953e+01 1.313412094116210938e+02 3.367478370666503906e+01 1.368544960021972656e+02 3.473952770233154297e+01 2.000000000000000000e+00
3.537763381004333496e+02 4.143862724304199219e+02 3.581407475471496582e+02 4.160111188888549805e+02 3.633482980728149414e+02 4.171092081069946289e+02 2.000000000000000000e+00
4.247961425781250000e+02 3.692914009094238281e+01 4.291585063934326172e+02 3.857043743133544922e+01 4.343096637725830078e+02 3.959152221679687500e+01 2.000000000000000000e+00
1.498460769653320312e+02 4.668540716171264648e+02 1.543896102905273438e+02 4.685541772842407227e+02 1.596451187133789062e+02 4.695269250869750977e+02 2.000000000000000000e+00
3.209203491359949112e+02 3.983922243118286133e+02 3.251585084199905396e+02 3.999423980712890625e+02 3.303695070743560791e+02 4.010082721710205078e+02 2.000000000000000000e+00
4.755546855926513672e+02 3.982909870147705078e+02 4.798592281341552734e+02 3.998777532577514648e+02 4.851289176940917969e+02 4.009946680068969727e+02 2.000000000000000000e+00
3.358052372932434082e+02 4.434655523300170898e+02 3.401943969726562500e+02 4.449673604965209961e+02 3.454819035530090332e+02 4.461041736602783203e+02 2.000000000000000000e+00
1.634117221832275391e+02 3.634379625320434570e+02 1.677033519744873047e+02 3.650828075408935547e+02 1.730405139923095703e+02 3.660322093963623047e+02 2.000000000000000000e+00
5.558341789245605469e+02 4.013161468505859375e+02 5.602262687683105469e+02 4.028172969818115234e+02 5.655185508728027344e+02 4.039741659164428711e+02 2.000000000000000000e+00
3.441848158836364746e+02 3.924642992019653320e+02 3.484006953239440918e+02 3.940505790710449219e+02 3.535960078239440918e+02 3.951726722717285156e+02 2.000000000000000000e+00
5.512328529357910156e+02 8.882184505462646484e+01 5.553392982482910156e+02 9.029169559478759766e+01 5.607439041137695312e+02 9.136618137359619141e+01 2.000000000000000000e+00
2.235534477233886719e+02 4.284329652786254883e+02 2.279016113281250000e+02 4.300605010986328125e+02 2.332188987731933594e+02 4.310657787322998047e+02 2.000000000000000000e+00
1.535071754455566406e+02 4.729510688781738281e+02 1.582051086425781250e+02 4.747115564346313477e+02 1.634384727478027344e+02 4.756834173202514648e+02 2.000000000000000000e+00
3.269496154785156250e+02 4.254130697250366211e+02 3.313659060001373291e+02 4.270036697387695312e+02 3.364686584472656250e+02 4.280607748031616211e+02 2.000000000000000000e+00
2.455756664276123047e+02 4.153962850570678711e+02 2.498941659927368164e+02 4.169804477691650391e+02 2.551319885253906250e+02 4.180537748336791992e+02 2.000000000000000000e+00
2.488348817825317383e+02 3.803739452362060547e+02 2.531360912322998047e+02 3.819293546676635742e+02 2.583914184570312500e+02 3.830572271347045898e+02 2.000000000000000000e+00
3.539700007438659668e+02 3.884320735931396484e+02 3.583136296272277832e+02 3.899890565872192383e+02 3.634764719009399414e+02 3.910196542739868164e+02 2.000000000000000000e+00
5.629551506042480469e+02 1.535662794113159180e+02 5.672735595703125000e+02 1.550909256935119629e+02 5.725201416015625000e+02 1.560756039619445801e+02 2.000000000000000000e+00
1.598518562316894531e+02 4.749401378631591797e+02 1.643790435791015625e+02 4.766914129257202148e+02 1.696757984161376953e+02 4.776304721832275391e+02 2.000000000000000000e+00
3.588750624656677246e+02 3.864760494232177734e+02 3.632750844955444336e+02 3.880124902725219727e+02 3.684855651855468750e+02 3.889990282058715820e+02 2.000000000000000000e+00
1.025991439819335938e+02 8.798573970794677734e+01 1.068750190734863281e+02 8.987730503082275391e+01 1.125358009338378906e+02 9.077452182769775391e+01 2.000000000000000000e+00
2.175072479248046875e+02 4.717319726943969727e+02 2.218727111816406250e+02 4.733605098724365234e+02 2.271736621856689453e+02 4.744091892242431641e+02 2.000000000000000000e+00
5.666727256774902344e+02 4.222875738143920898e+02 5.710957145690917969e+02 4.238274908065795898e+02 5.764366531372070312e+02 4.249953460693359375e+02 2.000000000000000000e+00
3.996347951889038086e+02 4.243475675582885742e+02 4.040873146057128906e+02 4.259169960021972656e+02 4.092888164520263672e+02 4.269861602783203125e+02 2.000000000000000000e+00
5.618613243103027344e+02 1.775083136558532715e+02 5.660150718688964844e+02 1.788599538803100586e+02 5.714699745178222656e+02 1.800397610664367676e+02 2.000000000000000000e+00
4.110871028900146484e+02 3.699982166290283203e+01 4.153092098236083984e+02 3.865631103515625000e+01 4.201797771453857422e+02 3.962545394897460938e+01 2.000000000000000000e+00
2.377847003936767578e+02 3.894602108001708984e+02 2.421186685562133789e+02 3.910922670364379883e+02 2.474209117889404297e+02 3.921677255630493164e+02 2.000000000000000000e+00
3.894441223144531250e+02 4.565108442306518555e+02 3.938314199447631836e+02 4.579329586029052734e+02 3.991132211685180664e+02 4.590996265411376953e+02 2.000000000000000000e+00
5.232956504821777344e+02 3.286590313911437988e+02 5.275637245178222656e+02 3.301987624168395996e+02 5.328134155273437500e+02 3.312675547599792480e+02 2.000000000000000000e+00
4.317023944854736328e+02 4.083379840850830078e+02 4.360300922393798828e+02 4.098848962783813477e+02 4.412753295898437500e+02 4.109771490097045898e+02 2.000000000000000000e+00
4.983591651916503906e+02 3.616508817672729492e+02 5.027083396911621094e+02 3.631029081344604492e+02 5.079853820800781250e+02 3.643089008331298828e+02 2.000000000000000000e+00
9.486625671386718750e+01 3.667568206787109375e+01 9.932443618774414062e+01 3.851550579071044922e+01 1.047007179260253906e+02 3.959708690643310547e+01 2.000000000000000000e+00
5.210288810729980469e+02 4.201668119430541992e+02 5.254583168029785156e+02 4.217176294326782227e+02 5.306810951232910156e+02 4.229220342636108398e+02 2.000000000000000000e+00
5.445196533203125000e+02 4.580386447906494141e+02 5.489789390563964844e+02 4.595738267898559570e+02 5.542390251159667969e+02 4.607596492767333984e+02 2.000000000000000000e+00
7.172222137451171875e+01 3.109638404846191406e+02 7.605684280395507812e+01 3.127064251899719238e+02 8.143766403198242188e+01 3.137477445602416992e+02 2.000000000000000000e+00
3.669154357910156250e+02 4.093248081207275391e+02 3.712660837173461914e+02 4.109376668930053711e+02 3.764838552474975586e+02 4.121130466461181641e+02 2.000000000000000000e+00
1.398767280578613281e+02 3.934068918228149414e+02 1.442666625976562500e+02 3.951212596893310547e+02 1.495889091491699219e+02 3.960256433486938477e+02 2.000000000000000000e+00
5.281578445434570312e+02 4.303478765487670898e+02 5.324951171875000000e+02 4.318067121505737305e+02 5.377135658264160156e+02 4.330058670043945312e+02 2.000000000000000000e+00
3.739477539062500000e+02 3.824935054779052734e+02 3.782928800582885742e+02 3.840477705001831055e+02 3.834786701202392578e+02 3.850874948501586914e+02 2.000000000000000000e+00
3.458324289321899414e+02 4.223884105682373047e+02 3.502286696434020996e+02 4.239656209945678711e+02 3.553285217285156250e+02 4.250448131561279297e+02 2.000000000000000000e+00
3.557058119773864746e+02 4.243355512619018555e+02 3.600942373275756836e+02 4.259560632705688477e+02 3.652608966827392578e+02 4.269905233383178711e+02 2.000000000000000000e+00
5.598238563537597656e+02 3.924149608612060547e+02 5.642685508728027344e+02 3.938863563537597656e+02 5.695064735412597656e+02 3.950607061386108398e+02 2.000000000000000000e+00
4.417011737823486328e+02 4.074735546112060547e+02 4.460473346710205078e+02 4.089610433578491211e+02 4.512737751007080078e+02 4.100876283645629883e+02 2.000000000000000000e+00
3.359157717227935791e+02 4.374301815032958984e+02 3.402552485466003418e+02 4.389819717407226562e+02 3.454708552360534668e+02 4.401217746734619141e+02 2.000000000000000000e+00
1.218904304504394531e+02 4.685093879699707031e+01 1.261371421813964844e+02 4.866266727447509766e+01 1.316942214965820312e+02 4.977401733398437500e+01 2.000000000000000000e+00
5.021955680847167969e+02 4.144100475311279297e+02 5.065614318847656250e+02 4.158262109756469727e+02 5.118501853942871094e+02 4.170611715316772461e+02 2.000000000000000000e+00
5.271674919128417969e+02 3.874386692047119141e+02 5.314941978454589844e+02 3.889666843414306641e+02 5.367891311645507812e+02 3.900546312332153320e+02 2.000000000000000000e+00
4.781261348724365234e+02 4.631619930267333984e+02 4.825746154785156250e+02 4.646585512161254883e+02 4.877707481384277344e+02 4.658188247680664062e+02 2.000000000000000000e+00
4.771135330200195312e+01 4.618220901489257812e+02 5.232391357421875000e+01 4.635279035568237305e+02 5.765707015991210938e+01 4.644093990325927734e+02 2.000000000000000000e+00
2.490349102020263672e+02 1.876534938812255859e+01 2.532687234878540039e+02 2.048551082611083984e+01 2.586144399642944336e+02 2.154596328735351562e+01 2.000000000000000000e+00
4.564755249023437500e+02 4.284057712554931641e+02 4.608674049377441406e+02 4.298966503143310547e+02 4.660852718353271484e+02 4.309896326065063477e+02 2.000000000000000000e+00
4.635785579681396484e+02 3.804418087005615234e+02 4.679890155792236328e+02 3.820271015167236328e+02 4.732042217254638672e+02 3.830679702758789062e+02 2.000000000000000000e+00
3.066754758358001709e+02 4.645364141464233398e+02 3.111353451013565063e+02 4.662011289596557617e+02 3.162315061688423157e+02 4.672077798843383789e+02 2.000000000000000000e+00
2.094735717773437500e+02 4.133146762847900391e+02 2.138815593719482422e+02 4.150632476806640625e+02 2.191807270050048828e+02 4.160507583618164062e+02 2.000000000000000000e+00
1.723224925994873047e+02 4.254509353637695312e+02 1.765213012695312500e+02 4.271374654769897461e+02 1.818476390838623047e+02 4.281663036346435547e+02 2.000000000000000000e+00
5.282191848754882812e+02 3.814766263961791992e+02 5.325015258789062500e+02 3.830018949508666992e+02 5.378015136718750000e+02 3.840809440612792969e+02 2.000000000000000000e+00
3.179672241210937500e+02 4.334014034271240234e+02 3.223058472573757172e+02 4.349856662750244141e+02 3.275031435489654541e+02 4.360699224472045898e+02 2.000000000000000000e+00
3.799390554428100586e+02 4.233927440643310547e+02 3.844454956054687500e+02 4.249097442626953125e+02 3.895655536651611328e+02 4.260034275054931641e+02 2.000000000000000000e+00
5.581979942321777344e+02 7.676570892333984375e+01 5.623727416992187500e+02 7.820981025695800781e+01 5.677039909362792969e+02 7.928522586822509766e+01 2.000000000000000000e+00
1.400082206726074219e+02 4.174774932861328125e+02 1.444018745422363281e+02 4.191484737396240234e+02 1.496870422363281250e+02 4.201142978668212891e+02 2.000000000000000000e+00
3.371504211425781250e+02 3.993552589416503906e+02 3.413554072380065918e+02 4.009836816787719727e+02 3.465263986587524414e+02 4.020880222320556641e+02 2.000000000000000000e+00
5.668362426757812500e+02 1.815292489528656006e+02 5.711189651489257812e+02 1.830205214023590088e+02 5.764266395568847656e+02 1.840292930603027344e+02 2.000000000000000000e+00
4.814818382263183594e+02 4.133572483062744141e+02 4.857630729675292969e+02 4.149694061279296875e+02 4.911248207092285156e+02 4.160009622573852539e+02 2.000000000000000000e+00
3.799482440948486328e+02 4.053743934631347656e+02 3.843767690658569336e+02 4.069115066528320312e+02 3.895721769332885742e+02 4.080696201324462891e+02 2.000000000000000000e+00
2.909895634651184082e+02 3.582692599296569824e+02 2.952814936637878418e+02 3.599455046653747559e+02 3.005686950683593750e+02 3.608881044387817383e+02 2.000000000000000000e+00
3.227532655000686646e+02 4.403676795959472656e+02 3.272004091739654541e+02 4.419279527664184570e+02 3.324420475959777832e+02 4.430439805984497070e+02 2.000000000000000000e+00
3.578670358657836914e+02 4.113499259948730469e+02 3.621816730499267578e+02 4.129822540283203125e+02 3.673847341537475586e+02 4.140940332412719727e+02 2.000000000000000000e+00
2.305025768280029297e+02 4.213952064514160156e+02 2.349449920654296875e+02 4.230328416824340820e+02 2.401612234115600586e+02 4.240350723266601562e+02 2.000000000000000000e+00
3.366978156566619873e+02 4.564319515228271484e+02 3.411247873306274414e+02 4.579716539382934570e+02 3.462531137466430664e+02 4.590304040908813477e+02 2.000000000000000000e+00
2.876532578468322754e+02 4.395323610305786133e+02 2.921242666244506836e+02 4.411494827270507812e+02 2.973273015022277832e+02 4.421919393539428711e+02 2.000000000000000000e+00
5.509181022644042969e+02 3.894671058654785156e+02 5.553449058532714844e+02 3.909616470336914062e+02 5.605700683593750000e+02 3.921706295013427734e+02 2.000000000000000000e+00
4.510563945770263672e+02 4.329144001007080078e+01 4.551189899444580078e+02 4.474944591522216797e+01 4.604160213470458984e+02 4.575337886810302734e+01 2.000000000000000000e+00
4.504095745086669922e+02 4.744774532318115234e+02 4.547995948791503906e+02 4.760183286666870117e+02 4.600609493255615234e+02 4.771076774597167969e+02 2.000000000000000000e+00
3.589629817008972168e+02 4.033817195892333984e+02 3.632867145538330078e+02 4.050039196014404297e+02 3.684698486328125000e+02 4.061008930206298828e+02 2.000000000000000000e+00
3.598019409179687500e+02 4.393841314315795898e+02 3.641947031021118164e+02 4.411076116561889648e+02 3.694132375717163086e+02 4.421192407608032227e+02 2.000000000000000000e+00
6.697204589843750000e+01 4.355933904647827148e+02 7.142215728759765625e+01 4.373225212097167969e+02 7.681730270385742188e+01 4.383256673812866211e+02 2.000000000000000000e+00
5.591154289245605469e+02 6.670881271362304688e+01 5.634140014648437500e+02 6.815714836120605469e+01 5.685715293884277344e+02 6.920073509216308594e+01 2.000000000000000000e+00
5.042736625671386719e+02 3.625535058975219727e+02 5.086073684692382812e+02 3.640545129776000977e+02 5.138776206970214844e+02 3.651691389083862305e+02 2.000000000000000000e+00
5.500062942504882812e+02 3.755357980728149414e+02 5.544276809692382812e+02 3.769975376129150391e+02 5.595936393737792969e+02 3.782747268676757812e+02 2.000000000000000000e+00
2.365094280242919922e+02 4.234548997879028320e+02 2.409193563461303711e+02 4.250607633590698242e+02 2.461513042449951172e+02 4.260713911056518555e+02 2.000000000000000000e+00
3.857089853286743164e+02 4.353632926940917969e+02 3.901186847686767578e+02 4.369311332702636719e+02 3.952862548828125000e+02 4.380336713790893555e+02 2.000000000000000000e+00
5.403272819519042969e+02 3.576095008850097656e+02 5.446156692504882812e+02 3.590528297424316406e+02 5.499574089050292969e+02 3.601799440383911133e+02 2.000000000000000000e+00
3.608937692642211914e+02 3.815089130401611328e+02 3.653135395050048828e+02 3.830153846740722656e+02 3.704663705825805664e+02 3.839978170394897461e+02 2.000000000000000000e+00
1.137488555908203125e+02 4.004977226257324219e+02 1.181126213073730469e+02 4.021609210968017578e+02 1.234446144104003906e+02 4.030979633331298828e+02 2.000000000000000000e+00
5.550420570373535156e+02 3.108775091171264648e+02 5.593316078186035156e+02 3.123390555381774902e+02 5.646434974670410156e+02 3.134002089500427246e+02 2.000000000000000000e+00
5.182902336120605469e+02 3.764434289932250977e+02 5.226006507873535156e+02 3.779424476623535156e+02 5.279287719726562500e+02 3.790189933776855469e+02 2.000000000000000000e+00
1.209034347534179688e+02 4.015149307250976562e+02 1.252784919738769531e+02 4.031917190551757812e+02 1.305986976623535156e+02 4.041468858718872070e+02 2.000000000000000000e+00
3.317787778377532959e+02 4.474505996704101562e+02 3.361453557014465332e+02 4.490111446380615234e+02 3.413762831687927246e+02 4.501465272903442383e+02 2.000000000000000000e+00
4.960519409179687500e+02 4.682010984420776367e+02 5.004056358337402344e+02 4.697567510604858398e+02 5.056048583984375000e+02 4.708655261993408203e+02 2.000000000000000000e+00
2.577272319793701172e+02 4.434919595718383789e+02 2.620039367675781250e+02 4.450753211975097656e+02 2.672326946258544922e+02 4.460995531082153320e+02 2.000000000000000000e+00
4.924043273925781250e+02 3.426677942276000977e+02 4.966471862792968750e+02 3.441253709793090820e+02 5.018901443481445312e+02 3.452671265602111816e+02 2.000000000000000000e+00
2.023166751861572266e+02 4.555055665969848633e+02 2.067146396636962891e+02 4.571911382675170898e+02 2.118693542480468750e+02 4.581298685073852539e+02 2.000000000000000000e+00
3.867277240753173828e+02 4.303915500640869141e+02 3.912001657485961914e+02 4.319606065750122070e+02 3.962908315658569336e+02 4.330407142639160156e+02 2.000000000000000000e+00
2.719805002212524414e+02 3.653697252273559570e+02 2.763373422622680664e+02 3.670763683319091797e+02 2.815037846565246582e+02 3.680123662948608398e+02 2.000000000000000000e+00
4.106778621673583984e+02 4.411957168579101562e+02 4.151034832000732422e+02 4.427393531799316406e+02 4.202782630920410156e+02 4.438300609588623047e+02 2.000000000000000000e+00
3.779126596450805664e+02 4.133353900909423828e+02 3.823101186752319336e+02 4.149330854415893555e+02 3.875079345703125000e+02 4.160789537429809570e+02 2.000000000000000000e+00
3.006176757812500000e+02 4.625231981277465820e+02 3.050595390796661377e+02 4.641869688034057617e+02 3.100665283203125000e+02 4.651567554473876953e+02 2.000000000000000000e+00
1.247494888305664062e+02 3.974684858322143555e+02 1.292468261718750000e+02 3.991629695892333984e+02 1.344938087463378906e+02 4.000653791427612305e+02 2.000000000000000000e+00
5.426603507995605469e+02 4.732344245910644531e+02 5.471552848815917969e+02 4.747577047348022461e+02 5.522656822204589844e+02 4.759261035919189453e+02 2.000000000000000000e+00
5.671041297912597656e+02 4.899760723114013672e+01 5.713128662109375000e+02 5.040618896484375000e+01 5.765673828125000000e+02 5.144419670104980469e+01 2.000000000000000000e+00
5.112796592712402344e+02 7.740569114685058594e+01 5.155241775512695312e+02 7.874439239501953125e+01 5.209330558776855469e+02 7.996833801269531250e+01 2.000000000000000000e+00
5.137896156311035156e+02 4.510144186019897461e+02 5.182164382934570312e+02 4.526270914077758789e+02 5.235484695434570312e+02 4.537724733352661133e+02 2.000000000000000000e+00
2.128006267547607422e+02 3.603794860839843750e+02 2.172196674346923828e+02 3.620087671279907227e+02 2.223503398895263672e+02 3.630443143844604492e+02 2.000000000000000000e+00
5.278820800781250000e+02 4.023376178741455078e+02 5.323210525512695312e+02 4.039104938507080078e+02 5.375904655456542969e+02 4.050130033493041992e+02 2.000000000000000000e+00
4.017534828186035156e+02 3.933434486389160156e+02 4.060824012756347656e+02 3.949589252471923828e+02 4.112726497650146484e+02 3.960715055465698242e+02 2.000000000000000000e+00
1.215423393249511719e+02 4.606778097152709961e+02 1.261846733093261719e+02 4.624245071411132812e+02 1.312825775146484375e+02 4.633378171920776367e+02 2.000000000000000000e+00
5.532322502136230469e+02 1.096393775939941406e+02 5.573983764648437500e+02 1.110976696014404297e+02 5.627709388732910156e+02 1.121400260925292969e+02 2.000000000000000000e+00
2.003309917449951172e+02 4.636078977584838867e+02 2.047161197662353516e+02 4.652896499633789062e+02 2.099203014373779297e+02 4.662921237945556641e+02 2.000000000000000000e+00
4.394776344299316406e+02 4.683443069458007812e+02 4.438315486907958984e+02 4.699081277847290039e+02 4.491689777374267578e+02 4.709288692474365234e+02 2.000000000000000000e+00
6.298074722290039062e+01 4.426514053344726562e+02 6.744768142700195312e+01 4.443748569488525391e+02 7.281160354614257812e+01 4.453306102752685547e+02 2.000000000000000000e+00
1.975217723846435547e+02 4.065142250061035156e+02 2.018483066558837891e+02 4.080575323104858398e+02 2.071116161346435547e+02 4.091233062744140625e+02 2.000000000000000000e+00
3.310051572322845459e+02 3.764327430725097656e+02 3.353447568416595459e+02 3.780912923812866211e+02 3.404320979118347168e+02 3.791184425354003906e+02 2.000000000000000000e+00
1.944511222839355469e+02 3.634931373596191406e+02 1.987812328338623047e+02 3.650625371932983398e+02 2.040826225280761719e+02 3.660689449310302734e+02 2.000000000000000000e+00
4.671790504455566406e+02 4.652971887588500977e+02 4.715878295898437500e+02 4.667321920394897461e+02 4.768305683135986328e+02 4.678706216812133789e+02 2.000000000000000000e+00
5.092611122131347656e+02 3.824041557312011719e+02 5.136108970642089844e+02 3.838917589187622070e+02 5.189607048034667969e+02 3.849703073501586914e+02 2.000000000000000000e+00
5.150140380859375000e+02 4.192008447647094727e+02 5.194315910339355469e+02 4.207404899597167969e+02 5.246674919128417969e+02 4.219069290161132812e+02 2.000000000000000000e+00
5.118342971801757812e+02 4.650724267959594727e+02 5.162530517578125000e+02 4.666125583648681641e+02 5.214641761779785156e+02 4.677710723876953125e+02 2.000000000000000000e+00
2.335511875152587891e+02 4.104739522933959961e+02 2.379148387908935547e+02 4.121035909652709961e+02 2.432500743865966797e+02 4.130986690521240234e+02 2.000000000000000000e+00
3.329490971565246582e+02 4.304621315002441406e+02 3.373487854003906250e+02 4.320037937164306641e+02 3.424396371841430664e+02 4.330901241302490234e+02 2.000000000000000000e+00
3.914465045928955078e+02 4.665225076675415039e+02 3.956880521774291992e+02 4.680080080032348633e+02 4.010359477996826172e+02 4.691797542572021484e+02 2.000000000000000000e+00
2.581620788574218750e+02 4.379685401916503906e+01 2.622337341308593750e+02 4.557728290557861328e+01 2.677205514907836914e+02 4.658938407897949219e+01 2.000000000000000000e+00
2.685001802444458008e+02 4.385792970657348633e+02 2.729197978973388672e+02 4.401750040054321289e+02 2.781419038772583008e+02 4.412378025054931641e+02 2.000000000000000000e+00
5.328725051879882812e+02 4.043503761291503906e+02 5.372891807556152344e+02 4.059238672256469727e+02 5.426065063476562500e+02 4.070110845565795898e+02 2.000000000000000000e+00
1.429098320007324219e+02 4.124957942962646484e+02 1.472829055786132812e+02 4.142086029052734375e+02 1.526540946960449219e+02 4.150986385345458984e+02 2.000000000000000000e+00
3.969319152832031250e+02 3.953759193420410156e+02 4.012374305725097656e+02 3.970074605941772461e+02 4.064055538177490234e+02 3.980920743942260742e+02 2.000000000000000000e+00
5.528877067565917969e+02 4.082671022415161133e+02 5.572726440429687500e+02 4.097911834716796875e+02 5.625772094726562500e+02 4.109563350677490234e+02 2.000000000000000000e+00
3.658943176269531250e+02 3.884833717346191406e+02 3.702978849411010742e+02 3.900530147552490234e+02 3.755001544952392578e+02 3.909951210021972656e+02 2.000000000000000000e+00
