2.374727153778076172e+02 1.915802907943725586e+02 2.342000865936279297e+02 1.927505922317504883e+02 2.311028003692626953e+02 1.936522972583770752e+02 1.000000000000000000e+00
1.642083835601806641e+02 1.668271136283874512e+02 1.619104480743408203e+02 1.682822227478027344e+02 1.597217559814453125e+02 1.693086504936218262e+02 1.000000000000000000e+00
2.147544574737548828e+02 2.082891225814819336e+02 2.118908786773681641e+02 2.094055938720703125e+02 2.091396617889404297e+02 2.101777946949005127e+02 1.000000000000000000e+00
2.307570934295654297e+02 1.912097311019897461e+02 2.277189445495605469e+02 1.923947131633758545e+02 2.248251152038574219e+02 1.933339834213256836e+02 1.000000000000000000e+00
2.211316680908203125e+02 1.886104238033294678e+02 2.182362079620361328e+02 1.900209939479827881e+02 2.155870628356933594e+02 1.907982015609741211e+02 1.000000000000000000e+00
1.833365440368652344e+02 1.667002058029174805e+02 1.810764789581298828e+02 1.681595706939697266e+02 1.785122394561767578e+02 1.692109823226928711e+02 1.000000000000000000e+00
2.186713409423828125e+02 2.105860573053359985e+02 2.157412242889404297e+02 2.117371040582656860e+02 2.129507160186767578e+02 2.125091850757598877e+02 1.000000000000000000e+00
2.196243381500244141e+02 2.076206481456756592e+02 2.167346763610839844e+02 2.087803173065185547e+02 2.139582538604736328e+02 2.095330166816711426e+02 1.000000000000000000e+00
2.400688171386718750e+02 1.887106132507324219e+02 2.367112731933593750e+02 1.899211871623992920e+02 2.335937976837158203e+02 1.907830953598022461e+02 1.000000000000000000e+00
2.140719127655029297e+02 2.029990231990814209e+02 2.111694335937500000e+02 2.042423379421234131e+02 2.084009552001953125e+02 2.049358963966369629e+02 1.000000000000000000e+00
2.315488529205322266e+02 1.949577140808105469e+02 2.285135459899902344e+02 1.961808586120605469e+02 2.255782127380371094e+02 1.970998513698577881e+02 1.000000000000000000e+00
2.326720714569091797e+02 1.906523716449737549e+02 2.296078968048095703e+02 1.918198513984680176e+02 2.266259860992431641e+02 1.927632558345794678e+02 1.000000000000000000e+00
1.651373386383056641e+02 1.744823241233825684e+02 1.628115940093994141e+02 1.757640051841735840e+02 1.606095600128173828e+02 1.768715786933898926e+02 1.000000000000000000e+00
2.327346611022949219e+02 1.980768728256225586e+02 2.297068309783935547e+02 1.993016946315765381e+02 2.267653179168701172e+02 2.002550482749938965e+02 1.000000000000000000e+00
2.358380889892578125e+02 1.962414979934692383e+02 2.327254772186279297e+02 1.974203789234161377e+02 2.297155475616455078e+02 1.982638514041900635e+02 1.000000000000000000e+00
2.355592823028564453e+02 1.892975735664367676e+02 2.324547386169433594e+02 1.904568457603454590e+02 2.294792747497558594e+02 1.913931548595428467e+02 1.000000000000000000e+00
2.144681072235107422e+02 1.993680238723754883e+02 2.115574455261230469e+02 2.005485069751739502e+02 2.088108062744140625e+02 2.014655756950378418e+02 1.000000000000000000e+00
2.427579355239868164e+02 1.882286489009857178e+02 2.393595600128173828e+02 1.894242846965789795e+02 2.362542819976806641e+02 1.903156864643096924e+02 1.000000000000000000e+00
1.394914054870605469e+02 1.840365421772003174e+02 1.369368934631347656e+02 1.852308619022369385e+02 1.345668220520019531e+02 1.857927525043487549e+02 1.000000000000000000e+00
2.349802494049072266e+02 1.994353616237640381e+02 2.319182586669921875e+02 2.006313765048980713e+02 2.288519382476806641e+02 2.014759504795074463e+02 1.000000000000000000e+00
1.324966812133789062e+02 1.779154944419860840e+02 1.300045204162597656e+02 1.793494677543640137e+02 1.275177574157714844e+02 1.797328162193298340e+02 1.000000000000000000e+00
2.305722045898437500e+02 1.983570241928100586e+02 2.275685691833496094e+02 1.995543479919433594e+02 2.246750640869140625e+02 2.004931318759918213e+02 1.000000000000000000e+00
2.375630187988281250e+02 1.886748003959655762e+02 2.342615318298339844e+02 1.898670637607574463e+02 2.311411380767822266e+02 1.907347226142883301e+02 1.000000000000000000e+00
1.831627368927001953e+02 1.987047851085662842e+02 1.802214050292968750e+02 2.000061786174774170e+02 1.774039268493652344e+02 2.009111917018890381e+02 1.000000000000000000e+00
2.088381481170654297e+02 1.789805388450622559e+02 2.060629272460937500e+02 1.803678846359252930e+02 2.037429523468017578e+02 1.811656773090362549e+02 1.000000000000000000e+00
1.640975666046142578e+02 1.991379690170288086e+02 1.613976573944091797e+02 2.003369593620300293e+02 1.586969947814941406e+02 2.013500332832336426e+02 1.000000000000000000e+00
1.987338542938232422e+02 1.928028380870819092e+02 1.957568359375000000e+02 1.941401660442352295e+02 1.931939792633056641e+02 1.951011943817138672e+02 1.000000000000000000e+00
1.830598735809326172e+02 1.744965505599975586e+02 1.807737827301025391e+02 1.758824157714843750e+02 1.782154846191406250e+02 1.768860912322998047e+02 1.000000000000000000e+00
2.183698749542236328e+02 1.687023282051086426e+02 2.155888366699218750e+02 1.703466439247131348e+02 2.127209568023681641e+02 1.708260798454284668e+02 1.000000000000000000e+00
1.354101943969726562e+02 1.818749678134918213e+02 1.328331947326660156e+02 1.832470214366912842e+02 1.304496002197265625e+02 1.837414062023162842e+02 1.000000000000000000e+00
2.336134433746337891e+02 1.560612273216247559e+02 2.305982494354248047e+02 1.574763107299804688e+02 2.277844238281250000e+02 1.585399603843688965e+02 1.000000000000000000e+00
1.841526794433593750e+02 1.969211554527282715e+02 1.811323642730712891e+02 1.986092054843902588e+02 1.782146930694580078e+02 1.993418705463409424e+02 1.000000000000000000e+00
2.172792339324951172e+02 1.907857167720794678e+02 2.143804168701171875e+02 1.922089970111846924e+02 2.116997528076171875e+02 1.930211448669433594e+02 1.000000000000000000e+00
2.123026275634765625e+02 1.681695199012756348e+02 2.095456218719482422e+02 1.697249722480773926e+02 2.066464233398437500e+02 1.703630161285400391e+02 1.000000000000000000e+00
1.763113403320312500e+02 1.934395873546600342e+02 1.735887241363525391e+02 1.950544881820678711e+02 1.707272911071777344e+02 1.957554745674133301e+02 1.000000000000000000e+00
1.280416488647460938e+02 1.629126548767089844e+02 1.257998275756835938e+02 1.648704457283020020e+02 1.236934471130371094e+02 1.658150911331176758e+02 1.000000000000000000e+00
2.426907014846801758e+02 1.847972846031188965e+02 2.393250083923339844e+02 1.860338866710662842e+02 2.361686038970947266e+02 1.869001901149749756e+02 1.000000000000000000e+00
1.754478740692138672e+02 1.710734224319458008e+02 1.731588268280029297e+02 1.724142265319824219e+02 1.706464862823486328e+02 1.734717679023742676e+02 1.000000000000000000e+00
2.370821189880371094e+02 1.719336819648742676e+02 2.338080310821533203e+02 1.734774756431579590e+02 2.308217716217041016e+02 1.744709587097167969e+02 1.000000000000000000e+00
1.740477466583251953e+02 1.710970401763916016e+02 1.715260791778564453e+02 1.724246978759765625e+02 1.694431781768798828e+02 1.734930396080017090e+02 1.000000000000000000e+00
2.250176048278808594e+02 1.667902922630310059e+02 2.223088359832763672e+02 1.684508013725280762e+02 2.184972095489501953e+02 1.690605425834655762e+02 1.000000000000000000e+00
1.933108806610107422e+02 1.967539358139038086e+02 1.899828338623046875e+02 1.982323265075683594e+02 1.871873188018798828e+02 1.990368318557739258e+02 1.000000000000000000e+00
2.203625583648681641e+02 1.546107745170593262e+02 2.175071525573730469e+02 1.561491036415100098e+02 2.149232482910156250e+02 1.572578215599060059e+02 1.000000000000000000e+00
2.329548645019531250e+02 1.857262694835662842e+02 2.298585319519042969e+02 1.868950009346008301e+02 2.268789386749267578e+02 1.878359198570251465e+02 1.000000000000000000e+00
1.323346900939941406e+02 1.736778044700622559e+02 1.298718833923339844e+02 1.751649713516235352e+02 1.275188446044921875e+02 1.756116628646850586e+02 1.000000000000000000e+00
1.361157035827636719e+02 1.666985607147216797e+02 1.337026214599609375e+02 1.685160183906555176e+02 1.315463447570800781e+02 1.693339347839355469e+02 1.000000000000000000e+00
1.356324577331542969e+02 1.774780368804931641e+02 1.331520271301269531e+02 1.788532090187072754e+02 1.307018470764160156e+02 1.794159507751464844e+02 1.000000000000000000e+00
1.355961227416992188e+02 1.719622135162353516e+02 1.331891059875488281e+02 1.735556173324584961e+02 1.309285545349121094e+02 1.742542862892150879e+02 1.000000000000000000e+00
2.204226207733154297e+02 1.708965396881103516e+02 2.176194858551025391e+02 1.725239253044128418e+02 2.147715091705322266e+02 1.730226588249206543e+02 1.000000000000000000e+00
2.142963504791259766e+02 1.975010204315185547e+02 2.113370227813720703e+02 1.987229883670806885e+02 2.086503887176513672e+02 1.995979607105255127e+02 1.000000000000000000e+00
2.111375427246093750e+02 1.940668165683746338e+02 2.082357311248779297e+02 1.953967094421386719e+02 2.056742382049560547e+02 1.962883293628692627e+02 1.000000000000000000e+00
1.922747039794921875e+02 1.959152054786682129e+02 1.891201782226562500e+02 1.973588705062866211e+02 1.863712406158447266e+02 1.982024359703063965e+02 1.000000000000000000e+00
2.039258289337158203e+02 1.967241203784942627e+02 2.008207225799560547e+02 1.979478585720062256e+02 1.982668018341064453e+02 1.989636504650115967e+02 1.000000000000000000e+00
1.830752086639404297e+02 2.013028407096862793e+02 1.802536487579345703e+02 2.024240863323211670e+02 1.774816226959228516e+02 2.032354867458343506e+02 1.000000000000000000e+00
1.311188697814941406e+02 1.656487226486206055e+02 1.286995124816894531e+02 1.675035238265991211e+02 1.265532493591308594e+02 1.682670235633850098e+02 1.000000000000000000e+00
1.563859367370605469e+02 1.939099538326263428e+02 1.538539886474609375e+02 1.954740107059478760e+02 1.514342308044433594e+02 1.961799287796020508e+02 1.000000000000000000e+00
2.379458141326904297e+02 1.633501124382019043e+02 2.348552227020263672e+02 1.648370933532714844e+02 2.320298004150390625e+02 1.658954858779907227e+02 1.000000000000000000e+00
2.293554687500000000e+02 1.558770847320556641e+02 2.264162921905517578e+02 1.573680996894836426e+02 2.237438964843750000e+02 1.584695863723754883e+02 1.000000000000000000e+00
1.709005737304687500e+02 1.719647955894470215e+02 1.685928916931152344e+02 1.733020019531250000e+02 1.664312839508056641e+02 1.743858003616333008e+02 1.000000000000000000e+00
3.912836027145385742e+02 2.104604011774063110e+02 3.927127695083618164e+02 2.115268242359161377e+02 3.946491098403930664e+02 2.126923513412475586e+02 2.000000000000000000e+00
4.505342769622802734e+02 2.322136688232421875e+02 4.513674068450927734e+02 2.333093869686126709e+02 4.526348018646240234e+02 2.338424831628799438e+02 2.000000000000000000e+00
4.585485553741455078e+02 2.312847438454627991e+02 4.593906593322753906e+02 2.322668758034706116e+02 4.605733966827392578e+02 2.328695520758628845e+02 2.000000000000000000e+00
4.518987464904785156e+02 2.264053487777709961e+02 4.528020000457763672e+02 2.275139003992080688e+02 4.541691875457763672e+02 2.281467130780220032e+02 2.000000000000000000e+00
4.623257446289062500e+02 2.312492975592613220e+02 4.632214069366455078e+02 2.321119531989097595e+02 4.644001770019531250e+02 2.328144223988056183e+02 2.000000000000000000e+00
4.163622188568115234e+02 2.076943659782409668e+02 4.178413391113281250e+02 2.089877772331237793e+02 4.193014240264892578e+02 2.098414599895477295e+02 2.000000000000000000e+00
4.473518085479736328e+02 2.115740489959716797e+02 4.483355140686035156e+02 2.124618369340896606e+02 4.496881771087646484e+02 2.133462506532669067e+02 2.000000000000000000e+00
4.143386554718017578e+02 2.076528918743133545e+02 4.157079219818115234e+02 2.089600503444671631e+02 4.163154888153076172e+02 2.098296332359313965e+02 2.000000000000000000e+00
4.298086547851562500e+02 2.221839129924774170e+02 4.312332439422607422e+02 2.233013606071472168e+02 4.326171875000000000e+02 2.240163266658782959e+02 2.000000000000000000e+00
4.476812171936035156e+02 2.236380153894424438e+02 4.486102294921875000e+02 2.247635489702224731e+02 4.500196838378906250e+02 2.254046621918678284e+02 2.000000000000000000e+00
3.981662607192993164e+02 2.246303558349609375e+02 3.995449209213256836e+02 2.255819088220596313e+02 4.013522338867187500e+02 2.264552298188209534e+02 2.000000000000000000e+00
4.456212139129638672e+02 2.163054800033569336e+02 4.464812374114990234e+02 2.174249410629272461e+02 4.478125286102294922e+02 2.182424765825271606e+02 2.000000000000000000e+00
4.386677837371826172e+02 2.196144855022430420e+02 4.396509075164794922e+02 2.207892590761184692e+02 4.410515785217285156e+02 2.215027606487274170e+02 2.000000000000000000e+00
4.540840435028076172e+02 2.223323661088943481e+02 4.549510860443115234e+02 2.234875631332397461e+02 4.563080120086669922e+02 2.242247307300567627e+02 2.000000000000000000e+00
3.859736967086791992e+02 2.132947218418121338e+02 3.873719501495361328e+02 2.142794018983840942e+02 3.894132995605468750e+02 2.154961538314819336e+02 2.000000000000000000e+00
4.360897541046142578e+02 2.196484369039535522e+02 4.371096515655517578e+02 2.208064574003219604e+02 4.384115886688232422e+02 2.215588974952697754e+02 2.000000000000000000e+00
4.166001319885253906e+02 2.224580061435699463e+02 4.180545043945312500e+02 2.234718471765518188e+02 4.198229980468750000e+02 2.243052363395690918e+02 2.000000000000000000e+00
4.612371540069580078e+02 2.257440787553787231e+02 4.621321105957031250e+02 2.267992696166038513e+02 4.634237670898437500e+02 2.276640772819519043e+02 2.000000000000000000e+00
4.312593364715576172e+02 2.179829853773117065e+02 4.325915813446044922e+02 2.192060530185699463e+02 4.339875793457031250e+02 2.200524741411209106e+02 2.000000000000000000e+00
3.993140268325805664e+02 2.171677386760711670e+02 4.008739948272705078e+02 2.183754873275756836e+02 4.027254390716552734e+02 2.193099510669708252e+02 2.000000000000000000e+00
4.428524208068847656e+02 2.181544643640518188e+02 4.437265968322753906e+02 2.192790216207504272e+02 4.450904273986816406e+02 2.200772541761398315e+02 2.000000000000000000e+00
4.049700927734375000e+02 2.209104913473129272e+02 4.065474605560302734e+02 2.219688409566879272e+02 4.083368587493896484e+02 2.228659200668334961e+02 2.000000000000000000e+00
4.317156410217285156e+02 2.265850827097892761e+02 4.331010723114013672e+02 2.276817619800567627e+02 4.344449806213378906e+02 2.283643332123756409e+02 2.000000000000000000e+00
4.427878093719482422e+02 2.236102741956710815e+02 4.437068462371826172e+02 2.247344648838043213e+02 4.450170326232910156e+02 2.253281548619270325e+02 2.000000000000000000e+00
4.616055297851562500e+02 2.190613853931427002e+02 4.625329589843750000e+02 2.202438497543334961e+02 4.637993144989013672e+02 2.212411344051361084e+02 2.000000000000000000e+00
4.010972881317138672e+02 2.115491473674774170e+02 4.026414775848388672e+02 2.127646923065185547e+02 4.043932819366455078e+02 2.137207317352294922e+02 2.000000000000000000e+00
4.122467041015625000e+02 2.214707475900650024e+02 4.136971759796142578e+02 2.225010985136032104e+02 4.154828834533691406e+02 2.233738553524017334e+02 2.000000000000000000e+00
4.433269691467285156e+02 2.129037773609161377e+02 4.442815589904785156e+02 2.138645303249359131e+02 4.455291748046875000e+02 2.148665606975555420e+02 2.000000000000000000e+00
4.341951942443847656e+02 2.152473592758178711e+02 4.353136348724365234e+02 2.163918900489807129e+02 4.366459369659423828e+02 2.172774034738540649e+02 2.000000000000000000e+00
4.500184059143066406e+02 2.184300988912582397e+02 4.509350585937500000e+02 2.195654743909835815e+02 4.523421001434326172e+02 2.203916913270950317e+02 2.000000000000000000e+00
4.178837871551513672e+02 2.265526422858238220e+02 4.194372558593750000e+02 2.275230252742767334e+02 4.210929584503173828e+02 2.283161160349845886e+02 2.000000000000000000e+00
4.606225585937500000e+02 2.224794459342956543e+02 4.615558147430419922e+02 2.235754233598709106e+02 4.628396606445312500e+02 2.244722288846969604e+02 2.000000000000000000e+00
4.563597393035888672e+02 2.122543770074844360e+02 4.572975158691406250e+02 2.132286965847015381e+02 4.585447978973388672e+02 2.141954183578491211e+02 2.000000000000000000e+00
