2.763830232620239258e+02 1.954894673824310303e+02 2.701082754135131836e+02 1.956169402599334717e+02 2.667467927932739258e+02 1.981592988967895508e+02 1.000000000000000000e+00
1.975453472137451172e+02 1.684685611724853516e+02 1.919682025909423828e+02 1.692418456077575684e+02 1.899060821533203125e+02 1.718879842758178711e+02 1.000000000000000000e+00
2.520260286331176758e+02 2.125351238250732422e+02 2.458692312240600586e+02 2.127154380083084106e+02 2.427236461639404297e+02 2.151741009950637817e+02 1.000000000000000000e+00
2.683495473861694336e+02 1.944263112545013428e+02 2.621713542938232422e+02 1.947050607204437256e+02 2.589461374282836914e+02 1.974321269989013672e+02 1.000000000000000000e+00
2.576499032974243164e+02 1.914364457130432129e+02 2.515931987762451172e+02 1.918557250499725342e+02 2.484926128387451172e+02 1.945843040943145752e+02 1.000000000000000000e+00
2.175145721435546875e+02 1.683700346946716309e+02 2.119446372985839844e+02 1.691496562957763672e+02 2.097010612487792969e+02 1.718445253372192383e+02 1.000000000000000000e+00
2.563442373275756836e+02 2.149839001893997192e+02 2.501290273666381836e+02 2.151402729749679565e+02 2.468932199478149414e+02 2.175562727451324463e+02 1.000000000000000000e+00
2.568660259246826172e+02 2.119522994756698608e+02 2.507324504852294922e+02 2.121415543556213379e+02 2.476026773452758789e+02 2.145434564352035522e+02 1.000000000000000000e+00
2.793488454818725586e+02 1.925516939163208008e+02 2.729271554946899414e+02 1.927147650718688965e+02 2.695152568817138672e+02 1.953077995777130127e+02 1.000000000000000000e+00
2.511115550994873047e+02 2.069323253631591797e+02 2.449520730972290039e+02 2.071770000457763672e+02 2.418247222900390625e+02 2.096164226531982422e+02 1.000000000000000000e+00
2.693999338150024414e+02 1.982855951786041260e+02 2.631859731674194336e+02 1.985408163070678711e+02 2.599731111526489258e+02 2.012075650691986084e+02 1.000000000000000000e+00
2.705302429199218750e+02 1.940302240848541260e+02 2.643553781509399414e+02 1.942857348918914795e+02 2.611049795150756836e+02 1.968834364414215088e+02 1.000000000000000000e+00
1.984862518310546875e+02 1.762929797172546387e+02 1.929007434844970703e+02 1.769757199287414551e+02 1.908107757568359375e+02 1.796704816818237305e+02 1.000000000000000000e+00
2.706044006347656250e+02 2.015485060214996338e+02 2.644046926498413086e+02 2.017561769485473633e+02 2.611607980728149414e+02 2.044054841995239258e+02 1.000000000000000000e+00
2.743848276138305664e+02 2.001602625846862793e+02 2.681453227996826172e+02 2.002737092971801758e+02 2.648536682128906250e+02 2.027234923839569092e+02 1.000000000000000000e+00
2.740157461166381836e+02 1.931480991840362549e+02 2.677581453323364258e+02 1.932809722423553467e+02 2.645161437988281250e+02 1.957461833953857422e+02 1.000000000000000000e+00
2.514111471176147461e+02 2.031570410728454590e+02 2.453245544433593750e+02 2.034378933906555176e+02 2.422684478759765625e+02 2.059017634391784668e+02 1.000000000000000000e+00
2.824369812011718750e+02 1.920967519283294678e+02 2.759056091308593750e+02 1.922775399684906006e+02 2.724468994140625000e+02 1.947506082057952881e+02 1.000000000000000000e+00
1.728552818298339844e+02 1.879057288169860840e+02 1.675670433044433594e+02 1.881585073471069336e+02 1.651708793640136719e+02 1.905522286891937256e+02 1.000000000000000000e+00
2.733318471908569336e+02 2.034390556812286377e+02 2.670269441604614258e+02 2.035648620128631592e+02 2.637809419631958008e+02 2.060677635669708252e+02 1.000000000000000000e+00
1.653154468536376953e+02 1.820775568485260010e+02 1.602604007720947266e+02 1.822217059135437012e+02 1.580144691467285156e+02 1.845228087902069092e+02 1.000000000000000000e+00
2.683158254623413086e+02 2.016519606113433838e+02 2.620581960678100586e+02 2.019579756259918213e+02 2.588323974609375000e+02 2.046209084987640381e+02 1.000000000000000000e+00
2.765520906448364258e+02 1.925908648967742920e+02 2.703086853027343750e+02 1.927117431163787842e+02 2.668935537338256836e+02 1.952846038341522217e+02 1.000000000000000000e+00
2.202288055419921875e+02 2.021986234188079834e+02 2.139565563201904297e+02 2.023737323284149170e+02 2.113728141784667969e+02 2.048011314868927002e+02 1.000000000000000000e+00
2.445186758041381836e+02 1.814097261428833008e+02 2.386270236968994141e+02 1.818264448642730713e+02 2.357454776763916016e+02 1.846709704399108887e+02 1.000000000000000000e+00
1.998648929595947266e+02 2.020291256904602051e+02 1.939701366424560547e+02 2.025174558162689209e+02 1.911574840545654297e+02 2.050556766986846924e+02 1.000000000000000000e+00
2.349193668365478516e+02 1.954554426670074463e+02 2.288956546783447266e+02 1.958574199676513672e+02 2.260387420654296875e+02 1.986108219623565674e+02 1.000000000000000000e+00
2.174043273925781250e+02 1.764220261573791504e+02 2.118037414550781250e+02 1.771585822105407715e+02 2.095584964752197266e+02 1.798921322822570801e+02 1.000000000000000000e+00
2.541279602050781250e+02 1.705764555931091309e+02 2.483213329315185547e+02 1.712134337425231934e+02 2.453430318832397461e+02 1.741973376274108887e+02 1.000000000000000000e+00
1.684571075439453125e+02 1.857904171943664551e+02 1.633207416534423828e+02 1.860146927833557129e+02 1.610171508789062500e+02 1.884074378013610840e+02 1.000000000000000000e+00
2.709710359573364258e+02 1.576211500167846680e+02 2.648272991180419922e+02 1.584172654151916504e+02 2.617193269729614258e+02 1.613253879547119141e+02 1.000000000000000000e+00
2.213047885894775391e+02 1.998257267475128174e+02 2.149357700347900391e+02 2.003293883800506592e+02 2.123772239685058594e+02 2.027798581123352051e+02 1.000000000000000000e+00
2.537796926498413086e+02 1.935680830478668213e+02 2.477237558364868164e+02 1.940180039405822754e+02 2.446385955810546875e+02 1.967105233669281006e+02 1.000000000000000000e+00
2.477414560317993164e+02 1.700173902511596680e+02 2.420489501953125000e+02 1.706241846084594727e+02 2.391135215759277344e+02 1.735772395133972168e+02 1.000000000000000000e+00
2.126186943054199219e+02 1.960540151596069336e+02 2.067464542388916016e+02 1.966642749309539795e+02 2.040925598144531250e+02 1.992635321617126465e+02 1.000000000000000000e+00
1.604629325866699219e+02 1.650198769569396973e+02 1.553260993957519531e+02 1.654798221588134766e+02 1.532640266418457031e+02 1.681132793426513672e+02 1.000000000000000000e+00
2.824870896339416504e+02 1.885093832015991211e+02 2.760248422622680664e+02 1.886895132064819336e+02 2.724606609344482422e+02 1.913600277900695801e+02 1.000000000000000000e+00
2.095267581939697266e+02 1.727568626403808594e+02 2.039776420593261719e+02 1.735568189620971680e+02 2.017197132110595703e+02 1.763101744651794434e+02 1.000000000000000000e+00
2.764323711395263672e+02 1.746515750885009766e+02 2.697499084472656250e+02 1.752006053924560547e+02 2.662899780273437500e+02 1.779730510711669922e+02 1.000000000000000000e+00
2.074312877655029297e+02 1.727560830116271973e+02 2.019244194030761719e+02 1.735618543624877930e+02 1.996445751190185547e+02 1.763113403320312500e+02 1.000000000000000000e+00
2.615472412109375000e+02 1.686486768722534180e+02 2.554339265823364258e+02 1.692406582832336426e+02 2.522013378143310547e+02 1.722940206527709961e+02 1.000000000000000000e+00
2.321549224853515625e+02 1.996565222740173340e+02 2.256741428375244141e+02 2.000852179527282715e+02 2.221494770050048828e+02 2.026470458507537842e+02 1.000000000000000000e+00
2.567179250717163086e+02 1.557193422317504883e+02 2.508905315399169922e+02 1.566890645027160645e+02 2.478489971160888672e+02 1.596530842781066895e+02 1.000000000000000000e+00
2.708659648895263672e+02 1.890077483654022217e+02 2.647037029266357422e+02 1.893094897270202637e+02 2.614696931838989258e+02 1.919445025920867920e+02 1.000000000000000000e+00
1.645505523681640625e+02 1.767542052268981934e+02 1.596036911010742188e+02 1.772703051567077637e+02 1.575583648681640625e+02 1.798245692253112793e+02 1.000000000000000000e+00
1.683041095733642578e+02 1.688720083236694336e+02 1.633191967010498047e+02 1.694010901451110840e+02 1.613048648834228516e+02 1.720516347885131836e+02 1.000000000000000000e+00
1.683205890655517578e+02 1.811731374263763428e+02 1.633083438873291016e+02 1.813932752609252930e+02 1.611047458648681641e+02 1.837949645519256592e+02 1.000000000000000000e+00
1.677399444580078125e+02 1.744210767745971680e+02 1.627896118164062500e+02 1.748754715919494629e+02 1.607462310791015625e+02 1.775032138824462891e+02 1.000000000000000000e+00
2.565075063705444336e+02 1.727965378761291504e+02 2.505942392349243164e+02 1.734224653244018555e+02 2.475073385238647461e+02 1.764012408256530762e+02 1.000000000000000000e+00
2.512376546859741211e+02 2.008768594264984131e+02 2.451220703125000000e+02 2.012174820899963379e+02 2.420385265350341797e+02 2.038027632236480713e+02 1.000000000000000000e+00
2.474871349334716797e+02 1.968040609359741211e+02 2.415334177017211914e+02 1.972359430789947510e+02 2.385329532623291016e+02 1.999371314048767090e+02 1.000000000000000000e+00
2.307074737548828125e+02 1.986468029022216797e+02 2.241130352020263672e+02 1.991433691978454590e+02 2.208340454101562500e+02 2.017799341678619385e+02 1.000000000000000000e+00
2.404784393310546875e+02 1.996509361267089844e+02 2.345335960388183594e+02 1.999761343002319336e+02 2.315147686004638672e+02 2.026220548152923584e+02 1.000000000000000000e+00
2.201002311706542969e+02 2.047418940067291260e+02 2.137251281738281250e+02 2.051230144500732422e+02 2.110145092010498047e+02 2.075781369209289551e+02 1.000000000000000000e+00
1.633259582519531250e+02 1.679688549041748047e+02 1.583278083801269531e+02 1.684483623504638672e+02 1.563317680358886719e+02 1.710726428031921387e+02 1.000000000000000000e+00
1.901920890808105469e+02 1.964621865749359131e+02 1.847762107849121094e+02 1.970235407352447510e+02 1.822373294830322266e+02 1.995691502094268799e+02 1.000000000000000000e+00
2.761025667190551758e+02 1.650221943855285645e+02 2.696676301956176758e+02 1.656287670135498047e+02 2.664709472656250000e+02 1.685683536529541016e+02 1.000000000000000000e+00
2.660726022720336914e+02 1.572422719001770020e+02 2.601800537109375000e+02 1.581360912322998047e+02 2.570942974090576172e+02 1.610710859298706055e+02 1.000000000000000000e+00
2.043080425262451172e+02 1.736657810211181641e+02 1.987487316131591797e+02 1.744594073295593262e+02 1.966238117218017578e+02 1.771913266181945801e+02 1.000000000000000000e+00
4.056803894042968750e+02 2.147915339469909668e+02 4.027162837982177734e+02 2.150028669834136963e+02 4.030369853973388672e+02 2.175034618377685547e+02 2.000000000000000000e+00
4.689713764190673828e+02 2.384154967591166496e+02 4.653024578094482422e+02 2.383511656522750854e+02 4.648452758789062500e+02 2.406320648454129696e+02 2.000000000000000000e+00
4.770736122131347656e+02 2.374585875123739243e+02 4.734567546844482422e+02 2.373968046158552170e+02 4.730601215362548828e+02 2.396652526594698429e+02 2.000000000000000000e+00
4.702311992645263672e+02 2.325051417946815491e+02 4.665656185150146484e+02 2.324334713816642761e+02 4.662485694885253906e+02 2.347244565188884735e+02 2.000000000000000000e+00
4.808050918579101562e+02 2.374052428454160690e+02 4.773054218292236328e+02 2.373371428996324539e+02 4.768934631347656250e+02 2.395871123950928450e+02 2.000000000000000000e+00
4.360010433197021484e+02 2.120980829000473022e+02 4.326880550384521484e+02 2.122045272588729858e+02 4.326049518585205078e+02 2.145879042148590088e+02 2.000000000000000000e+00
4.656225299835205078e+02 2.169421076774597168e+02 4.617236995697021484e+02 2.169912242889404297e+02 4.613944721221923828e+02 2.194177991151809692e+02 2.000000000000000000e+00
4.328610229492187500e+02 2.120510244369506836e+02 4.295860576629638672e+02 2.121586596965789795e+02 4.295119953155517578e+02 2.145538920164108276e+02 2.000000000000000000e+00
4.463351440429687500e+02 2.281532433629035950e+02 4.430989074707031250e+02 2.280977931618690491e+02 4.431229305267333984e+02 2.304084616899490356e+02 2.000000000000000000e+00
4.657502174377441406e+02 2.296354061365127563e+02 4.621498107910156250e+02 2.295896297693252563e+02 4.618178749084472656e+02 2.319320824742317200e+02 2.000000000000000000e+00
4.130889606475830078e+02 2.302743673324584961e+02 4.100273418426513672e+02 2.301916041970252991e+02 4.102651691436767578e+02 2.324355465173721313e+02 2.000000000000000000e+00
4.638502502441406250e+02 2.216354674100875854e+02 4.602226924896240234e+02 2.216631764173507690e+02 4.598612689971923828e+02 2.240868222713470459e+02 2.000000000000000000e+00
4.565964031219482422e+02 2.254287868738174438e+02 4.530535316467285156e+02 2.254049831628799438e+02 4.527829647064208984e+02 2.277528378367424011e+02 2.000000000000000000e+00
4.721491718292236328e+02 2.278888544440269470e+02 4.685065650939941406e+02 2.278719019889831543e+02 4.682185649871826172e+02 2.302741384506225586e+02 2.000000000000000000e+00
4.003669452667236328e+02 2.178330516815185547e+02 3.974055480957031250e+02 2.180052942037582397e+02 3.977040433883666992e+02 2.204564040899276733e+02 2.000000000000000000e+00
4.535559368133544922e+02 2.254940941929817200e+02 4.501282405853271484e+02 2.254591208696365356e+02 4.499298095703125000e+02 2.277967062592506409e+02 2.000000000000000000e+00
4.318793392181396484e+02 2.280135190486907959e+02 4.287884235382080078e+02 2.279687342047691345e+02 4.289388465881347656e+02 2.302824854850769043e+02 2.000000000000000000e+00
4.794029235839843750e+02 2.315539848804473877e+02 4.757698345184326172e+02 2.314985802769660950e+02 4.754544353485107422e+02 2.337884974479675293e+02 2.000000000000000000e+00
4.476909828186035156e+02 2.232928454875946045e+02 4.444742107391357422e+02 2.233026731014251709e+02 4.444938087463378906e+02 2.256372213363647461e+02 2.000000000000000000e+00
4.135991573333740234e+02 2.216956168413162231e+02 4.106139850616455078e+02 2.217961871623992920e+02 4.109654235839843750e+02 2.242534929513931274e+02 2.000000000000000000e+00
4.610970783233642578e+02 2.235750567913055420e+02 4.574422931671142578e+02 2.235858750343322754e+02 4.571238136291503906e+02 2.259796741604804993e+02 2.000000000000000000e+00
4.195349788665771484e+02 2.261449268460273743e+02 4.165857601165771484e+02 2.261427453160285950e+02 4.168502235412597656e+02 2.284669643640518188e+02 2.000000000000000000e+00
4.484788513183593750e+02 2.327181543409824371e+02 4.452014160156250000e+02 2.326402889192104340e+02 4.451967811584472656e+02 2.349664458632469177e+02 2.000000000000000000e+00
4.610272216796875000e+02 2.297180476784706116e+02 4.573533058166503906e+02 2.296688532829284668e+02 4.570520973205566406e+02 2.320316460728645325e+02 2.000000000000000000e+00
4.795466327667236328e+02 2.238143920898437500e+02 4.759110736846923828e+02 2.238553619384765625e+02 4.756013488769531250e+02 2.263740688562393188e+02 2.000000000000000000e+00
4.158371257781982422e+02 2.160075062513351440e+02 4.128223896026611328e+02 2.161489856243133545e+02 4.131141090393066406e+02 2.185873246192932129e+02 2.000000000000000000e+00
4.271913433074951172e+02 2.267903584241867065e+02 4.241357135772705078e+02 2.267682641744613647e+02 4.244152545928955078e+02 2.291016384959220886e+02 2.000000000000000000e+00
4.616309261322021484e+02 2.183197617530822754e+02 4.579447650909423828e+02 2.183188766241073608e+02 4.576380348205566406e+02 2.206530296802520752e+02 2.000000000000000000e+00
4.513174152374267578e+02 2.203273916244506836e+02 4.479378414154052734e+02 2.203651410341262817e+02 4.478158855438232422e+02 2.227342218160629272e+02 2.000000000000000000e+00
4.679374122619628906e+02 2.235153043270111084e+02 4.643124675750732422e+02 2.235567015409469604e+02 4.640171241760253906e+02 2.260016316175460815e+02 2.000000000000000000e+00
4.336047649383544922e+02 2.325731652975082397e+02 4.304875469207763672e+02 2.324654227495193481e+02 4.305226135253906250e+02 2.346915891766548157e+02 2.000000000000000000e+00
4.785475826263427734e+02 2.279588162899017334e+02 4.749561500549316406e+02 2.279563441872596741e+02 4.746570110321044922e+02 2.303271934390068054e+02 2.000000000000000000e+00
4.743776893615722656e+02 2.176730936765670776e+02 4.706907367706298828e+02 2.176447588205337524e+02 4.704251098632812500e+02 2.200876915454864502e+02 2.000000000000000000e+00
