3.042207026481628418e+02 2.083609127998352051e+02 2.990360713005065918e+02 2.078234982490539551e+02 2.941388845443725586e+02 2.062181389331817627e+02 1.000000000000000000e+00
2.193714618682861328e+02 1.787607264518737793e+02 2.152224540710449219e+02 1.789809823036193848e+02 2.117370128631591797e+02 1.778856182098388672e+02 1.000000000000000000e+00
2.783761882781982422e+02 2.256246176362037659e+02 2.733998727798461914e+02 2.252063897252082825e+02 2.687604045867919922e+02 2.234436035156250000e+02 1.000000000000000000e+00
2.945825505256652832e+02 2.063951718807220459e+02 2.895843815803527832e+02 2.061248302459716797e+02 2.848975205421447754e+02 2.046210014820098877e+02 1.000000000000000000e+00
2.835503220558166504e+02 2.027255523204803467e+02 2.786155366897583008e+02 2.026537013053894043e+02 2.741179513931274414e+02 2.013460385799407959e+02 1.000000000000000000e+00
2.401767587661743164e+02 1.787571859359741211e+02 2.359952259063720703e+02 1.788998866081237793e+02 2.320877170562744141e+02 1.777575516700744629e+02 1.000000000000000000e+00
2.831102299690246582e+02 2.280781549215316772e+02 2.780100679397583008e+02 2.275833731889724731e+02 2.733592224121093750e+02 2.258319389820098877e+02 1.000000000000000000e+00
2.833414602279663086e+02 2.249454188346862793e+02 2.783178091049194336e+02 2.244839322566986084e+02 2.736506319046020508e+02 2.227389371395111084e+02 1.000000000000000000e+00
3.080898439884185791e+02 2.052964460849761963e+02 3.025693666934967041e+02 2.048334646224975586e+02 2.973468613624572754e+02 2.032475566864013672e+02 1.000000000000000000e+00
2.769284677505493164e+02 2.198211514949798584e+02 2.721042156219482422e+02 2.194021439552307129e+02 2.674951457977294922e+02 2.176381373405456543e+02 1.000000000000000000e+00
2.959524536132812500e+02 2.103498816490173340e+02 2.907919001579284668e+02 2.099917888641357422e+02 2.862207031250000000e+02 2.085069394111633301e+02 1.000000000000000000e+00
2.970687246322631836e+02 2.062132859230041504e+02 2.918588852882385254e+02 2.058331596851348877e+02 2.872173142433166504e+02 2.043648040294647217e+02 1.000000000000000000e+00
2.203459167480468750e+02 1.868541848659515381e+02 2.161940860748291016e+02 1.870198631286621094e+02 2.127082633972167969e+02 1.858673357963562012e+02 1.000000000000000000e+00
2.973984074592590332e+02 2.142426896095275879e+02 2.922519826889038086e+02 2.137368303537368774e+02 2.875439453125000000e+02 2.121904438734054565e+02 1.000000000000000000e+00
3.015356135368347168e+02 2.132005298137664795e+02 2.964868474006652832e+02 2.125453323125839233e+02 2.917397141456604004e+02 2.109107959270477295e+02 1.000000000000000000e+00
3.012117302417755127e+02 2.058077681064605713e+02 2.961538696289062500e+02 2.053533303737640381e+02 2.914712214469909668e+02 2.037477564811706543e+02 1.000000000000000000e+00
2.773140573501586914e+02 2.158160841464996338e+02 2.724171733856201172e+02 2.154737842082977295e+02 2.678765869140625000e+02 2.136582469940185547e+02 1.000000000000000000e+00
3.115466612577438354e+02 2.046948087215423584e+02 3.058488762378692627e+02 2.042949521541595459e+02 3.005458068847656250e+02 2.026638007164001465e+02 1.000000000000000000e+00
1.953425884246826172e+02 2.010247921943664551e+02 1.911615562438964844e+02 2.005776643753051758e+02 1.873901367187500000e+02 1.989338493347167969e+02 1.000000000000000000e+00
3.001582944393157959e+02 2.168598318099975586e+02 2.951669311523437500e+02 2.161059397459030151e+02 2.905486750602722168e+02 2.143124216794967651e+02 1.000000000000000000e+00
1.881021881103515625e+02 1.962688744068145752e+02 1.837449169158935547e+02 1.956086111068725586e+02 1.798686218261718750e+02 1.936874198913574219e+02 1.000000000000000000e+00
2.946990966796875000e+02 2.143107444047927856e+02 2.897393798828125000e+02 2.137577497959136963e+02 2.850959467887878418e+02 2.122393333911895752e+02 1.000000000000000000e+00
3.045567011833190918e+02 2.054365825653076172e+02 2.993752741813659668e+02 2.049340796470642090e+02 2.943782639503479004e+02 2.033314955234527588e+02 1.000000000000000000e+00
2.460488748550415039e+02 2.145178359746932983e+02 2.410132884979248047e+02 2.141565835475921631e+02 2.368534088134765625e+02 2.125222760438919067e+02 1.000000000000000000e+00
2.696053457260131836e+02 1.923309302330017090e+02 2.649028921127319336e+02 1.924006927013397217e+02 2.604170846939086914e+02 1.910717761516571045e+02 1.000000000000000000e+00
2.246522521972656250e+02 2.141629314422607422e+02 2.199945354461669922e+02 2.138982993364334106e+02 2.157238578796386719e+02 2.124372696876525879e+02 1.000000000000000000e+00
2.597237253189086914e+02 2.069517803192138672e+02 2.549123525619506836e+02 2.069508183002471924e+02 2.507601594924926758e+02 2.054104149341583252e+02 1.000000000000000000e+00
2.401224374771118164e+02 1.872217369079589844e+02 2.359090137481689453e+02 1.872836744785308838e+02 2.320250034332275391e+02 1.860340404510498047e+02 1.000000000000000000e+00
2.786212778091430664e+02 1.809775650501251221e+02 2.739432668685913086e+02 1.810550057888031006e+02 2.697149038314819336e+02 1.799350404739379883e+02 1.000000000000000000e+00
1.913653087615966797e+02 1.997531569004058838e+02 1.870687866210937500e+02 1.991180384159088135e+02 1.831926822662353516e+02 1.972897768020629883e+02 1.000000000000000000e+00
2.970074772834777832e+02 1.675244379043579102e+02 2.918831467628479004e+02 1.678716373443603516e+02 2.873774099349975586e+02 1.667037606239318848e+02 1.000000000000000000e+00
2.467155599594116211e+02 2.116218549013137817e+02 2.417161989212036133e+02 2.114341717958450317e+02 2.374527263641357422e+02 2.098187541961669922e+02 1.000000000000000000e+00
2.796730661392211914e+02 2.048536062240600586e+02 2.747239971160888672e+02 2.047919154167175293e+02 2.702148437500000000e+02 2.034799468517303467e+02 1.000000000000000000e+00
2.719285583496093750e+02 1.803319072723388672e+02 2.672836303710937500e+02 1.804262673854827881e+02 2.631609773635864258e+02 1.793418216705322266e+02 1.000000000000000000e+00
2.373305225372314453e+02 2.077174043655395508e+02 2.326035022735595703e+02 2.076725435256958008e+02 2.284894371032714844e+02 2.062685537338256836e+02 1.000000000000000000e+00
1.811277484893798828e+02 1.758245515823364258e+02 1.773731708526611328e+02 1.759409880638122559e+02 1.739836692810058594e+02 1.747472190856933594e+02 1.000000000000000000e+00
3.106237488985061646e+02 2.006856822967529297e+02 3.050124204158782959e+02 2.004548013210296631e+02 3.002561950683593750e+02 1.988024568557739258e+02 1.000000000000000000e+00
2.321728801727294922e+02 1.834413135051727295e+02 2.279782962799072266e+02 1.835288500785827637e+02 2.240646839141845703e+02 1.823498046398162842e+02 1.000000000000000000e+00
3.057342827320098877e+02 1.862122464179992676e+02 3.001416623592376709e+02 1.861370658874511719e+02 2.948702383041381836e+02 1.845489335060119629e+02 1.000000000000000000e+00
2.295431804656982422e+02 1.834204065799713135e+02 2.253141117095947266e+02 1.835154068470001221e+02 2.216686725616455078e+02 1.823472404479980469e+02 1.000000000000000000e+00
2.886392211914062500e+02 1.797192335128784180e+02 2.834971618652343750e+02 1.795751166343688965e+02 2.786108064651489258e+02 1.782419729232788086e+02 1.000000000000000000e+00
2.587767028808593750e+02 2.115892624855041504e+02 2.536637544631958008e+02 2.113839554786682129e+02 2.490820312500000000e+02 2.097916245460510254e+02 1.000000000000000000e+00
2.818535447120666504e+02 1.652940487861633301e+02 2.768529653549194336e+02 1.656728482246398926e+02 2.728486919403076172e+02 1.647608327865600586e+02 1.000000000000000000e+00
2.972072744369506836e+02 2.010000121593475342e+02 2.920733022689819336e+02 2.006266772747039795e+02 2.875214529037475586e+02 1.992434835433959961e+02 1.000000000000000000e+00
1.855399131774902344e+02 1.881938159465789795e+02 1.816231822967529297e+02 1.881681811809539795e+02 1.781287384033203125e+02 1.868216371536254883e+02 1.000000000000000000e+00
1.890014362335205078e+02 1.794908094406127930e+02 1.852245903015136719e+02 1.795913672447204590e+02 1.818036651611328125e+02 1.785099005699157715e+02 1.000000000000000000e+00
1.904994487762451172e+02 1.944986379146575928e+02 1.863210296630859375e+02 1.941413855552673340e+02 1.825757312774658203e+02 1.923903179168701172e+02 1.000000000000000000e+00
1.886376476287841797e+02 1.855261981487274170e+02 1.847943973541259766e+02 1.855732405185699463e+02 1.813529205322265625e+02 1.843544733524322510e+02 1.000000000000000000e+00
2.818832707405090332e+02 1.834043240547180176e+02 2.770515441894531250e+02 1.834321260452270508e+02 2.726006460189819336e+02 1.822954845428466797e+02 1.000000000000000000e+00
2.768820190429687500e+02 2.131504350900650024e+02 2.721092224121093750e+02 2.127923119068145752e+02 2.675366210937500000e+02 2.112004226446151733e+02 1.000000000000000000e+00
2.729318857192993164e+02 2.081734156608581543e+02 2.681302785873413086e+02 2.081174468994140625e+02 2.636762666702270508e+02 2.067300260066986084e+02 1.000000000000000000e+00
2.566830730438232422e+02 2.102952861785888672e+02 2.515912914276123047e+02 2.102758008241653442e+02 2.471800518035888672e+02 2.086612236499786377e+02 1.000000000000000000e+00
2.662712717056274414e+02 2.119322490692138672e+02 2.613549184799194336e+02 2.116252273321151733e+02 2.568228149414062500e+02 2.100677168369293213e+02 1.000000000000000000e+00
2.460545492172241211e+02 2.176061993837356567e+02 2.409179067611694336e+02 2.171223127841949463e+02 2.367612266540527344e+02 2.156500536203384399e+02 1.000000000000000000e+00
1.839936351776123047e+02 1.788861322402954102e+02 1.802263927459716797e+02 1.788709402084350586e+02 1.768155670166015625e+02 1.776965761184692383e+02 1.000000000000000000e+00
2.126839542388916016e+02 2.082593536376953125e+02 2.086168479919433594e+02 2.081917870044708252e+02 2.046794700622558594e+02 2.066735959053039551e+02 1.000000000000000000e+00
3.037260735034942627e+02 1.759384274482727051e+02 2.984806513786315918e+02 1.758984661102294922e+02 2.935268855094909668e+02 1.744379997253417969e+02 1.000000000000000000e+00
2.913705134391784668e+02 1.668050050735473633e+02 2.863554382324218750e+02 1.672232937812805176e+02 2.822676086425781250e+02 1.662810301780700684e+02 1.000000000000000000e+00
2.262073516845703125e+02 1.843206775188446045e+02 2.220528125762939453e+02 1.844353008270263672e+02 2.185594177246093750e+02 1.832666301727294922e+02 1.000000000000000000e+00
4.196996212005615234e+02 2.284595784544944763e+02 4.166730690002441406e+02 2.278227987885475159e+02 4.143805885314941406e+02 2.257788991928100586e+02 2.000000000000000000e+00
4.865043640136718750e+02 2.533571782708168030e+02 4.826539993286132812e+02 2.523233950138092041e+02 4.795793819427490234e+02 2.500451517105102539e+02 2.000000000000000000e+00
4.946057128906250000e+02 2.524105533957481384e+02 4.908244132995605469e+02 2.513124087452888489e+02 4.877966117858886719e+02 2.490119630098342896e+02 2.000000000000000000e+00
4.874780273437500000e+02 2.474071964621543884e+02 4.837181663513183594e+02 2.463673098385334015e+02 4.807471084594726562e+02 2.440992584824562073e+02 2.000000000000000000e+00
4.983313941955566406e+02 2.524183049798011780e+02 4.945818519592285156e+02 2.512749642133712769e+02 4.915719985961914062e+02 2.489315798878669739e+02 2.000000000000000000e+00
4.519075298309326172e+02 2.257289573550224304e+02 4.483962726593017578e+02 2.249092859029769897e+02 4.457122516632080078e+02 2.229383236169815063e+02 2.000000000000000000e+00
4.836283683776855469e+02 2.304355618357658386e+02 4.798635005950927734e+02 2.293112325668334961e+02 4.769745540618896484e+02 2.273211666941642761e+02 2.000000000000000000e+00
4.486725139617919922e+02 2.257301929593086243e+02 4.451508522033691406e+02 2.249085223674774170e+02 4.424883747100830078e+02 2.229009997844696045e+02 2.000000000000000000e+00
4.619044780731201172e+02 2.426413728296756744e+02 4.584190654754638672e+02 2.418545380979776382e+02 4.557262897491455078e+02 2.396242980659008026e+02 2.000000000000000000e+00
4.828454971313476562e+02 2.444036257266998291e+02 4.791504573822021484e+02 2.434503787010908127e+02 4.762009906768798828e+02 2.412461090460419655e+02 2.000000000000000000e+00
4.280942058563232422e+02 2.452852937579154968e+02 4.246920204162597656e+02 2.441474305093288422e+02 4.221497249603271484e+02 2.417497559264302254e+02 2.000000000000000000e+00
4.809834289550781250e+02 2.357185363769531250e+02 4.772332191467285156e+02 2.347234493494033813e+02 4.742856502532958984e+02 2.327635797858238220e+02 2.000000000000000000e+00
4.733941650390625000e+02 2.398073577834293246e+02 4.696573543548583984e+02 2.390584106370806694e+02 4.667577552795410156e+02 2.368825377523899078e+02 2.000000000000000000e+00
4.894082069396972656e+02 2.424901887774467468e+02 4.856474304199218750e+02 2.414865266159176826e+02 4.826676940917968750e+02 2.392884521372616291e+02 2.000000000000000000e+00
4.145103454589843750e+02 2.317245018482208252e+02 4.114893245697021484e+02 2.311130064725875854e+02 4.091386413574218750e+02 2.289371484518051147e+02 2.000000000000000000e+00
4.699682044982910156e+02 2.399092254624702036e+02 4.663087177276611328e+02 2.391813353821635246e+02 4.634891033172607422e+02 2.369893339276313782e+02 2.000000000000000000e+00
4.467077064514160156e+02 2.425066682696342468e+02 4.432569026947021484e+02 2.415915833786129951e+02 4.407447814941406250e+02 2.393879851698875427e+02 2.000000000000000000e+00
4.968678855895996094e+02 2.465028843283653259e+02 4.931509208679199219e+02 2.453909611701965332e+02 4.901262283325195312e+02 2.431020509451627731e+02 2.000000000000000000e+00
4.631248474121093750e+02 2.373210905492305756e+02 4.596680641174316406e+02 2.365585783123970032e+02 4.570376300811767578e+02 2.344858548045158386e+02 2.000000000000000000e+00
4.277349567413330078e+02 2.355519863963127136e+02 4.246446228027343750e+02 2.347723080217838287e+02 4.223595333099365234e+02 2.327601313591003418e+02 2.000000000000000000e+00
4.781621742248535156e+02 2.378239591419696808e+02 4.743871784210205078e+02 2.370509641617536545e+02 4.714575481414794922e+02 2.349232479929924011e+02 2.000000000000000000e+00
4.338778972625732422e+02 2.404357757885009050e+02 4.306365966796875000e+02 2.394572600908577442e+02 4.282989788055419922e+02 2.373400419205427170e+02 2.000000000000000000e+00
4.642804241180419922e+02 2.474186861515045166e+02 4.607474040985107422e+02 2.465869447588920593e+02 4.579679870605468750e+02 2.443720552325248718e+02 2.000000000000000000e+00
4.780732727050781250e+02 2.444392396509647369e+02 4.743030738830566406e+02 2.435214541107416153e+02 4.713818359375000000e+02 2.413455352932214737e+02 2.000000000000000000e+00
4.967756652832031250e+02 2.381865233927965164e+02 4.929814529418945312e+02 2.372079923003911972e+02 4.900219535827636719e+02 2.350331877171993256e+02 2.000000000000000000e+00
4.302369403839111328e+02 2.297260889410972595e+02 4.270284461975097656e+02 2.289760583639144897e+02 4.246651935577392578e+02 2.269526973366737366e+02 2.000000000000000000e+00
4.417449378967285156e+02 2.411672211438417435e+02 4.384616088867187500e+02 2.402118225255981088e+02 4.360542011260986328e+02 2.380546720325946808e+02 2.000000000000000000e+00
4.789126300811767578e+02 2.321790155768394470e+02 4.752442073822021484e+02 2.310159292817115784e+02 4.723069763183593750e+02 2.291163325309753418e+02 2.000000000000000000e+00
4.671005535125732422e+02 2.341852109134197235e+02 4.635462379455566406e+02 2.331721951067447662e+02 4.608553218841552734e+02 2.312359008193016052e+02 2.000000000000000000e+00
4.849626159667968750e+02 2.377227171510457993e+02 4.812477493286132812e+02 2.368814543634653091e+02 4.783034420013427734e+02 2.347580565512180328e+02 2.000000000000000000e+00
4.485401058197021484e+02 2.472199863195419312e+02 4.450545978546142578e+02 2.463257449865341187e+02 4.424685382843017578e+02 2.439948123693466187e+02 2.000000000000000000e+00
4.959356689453125000e+02 2.426251680403947830e+02 4.922261047363281250e+02 2.415369721502065659e+02 4.892123413085937500e+02 2.392976531758904457e+02 2.000000000000000000e+00
4.947062492370605469e+02 2.307428124547004700e+02 4.892656326293945312e+02 2.305674433708190918e+02 4.855414199829101562e+02 2.287305745482444763e+02 2.000000000000000000e+00
