3.290573424100875854e+02 2.229262840747833252e+02 3.232663878798484802e+02 2.179668420553207397e+02 3.218597412109375000e+02 2.153677207231521606e+02 1.000000000000000000e+00
2.347994709014892578e+02 1.887324357032775879e+02 2.307456493377685547e+02 1.842378222942352295e+02 2.308700275421142578e+02 1.818997621536254883e+02 1.000000000000000000e+00
3.014161980152130127e+02 2.403845825325697660e+02 2.960528564453125000e+02 2.353754420578479767e+02 2.949411010742187500e+02 2.326809382438659668e+02 1.000000000000000000e+00
3.187767639011144638e+02 2.190514522790908813e+02 3.132318419218063354e+02 2.141812884807586670e+02 3.119686585664749146e+02 2.116415387392044067e+02 1.000000000000000000e+00
3.063842463493347168e+02 2.152752524614334106e+02 3.012847900390625000e+02 2.105001962184906006e+02 3.002978205680847168e+02 2.079849243164062500e+02 1.000000000000000000e+00
2.569677114486694336e+02 1.887410116195678711e+02 2.526048278808593750e+02 1.842062973976135254e+02 2.525932598114013672e+02 1.819119215011596680e+02 1.000000000000000000e+00
3.072060847282409668e+02 2.436365968734025955e+02 3.016329646110534668e+02 2.383616637066006660e+02 3.002627563476562500e+02 2.352569273114204407e+02 1.000000000000000000e+00
3.063905334472656250e+02 2.395650176703929901e+02 3.009984123706817627e+02 2.345137631893157959e+02 2.998895859718322754e+02 2.318628385663032532e+02 1.000000000000000000e+00
3.346763610839843750e+02 2.196837455034255981e+02 3.286275941133499146e+02 2.147486400604248047e+02 3.271163940429687500e+02 2.121271187067031860e+02 1.000000000000000000e+00
2.996434330940246582e+02 2.342545773088932037e+02 2.943141770362854004e+02 2.291743308305740356e+02 2.933243107795715332e+02 2.265314322710037231e+02 1.000000000000000000e+00
3.208527527004480362e+02 2.237156814336776733e+02 3.152530822157859802e+02 2.187319779396057129e+02 3.138598018884658813e+02 2.162807142734527588e+02 1.000000000000000000e+00
3.223168945312500000e+02 2.193957352638244629e+02 3.165557861328125000e+02 2.145022720098495483e+02 3.151680296659469604e+02 2.120059043169021606e+02 1.000000000000000000e+00
2.357766723632812500e+02 1.974407780170440674e+02 2.317028903961181641e+02 1.928179764747619629e+02 2.318197154998779297e+02 1.905484449863433838e+02 1.000000000000000000e+00
3.221204224228858948e+02 2.282409051060676575e+02 3.164780882000923157e+02 2.231932067871093750e+02 3.152067258954048157e+02 2.205593401193618774e+02 1.000000000000000000e+00
3.258885192871093750e+02 2.280617979168891907e+02 3.202403869666159153e+02 2.229927206039428711e+02 3.188534850627183914e+02 2.203808891773223877e+02 1.000000000000000000e+00
3.261067199707031250e+02 2.194959712028503418e+02 3.203590087965130806e+02 2.145955950021743774e+02 3.188508605957031250e+02 2.121302622556686401e+02 1.000000000000000000e+00
2.998159170150756836e+02 2.300874629616737366e+02 2.945451664924621582e+02 2.250204455852508545e+02 2.935410761833190918e+02 2.225434863567352295e+02 1.000000000000000000e+00
3.394468080997467041e+02 2.195490717887878418e+02 3.333475959300994873e+02 2.145925891399383545e+02 3.317346191406250000e+02 2.119115889072418213e+02 1.000000000000000000e+00
2.126280498504638672e+02 2.159977555274963379e+02 2.081192588806152344e+02 2.108227372169494629e+02 2.080541324615478516e+02 2.081346416473388672e+02 1.000000000000000000e+00
3.246116334199905396e+02 2.320958706736564636e+02 3.190367126464843750e+02 2.268387901782989502e+02 3.177717590332031250e+02 2.240715175867080688e+02 1.000000000000000000e+00
2.034906768798828125e+02 2.100987535715103149e+02 1.994060802459716797e+02 2.052844977378845215e+02 1.996764087677001953e+02 2.028095376491546631e+02 1.000000000000000000e+00
3.186505126953125000e+02 2.286539760231971741e+02 3.130979615449905396e+02 2.235592031478881836e+02 3.118511962890625000e+02 2.209292435646057129e+02 1.000000000000000000e+00
3.296341556310653687e+02 2.195171499252319336e+02 3.237356263399124146e+02 2.146187120676040649e+02 3.223232117295265198e+02 2.120347738265991211e+02 1.000000000000000000e+00
2.696321105957031250e+02 2.277367696166038513e+02 2.639758586883544922e+02 2.228899830579757690e+02 2.627553415298461914e+02 2.205731338262557983e+02 1.000000000000000000e+00
2.897391343116760254e+02 2.038921952247619629e+02 2.848970341682434082e+02 1.992659282684326172e+02 2.843249201774597168e+02 1.968930351734161377e+02 1.000000000000000000e+00
2.469168853759765625e+02 2.270068350434303284e+02 2.416435098648071289e+02 2.222358995676040649e+02 2.406571054458618164e+02 2.197558128833770752e+02 1.000000000000000000e+00
2.832079458236694336e+02 2.187386155128479004e+02 2.778749704360961914e+02 2.140934747457504272e+02 2.767552471160888672e+02 2.116943657398223877e+02 1.000000000000000000e+00
2.569348764419555664e+02 1.976786935329437256e+02 2.525765085220336914e+02 1.931469404697418213e+02 2.525368022918701172e+02 1.908872187137603760e+02 1.000000000000000000e+00
2.983531188964843750e+02 1.913847005367279053e+02 2.935048508644104004e+02 1.869459056854248047e+02 2.928419804573059082e+02 1.847705197334289551e+02 1.000000000000000000e+00
2.087468433380126953e+02 2.155949538946151733e+02 2.043229675292968750e+02 2.104487282037734985e+02 2.042510986328125000e+02 2.076148045063018799e+02 1.000000000000000000e+00
3.213110351562500000e+02 1.775741672515869141e+02 3.156995847821235657e+02 1.732394957542419434e+02 3.143184810876846313e+02 1.712449121475219727e+02 1.000000000000000000e+00
2.704782390594482422e+02 2.244309997558593750e+02 2.648265361785888672e+02 2.196398913860321045e+02 2.636430025100708008e+02 2.172375941276550293e+02 1.000000000000000000e+00
3.023723447322845459e+02 2.173840159177780151e+02 2.972478938102722168e+02 2.126033610105514526e+02 2.963292241096496582e+02 2.101457351446151733e+02 1.000000000000000000e+00
2.911935734748840332e+02 1.906002795696258545e+02 2.864954519271850586e+02 1.862210369110107422e+02 2.859021306037902832e+02 1.841106247901916504e+02 1.000000000000000000e+00
2.601047945022583008e+02 2.196982419490814209e+02 2.545577239990234375e+02 2.149897760152816772e+02 2.536167001724243164e+02 2.125802904367446899e+02 1.000000000000000000e+00
1.945439147949218750e+02 1.865392291545867920e+02 1.906133556365966797e+02 1.817582380771636963e+02 1.912259006500244141e+02 1.793951368331909180e+02 1.000000000000000000e+00
3.381846928596496582e+02 2.140986013412475586e+02 3.319938051700592041e+02 2.093327307701110840e+02 3.301954960823059082e+02 2.069460439682006836e+02 1.000000000000000000e+00
2.489314413070678711e+02 1.936938285827636719e+02 2.445745086669921875e+02 1.891488146781921387e+02 2.445539236068725586e+02 1.868367576599121094e+02 1.000000000000000000e+00
3.324255371093750000e+02 1.976986813545227051e+02 3.263460081815719604e+02 1.930568218231201172e+02 3.249453735351562500e+02 1.910846829414367676e+02 1.000000000000000000e+00
2.452746438980102539e+02 1.936556231975555420e+02 2.407732534408569336e+02 1.891094648838043213e+02 2.408203268051147461e+02 1.867981553077697754e+02 1.000000000000000000e+00
3.101689147949218750e+02 1.913518345355987549e+02 3.047631525993347168e+02 1.867907381057739258e+02 3.038481748104095459e+02 1.845002102851867676e+02 1.000000000000000000e+00
2.833695673942565918e+02 2.247547745704650879e+02 2.778631877899169922e+02 2.199933153390884399e+02 2.765509653091430664e+02 2.175062245130538940e+02 1.000000000000000000e+00
3.042438960075378418e+02 1.746618032455444336e+02 2.988646245002746582e+02 1.703481745719909668e+02 2.978677678108215332e+02 1.684676957130432129e+02 1.000000000000000000e+00
3.226159974932670593e+02 2.140980970859527588e+02 3.166362610459327698e+02 2.093164050579071045e+02 3.152232664823532104e+02 2.068906402587890625e+02 1.000000000000000000e+00
1.992423057556152344e+02 1.996123194694519043e+02 1.953148746490478516e+02 1.946958446502685547e+02 1.959299468994140625e+02 1.924343526363372803e+02 1.000000000000000000e+00
2.024980258941650391e+02 1.903852808475494385e+02 1.985903739929199219e+02 1.854884755611419678e+02 1.992682456970214844e+02 1.832279956340789795e+02 1.000000000000000000e+00
2.047305774688720703e+02 2.062148129940032959e+02 2.008195590972900391e+02 2.014165341854095459e+02 2.013446521759033203e+02 1.991150951385498047e+02 1.000000000000000000e+00
2.023358631134033203e+02 1.968158841133117676e+02 1.984385395050048828e+02 1.919593799114227295e+02 1.990787792205810547e+02 1.896559882164001465e+02 1.000000000000000000e+00
3.042855226993560791e+02 1.941764509677886963e+02 2.987760925292968750e+02 1.896564745903015137e+02 2.976770925521850586e+02 1.874560046195983887e+02 1.000000000000000000e+00
2.990272831916809082e+02 2.267309108376502991e+02 2.937615036964416504e+02 2.218128043413162231e+02 2.928087449073791504e+02 2.194117122888565063e+02 1.000000000000000000e+00
2.951114487648010254e+02 2.204267263412475586e+02 2.896920466423034668e+02 2.156639689207077026e+02 2.888776230812072754e+02 2.132830184698104858e+02 1.000000000000000000e+00
2.808341979980468750e+02 2.224156183004379272e+02 2.754434823989868164e+02 2.176616191864013672e+02 2.742552185058593750e+02 2.153042435646057129e+02 1.000000000000000000e+00
2.903121018409729004e+02 2.255122670531272888e+02 2.847901916503906250e+02 2.206236255168914795e+02 2.836543273925781250e+02 2.181585520505905151e+02 1.000000000000000000e+00
2.695558452606201172e+02 2.316081082820892334e+02 2.638936138153076172e+02 2.266004016995429993e+02 2.626712322235107422e+02 2.241174763441085815e+02 1.000000000000000000e+00
1.974635601043701172e+02 1.900519394874572754e+02 1.935561847686767578e+02 1.851143932342529297e+02 1.942354679107666016e+02 1.827550613880157471e+02 1.000000000000000000e+00
2.299020385742187500e+02 2.201506036520004272e+02 2.254386901855468750e+02 2.153707712888717651e+02 2.251666545867919922e+02 2.129734486341476440e+02 1.000000000000000000e+00
3.289018553495407104e+02 1.864623248577117920e+02 3.231524354219436646e+02 1.819828748703002930e+02 3.218163147568702698e+02 1.800113654136657715e+02 1.000000000000000000e+00
3.145637208223342896e+02 1.764566302299499512e+02 3.091268920898437500e+02 1.721081542968750000e+02 3.077375185489654541e+02 1.701373386383056641e+02 1.000000000000000000e+00
2.417078256607055664e+02 1.945916104316711426e+02 2.375861167907714844e+02 1.900301778316497803e+02 2.376943016052246094e+02 1.877205169200897217e+02 1.000000000000000000e+00
4.396687030792236328e+02 2.458115239441394806e+02 4.338870906829833984e+02 2.403677215799689293e+02 4.327039241790771484e+02 2.375207365304231644e+02 2.000000000000000000e+00
5.117470359802246094e+02 2.719894731044769287e+02 5.052464103698730469e+02 2.662094432115554810e+02 5.034177970886230469e+02 2.631015336513519287e+02 2.000000000000000000e+00
5.197331047058105469e+02 2.710069584846496582e+02 5.131756591796875000e+02 2.652697455883026123e+02 5.113485145568847656e+02 2.621497195959091187e+02 2.000000000000000000e+00
5.120784378051757812e+02 2.660155034065246582e+02 5.055494499206542969e+02 2.602233284711837769e+02 5.037531852722167969e+02 2.570954900979995728e+02 2.000000000000000000e+00
5.236141967773437500e+02 2.710540795326232910e+02 5.169373130798339844e+02 2.653304457664489746e+02 5.151486778259277344e+02 2.621458142995834351e+02 2.000000000000000000e+00
4.742693233489990234e+02 2.426772766560316086e+02 4.681127929687500000e+02 2.372202453017234802e+02 4.665266418457031250e+02 2.343120570480823517e+02 2.000000000000000000e+00
5.081074523925781250e+02 2.476535645127296448e+02 5.016987991333007812e+02 2.419626007229089737e+02 4.997962760925292969e+02 2.388195647299289703e+02 2.000000000000000000e+00
4.705289363861083984e+02 2.426802521198987961e+02 4.644761657714843750e+02 2.372545469552278519e+02 4.629026222229003906e+02 2.343489530682563782e+02 2.000000000000000000e+00
4.845215225219726562e+02 2.611474013328552246e+02 4.782024288177490234e+02 2.554373323917388916e+02 4.764838600158691406e+02 2.523028421401977539e+02 2.000000000000000000e+00
5.072067260742187500e+02 2.630330210924148560e+02 5.006967735290527344e+02 2.572011119127273560e+02 4.989398193359375000e+02 2.541405496001243591e+02 2.000000000000000000e+00
4.490820598602294922e+02 2.640483105182647705e+02 4.432121276855468750e+02 2.583856219053268433e+02 4.417958068847656250e+02 2.552038121223449707e+02 2.000000000000000000e+00
5.051888847351074219e+02 2.535879063606262207e+02 4.987423515319824219e+02 2.478904420137405396e+02 4.969699668884277344e+02 2.446085053682327271e+02 2.000000000000000000e+00
4.972941398620605469e+02 2.582734072208404541e+02 4.908757019042968750e+02 2.524206697940826416e+02 4.891310691833496094e+02 2.493902894854545593e+02 2.000000000000000000e+00
5.140590858459472656e+02 2.610395210981369019e+02 5.075528907775878906e+02 2.552069091796875000e+02 5.057159423828125000e+02 2.520783394575119019e+02 2.000000000000000000e+00
4.345440673828125000e+02 2.494885101914405823e+02 4.287342548370361328e+02 2.439222259819507599e+02 4.276158428192138672e+02 2.411625366657972336e+02 2.000000000000000000e+00
4.932711791992187500e+02 2.583115249872207642e+02 4.869026184082031250e+02 2.524889838695526123e+02 4.851951408386230469e+02 2.494739082455635071e+02 2.000000000000000000e+00
4.679928874969482422e+02 2.609338992834091187e+02 4.618973445892333984e+02 2.553606122732162476e+02 4.605153560638427734e+02 2.521451121568679810e+02 2.000000000000000000e+00
5.217950439453125000e+02 2.649909675121307373e+02 5.152841186523437500e+02 2.592652899026870728e+02 5.134737014770507812e+02 2.561180734634399414e+02 2.000000000000000000e+00
4.855533409118652344e+02 2.553462070226669312e+02 4.792510414123535156e+02 2.495689398050308228e+02 4.776212215423583984e+02 2.466261599957942963e+02 2.000000000000000000e+00
4.476240253448486328e+02 2.527705389261245728e+02 4.419341182708740234e+02 2.474126440286636353e+02 4.406869792938232422e+02 2.444595341384410858e+02 2.000000000000000000e+00
5.022537231445312500e+02 2.562691050767898560e+02 4.958175468444824219e+02 2.503975680470466614e+02 4.940614318847656250e+02 2.473569948971271515e+02 2.000000000000000000e+00
4.542964839935302734e+02 2.583472001552581787e+02 4.484238338470458984e+02 2.527653202414512634e+02 4.471437072753906250e+02 2.496905216574668884e+02 2.000000000000000000e+00
4.873402214050292969e+02 2.660607004165649414e+02 4.809411621093750000e+02 2.603260821104049683e+02 4.791865539550781250e+02 2.571922928094863892e+02 2.000000000000000000e+00
5.022304153442382812e+02 2.630831319093704224e+02 4.957568168640136719e+02 2.572488409280776978e+02 4.940152931213378906e+02 2.541914829611778259e+02 2.000000000000000000e+00
5.217497634887695312e+02 2.561828935146331787e+02 5.152413940429687500e+02 2.504860085248947144e+02 5.133498001098632812e+02 2.473952794075012207e+02 2.000000000000000000e+00
4.504030513763427734e+02 2.467930452525615692e+02 4.446412944793701172e+02 2.414671021699905396e+02 4.433674907684326172e+02 2.385297546163201332e+02 2.000000000000000000e+00
4.624350643157958984e+02 2.592152416706085205e+02 4.564320087432861328e+02 2.535961461067199707e+02 4.550431537628173828e+02 2.504959264397621155e+02 2.000000000000000000e+00
5.031928443908691406e+02 2.495800477266311646e+02 4.967358207702636719e+02 2.439476166665554047e+02 4.949711036682128906e+02 2.407074433006346226e+02 2.000000000000000000e+00
4.894978904724121094e+02 2.515893253684043884e+02 4.832921218872070312e+02 2.460486759245395660e+02 4.815727615356445312e+02 2.429140321165323257e+02 2.000000000000000000e+00
5.092495536804199219e+02 2.561946415901184082e+02 5.027784729003906250e+02 2.503247532248497009e+02 5.009718704223632812e+02 2.472557070851325989e+02 2.000000000000000000e+00
4.710402870178222656e+02 2.658694159984588623e+02 4.647061157226562500e+02 2.603156143426895142e+02 4.630481910705566406e+02 2.570466309785842896e+02 2.000000000000000000e+00
5.208364868164062500e+02 2.610161447525024414e+02 5.143483924865722656e+02 2.552783364057540894e+02 5.125133132934570312e+02 2.521577310562133789e+02 2.000000000000000000e+00
5.217108726501464844e+02 2.462034152448177338e+02 5.151917076110839844e+02 2.404954528994858265e+02 5.132285881042480469e+02 2.374177549034357071e+02 2.000000000000000000e+00
