6.062688064575195312e+02 2.214058220386505127e+02 6.032623291015625000e+02 2.173622113466262817e+02 5.998345375061035156e+02 2.121683335304260254e+02 1.000000000000000000e+00
5.678188514709472656e+02 2.235786741971969604e+02 5.645052528381347656e+02 2.195943295955657959e+02 5.603740882873535156e+02 2.144331353902816772e+02 1.000000000000000000e+00
5.296532058715820312e+02 2.442658540606498718e+02 5.264885330200195312e+02 2.403275909554213285e+02 5.225042152404785156e+02 2.353246150910854340e+02 1.000000000000000000e+00
5.900261306762695312e+02 2.385345000028610229e+02 5.867576980590820312e+02 2.346927031874656677e+02 5.830388832092285156e+02 2.295670616626739502e+02 1.000000000000000000e+00
5.286236000061035156e+02 2.114971143007278442e+02 5.254835891723632812e+02 2.074828612804412842e+02 5.216049194335937500e+02 2.024062192440032959e+02 1.000000000000000000e+00
5.993059158325195312e+02 2.408413086645305157e+02 5.959546470642089844e+02 2.369015959650278091e+02 5.923643302917480469e+02 2.318555447459220886e+02 1.000000000000000000e+00
6.042919921875000000e+02 2.403615265153348446e+02 6.011494255065917969e+02 2.364160765707492828e+02 5.975239372253417969e+02 2.313480985164642334e+02 1.000000000000000000e+00
5.910853385925292969e+02 2.453252872824668884e+02 5.878334999084472656e+02 2.415158386901021004e+02 5.841195106506347656e+02 2.363845518976449966e+02 1.000000000000000000e+00
5.617384719848632812e+02 2.755847489833831787e+02 5.596022987365722656e+02 2.718057274818420410e+02 5.567758178710937500e+02 2.668481773138046265e+02 1.000000000000000000e+00
5.559117507934570312e+02 2.255017232894897461e+02 5.526306152343750000e+02 2.215955489873886108e+02 5.485211181640625000e+02 2.163640433549880981e+02 1.000000000000000000e+00
5.157849693298339844e+02 2.265741115808486938e+02 5.127165031433105469e+02 2.225795584917068481e+02 5.088537406921386719e+02 2.173472893238067627e+02 1.000000000000000000e+00
5.560981559753417969e+02 2.379833525419235229e+02 5.525925254821777344e+02 2.340340420603752136e+02 5.486466026306152344e+02 2.289651945233345032e+02 1.000000000000000000e+00
5.498306846618652344e+02 2.251452326774597168e+02 5.466470909118652344e+02 2.212591856718063354e+02 5.426194572448730469e+02 2.159538102149963379e+02 1.000000000000000000e+00
5.186836624145507812e+02 2.202214032411575317e+02 5.154905509948730469e+02 2.162793874740600586e+02 5.116035461425781250e+02 2.110313558578491211e+02 1.000000000000000000e+00
6.189099693298339844e+02 2.292593988776206970e+02 6.157742309570312500e+02 2.252045282721519470e+02 6.124304199218750000e+02 2.201273024082183838e+02 1.000000000000000000e+00
5.314453697204589844e+02 2.206106704473495483e+02 5.282450675964355469e+02 2.166681504249572754e+02 5.244285964965820312e+02 2.114667338132858276e+02 1.000000000000000000e+00
5.344894409179687500e+02 2.366006467491388321e+02 5.313133049011230469e+02 2.327339780330657959e+02 5.270900917053222656e+02 2.276917719841003418e+02 1.000000000000000000e+00
5.348748207092285156e+02 2.425606691837310791e+02 5.317348098754882812e+02 2.386299742385745049e+02 5.275032424926757812e+02 2.336723475158214569e+02 1.000000000000000000e+00
5.592502403259277344e+02 2.232185965776443481e+02 5.559062004089355469e+02 2.193401938676834106e+02 5.517484855651855469e+02 2.140686625242233276e+02 1.000000000000000000e+00
5.528687858581542969e+02 2.232655942440032959e+02 5.496068763732910156e+02 2.194091641902923584e+02 5.455535888671875000e+02 2.141493219137191772e+02 1.000000000000000000e+00
5.983043861389160156e+02 2.296689596772193909e+02 5.950924110412597656e+02 2.257053977251052856e+02 5.913356399536132812e+02 2.205379164218902588e+02 1.000000000000000000e+00
6.080834960937500000e+02 2.409361115097999573e+02 6.049483680725097656e+02 2.370060423016548157e+02 6.014343261718750000e+02 2.319327691197395325e+02 1.000000000000000000e+00
6.075687217712402344e+02 2.446906587481498718e+02 6.044207763671875000e+02 2.407413635775446892e+02 6.007576370239257812e+02 2.356761015951633453e+02 1.000000000000000000e+00
5.947918701171875000e+02 2.179002374410629272e+02 5.917459106445312500e+02 2.138523691892623901e+02 5.878477859497070312e+02 2.086005985736846924e+02 1.000000000000000000e+00
6.009060668945312500e+02 2.397699432307854295e+02 5.975993728637695312e+02 2.358309325575828552e+02 5.939414787292480469e+02 2.307549431920051575e+02 1.000000000000000000e+00
6.113026809692382812e+02 2.499152380228042603e+02 6.083870315551757812e+02 2.460013277828693390e+02 6.046651077270507812e+02 2.409358368627727032e+02 1.000000000000000000e+00
5.328281211853027344e+02 2.100683569908142090e+02 5.297490882873535156e+02 2.060957622528076172e+02 5.259945106506347656e+02 2.009440577030181885e+02 1.000000000000000000e+00
5.718733024597167969e+02 2.261323383450508118e+02 5.685208129882812500e+02 2.221594387292861938e+02 5.644369506835937500e+02 2.169516742229461670e+02 1.000000000000000000e+00
6.198655509948730469e+02 2.447123721241950989e+02 6.167858886718750000e+02 2.407198791950941086e+02 6.130615234375000000e+02 2.355996702611446381e+02 1.000000000000000000e+00
5.844743156433105469e+02 2.184000241756439209e+02 5.811951255798339844e+02 2.143250727653503418e+02 5.775689125061035156e+02 2.091344583034515381e+02 1.000000000000000000e+00
5.275934410095214844e+02 2.401373291155323386e+02 5.244329261779785156e+02 2.362666013091802597e+02 5.203967285156250000e+02 2.311722868680953979e+02 1.000000000000000000e+00
5.642546463012695312e+02 2.701890277862548828e+02 5.618372154235839844e+02 2.663513195514678955e+02 5.586959838867187500e+02 2.613405472040176392e+02 1.000000000000000000e+00
5.967761802673339844e+02 2.231811815500259399e+02 5.937663650512695312e+02 2.191524338722229004e+02 5.898783683776855469e+02 2.138686054944992065e+02 1.000000000000000000e+00
5.629003334045410156e+02 2.272182610630989075e+02 5.596536827087402344e+02 2.231439507007598877e+02 5.555131340026855469e+02 2.181000512838363647e+02 1.000000000000000000e+00
5.540557861328125000e+02 2.278525230288505554e+02 5.507745933532714844e+02 2.239634853601455688e+02 5.467105674743652344e+02 2.188394916057586670e+02 1.000000000000000000e+00
5.589721107482910156e+02 2.271414023637771606e+02 5.556530761718750000e+02 2.231472766399383545e+02 5.515428543090820312e+02 2.180626505613327026e+02 1.000000000000000000e+00
5.814853477478027344e+02 2.151387315988540649e+02 5.782763099670410156e+02 2.110422813892364502e+02 5.746722984313964844e+02 2.058587622642517090e+02 1.000000000000000000e+00
6.014607620239257812e+02 2.453160099685192108e+02 5.981862258911132812e+02 2.413465729728341103e+02 5.945085525512695312e+02 2.363203275203704834e+02 1.000000000000000000e+00
5.199412345886230469e+02 2.150904375314712524e+02 5.167570304870605469e+02 2.110989671945571899e+02 5.129439163208007812e+02 2.058339965343475342e+02 1.000000000000000000e+00
5.223379516601562500e+02 2.273892357945442200e+02 5.191422080993652344e+02 2.234370875358581543e+02 5.151804924011230469e+02 2.182467645406723022e+02 1.000000000000000000e+00
6.172562217712402344e+02 2.288090506196022034e+02 6.141265296936035156e+02 2.247477722167968750e+02 6.107328605651855469e+02 2.196504199504852295e+02 1.000000000000000000e+00
6.146775627136230469e+02 2.440100862085819244e+02 6.116279983520507812e+02 2.400149993912782520e+02 6.080196571350097656e+02 2.349303585290908813e+02 1.000000000000000000e+00
6.169476890563964844e+02 2.499982461333274841e+02 6.137984657287597656e+02 2.459846958518028259e+02 6.100524902343750000e+02 2.408694000542163849e+02 1.000000000000000000e+00
5.606679725646972656e+02 2.246086120605468750e+02 5.573060989379882812e+02 2.206853020191192627e+02 5.530619621276855469e+02 2.154710376262664795e+02 1.000000000000000000e+00
4.120414733886718750e+02 3.229715895652770996e+02 4.130554485321044922e+02 3.198749113082885742e+02 4.134216976165771484e+02 3.155474925041198730e+02 2.000000000000000000e+00
4.863486099243164062e+02 3.273818135261535645e+02 4.870966148376464844e+02 3.243501305580139160e+02 4.875134086608886719e+02 3.199365305900573730e+02 2.000000000000000000e+00
5.161027336120605469e+02 2.970997953414916992e+02 5.170256423950195312e+02 2.938559603691101074e+02 5.174155235290527344e+02 2.896157240867614746e+02 2.000000000000000000e+00
4.025680828094482422e+02 3.001872611045837402e+02 4.034866333007812500e+02 2.970231056213378906e+02 4.038411617279052734e+02 2.927315104007720947e+02 2.000000000000000000e+00
4.904274559020996094e+02 3.050917983055114746e+02 4.912733268737792969e+02 3.019904208183288574e+02 4.916303062438964844e+02 2.976532030105590820e+02 2.000000000000000000e+00
5.100893974304199219e+02 3.022186946868896484e+02 5.110373306274414062e+02 2.990529799461364746e+02 5.113740348815917969e+02 2.947500622272491455e+02 2.000000000000000000e+00
4.917403602600097656e+02 2.966464555263519287e+02 4.926858520507812500e+02 2.935570406913757324e+02 4.930278587341308594e+02 2.892585468292236328e+02 2.000000000000000000e+00
4.841006851196289062e+02 2.984334146976470947e+02 4.850042533874511719e+02 2.953949618339538574e+02 4.853518676757812500e+02 2.910275602340698242e+02 2.000000000000000000e+00
5.020157241821289062e+02 3.047794532775878906e+02 5.029234313964843750e+02 3.016632413864135742e+02 5.032984352111816406e+02 2.973947775363922119e+02 2.000000000000000000e+00
4.522514629364013672e+02 2.997463095188140869e+02 4.532494831085205078e+02 2.966354691982269287e+02 4.538825416564941406e+02 2.924321615695953369e+02 2.000000000000000000e+00
4.199163246154785156e+02 3.197071909904479980e+02 4.207991981506347656e+02 3.164939904212951660e+02 4.212458801269531250e+02 3.122439622879028320e+02 2.000000000000000000e+00
4.921980285644531250e+02 3.279525160789489746e+02 4.929512023925781250e+02 3.249079656600952148e+02 4.934063529968261719e+02 3.205139780044555664e+02 2.000000000000000000e+00
5.002823257446289062e+02 3.306783771514892578e+02 5.009294128417968750e+02 3.275175547599792480e+02 5.014536476135253906e+02 3.231616258621215820e+02 2.000000000000000000e+00
3.866692829132080078e+02 2.740675663948059082e+02 3.875725698471069336e+02 2.708287990093231201e+02 3.879856252670288086e+02 2.667729198932647705e+02 2.000000000000000000e+00
5.029668998718261719e+02 2.991180467605590820e+02 5.039162254333496094e+02 2.960002791881561279e+02 5.042379570007324219e+02 2.916740441322326660e+02 2.000000000000000000e+00
4.965810012817382812e+02 3.079957008361816406e+02 4.974182701110839844e+02 3.048985004425048828e+02 4.977887344360351562e+02 3.005917382240295410e+02 2.000000000000000000e+00
4.852730178833007812e+02 2.909098219871520996e+02 4.862278747558593750e+02 2.878611481189727783e+02 4.865183448791503906e+02 2.834895050525665283e+02 2.000000000000000000e+00
4.758190059661865234e+02 3.353970694541931152e+02 4.769093608856201172e+02 3.323446369171142578e+02 4.773722839355468750e+02 3.278827857971191406e+02 2.000000000000000000e+00
4.219628334045410156e+02 2.989976835250854492e+02 4.229861164093017578e+02 2.960518527030944824e+02 4.232976055145263672e+02 2.916882956027984619e+02 2.000000000000000000e+00
4.070742511749267578e+02 3.132973694801330566e+02 4.080589962005615234e+02 3.102673101425170898e+02 4.083655738830566406e+02 3.057668781280517578e+02 2.000000000000000000e+00
5.097711563110351562e+02 3.186016559600830078e+02 5.106708335876464844e+02 3.155067801475524902e+02 5.110261535644531250e+02 3.113846468925476074e+02 2.000000000000000000e+00
5.083143997192382812e+02 3.138154935836791992e+02 5.092167472839355469e+02 3.107423472404479980e+02 5.095484733581542969e+02 3.065288758277893066e+02 2.000000000000000000e+00
4.159299659729003906e+02 2.986157548427581787e+02 4.168337154388427734e+02 2.955409276485443115e+02 4.172568035125732422e+02 2.913062167167663574e+02 2.000000000000000000e+00
4.147250366210937500e+02 3.065284466743469238e+02 4.156725788116455078e+02 3.035576820373535156e+02 4.160712337493896484e+02 2.991791725158691406e+02 2.000000000000000000e+00
4.053260803222656250e+02 3.163589787483215332e+02 4.063601398468017578e+02 3.133495831489562988e+02 4.066239356994628906e+02 3.088825106620788574e+02 2.000000000000000000e+00
5.048854064941406250e+02 3.230481290817260742e+02 5.057760429382324219e+02 3.199397635459899902e+02 5.061920738220214844e+02 3.156701731681823730e+02 2.000000000000000000e+00
5.006550407409667969e+02 2.964578890800476074e+02 5.015404319763183594e+02 2.933200085163116455e+02 5.019075393676757812e+02 2.890090656280517578e+02 2.000000000000000000e+00
4.979157447814941406e+02 2.978108847141265869e+02 4.989066123962402344e+02 2.946793556213378906e+02 4.992038345336914062e+02 2.903976166248321533e+02 2.000000000000000000e+00
5.040439224243164062e+02 3.203313016891479492e+02 5.049258804321289062e+02 3.172304749488830566e+02 5.053307914733886719e+02 3.129980778694152832e+02 2.000000000000000000e+00
4.480771160125732422e+02 3.002195763587951660e+02 4.490782165527343750e+02 2.970333266258239746e+02 4.495827007293701172e+02 2.928086578845977783e+02 2.000000000000000000e+00
4.126692867279052734e+02 2.963504040241241455e+02 4.135191059112548828e+02 2.932145118713378906e+02 4.139527320861816406e+02 2.889553248882293701e+02 2.000000000000000000e+00
