1.618823699653148651e+02 7.308219552040100098e+01 1.518237608671188354e+02 7.351647019386291504e+01 1.431141507625579834e+02 7.335269093513488770e+01 1.000000000000000000e+00
1.853794717788696289e+02 7.309472322463989258e+01 1.748591613769531250e+02 7.366564035415649414e+01 1.656429749727249146e+02 7.351313710212707520e+01 1.000000000000000000e+00
1.392209935188293457e+02 7.814028024673461914e+01 1.291171574592590332e+02 7.855100870132446289e+01 1.206579136848449707e+02 7.839097380638122559e+01 1.000000000000000000e+00
2.185176086425781250e+02 7.290835976600646973e+01 2.071717548370361328e+02 7.341956734657287598e+01 1.974111032485961914e+02 7.323649406433105469e+01 1.000000000000000000e+00
1.718511807918548584e+02 8.642386436462402344e+01 1.614529113471508026e+02 8.668147802352905273e+01 1.523948818445205688e+02 8.633958220481872559e+01 1.000000000000000000e+00
2.314305257797241211e+02 8.147777438163757324e+01 2.202659463882446289e+02 8.181542873382568359e+01 2.101004028320312500e+02 8.135617017745971680e+01 1.000000000000000000e+00
1.767073822021484375e+02 6.621847987174987793e+01 1.663860934972763062e+02 6.682795286178588867e+01 1.573600462079048157e+02 6.668694734573364258e+01 1.000000000000000000e+00
1.666880190372467041e+02 6.424473881721496582e+01 1.566097411513328552e+02 6.475206613540649414e+01 1.478278505802154541e+02 6.462447881698608398e+01 1.000000000000000000e+00
1.740968930721282959e+02 7.604114413261413574e+01 1.638442230224609375e+02 7.657474994659423828e+01 1.548431700468063354e+02 7.641612052917480469e+01 1.000000000000000000e+00
2.176532745361328125e+02 8.351116061210632324e+01 2.065022134780883789e+02 8.377657771110534668e+01 1.966199183464050293e+02 8.334325075149536133e+01 1.000000000000000000e+00
2.059383392333984375e+02 6.813821911811828613e+01 1.948021864891052246e+02 6.867809772491455078e+01 1.851813054084777832e+02 6.851381421089172363e+01 1.000000000000000000e+00
1.921654200553894043e+02 7.972761154174804688e+01 1.815630030632019043e+02 8.020688295364379883e+01 1.722525024414062500e+02 7.984309315681457520e+01 1.000000000000000000e+00
1.947442483901977539e+02 7.214725971221923828e+01 1.841100001335144043e+02 7.273152709007263184e+01 1.746609961986541748e+02 7.256890654563903809e+01 1.000000000000000000e+00
2.107658863067626953e+02 8.352042317390441895e+01 1.996571969985961914e+02 8.376573085784912109e+01 1.899101114273071289e+02 8.336512684822082520e+01 1.000000000000000000e+00
2.047585773468017578e+02 7.110445261001586914e+01 1.936393141746520996e+02 7.165183782577514648e+01 1.840124201774597168e+02 7.148434281349182129e+01 1.000000000000000000e+00
1.731748044490814209e+02 6.621108055114746094e+01 1.628858947753906250e+02 6.678087472915649414e+01 1.539030152559280396e+02 6.664816617965698242e+01 1.000000000000000000e+00
1.941095280647277832e+02 8.170289397239685059e+01 1.834884810447692871e+02 8.216800332069396973e+01 1.741259002685546875e+02 8.177998781204223633e+01 1.000000000000000000e+00
2.070871734619140625e+02 7.210548162460327148e+01 1.959459376335144043e+02 7.263383388519287109e+01 1.863023543357849121e+02 7.246025562286376953e+01 1.000000000000000000e+00
1.430946803092956543e+02 7.515002131462097168e+01 1.332984757423400879e+02 7.559508919715881348e+01 1.249038910865783691e+02 7.546908259391784668e+01 1.000000000000000000e+00
3.310021400451660156e+01 5.871379137039184570e+01 2.940832138061523438e+01 5.963320255279541016e+01 2.687196731567382812e+01 5.985980987548828125e+01 2.000000000000000000e+00
3.316157341003417969e+01 9.249386787414550781e+00 2.950421333312988281e+01 1.016789674758911133e+01 2.691660881042480469e+01 1.032832860946655273e+01 2.000000000000000000e+00
4.415550231933593750e+01 2.730947256088256836e+01 4.049013137817382812e+01 2.823808908462524414e+01 3.789593696594238281e+01 2.834918260574340820e+01 2.000000000000000000e+00
7.828873634338378906e+01 6.133069753646850586e+01 7.455788612365722656e+01 6.234237313270568848e+01 7.203949928283691406e+01 6.259455084800720215e+01 2.000000000000000000e+00
4.914451599121093750e+01 5.741973638534545898e+01 4.546994209289550781e+01 5.838002443313598633e+01 4.291676521301269531e+01 5.855223655700683594e+01 2.000000000000000000e+00
7.424099922180175781e+01 3.635581970214843750e+01 7.056270599365234375e+01 3.731868267059326172e+01 6.807478904724121094e+01 3.748872041702270508e+01 2.000000000000000000e+00
8.025632381439208984e+01 2.233803749084472656e+01 7.659249305725097656e+01 2.327674627304077148e+01 7.410563468933105469e+01 2.344554662704467773e+01 2.000000000000000000e+00
7.628945350646972656e+01 1.032058238983154297e+01 7.262389183044433594e+01 1.128386735916137695e+01 7.013827323913574219e+01 1.143922090530395508e+01 2.000000000000000000e+00
7.325963973999023438e+01 2.834550619125366211e+01 6.958448410034179688e+01 2.928481578826904297e+01 6.709646224975585938e+01 2.945910930633544922e+01 2.000000000000000000e+00
7.026393890380859375e+01 1.834118127822875977e+01 6.659651756286621094e+01 1.927389621734619141e+01 6.410589218139648438e+01 1.943215370178222656e+01 2.000000000000000000e+00
8.121341705322265625e+01 5.039216279983520508e+01 7.753170967102050781e+01 5.133411884307861328e+01 7.504567146301269531e+01 5.151173114776611328e+01 2.000000000000000000e+00
5.917439460754394531e+01 9.351117610931396484e+00 5.552531242370605469e+01 1.024710416793823242e+01 5.295944213867187500e+01 1.043048143386840820e+01 2.000000000000000000e+00
7.120934486389160156e+01 5.339270353317260742e+01 6.751888275146484375e+01 5.434936523437500000e+01 6.504525184631347656e+01 5.453229188919067383e+01 2.000000000000000000e+00
8.629190921783447266e+01 1.334488391876220703e+01 8.262680530548095703e+01 1.429799795150756836e+01 8.013285160064697266e+01 1.446002483367919922e+01 2.000000000000000000e+00
4.916928291320800781e+01 4.132067441940307617e+01 4.547666549682617188e+01 4.225263833999633789e+01 4.290487289428710938e+01 4.241015911102294922e+01 2.000000000000000000e+00
4.817048072814941406e+01 9.313566684722900391e+00 4.452697753906250000e+01 1.021349430084228516e+01 4.194415092468261719e+01 1.039353132247924805e+01 2.000000000000000000e+00
1.591327667236328125e+01 5.325166225433349609e+01 1.230329513549804688e+01 5.416378498077392578e+01 9.599275588989257812e+00 5.436318397521972656e+01 2.000000000000000000e+00
1.299546241760253906e+01 6.140474081039428711e+01 9.409389495849609375e+00 6.231285810470581055e+01 6.658115386962890625e+00 6.251495003700256348e+01 2.000000000000000000e+00
9.121549129486083984e+01 4.942486524581909180e+01 8.755171298980712891e+01 5.037238597869873047e+01 8.503467559814453125e+01 5.053896188735961914e+01 2.000000000000000000e+00
3.712972640991210938e+01 4.932010173797607422e+01 3.344395637512207031e+01 5.023579359054565430e+01 3.088124275207519531e+01 5.043922662734985352e+01 2.000000000000000000e+00
2.263792753219604492e+02 4.530086517333984375e+00 2.227416992187500000e+02 5.577628612518310547e+00 2.202796506881713867e+02 5.750420093536376953e+00 2.000000000000000000e+00
8.624606132507324219e+01 3.233920097351074219e+01 8.258504390716552734e+01 3.330702066421508789e+01 8.008454799652099609e+01 3.347888231277465820e+01 2.000000000000000000e+00
5.624990463256835938e+01 6.603729128837585449e+01 5.259064674377441406e+01 6.716448783874511719e+01 5.014061927795410156e+01 6.741737723350524902e+01 2.000000000000000000e+00
3.934087753295898438e+01 6.526563763618469238e+01 3.564265251159667969e+01 6.623302102088928223e+01 3.315666198730468750e+01 6.642974495887756348e+01 2.000000000000000000e+00
6.528318405151367188e+01 6.358664631843566895e+01 6.153930664062500000e+01 6.466197609901428223e+01 5.903473854064941406e+01 6.497477531433105469e+01 2.000000000000000000e+00
6.123000144958496094e+01 2.436408519744873047e+01 5.757285118103027344e+01 2.524480819702148438e+01 5.502364158630371094e+01 2.540551185607910156e+01 2.000000000000000000e+00
2.810647964477539062e+01 4.529286146163940430e+01 2.441267013549804688e+01 4.620144367218017578e+01 2.182670593261718750e+01 4.641888141632080078e+01 2.000000000000000000e+00
9.632784843444824219e+01 2.435932874679565430e+01 9.266334533691406250e+01 2.533723354339599609e+01 9.018267631530761719e+01 2.549936056137084961e+01 2.000000000000000000e+00
1.703636169433593750e+01 4.528737545013427734e+01 1.336134910583496094e+01 4.620043516159057617e+01 1.075140953063964844e+01 4.641066312789916992e+01 2.000000000000000000e+00
6.322622299194335938e+01 5.435666799545288086e+01 5.955979347229003906e+01 5.531672716140747070e+01 5.696834564208984375e+01 5.549061298370361328e+01 2.000000000000000000e+00
4.316065788269042969e+01 1.732149839401245117e+01 3.950934410095214844e+01 1.821753501892089844e+01 3.691427230834960938e+01 1.839848756790161133e+01 2.000000000000000000e+00
2.672498226165771484e+02 2.682888507843017578e+00 2.636662292480468750e+02 3.729557991027832031e+00 2.611582946777343750e+02 4.044728279113769531e+00 2.000000000000000000e+00
7.226658821105957031e+01 2.372589111328125000e+00 6.860909461975097656e+01 3.253262042999267578e+00 6.611467361450195312e+01 3.437783718109130859e+00 2.000000000000000000e+00
2.162745046615600586e+02 3.963443756103515625e+01 2.126454019546508789e+02 4.061543941497802734e+01 2.101437234878540039e+02 4.089953184127807617e+01 2.000000000000000000e+00
9.731091976165771484e+01 3.335287570953369141e+01 9.363089561462402344e+01 3.434552907943725586e+01 9.116996765136718750e+01 3.450694799423217773e+01 2.000000000000000000e+00
1.873218989372253418e+02 6.495444774627685547e+00 1.836700296401977539e+02 7.511801719665527344e+00 1.812041330337524414e+02 7.668864727020263672e+00 2.000000000000000000e+00
2.172472238540649414e+02 2.858018875122070312e+01 2.136474609375000000e+02 2.959490776062011719e+01 2.111740112304687500e+02 2.983053445816040039e+01 2.000000000000000000e+00
2.032874155044555664e+02 2.057539701461791992e+01 1.996417856216430664e+02 2.158554553985595703e+01 1.972024393081665039e+02 2.177789926528930664e+01 2.000000000000000000e+00
2.183381223678588867e+02 1.962762594223022461e+01 2.147113370895385742e+02 2.064986944198608398e+01 2.122525930404663086e+02 2.084808826446533203e+01 2.000000000000000000e+00
2.452824592590332031e+02 9.601221084594726562e+00 2.417119598388671875e+02 1.062911510467529297e+01 2.391878509521484375e+02 1.085130214691162109e+01 2.000000000000000000e+00
1.062249231338500977e+02 2.436628818511962891e+01 1.025704193115234375e+02 2.533556699752807617e+01 1.000682115554809570e+02 2.551697015762329102e+01 2.000000000000000000e+00
1.783305203914642334e+02 2.853356122970581055e+01 1.746823275089263916e+02 2.947830677032470703e+01 1.722254645824432373e+02 2.969902038574218750e+01 2.000000000000000000e+00
3.012439727783203125e+01 2.227535963058471680e+01 2.642539978027343750e+01 2.319070816040039062e+01 2.386507034301757812e+01 2.335414409637451172e+01 2.000000000000000000e+00
3.414278030395507812e+01 3.925260543823242188e+01 3.046102523803710938e+01 4.016288280487060547e+01 2.787750244140625000e+01 4.032473802566528320e+01 2.000000000000000000e+00
1.503550720214843750e+02 6.524541378021240234e+00 1.466581261157989502e+02 7.486760616302490234e+00 1.441800081729888916e+02 7.657270431518554688e+00 2.000000000000000000e+00
1.519139248132705688e+02 2.205271482467651367e+02 1.482793879508972168e+02 2.215475535392761230e+02 1.456938934326171875e+02 2.217080926895141602e+02 2.000000000000000000e+00
2.063307046890258789e+02 9.573554992675781250e+00 2.026486063003540039e+02 1.058888912200927734e+01 2.002527952194213867e+02 1.078747272491455078e+01 2.000000000000000000e+00
1.923257827758789062e+01 7.162299156188964844e+00 1.552304267883300781e+01 8.084235191345214844e+00 1.297816276550292969e+01 8.271253108978271484e+00 2.000000000000000000e+00
2.343138599395751953e+02 5.515458583831787109e+00 2.307169818878173828e+02 6.550312042236328125e+00 2.281788015365600586e+02 6.731915473937988281e+00 2.000000000000000000e+00
1.870586395263671875e+02 1.844872283935546875e+02 1.834139561653137207e+02 1.855156588554382324e+02 1.808829355239868164e+02 1.856771850585937500e+02 2.000000000000000000e+00
2.283419799804687500e+02 1.252779006958007812e+01 2.247282743453979492e+02 1.355715751647949219e+01 2.222430133819580078e+02 1.373548507690429688e+01 2.000000000000000000e+00
3.000061035156250000e+02 2.276396369934082031e+02 2.963545894622802734e+02 2.286158680915832520e+02 2.937580585479736328e+02 2.288112401962280273e+02 2.000000000000000000e+00
1.623495788872241974e+02 1.054863452911376953e+01 1.586869201064109802e+02 1.151111125946044922e+01 1.562202757596969604e+02 1.168766498565673828e+01 2.000000000000000000e+00
2.732767391204833984e+02 4.870883703231811523e+01 2.696015357971191406e+02 4.980037450790405273e+01 2.671558856964111328e+02 5.003134489059448242e+01 2.000000000000000000e+00
6.321593284606933594e+01 4.034956455230712891e+01 5.954065322875976562e+01 4.127617835998535156e+01 5.697915077209472656e+01 4.146759510040283203e+01 2.000000000000000000e+00
1.843154597282409668e+02 1.854779720306396484e+01 1.806881260871887207e+02 1.952834844589233398e+01 1.782143557071685791e+02 1.971294164657592773e+01 2.000000000000000000e+00
1.363039851188659668e+02 2.249663829803466797e+01 1.326570725440979004e+02 2.345333576202392578e+01 1.301957249641418457e+02 2.364313602447509766e+01 2.000000000000000000e+00
2.193541860580444336e+02 8.541584014892578125e+00 2.157072591781616211e+02 9.574427604675292969e+00 2.132585763931274414e+02 9.743843078613281250e+00 2.000000000000000000e+00
2.019615173339843750e+01 2.222572088241577148e+01 1.647392272949218750e+01 2.315927982330322266e+01 1.392245292663574219e+01 2.333255052566528320e+01 2.000000000000000000e+00
2.409206390380859375e+02 2.105797934532165527e+02 2.372327899932861328e+02 2.116150832176208496e+02 2.346369028091430664e+02 2.117824316024780273e+02 2.000000000000000000e+00
1.907233238220214844e+01 3.226060867309570312e+01 1.536652565002441406e+01 3.314880609512329102e+01 1.276114463806152344e+01 3.336127281188964844e+01 2.000000000000000000e+00
8.722063541412353516e+01 4.035851955413818359e+01 8.355927944183349609e+01 4.132557392120361328e+01 8.105594635009765625e+01 4.149380207061767578e+01 2.000000000000000000e+00
2.488123989105224609e+02 2.105895137786865234e+02 2.451361370086669922e+02 2.116262841224670410e+02 2.425463390350341797e+02 2.117714452743530273e+02 2.000000000000000000e+00
1.212824559211730957e+02 3.346979141235351562e+01 1.176216363906860352e+02 3.440272808074951172e+01 1.151690959930419922e+02 3.457990407943725586e+01 2.000000000000000000e+00
2.252865314483642578e+02 2.362640619277954102e+01 2.216623687744140625e+02 2.464694738388061523e+01 2.192120981216430664e+02 2.487653732299804688e+01 2.000000000000000000e+00
1.012213516235351562e+02 5.365419387817382812e+00 9.760052204132080078e+01 6.304743289947509766e+00 9.509254932403564453e+01 6.444840431213378906e+00 2.000000000000000000e+00
1.620664978027343750e+02 1.865307497978210449e+02 1.584205473959445953e+02 1.875343179702758789e+02 1.557731169462203979e+02 1.877072954177856445e+02 2.000000000000000000e+00
6.121445655822753906e+01 3.236123800277709961e+01 5.756030082702636719e+01 3.328180789947509766e+01 5.497668266296386719e+01 3.344503641128540039e+01 2.000000000000000000e+00
1.323085474967956543e+02 3.449594736099243164e+01 1.286537766456604004e+02 3.547058343887329102e+01 1.261777806282043457e+02 3.565589189529418945e+01 2.000000000000000000e+00
9.727362155914306641e+01 4.340333461761474609e+01 9.360723972320556641e+01 4.436598300933837891e+01 9.110466480255126953e+01 4.451851129531860352e+01 2.000000000000000000e+00
1.743507695198059082e+02 3.577823638916015625e+00 1.707181704044342041e+02 4.527733325958251953e+00 1.682098543643951416e+02 4.700660705566406250e+00 2.000000000000000000e+00
2.802438354492187500e+02 2.712213993072509766e+00 2.766467952728271484e+02 3.769948482513427734e+00 2.741072368621826172e+02 4.108743667602539062e+00 2.000000000000000000e+00
2.469326972961425781e+01 6.679993271827697754e+01 2.106811523437500000e+01 6.770218491554260254e+01 1.844659805297851562e+01 6.795934081077575684e+01 2.000000000000000000e+00
1.957755589485168457e+02 2.306221246719360352e+02 1.919757533073425293e+02 2.315661549568176270e+02 1.894727778434753418e+02 2.317753815650939941e+02 2.000000000000000000e+00
2.578087139129638672e+02 2.125757503509521484e+02 2.541589641571044922e+02 2.136182928085327148e+02 2.515291118621826172e+02 2.137605357170104980e+02 2.000000000000000000e+00
