1.497571754455566406e+02 5.053547859191894531e+01 1.557442092895507812e+02 5.300508499145507812e+01 1.603519153594970703e+02 5.441309452056884766e+01 3.000000000000000000e+00
3.568678593635559082e+02 4.528977441787719727e+02 3.624822378158569336e+02 4.553213596343994141e+02 3.668781757354736328e+02 4.565785360336303711e+02 3.000000000000000000e+00
4.248124980926513672e+02 4.619494485855102539e+02 4.303885555267333984e+02 4.643668985366821289e+02 4.348803138732910156e+02 4.655915880203247070e+02 3.000000000000000000e+00
4.173492431640625000e+02 2.767184472084045410e+02 4.229157733917236328e+02 2.791686737537384033e+02 4.272562313079833984e+02 2.804147350788116455e+02 3.000000000000000000e+00
4.369445514678955078e+02 2.267682945728302002e+02 4.375492000579833984e+02 2.285492393374443054e+02 4.370357990264892578e+02 2.292577663064002991e+02 2.000000000000000000e+00
3.858499765396118164e+02 4.578971385955810547e+02 3.915682697296142578e+02 4.603670454025268555e+02 3.959598112106323242e+02 4.616380691528320312e+02 3.000000000000000000e+00
3.551692509651184082e+02 4.494937419891357422e+01 3.608630084991455078e+02 4.739408969879150391e+01 3.653350210189819336e+02 4.867642879486083984e+01 3.000000000000000000e+00
1.565250015258789062e+02 1.976200067996978760e+02 1.517227935791015625e+02 1.977159261703491211e+02 1.446709823608398438e+02 1.966836369037628174e+02 1.000000000000000000e+00
7.663204193115234375e+01 2.244311052560806274e+02 7.260530471801757812e+01 2.254323720932006836e+02 6.645675659179687500e+01 2.254569393396377563e+02 1.000000000000000000e+00
3.719791269302368164e+02 4.630918407440185547e+02 3.775551748275756836e+02 4.654899644851684570e+02 3.820079374313354492e+02 4.666981887817382812e+02 3.000000000000000000e+00
1.425508880615234375e+02 2.094222843647003174e+02 1.373905944824218750e+02 2.097537660598754883e+02 1.299859809875488281e+02 2.093353700637817383e+02 1.000000000000000000e+00
3.898662710189819336e+02 4.648792505264282227e+02 3.955770587921142578e+02 4.673431491851806641e+02 3.999644470214843750e+02 4.685754776000976562e+02 3.000000000000000000e+00
3.867814016342163086e+02 4.688294219970703125e+02 3.925564575195312500e+02 4.712871837615966797e+02 3.969996023178100586e+02 4.725663614273071289e+02 3.000000000000000000e+00
4.238875770568847656e+02 4.670758438110351562e+02 4.294586849212646484e+02 4.694458436965942383e+02 4.339680767059326172e+02 4.706707906723022461e+02 3.000000000000000000e+00
7.642482757568359375e+01 2.060004544258117676e+02 7.038642883300781250e+01 2.066759634017944336e+02 6.200336456298828125e+01 2.061157679557800293e+02 1.000000000000000000e+00
4.179476356506347656e+02 2.388904875889420509e+02 4.186915588378906250e+02 2.409396057575941086e+02 4.180798339843750000e+02 2.419644775986671448e+02 2.000000000000000000e+00
2.191208934783935547e+02 6.259962558746337891e+01 2.248643207550048828e+02 6.504039287567138672e+01 2.292808818817138672e+02 6.645572662353515625e+01 3.000000000000000000e+00
4.060312175750732422e+02 4.400546407699584961e+02 4.115732479095458984e+02 4.424890851974487305e+02 4.160579872131347656e+02 4.436732625961303711e+02 3.000000000000000000e+00
4.129890441894531250e+02 4.509293889999389648e+02 4.185544490814208984e+02 4.534044885635375977e+02 4.230000591278076172e+02 4.546017837524414062e+02 3.000000000000000000e+00
1.387740135192871094e+02 1.965233445167541504e+02 1.335351753234863281e+02 1.966140890121459961e+02 1.260103034973144531e+02 1.956183278560638428e+02 1.000000000000000000e+00
3.911401081085205078e+02 3.461508822441101074e+02 3.966791391372680664e+02 3.484997606277465820e+02 4.011215877532958984e+02 3.498635601997375488e+02 3.000000000000000000e+00
3.798596525192260742e+02 4.579943990707397461e+02 3.855563068389892578e+02 4.604339361190795898e+02 3.899894714355468750e+02 4.616723442077636719e+02 3.000000000000000000e+00
2.481394481658935547e+02 2.878128075599670410e+02 2.536841869354248047e+02 2.901999521255493164e+02 2.580932617187500000e+02 2.915149569511413574e+02 3.000000000000000000e+00
3.427804255485534668e+02 4.679387998580932617e+02 3.484359145164489746e+02 4.703353643417358398e+02 3.529159235954284668e+02 4.716026115417480469e+02 3.000000000000000000e+00
1.625870323181152344e+02 1.957513403892517090e+02 1.577773857116699219e+02 1.958149838447570801e+02 1.506861686706542969e+02 1.947411918640136719e+02 1.000000000000000000e+00
4.029541015625000000e+02 4.678522825241088867e+02 4.085457134246826172e+02 4.703395843505859375e+02 4.130253028869628906e+02 4.716641950607299805e+02 3.000000000000000000e+00
4.179225826263427734e+02 4.549322319030761719e+02 4.234647560119628906e+02 4.573781919479370117e+02 4.279297828674316406e+02 4.585969305038452148e+02 3.000000000000000000e+00
3.438857126235961914e+02 4.529692125320434570e+02 3.494880366325378418e+02 4.554091644287109375e+02 3.537957763671875000e+02 4.565703535079956055e+02 3.000000000000000000e+00
4.119993019104003906e+02 4.558889865875244141e+02 4.175236225128173828e+02 4.583596372604370117e+02 4.219918537139892578e+02 4.596104907989501953e+02 3.000000000000000000e+00
4.432364845275878906e+02 2.708825075626373291e+02 4.435070228576660156e+02 2.728197026252746582e+02 4.424427509307861328e+02 2.736474931240081787e+02 2.000000000000000000e+00
3.358310854434967041e+02 4.699619007110595703e+02 3.414716196060180664e+02 4.723370790481567383e+02 3.460708618164062500e+02 4.735922670364379883e+02 3.000000000000000000e+00
1.698865222930908203e+02 7.351930618286132812e+01 1.757549571990966797e+02 7.597356319427490234e+01 1.802538394927978516e+02 7.739896774291992188e+01 3.000000000000000000e+00
4.287712764739990234e+02 4.569153499603271484e+02 4.343715858459472656e+02 4.593615818023681641e+02 4.388845825195312500e+02 4.605940389633178711e+02 3.000000000000000000e+00
3.659917020797729492e+02 3.703712940216064453e+01 3.717974567413330078e+02 3.944365024566650391e+01 3.763005399703979492e+02 4.067337512969970703e+01 3.000000000000000000e+00
2.420928812026977539e+02 2.868160414695739746e+02 2.476732158660888672e+02 2.891884803771972656e+02 2.520801687240600586e+02 2.904956066608428955e+02 3.000000000000000000e+00
3.978867816925048828e+02 4.568647813796997070e+02 4.035048866271972656e+02 4.593466901779174805e+02 4.078935909271240234e+02 4.606087446212768555e+02 3.000000000000000000e+00
1.847763061523437500e+02 4.740294599533081055e+02 1.903944206237792969e+02 4.763525533676147461e+02 1.948508548736572266e+02 4.775287055969238281e+02 3.000000000000000000e+00
4.309411334991455078e+02 2.505853736400604248e+02 4.319903278350830078e+02 2.524425968527793884e+02 4.318348407745361328e+02 2.532063451409339905e+02 2.000000000000000000e+00
7.171251296997070312e+01 1.954194474220275879e+02 6.558553695678710938e+01 1.959348893165588379e+02 5.712469100952148438e+01 1.952756631374359131e+02 1.000000000000000000e+00
4.069555664062500000e+02 4.569168806076049805e+02 4.125029277801513672e+02 4.593764448165893555e+02 4.170067787170410156e+02 4.606196165084838867e+02 3.000000000000000000e+00
3.812520170211791992e+02 3.461550951004028320e+02 3.866689157485961914e+02 3.485081505775451660e+02 3.911564970016479492e+02 3.498645973205566406e+02 3.000000000000000000e+00
4.059953975677490234e+02 4.618983221054077148e+02 4.115292358398437500e+02 4.643718051910400391e+02 4.160395526885986328e+02 4.656334304809570312e+02 3.000000000000000000e+00
4.799693298339843750e+02 2.513286897540092468e+02 4.814551162719726562e+02 2.533901524543762207e+02 4.814205932617187500e+02 2.541245278716087341e+02 2.000000000000000000e+00
2.019883251190185547e+02 9.371696949005126953e+01 2.077089214324951172e+02 9.618823528289794922e+01 2.121872711181640625e+02 9.761624336242675781e+01 3.000000000000000000e+00
3.808536386489868164e+02 4.698617649078369141e+02 3.865896606445312500e+02 4.723091268539428711e+02 3.910195636749267578e+02 4.735833549499511719e+02 3.000000000000000000e+00
5.607066154479980469e+02 2.563633739948272705e+02 5.614931678771972656e+02 2.587602549791336060e+02 5.617523765563964844e+02 2.607942205667495728e+02 2.000000000000000000e+00
5.134366989135742188e+01 1.962884795665740967e+02 4.497230529785156250e+01 1.968609595298767090e+02 3.623231887817382812e+01 1.962282693386077881e+02 1.000000000000000000e+00
4.028835487365722656e+02 4.439677476882934570e+02 4.084232234954833984e+02 4.464229202270507812e+02 4.129483699798583984e+02 4.476139354705810547e+02 3.000000000000000000e+00
4.100016784667968750e+02 4.649201202392578125e+02 4.155655193328857422e+02 4.673870944976806641e+02 4.200191402435302734e+02 4.686690473556518555e+02 3.000000000000000000e+00
3.330107724666595459e+02 4.099641752243041992e+02 3.386213076114654541e+02 4.123440599441528320e+02 3.430696415901184082e+02 4.135659027099609375e+02 3.000000000000000000e+00
4.229237365722656250e+02 4.528989744186401367e+02 4.284937763214111328e+02 4.553356504440307617e+02 4.329568481445312500e+02 4.566061162948608398e+02 3.000000000000000000e+00
3.517992258071899414e+02 4.679940605163574219e+02 3.573889160156250000e+02 4.703934431076049805e+02 3.618910551071166992e+02 4.716533946990966797e+02 3.000000000000000000e+00
1.522140312194824219e+02 1.993792998790740967e+02 1.471538925170898438e+02 1.995442020893096924e+02 1.398254585266113281e+02 1.985529148578643799e+02 1.000000000000000000e+00
4.019029235839843750e+02 4.310672092437744141e+02 4.074900531768798828e+02 4.335011100769042969e+02 4.118942260742187500e+02 4.346901369094848633e+02 3.000000000000000000e+00
5.122072219848632812e+02 2.788589787483215332e+02 5.127282714843750000e+02 2.810495030879974365e+02 5.120141601562500000e+02 2.819173908233642578e+02 2.000000000000000000e+00
2.532142162322998047e+02 2.908677685260772705e+02 2.587434053421020508e+02 2.932530534267425537e+02 2.631612253189086914e+02 2.945513319969177246e+02 3.000000000000000000e+00
4.060196590423583984e+02 4.499478292465209961e+02 4.115581703186035156e+02 4.524205398559570312e+02 4.160562133789062500e+02 4.536323118209838867e+02 3.000000000000000000e+00
5.059413146972656250e+02 2.659092718362808228e+02 5.069295310974121094e+02 2.680700397491455078e+02 5.066893386840820312e+02 2.690549021959304810e+02 2.000000000000000000e+00
1.643912029266357422e+02 2.033177769184112549e+02 1.596271705627441406e+02 2.035183560848236084e+02 1.526240730285644531e+02 2.025571131706237793e+02 1.000000000000000000e+00
3.669599008560180664e+02 4.620664501190185547e+02 3.725360727310180664e+02 4.644807529449462891e+02 3.770220041275024414e+02 4.657155275344848633e+02 3.000000000000000000e+00
5.164475822448730469e+02 2.818492770195007324e+02 5.169285392761230469e+02 2.840562772750854492e+02 5.162139892578125000e+02 2.850046098232269287e+02 2.000000000000000000e+00
3.948612070083618164e+02 4.658722972869873047e+02 4.005422115325927734e+02 4.683461380004882812e+02 4.049561500549316406e+02 4.696051168441772461e+02 3.000000000000000000e+00
5.185239219665527344e+02 2.707957184314727783e+02 5.189533042907714844e+02 2.726998615264892578e+02 5.181699943542480469e+02 2.734237074851989746e+02 2.000000000000000000e+00
6.138920974731445312e+02 1.604540061950683594e+02 6.196658325195312500e+02 1.627955460548400879e+02 6.241441154479980469e+02 1.640695452690124512e+02 3.000000000000000000e+00
3.811612844467163086e+02 3.259320116043090820e+02 3.866968679428100586e+02 3.283373737335205078e+02 3.911483478546142578e+02 3.295211219787597656e+02 3.000000000000000000e+00
5.260689163208007812e+02 2.698520529270172119e+02 5.262703323364257812e+02 2.717340409755706787e+02 5.252818679809570312e+02 2.723999047279357910e+02 2.000000000000000000e+00
6.080418777465820312e+02 1.014329338073730469e+02 6.137600135803222656e+02 1.037743520736694336e+02 6.182189369201660156e+02 1.050177240371704102e+02 3.000000000000000000e+00
3.340118408203125000e+02 4.029980564117431641e+02 3.396151733398437500e+02 4.053752231597900391e+02 3.440684819221496582e+02 4.066015720367431641e+02 3.000000000000000000e+00
4.478154659271240234e+02 2.505500337481498718e+02 4.493503475189208984e+02 2.524273386597633362e+02 4.493109130859375000e+02 2.532627877593040466e+02 2.000000000000000000e+00
4.230840778350830078e+02 4.169358015060424805e+02 4.286093807220458984e+02 4.193555116653442383e+02 4.330660724639892578e+02 4.206437730789184570e+02 3.000000000000000000e+00
1.874403381347656250e+02 2.205479729175567627e+02 1.852152824401855469e+02 2.213702076673507690e+02 1.807303905487060547e+02 2.209528344869613647e+02 1.000000000000000000e+00
3.920885610580444336e+02 3.259452867507934570e+02 3.976306152343750000e+02 3.283499193191528320e+02 4.021464538574218750e+02 3.295301556587219238e+02 3.000000000000000000e+00
3.538847041130065918e+02 4.489004659652709961e+02 3.595117497444152832e+02 4.513327074050903320e+02 3.638783264160156250e+02 4.525868368148803711e+02 3.000000000000000000e+00
1.587727355957031250e+02 5.754572868347167969e+01 1.647456169128417969e+02 6.000597953796386719e+01 1.693425273895263672e+02 6.138710975646972656e+01 3.000000000000000000e+00
7.358381271362304688e+01 2.012895047664642334e+02 6.747417449951171875e+01 2.018180215358734131e+02 5.907114028930664062e+01 2.012210512161254883e+02 1.000000000000000000e+00
1.719254875183105469e+02 6.851935386657714844e+01 1.777821063995361328e+02 7.096771717071533203e+01 1.822721576690673828e+02 7.241539478302001953e+01 3.000000000000000000e+00
3.309738767147064209e+02 3.521026968955993652e+02 3.364879155158996582e+02 3.544935393333435059e+02 3.409032297134399414e+02 3.555774021148681641e+02 3.000000000000000000e+00
3.770181608200073242e+02 4.459086370468139648e+02 3.825830698013305664e+02 4.483552980422973633e+02 3.868834829330444336e+02 4.495159721374511719e+02 3.000000000000000000e+00
1.565411949157714844e+02 2.040381145477294922e+02 1.517262268066406250e+02 2.043039393424987793e+02 1.446719169616699219e+02 2.034928429126739502e+02 1.000000000000000000e+00
1.010182952880859375e+02 7.651298046112060547e+01 1.068047142028808594e+02 7.895021438598632812e+01 1.114801597595214844e+02 8.051334857940673828e+01 3.000000000000000000e+00
4.939690208435058594e+02 2.370093841105699539e+02 4.953239822387695312e+02 2.391962890326976776e+02 4.954057312011718750e+02 2.400877075223252177e+02 2.000000000000000000e+00
5.987709999084472656e+02 4.129995489120483398e+02 6.044443321228027344e+02 4.155139017105102539e+02 6.088159751892089844e+02 4.168059825897216797e+02 3.000000000000000000e+00
3.959812307357788086e+02 4.150509166717529297e+02 4.015117835998535156e+02 4.174420595169067383e+02 4.059746074676513672e+02 4.187162303924560547e+02 3.000000000000000000e+00
5.423357009887695312e+01 2.031518089771270752e+02 4.788385391235351562e+01 2.037230980396270752e+02 3.920072555541992188e+01 2.031803584098815918e+02 1.000000000000000000e+00
5.836907958984375000e+02 4.509192609786987305e+02 5.893039512634277344e+02 4.534654712677001953e+02 5.938466262817382812e+02 4.547515439987182617e+02 3.000000000000000000e+00
5.101316261291503906e+02 2.717924201488494873e+02 5.107026672363281250e+02 2.736882340908050537e+02 5.100279617309570312e+02 2.743782377243041992e+02 2.000000000000000000e+00
4.260222148895263672e+02 4.090302228927612305e+02 4.316113567352294922e+02 4.114022970199584961e+02 4.360643291473388672e+02 4.126520490646362305e+02 3.000000000000000000e+00
3.989186716079711914e+02 4.628803539276123047e+02 4.045542907714843750e+02 4.653607320785522461e+02 4.089570617675781250e+02 4.666144895553588867e+02 3.000000000000000000e+00
4.608380126953125000e+02 3.960082769393920898e+02 4.665469074249267578e+02 3.984275293350219727e+02 4.708177852630615234e+02 3.997428131103515625e+02 3.000000000000000000e+00
6.107276725769042969e+02 3.832034397125244141e+02 6.164592933654785156e+02 3.856309032440185547e+02 6.209640502929687500e+02 3.869132709503173828e+02 3.000000000000000000e+00
5.114526939392089844e+02 2.652174085378646851e+02 5.122891235351562500e+02 2.673015457391738892e+02 5.118784523010253906e+02 2.682358717918395996e+02 2.000000000000000000e+00
4.311466979980468750e+02 2.437046205997467041e+02 4.320791912078857422e+02 2.455042576789855957e+02 4.318459510803222656e+02 2.462443850934505463e+02 2.000000000000000000e+00
4.638841247558593750e+02 4.318452215194702148e+02 4.694704914093017578e+02 4.343108081817626953e+02 4.739312744140625000e+02 4.356593370437622070e+02 3.000000000000000000e+00
3.749641752243041992e+02 4.278887701034545898e+02 3.806097412109375000e+02 4.303649997711181641e+02 3.849382352828979492e+02 4.316236639022827148e+02 3.000000000000000000e+00
5.418392944335937500e+02 2.717184448242187500e+02 5.421550941467285156e+02 2.739897465705871582e+02 5.413823890686035156e+02 2.749584352970123291e+02 2.000000000000000000e+00
4.578800106048583984e+02 2.505702674388885498e+02 4.592411804199218750e+02 2.523308113217353821e+02 4.593064594268798828e+02 2.533056190609931946e+02 2.000000000000000000e+00
1.457292366027832031e+02 2.002832937240600586e+02 1.405350685119628906e+02 2.004429745674133301e+02 1.330202674865722656e+02 1.995339167118072510e+02 1.000000000000000000e+00
4.039713478088378906e+02 3.980033969879150391e+02 4.095666790008544922e+02 4.004000616073608398e+02 4.140313148498535156e+02 4.016031646728515625e+02 3.000000000000000000e+00
4.437636756896972656e+02 2.397495727334171534e+02 4.447566509246826172e+02 2.415220948308706284e+02 4.446254920959472656e+02 2.423146974295377731e+02 2.000000000000000000e+00
7.778430938720703125e+01 2.332758633792400360e+02 7.442735671997070312e+01 2.349605709314346313e+02 6.912845611572265625e+01 2.359858547151088715e+02 1.000000000000000000e+00
4.997541236877441406e+02 4.709142923355102539e+02 5.053487205505371094e+02 4.733711099624633789e+02 5.097980308532714844e+02 4.747351455688476562e+02 3.000000000000000000e+00
1.466542053222656250e+02 2.048315405845642090e+02 1.414815521240234375e+02 2.051180398464202881e+02 1.340001678466796875e+02 2.044412827491760254e+02 1.000000000000000000e+00
5.271835327148437500e+02 2.528507709503173828e+01 5.328962516784667969e+02 2.764523506164550781e+01 5.374071693420410156e+02 2.890917778015136719e+01 3.000000000000000000e+00
3.840589618682861328e+02 3.839888334274291992e+02 3.896084308624267578e+02 3.863675880432128906e+02 3.941319274902343750e+02 3.876972484588623047e+02 3.000000000000000000e+00
4.089652442932128906e+02 3.989513683319091797e+02 4.145767498016357422e+02 4.013711643218994141e+02 4.190231037139892578e+02 4.025990438461303711e+02 3.000000000000000000e+00
4.890207290649414062e+02 2.551074081659317017e+02 4.904477882385253906e+02 2.571741646528244019e+02 4.903015136718750000e+02 2.579527598619461060e+02 2.000000000000000000e+00
3.710030221939086914e+02 4.581041622161865234e+02 3.765672922134399414e+02 4.604942178726196289e+02 3.809801054000854492e+02 4.617044162750244141e+02 3.000000000000000000e+00
4.118845558166503906e+02 4.320498132705688477e+02 4.175212383270263672e+02 4.344777345657348633e+02 4.218979835510253906e+02 4.357004499435424805e+02 3.000000000000000000e+00
6.026561927795410156e+02 4.530388355255126953e+02 6.083408164978027344e+02 4.555174970626831055e+02 6.128430175781250000e+02 4.568293619155883789e+02 3.000000000000000000e+00
5.658691978454589844e+02 3.660583591461181641e+02 5.715338134765625000e+02 3.685204553604125977e+02 5.759002113342285156e+02 3.697373771667480469e+02 3.000000000000000000e+00
4.872943878173828125e+01 1.866284930706024170e+02 4.221666336059570312e+01 1.871219158172607422e+02 3.335844039916992188e+01 1.863482165336608887e+02 1.000000000000000000e+00
4.070484638214111328e+02 4.709044933319091797e+02 4.126126766204833984e+02 4.733406829833984375e+02 4.170888710021972656e+02 4.746563816070556641e+02 3.000000000000000000e+00
2.257903766632080078e+02 4.679218912124633789e+02 2.314327049255371094e+02 4.702911758422851562e+02 2.357264232635498047e+02 4.715373659133911133e+02 3.000000000000000000e+00
3.328718876838684082e+02 4.479175472259521484e+02 3.384698796272277832e+02 4.503502321243286133e+02 3.426922917366027832e+02 4.516067075729370117e+02 3.000000000000000000e+00
3.968941640853881836e+02 4.300404167175292969e+02 4.024873352050781250e+02 4.324744033813476562e+02 4.068863201141357422e+02 4.336935853958129883e+02 3.000000000000000000e+00
6.410585403442382812e+01 1.953248727321624756e+02 5.784730911254882812e+01 1.958635246753692627e+02 4.925506591796875000e+01 1.952329552173614502e+02 1.000000000000000000e+00
3.960518503189086914e+02 4.070135879516601562e+02 4.016002845764160156e+02 4.093981647491455078e+02 4.061139869689941406e+02 4.106411504745483398e+02 3.000000000000000000e+00
4.224196815490722656e+02 2.423599091917276382e+02 4.233330440521240234e+02 2.442188264429569244e+02 4.228831768035888672e+02 2.451344606280326843e+02 2.000000000000000000e+00
6.186489868164062500e+02 3.970951080322265625e+02 6.243852615356445312e+02 3.995097398757934570e+02 6.289249229431152344e+02 4.008259391784667969e+02 3.000000000000000000e+00
4.180266094207763672e+02 4.249451637268066406e+02 4.235828590393066406e+02 4.273840141296386719e+02 4.280491924285888672e+02 4.286319351196289062e+02 3.000000000000000000e+00
1.778744983673095703e+02 5.463961601257324219e+01 1.837584018707275391e+02 5.707916736602783203e+01 1.882423114776611328e+02 5.845041275024414062e+01 3.000000000000000000e+00
3.760699176788330078e+02 3.809924125671386719e+02 3.816052246093750000e+02 3.833723831176757812e+02 3.860982990264892578e+02 3.846513175964355469e+02 3.000000000000000000e+00
3.839732694625854492e+02 4.010253381729125977e+02 3.894931030273437500e+02 4.034391546249389648e+02 3.938979816436767578e+02 4.046673345565795898e+02 3.000000000000000000e+00
1.631029796600341797e+02 2.199995416402816772e+02 1.606911182403564453e+02 2.205173027515411377e+02 1.554281044006347656e+02 2.201675856113433838e+02 1.000000000000000000e+00
5.069641494750976562e+02 2.816609501838684082e+02 5.076007461547851562e+02 2.838496112823486328e+02 5.068350601196289062e+02 2.847226881980895996e+02 2.000000000000000000e+00
3.207709045708179474e+02 4.680893039703369141e+02 3.264259642362594604e+02 4.704269886016845703e+02 3.311564338207244873e+02 4.716476011276245117e+02 3.000000000000000000e+00
4.212284278869628906e+02 2.319875791668891907e+02 4.218566322326660156e+02 2.340005184710025787e+02 4.211943054199218750e+02 2.349797362089157104e+02 2.000000000000000000e+00
4.129965209960937500e+02 4.199657964706420898e+02 4.185793495178222656e+02 4.223926162719726562e+02 4.229848003387451172e+02 4.236252164840698242e+02 3.000000000000000000e+00
3.790348196029663086e+02 3.869791316986083984e+02 3.845796203613281250e+02 3.893685007095336914e+02 3.891009521484375000e+02 3.907003211975097656e+02 3.000000000000000000e+00
3.200284118647687137e+02 3.650151443481445312e+02 3.255556946992874146e+02 3.673959445953369141e+02 3.300617682933807373e+02 3.685599803924560547e+02 3.000000000000000000e+00
2.749831533432006836e+02 4.218980741500854492e+02 2.805728149414062500e+02 4.242928934097290039e+02 2.849351501464843750e+02 4.255332469940185547e+02 3.000000000000000000e+00
4.317302227020263672e+02 2.387141112238168716e+02 4.325473308563232422e+02 2.405068817362189293e+02 4.319844722747802734e+02 2.412614899501204491e+02 2.000000000000000000e+00
5.856993484497070312e+02 4.249862194061279297e+02 5.915155601501464844e+02 4.275170660018920898e+02 5.958745765686035156e+02 4.288027811050415039e+02 3.000000000000000000e+00
5.976570510864257812e+02 4.680723094940185547e+02 6.032846641540527344e+02 4.705206441879272461e+02 6.078959465026855469e+02 4.717765617370605469e+02 3.000000000000000000e+00
2.710899639129638672e+02 4.038344478607177734e+02 2.766582918167114258e+02 4.062416839599609375e+02 2.810646057128906250e+02 4.074429702758789062e+02 3.000000000000000000e+00
4.369757747650146484e+02 3.829860591888427734e+02 4.426029682159423828e+02 3.854480409622192383e+02 4.469613075256347656e+02 3.866914129257202148e+02 3.000000000000000000e+00
2.653060913085937500e+02 2.909435749053955078e+02 2.707384634017944336e+02 2.933316385746002197e+02 2.751530122756958008e+02 2.944767487049102783e+02 3.000000000000000000e+00
2.378172111511230469e+02 4.709823989868164062e+02 2.434715557098388672e+02 4.733365058898925781e+02 2.477898836135864258e+02 4.745501232147216797e+02 3.000000000000000000e+00
6.029997062683105469e+02 7.749628543853759766e+01 6.087507438659667969e+02 7.985448360443115234e+01 6.131640052795410156e+02 8.109045982360839844e+01 3.000000000000000000e+00
6.660022735595703125e+01 1.765289425849914551e+02 6.022768020629882812e+01 1.766518807411193848e+02 5.137140274047851562e+01 1.757008051872253418e+02 1.000000000000000000e+00
5.468059730529785156e+02 4.001525402069091797e+02 5.524642372131347656e+02 4.026242494583129883e+02 5.569429969787597656e+02 4.039603328704833984e+02 3.000000000000000000e+00
3.979301452636718750e+02 4.430429220199584961e+02 4.034447002410888672e+02 4.454707717895507812e+02 4.079845905303955078e+02 4.467147016525268555e+02 3.000000000000000000e+00
4.627417659759521484e+02 2.436410828679800034e+02 4.641389179229736328e+02 2.454294589161872864e+02 4.643149471282958984e+02 2.462913362681865692e+02 2.000000000000000000e+00
1.469207954406738281e+02 1.755364680290222168e+02 1.416172981262207031e+02 1.753823661804199219e+02 1.341732025146484375e+02 1.740463042259216309e+02 1.000000000000000000e+00
4.962965774536132812e+02 2.581202101707458496e+02 4.975017738342285156e+02 2.601700758934020996e+02 4.973941612243652344e+02 2.609893816709518433e+02 2.000000000000000000e+00
5.618696975708007812e+02 3.481686758995056152e+02 5.675772094726562500e+02 3.505687308311462402e+02 5.719592857360839844e+02 3.518202853202819824e+02 3.000000000000000000e+00
4.168861389160156250e+02 4.639827632904052734e+02 4.224531841278076172e+02 4.664202117919921875e+02 4.269099712371826172e+02 4.676421260833740234e+02 3.000000000000000000e+00
6.079733848571777344e+02 1.393031859397888184e+02 6.137057495117187500e+02 1.417111301422119141e+02 6.180777549743652344e+02 1.429421925544738770e+02 3.000000000000000000e+00
4.139941692352294922e+02 3.929084300994873047e+02 4.195758724212646484e+02 3.953747892379760742e+02 4.240048885345458984e+02 3.966128683090209961e+02 3.000000000000000000e+00
3.019152522087097168e+02 4.419576501846313477e+02 3.075295710563659668e+02 4.443488931655883789e+02 3.118890076875686646e+02 4.456127357482910156e+02 3.000000000000000000e+00
3.901893949508666992e+02 3.350212168693542480e+02 3.956852436065673828e+02 3.374087262153625488e+02 4.001470088958740234e+02 3.385638785362243652e+02 3.000000000000000000e+00
2.178176212310791016e+02 4.608435773849487305e+02 2.234318828582763672e+02 4.632520866394042969e+02 2.277444171905517578e+02 4.644554185867309570e+02 3.000000000000000000e+00
3.738912343978881836e+02 4.699651622772216797e+02 3.796351623535156250e+02 4.723874330520629883e+02 3.840538024902343750e+02 4.736717319488525391e+02 3.000000000000000000e+00
5.728847694396972656e+02 3.880616283416748047e+02 5.785736656188964844e+02 3.904987907409667969e+02 5.829448890686035156e+02 3.917549800872802734e+02 3.000000000000000000e+00
5.996860313415527344e+02 3.901751232147216797e+02 6.054431724548339844e+02 3.926125288009643555e+02 6.100076293945312500e+02 3.938258743286132812e+02 3.000000000000000000e+00
3.851952219009399414e+02 3.431197285652160645e+02 3.906619882583618164e+02 3.454951500892639160e+02 3.951569223403930664e+02 3.468392086029052734e+02 3.000000000000000000e+00
5.586186599731445312e+02 4.679425191879272461e+02 5.643520545959472656e+02 4.704700469970703125e+02 5.688770866394042969e+02 4.717758607864379883e+02 3.000000000000000000e+00
4.987966728210449219e+02 4.430571126937866211e+02 5.045309829711914062e+02 4.455046749114990234e+02 5.088891601562500000e+02 4.466922426223754883e+02 3.000000000000000000e+00
6.006120109558105469e+02 4.470255517959594727e+02 6.062973594665527344e+02 4.495148706436157227e+02 6.108325767517089844e+02 4.508684206008911133e+02 3.000000000000000000e+00
1.451984596252441406e+02 1.831004762649536133e+02 1.398008155822753906e+02 1.830493140220642090e+02 1.321799659729003906e+02 1.818411219120025635e+02 1.000000000000000000e+00
2.491934061050415039e+02 5.670204162597656250e+01 2.549543619155883789e+02 5.919954299926757812e+01 2.593230581283569336e+02 6.045008182525634766e+01 3.000000000000000000e+00
5.578579139709472656e+02 2.713766813278198242e+02 5.582966423034667969e+02 2.736872863769531250e+02 5.573228836059570312e+02 2.749384474754333496e+02 2.000000000000000000e+00
4.467615032196044922e+02 4.511211061477661133e+02 4.524487304687500000e+02 4.535128641128540039e+02 4.567921447753906250e+02 4.547614860534667969e+02 3.000000000000000000e+00
3.058993220329284668e+02 4.449418401718139648e+02 3.115238952636718750e+02 4.473600625991821289e+02 3.158762511610984802e+02 4.486147212982177734e+02 3.000000000000000000e+00
6.107173538208007812e+02 3.882062101364135742e+02 6.164693641662597656e+02 3.906103563308715820e+02 6.209668540954589844e+02 3.918931961059570312e+02 3.000000000000000000e+00
4.750018310546875000e+02 2.514364627003669739e+02 4.765140724182128906e+02 2.533854684233665466e+02 4.764810848236083984e+02 2.541840067505836487e+02 2.000000000000000000e+00
6.125372886657714844e+02 4.198367643356323242e+02 6.182672119140625000e+02 4.223736047744750977e+02 6.229769897460937500e+02 4.238597488403320312e+02 3.000000000000000000e+00
3.478376770019531250e+02 4.710071897506713867e+02 3.533948373794555664e+02 4.733852005004882812e+02 3.579026794433593750e+02 4.746502876281738281e+02 3.000000000000000000e+00
8.411794662475585938e+01 1.823470580577850342e+02 7.776409149169921875e+01 1.824757039546966553e+02 6.921997070312500000e+01 1.815879642963409424e+02 1.000000000000000000e+00
4.197888469696044922e+02 4.710072469711303711e+02 4.253678894042968750e+02 4.733857870101928711e+02 4.298212337493896484e+02 4.746175289154052734e+02 3.000000000000000000e+00
5.908558464050292969e+02 3.151873183250427246e+02 5.966319656372070312e+02 3.175659513473510742e+02 6.009863853454589844e+02 3.187673377990722656e+02 3.000000000000000000e+00
4.069044208526611328e+02 4.320420312881469727e+02 4.125332069396972656e+02 4.344755029678344727e+02 4.169284343719482422e+02 4.356774330139160156e+02 3.000000000000000000e+00
5.637296104431152344e+02 4.549058675765991211e+02 5.694037437438964844e+02 4.574413919448852539e+02 5.738361167907714844e+02 4.587237596511840820e+02 3.000000000000000000e+00
3.680178833007812500e+02 3.928013134002685547e+02 3.735433959960937500e+02 3.952572154998779297e+02 3.779461050033569336e+02 3.966087770462036133e+02 3.000000000000000000e+00
4.538437557220458984e+02 4.298886251449584961e+02 4.594687175750732422e+02 4.323841667175292969e+02 4.639224243164062500e+02 4.336480808258056641e+02 3.000000000000000000e+00
1.255001258850097656e+02 1.818968939781188965e+02 1.196652603149414062e+02 1.818387866020202637e+02 1.118451499938964844e+02 1.807093620300292969e+02 1.000000000000000000e+00
5.559082603454589844e+02 3.401340079307556152e+02 5.615866088867187500e+02 3.425761127471923828e+02 5.659666252136230469e+02 3.438445758819580078e+02 3.000000000000000000e+00
3.310375976562500000e+02 3.690213346481323242e+02 3.365203249454498291e+02 3.714190149307250977e+02 3.409768080711364746e+02 3.727112817764282227e+02 3.000000000000000000e+00
5.667619132995605469e+02 4.160288143157958984e+02 5.724812126159667969e+02 4.185257005691528320e+02 5.768686485290527344e+02 4.197775983810424805e+02 3.000000000000000000e+00
1.937546348571777344e+02 4.740120649337768555e+02 1.993703460693359375e+02 4.763571882247924805e+02 2.038493824005126953e+02 4.775010538101196289e+02 3.000000000000000000e+00
3.042142331600189209e+02 5.281076431274414062e+01 3.100374752283096313e+02 5.524808406829833984e+01 3.143769532442092896e+02 5.656917572021484375e+01 3.000000000000000000e+00
1.604305362701416016e+02 2.088616919517517090e+02 1.556582832336425781e+02 2.092653644084930420e+02 1.486425781250000000e+02 2.084502840042114258e+02 1.000000000000000000e+00
3.450097346305847168e+02 4.459739828109741211e+02 3.505592656135559082e+02 4.483921909332275391e+02 3.548964238166809082e+02 4.495877122879028320e+02 3.000000000000000000e+00
2.950236821174621582e+02 3.949750757217407227e+02 3.005986940860748291e+02 3.973697233200073242e+02 3.049751579761505127e+02 3.986088323593139648e+02 3.000000000000000000e+00
5.887586784362792969e+02 4.129401397705078125e+02 5.945443153381347656e+02 4.154704999923706055e+02 5.988320350646972656e+02 4.167616939544677734e+02 3.000000000000000000e+00
4.830271720886230469e+02 3.910868883132934570e+02 4.885652732849121094e+02 3.934863996505737305e+02 4.929533767700195312e+02 3.947239208221435547e+02 3.000000000000000000e+00
3.980751037597656250e+02 3.819415712356567383e+02 4.036557674407958984e+02 3.843687772750854492e+02 4.081311035156250000e+02 3.856548786163330078e+02 3.000000000000000000e+00
4.818696975708007812e+02 2.561154180765151978e+02 4.833611106872558594e+02 2.582323014736175537e+02 4.832861328125000000e+02 2.589003306627273560e+02 2.000000000000000000e+00
3.840548086166381836e+02 3.060180687904357910e+02 3.897213745117187500e+02 3.084278011322021484e+02 3.941498708724975586e+02 3.096351027488708496e+02 3.000000000000000000e+00
4.648372173309326172e+02 4.709791946411132812e+02 4.704589843750000000e+02 4.734506320953369141e+02 4.749919128417968750e+02 4.747554731369018555e+02 3.000000000000000000e+00
4.880110168457031250e+02 3.950641822814941406e+02 4.935414505004882812e+02 3.974724197387695312e+02 4.979683494567871094e+02 3.987063646316528320e+02 3.000000000000000000e+00
5.967393875122070312e+02 4.040925407409667969e+02 6.024365234375000000e+02 4.065546083450317383e+02 6.068768882751464844e+02 4.077869653701782227e+02 3.000000000000000000e+00
1.397497749328613281e+02 2.012160158157348633e+02 1.345393562316894531e+02 2.013660550117492676e+02 1.270352363586425781e+02 2.005414545536041260e+02 1.000000000000000000e+00
3.679218769073486328e+02 4.007857131958007812e+02 3.734885883331298828e+02 4.032397842407226562e+02 3.779106473922729492e+02 4.045824337005615234e+02 3.000000000000000000e+00
3.548557448387145996e+02 4.438733339309692383e+02 3.604890155792236328e+02 4.462859058380126953e+02 3.648402118682861328e+02 4.475674295425415039e+02 3.000000000000000000e+00
4.729737854003906250e+02 4.499575281143188477e+02 4.786017513275146484e+02 4.524005842208862305e+02 4.829857254028320312e+02 4.537363958358764648e+02 3.000000000000000000e+00
3.349445497989654541e+02 3.479912495613098145e+02 3.404638361930847168e+02 3.504274320602416992e+02 3.449221801757812500e+02 3.515231108665466309e+02 3.000000000000000000e+00
1.633307456970214844e+02 1.851122546195983887e+02 1.584046173095703125e+02 1.850698363780975342e+02 1.509756660461425781e+02 1.838154566287994385e+02 1.000000000000000000e+00
4.519811439514160156e+02 2.660809028148651123e+02 4.522973060607910156e+02 2.680729383230209351e+02 4.511844539642333984e+02 2.688418900966644287e+02 2.000000000000000000e+00
4.347343444824218750e+02 4.741118860244750977e+02 4.403238868713378906e+02 4.764713573455810547e+02 4.449809932708740234e+02 4.776340484619140625e+02 3.000000000000000000e+00
6.080186271667480469e+02 7.949189186096191406e+01 6.137630653381347656e+02 8.184382438659667969e+01 6.181652259826660156e+02 8.309746742248535156e+01 3.000000000000000000e+00
2.289914989471435547e+02 4.159900188446044922e+01 2.347863006591796875e+02 4.412495613098144531e+01 2.392966175079345703e+02 4.543790817260742188e+01 3.000000000000000000e+00
1.127289199829101562e+02 4.624397706985473633e+02 1.183273696899414062e+02 4.649322652816772461e+02 1.228952217102050781e+02 4.662588930130004883e+02 3.000000000000000000e+00
6.080827713012695312e+02 6.542949199676513672e+01 6.137778282165527344e+02 6.777494430541992188e+01 6.179908561706542969e+02 6.893262863159179688e+01 3.000000000000000000e+00
2.298516082763671875e+02 4.619226121902465820e+02 2.354756259918212891e+02 4.642629146575927734e+02 2.397754001617431641e+02 4.654683351516723633e+02 3.000000000000000000e+00
6.200598716735839844e+02 6.537121295928955078e+01 6.257795524597167969e+02 6.772142887115478516e+01 6.300264930725097656e+02 6.881811618804931641e+01 3.000000000000000000e+00
2.549654388427734375e+02 4.107422876358032227e+02 2.605301189422607422e+02 4.131711530685424805e+02 2.649574565887451172e+02 4.144112062454223633e+02 3.000000000000000000e+00
5.933763504028320312e+01 2.002653622627258301e+02 5.296514511108398438e+01 2.008371269702911377e+02 4.425415039062500000e+01 2.002092576026916504e+02 1.000000000000000000e+00
4.667135620117187500e+02 2.669237691164016724e+02 4.674427509307861328e+02 2.690446490049362183e+02 4.655704402923583984e+02 2.699287730455398560e+02 2.000000000000000000e+00
2.440581178665161133e+02 4.257862329483032227e+02 2.495893383026123047e+02 4.281210708618164062e+02 2.540383434295654297e+02 4.294529485702514648e+02 3.000000000000000000e+00
6.666559219360351562e+01 1.712832140922546387e+02 6.102975845336914062e+01 1.713558483123779297e+02 5.302085876464843750e+01 1.703484034538269043e+02 1.000000000000000000e+00
3.831656217575073242e+02 3.319750714302062988e+02 3.886640024185180664e+02 3.343741822242736816e+02 3.931365060806274414e+02 3.355157804489135742e+02 3.000000000000000000e+00
5.678349685668945312e+02 3.770543575286865234e+02 5.735284423828125000e+02 3.794989156723022461e+02 5.779072952270507812e+02 3.807779073715209961e+02 3.000000000000000000e+00
4.200905513763427734e+02 4.429194402694702148e+02 4.256303691864013672e+02 4.453741836547851562e+02 4.300096130371093750e+02 4.465227127075195312e+02 3.000000000000000000e+00
3.870622253417968750e+02 3.890081834793090820e+02 3.926106882095336914e+02 3.914043903350830078e+02 3.971738910675048828e+02 3.927027654647827148e+02 3.000000000000000000e+00
5.419489860534667969e+02 3.551436209678649902e+02 5.475267410278320312e+02 3.576124334335327148e+02 5.520161819458007812e+02 3.588519358634948730e+02 3.000000000000000000e+00
5.014081192016601562e+02 2.739174520969390869e+02 5.022937583923339844e+02 2.761101400852203369e+02 5.017443656921386719e+02 2.769179713726043701e+02 2.000000000000000000e+00
3.820163869857788086e+02 4.450256395339965820e+02 3.875773000717163086e+02 4.474463653564453125e+02 3.919134855270385742e+02 4.486697816848754883e+02 3.000000000000000000e+00
6.563955307006835938e+01 1.811143755912780762e+02 5.922897338867187500e+01 1.814469730854034424e+02 5.038221359252929688e+01 1.805684781074523926e+02 1.000000000000000000e+00
6.039847373962402344e+02 7.047823905944824219e+01 6.097417068481445312e+02 7.283615112304687500e+01 6.141184806823730469e+02 7.405860900878906250e+01 3.000000000000000000e+00
3.979315519332885742e+02 4.479777288436889648e+02 4.034973812103271484e+02 4.504264926910400391e+02 4.079432106018066406e+02 4.516491794586181641e+02 3.000000000000000000e+00
5.838414955139160156e+02 3.970459985733032227e+02 5.895210647583007812e+02 3.995349168777465820e+02 5.939247512817382812e+02 4.008390569686889648e+02 3.000000000000000000e+00
2.839165949821472168e+02 4.369364118576049805e+02 2.896028137207031250e+02 4.393362522125244141e+02 2.939483642578125000e+02 4.405992794036865234e+02 3.000000000000000000e+00
5.489896965026855469e+02 2.597295856475830078e+02 5.493106651306152344e+02 2.619689351320266724e+02 5.483892250061035156e+02 2.629240429401397705e+02 2.000000000000000000e+00
5.927382850646972656e+02 3.931325769424438477e+02 5.984317016601562500e+02 3.956128692626953125e+02 6.029309082031250000e+02 3.968285322189331055e+02 3.000000000000000000e+00
5.782866859436035156e+02 5.653092384338378906e+01 5.839321899414062500e+02 5.884876728057861328e+01 5.882436561584472656e+02 6.009093761444091797e+01 3.000000000000000000e+00
1.797192096710205078e+02 4.730829048156738281e+02 1.853756046295166016e+02 4.753590488433837891e+02 1.899172496795654297e+02 4.765347146987915039e+02 3.000000000000000000e+00
1.515170860290527344e+02 2.048163878917694092e+02 1.464243316650390625e+02 2.051253497600555420e+02 1.390080833435058594e+02 2.044339263439178467e+02 1.000000000000000000e+00
5.607143020629882812e+02 4.628920698165893555e+02 5.664015007019042969e+02 4.654431009292602539e+02 5.708732986450195312e+02 4.667461681365966797e+02 3.000000000000000000e+00
4.730117797851562500e+01 2.000593078136444092e+02 4.095985412597656250e+01 2.007445514202117920e+02 3.221706390380859375e+01 2.001786160469055176e+02 1.000000000000000000e+00
6.006614494323730469e+02 4.011229276657104492e+02 6.064343261718750000e+02 4.036024618148803711e+02 6.108895301818847656e+02 4.047988986968994141e+02 3.000000000000000000e+00
5.607277870178222656e+02 2.423168487846851349e+02 5.611557579040527344e+02 2.446600954234600067e+02 5.603176307678222656e+02 2.457082369923591614e+02 2.000000000000000000e+00
3.901929044723510742e+02 3.401246094703674316e+02 3.956683683395385742e+02 3.424789166450500488e+02 4.001466083526611328e+02 3.438273382186889648e+02 3.000000000000000000e+00
4.617045307159423828e+02 2.669514173269271851e+02 4.622828102111816406e+02 2.690456557273864746e+02 4.609026813507080078e+02 2.699906319379806519e+02 2.000000000000000000e+00
5.174283409118652344e+02 2.773721623420715332e+02 5.178958702087402344e+02 2.794548368453979492e+02 5.172035026550292969e+02 2.803076183795928955e+02 2.000000000000000000e+00
2.240901947021484375e+02 5.260485649108886719e+01 2.298090934753417969e+02 5.511081218719482422e+01 2.342992401123046875e+02 5.640014648437500000e+01 3.000000000000000000e+00
5.547938919067382812e+02 4.001769447326660156e+02 5.604435539245605469e+02 4.026403856277465820e+02 5.649172973632812500e+02 4.039238691329956055e+02 3.000000000000000000e+00
6.080522537231445312e+02 1.204557180404663086e+02 6.137124061584472656e+02 1.228500437736511230e+02 6.181860923767089844e+02 1.239978790283203125e+02 3.000000000000000000e+00
5.057370948791503906e+02 4.689163684844970703e+02 5.113471031188964844e+02 4.713926553726196289e+02 5.157719230651855469e+02 4.727503108978271484e+02 3.000000000000000000e+00
5.941319656372070312e+02 6.152694225311279297e+01 5.998529052734375000e+02 6.388069152832031250e+01 6.042361450195312500e+02 6.497704982757568359e+01 3.000000000000000000e+00
2.178267478942871094e+02 3.947612714767456055e+02 2.234060955047607422e+02 3.971332168579101562e+02 2.280009174346923828e+02 3.984415340423583984e+02 3.000000000000000000e+00
5.777908897399902344e+02 3.840456676483154297e+02 5.835172080993652344e+02 3.864845323562622070e+02 5.878468132019042969e+02 3.877583456039428711e+02 3.000000000000000000e+00
4.867111587524414062e+02 2.728562021255493164e+02 4.874848747253417969e+02 2.750277435779571533e+02 4.867918777465820312e+02 2.758024013042449951e+02 2.000000000000000000e+00
3.810220336914062500e+02 4.309467315673828125e+02 3.866001892089843750e+02 4.333839225769042969e+02 3.909198617935180664e+02 4.346428585052490234e+02 3.000000000000000000e+00
5.617597007751464844e+02 4.200896644592285156e+02 5.674850463867187500e+02 4.225671815872192383e+02 5.719071769714355469e+02 4.238133573532104492e+02 3.000000000000000000e+00
4.940084648132324219e+02 2.314411461353302002e+02 4.953385734558105469e+02 2.334346309304237366e+02 4.954023170471191406e+02 2.342334285378456116e+02 2.000000000000000000e+00
8.280405044555664062e+01 2.236331784725189209e+02 7.868627548217773438e+01 2.244959861040115356e+02 7.250421524047851562e+01 2.245069724321365356e+02 1.000000000000000000e+00
4.938384056091308594e+02 2.678948986530303955e+02 4.948801040649414062e+02 2.700661039352416992e+02 4.944847106933593750e+02 2.708529388904571533e+02 2.000000000000000000e+00
1.739080333709716797e+02 6.152299404144287109e+01 1.797928428649902344e+02 6.395233154296875000e+01 1.842634391784667969e+02 6.543542861938476562e+01 3.000000000000000000e+00
2.359970378875732422e+02 2.827756369113922119e+02 2.416420125961303711e+02 2.851956510543823242e+02 2.460419750213623047e+02 2.864445197582244873e+02 3.000000000000000000e+00
3.770034170150756836e+02 3.740287828445434570e+02 3.825901508331298828e+02 3.763813591003417969e+02 3.871221637725830078e+02 3.777016067504882812e+02 3.000000000000000000e+00
5.526021766662597656e+02 2.472433018684387207e+02 5.530729484558105469e+02 2.495723578333854675e+02 5.523067092895507812e+02 2.506952825188636780e+02 2.000000000000000000e+00
4.030630207061767578e+02 4.099991226196289062e+02 4.085782814025878906e+02 4.124236536026000977e+02 4.130484962463378906e+02 4.136786556243896484e+02 3.000000000000000000e+00
1.546882438659667969e+02 4.227620029449462891e+02 1.604111480712890625e+02 4.251145362854003906e+02 1.647619915008544922e+02 4.264114809036254883e+02 3.000000000000000000e+00
1.830284690856933594e+02 3.357597827911376953e+01 1.888184356689453125e+02 3.600166797637939453e+01 1.933474731445312500e+02 3.734976768493652344e+01 3.000000000000000000e+00
5.936922073364257812e+01 1.953221261501312256e+02 5.298101425170898438e+01 1.958889734745025635e+02 4.426340103149414062e+01 1.952319931983947754e+02 1.000000000000000000e+00
4.080576801300048828e+02 4.149803924560546875e+02 4.135395240783691406e+02 4.174014329910278320e+02 4.179744625091552734e+02 4.186375236511230469e+02 3.000000000000000000e+00
4.791222286224365234e+02 3.722685813903808594e+01 4.848155021667480469e+02 3.958674430847167969e+01 4.894270896911621094e+02 4.092282772064208984e+01 3.000000000000000000e+00
5.264651489257812500e+02 2.625504165887832642e+02 5.266748619079589844e+02 2.645304572582244873e+02 5.258531570434570312e+02 2.652593404054641724e+02 2.000000000000000000e+00
4.950321388244628906e+02 2.461543732881546021e+02 4.963528823852539062e+02 2.481513825058937073e+02 4.963815879821777344e+02 2.491585698723793030e+02 2.000000000000000000e+00
2.047420215606689453e+02 4.670138025283813477e+02 2.103858184814453125e+02 4.693619155883789062e+02 2.149166393280029297e+02 4.706035280227661133e+02 3.000000000000000000e+00
3.749077749252319336e+02 3.988476276397705078e+02 3.804778766632080078e+02 4.012890958786010742e+02 3.848879384994506836e+02 4.025886583328247070e+02 3.000000000000000000e+00
5.015752601623535156e+02 2.590941470861434937e+02 5.026853370666503906e+02 2.611637896299362183e+02 5.025115966796875000e+02 2.620340895652770996e+02 2.000000000000000000e+00
5.298677444458007812e+02 3.989978456497192383e+02 5.355285072326660156e+02 4.014709568023681641e+02 5.400370597839355469e+02 4.027761983871459961e+02 3.000000000000000000e+00
3.899728107452392578e+02 4.439623832702636719e+02 3.954790639877319336e+02 4.464162683486938477e+02 3.999644470214843750e+02 4.476055097579956055e+02 3.000000000000000000e+00
2.178919219970703125e+02 3.638832521438598633e+02 2.235459613800048828e+02 3.662929773330688477e+02 2.279995250701904297e+02 3.675408983230590820e+02 3.000000000000000000e+00
6.106615638732910156e+02 4.021258592605590820e+02 6.164384269714355469e+02 4.045721197128295898e+02 6.209442710876464844e+02 4.058608531951904297e+02 3.000000000000000000e+00
3.981435871124267578e+02 3.930147743225097656e+02 4.036856079101562500e+02 3.954122114181518555e+02 4.081777381896972656e+02 3.966532087326049805e+02 3.000000000000000000e+00
6.060277748107910156e+02 8.844682216644287109e+01 6.117579460144042969e+02 9.082207202911376953e+01 6.161871910095214844e+02 9.212579727172851562e+01 3.000000000000000000e+00
2.779169607162475586e+02 4.288938331604003906e+02 2.835696721076965332e+02 4.313076925277709961e+02 2.879276728630065918e+02 4.325507354736328125e+02 3.000000000000000000e+00
2.087045288085937500e+02 4.729650735855102539e+02 2.143145275115966797e+02 4.753239011764526367e+02 2.188771820068359375e+02 4.766053247451782227e+02 3.000000000000000000e+00
3.810292959213256836e+02 4.259247779846191406e+02 3.865937805175781250e+02 4.283601236343383789e+02 3.908695983886718750e+02 4.296053266525268555e+02 3.000000000000000000e+00
2.999631953239440918e+02 4.159133720397949219e+02 3.054645073413848877e+02 4.183030843734741211e+02 3.099317622184753418e+02 4.195633649826049805e+02 3.000000000000000000e+00
3.030608212947845459e+02 3.809111738204956055e+02 3.085852050781250000e+02 3.833103990554809570e+02 3.129274290800094604e+02 3.845128583908081055e+02 3.000000000000000000e+00
4.079465961456298828e+02 3.889192914962768555e+02 4.135577106475830078e+02 3.913627338409423828e+02 4.180038452148437500e+02 3.925693130493164062e+02 3.000000000000000000e+00
6.178792190551757812e+02 1.534938025474548340e+02 6.236758995056152344e+02 1.558519220352172852e+02 6.281542396545410156e+02 1.570601177215576172e+02 3.000000000000000000e+00
2.147999572753906250e+02 4.749465465545654297e+02 2.203712749481201172e+02 4.773282909393310547e+02 2.248686981201171875e+02 4.785863399505615234e+02 3.000000000000000000e+00
4.129306030273437500e+02 3.869122695922851562e+02 4.185428810119628906e+02 3.893745231628417969e+02 4.229765605926513672e+02 3.905684852600097656e+02 3.000000000000000000e+00
1.588551521301269531e+02 8.965415954589843750e+01 1.646562480926513672e+02 9.211564064025878906e+01 1.692507743835449219e+02 9.340288639068603516e+01 3.000000000000000000e+00
2.720687532424926758e+02 4.719805097579956055e+02 2.774971008300781250e+02 4.743700075149536133e+02 2.819454026222229004e+02 4.756572675704956055e+02 3.000000000000000000e+00
6.216592979431152344e+02 4.229580831527709961e+02 6.274025917053222656e+02 4.254826211929321289e+02 6.319993972778320312e+02 4.268792152404785156e+02 3.000000000000000000e+00
4.538304138183593750e+02 4.249267959594726562e+02 4.594713783264160156e+02 4.273953294754028320e+02 4.639001178741455078e+02 4.286321496963500977e+02 3.000000000000000000e+00
6.169347572326660156e+02 1.774175977706909180e+02 6.227175903320312500e+02 1.798328948020935059e+02 6.271239089965820312e+02 1.809762847423553467e+02 3.000000000000000000e+00
4.646987056732177734e+02 3.727897167205810547e+01 4.702701759338378906e+02 3.963077545166015625e+01 4.748323345184326172e+02 4.100036144256591797e+01 3.000000000000000000e+00
2.920758652687072754e+02 3.899576425552368164e+02 2.976349186897277832e+02 3.923808431625366211e+02 3.020019829273223877e+02 3.935641622543334961e+02 3.000000000000000000e+00
4.437423992156982422e+02 4.570846652984619141e+02 4.494417476654052734e+02 4.594743204116821289e+02 4.537589454650878906e+02 4.607629537582397461e+02 3.000000000000000000e+00
5.777715492248535156e+02 3.291708111763000488e+02 5.835186195373535156e+02 3.315482211112976074e+02 5.879427528381347656e+02 3.327395653724670410e+02 3.000000000000000000e+00
4.858957862854003906e+02 4.089532613754272461e+02 4.915521240234375000e+02 4.114534950256347656e+02 4.959559059143066406e+02 4.127391815185546875e+02 3.000000000000000000e+00
5.529147911071777344e+02 3.621632766723632812e+02 5.585996055603027344e+02 3.645842599868774414e+02 5.630104446411132812e+02 3.658174180984497070e+02 3.000000000000000000e+00
1.511901283264160156e+02 3.844450950622558594e+01 1.568886375427246094e+02 4.095452785491943359e+01 1.614976596832275391e+02 4.230710506439208984e+01 3.000000000000000000e+00
5.757231521606445312e+02 4.209748077392578125e+02 5.815056228637695312e+02 4.234922218322753906e+02 5.858862876892089844e+02 4.247800683975219727e+02 3.000000000000000000e+00
5.995404624938964844e+02 4.590209484100341797e+02 6.052145385742187500e+02 4.614812994003295898e+02 6.098527908325195312e+02 4.627881574630737305e+02 3.000000000000000000e+00
1.268229484558105469e+02 3.117489981651306152e+02 1.325709152221679688e+02 3.140137052536010742e+02 1.370368576049804688e+02 3.153347182273864746e+02 3.000000000000000000e+00
4.210427570343017578e+02 4.100095653533935547e+02 4.266108131408691406e+02 4.124149847030639648e+02 4.310649394989013672e+02 4.136553668975830078e+02 3.000000000000000000e+00
1.948604106903076172e+02 3.937943744659423828e+02 2.004529571533203125e+02 3.961641597747802734e+02 2.048525524139404297e+02 3.974821186065673828e+02 3.000000000000000000e+00
5.827186393737792969e+02 4.310282421112060547e+02 5.884699821472167969e+02 4.335451412200927734e+02 5.928876304626464844e+02 4.348757743835449219e+02 3.000000000000000000e+00
4.279481506347656250e+02 3.829987621307373047e+02 4.335603332519531250e+02 3.854503011703491211e+02 4.379203796386718750e+02 3.866205883026123047e+02 3.000000000000000000e+00
3.999998807907104492e+02 4.229862785339355469e+02 4.055117511749267578e+02 4.254172754287719727e+02 4.099892616271972656e+02 4.266747236251831055e+02 3.000000000000000000e+00
4.099669837951660156e+02 4.249372100830078125e+02 4.155207538604736328e+02 4.273950290679931641e+02 4.199562358856201172e+02 4.286345958709716797e+02 3.000000000000000000e+00
6.146916007995605469e+02 3.931734752655029297e+02 6.204479408264160156e+02 3.955857324600219727e+02 6.249704551696777344e+02 3.969022607803344727e+02 3.000000000000000000e+00
4.959549522399902344e+02 4.080119991302490234e+02 5.015769767761230469e+02 4.105183553695678711e+02 5.060386085510253906e+02 4.116999292373657227e+02 3.000000000000000000e+00
3.900520944595336914e+02 4.379501438140869141e+02 3.955368947982788086e+02 4.404073333740234375e+02 4.000072383880615234e+02 4.416348695755004883e+02 3.000000000000000000e+00
5.612454223632812500e+02 2.517095491290092468e+02 5.618646812438964844e+02 2.541730356216430664e+02 5.618160438537597656e+02 2.556680148839950562e+02 2.000000000000000000e+00
4.374239540100097656e+02 2.505686500668525696e+02 4.386885738372802734e+02 2.524577799439430237e+02 4.385894203186035156e+02 2.532269293069839478e+02 2.000000000000000000e+00
1.778746604919433594e+02 4.858074188232421875e+01 1.837615013122558594e+02 5.103771686553955078e+01 1.882498645782470703e+02 5.241840362548828125e+01 3.000000000000000000e+00
5.567553710937500000e+02 4.151394796371459961e+02 5.624795532226562500e+02 4.176194000244140625e+02 5.669229698181152344e+02 4.188479948043823242e+02 3.000000000000000000e+00
5.818380165100097656e+02 3.880743169784545898e+02 5.875496864318847656e+02 3.905101060867309570e+02 5.918975830078125000e+02 3.917894411087036133e+02 3.000000000000000000e+00
6.077018737792968750e+01 1.810261666774749756e+02 5.427705764770507812e+01 1.814172935485839844e+02 4.543548583984375000e+01 1.805236029624938965e+02 1.000000000000000000e+00
4.655161476135253906e+02 2.535364848375320435e+02 4.670042419433593750e+02 2.553596663475036621e+02 4.671970844268798828e+02 2.562666320800781250e+02 2.000000000000000000e+00
5.327426147460937500e+02 4.639691877365112305e+02 5.383726882934570312e+02 4.664768457412719727e+02 5.428200149536132812e+02 4.676894330978393555e+02 3.000000000000000000e+00
1.037061119079589844e+02 4.624454784393310547e+02 1.092970848083496094e+02 4.648870325088500977e+02 1.137962913513183594e+02 4.662142181396484375e+02 3.000000000000000000e+00
3.041114807128906250e+02 1.989282131195068359e+01 3.099193108081817627e+02 2.233001232147216797e+01 3.142849731445312500e+02 2.357913494110107422e+01 3.000000000000000000e+00
5.108256912231445312e+02 4.290184164047241211e+02 5.164633750915527344e+02 4.314892101287841797e+02 5.209678459167480469e+02 4.327989292144775391e+02 3.000000000000000000e+00
5.179364013671875000e+02 3.810520362854003906e+02 5.235520744323730469e+02 3.835146188735961914e+02 5.280571937561035156e+02 3.846756362915039062e+02 3.000000000000000000e+00
3.609314584732055664e+02 4.650737714767456055e+02 3.665476989746093750e+02 4.674721240997314453e+02 3.709272146224975586e+02 4.686692333221435547e+02 3.000000000000000000e+00
2.639942026138305664e+02 4.137857151031494141e+02 2.696097421646118164e+02 4.162192726135253906e+02 2.739899873733520508e+02 4.174665069580078125e+02 3.000000000000000000e+00
2.268236637115478516e+02 4.258492183685302734e+02 2.324614715576171875e+02 4.282260847091674805e+02 2.368723011016845703e+02 4.295442295074462891e+02 3.000000000000000000e+00
5.828146362304687500e+02 3.820632076263427734e+02 5.885393714904785156e+02 3.844880390167236328e+02 5.928752517700195312e+02 3.857654142379760742e+02 3.000000000000000000e+00
3.719566965103149414e+02 4.338785791397094727e+02 3.775982379913330078e+02 4.363369274139404297e+02 3.819712543487548828e+02 4.376139020919799805e+02 3.000000000000000000e+00
4.342481422424316406e+02 4.239403152465820312e+02 4.396504497528076172e+02 4.263719272613525391e+02 4.441860961914062500e+02 4.276931905746459961e+02 3.000000000000000000e+00
6.130305290222167969e+02 7.650129318237304688e+01 6.187643432617187500e+02 7.886096477508544922e+01 6.231947708129882812e+02 8.008114814758300781e+01 3.000000000000000000e+00
1.949170398712158203e+02 4.178178834915161133e+02 2.005385875701904297e+02 4.201774406433105469e+02 2.050442314147949219e+02 4.214570045471191406e+02 3.000000000000000000e+00
3.910942411422729492e+02 4.000423622131347656e+02 3.966130971908569336e+02 4.024288129806518555e+02 4.010709571838378906e+02 4.036415147781372070e+02 3.000000000000000000e+00
6.219771194458007812e+02 1.814818382263183594e+02 6.277277183532714844e+02 1.838686645030975342e+02 6.322291946411132812e+02 1.850817239284515381e+02 3.000000000000000000e+00
5.358811759948730469e+02 4.140657806396484375e+02 5.415270996093750000e+02 4.165213680267333984e+02 5.458974075317382812e+02 4.176995086669921875e+02 3.000000000000000000e+00
4.340708351135253906e+02 4.059786128997802734e+02 4.396579265594482422e+02 4.083867931365966797e+02 4.440754413604736328e+02 4.095928430557250977e+02 3.000000000000000000e+00
3.451499342918395996e+02 3.588318514823913574e+02 3.507046198844909668e+02 3.612701225280761719e+02 3.549854445457458496e+02 3.625420045852661133e+02 3.000000000000000000e+00
3.770377826690673828e+02 4.409523725509643555e+02 3.825749826431274414e+02 4.434171581268310547e+02 3.868968534469604492e+02 4.446549797058105469e+02 3.000000000000000000e+00
4.120243263244628906e+02 4.119936275482177734e+02 4.175631141662597656e+02 4.144271993637084961e+02 4.220035457611083984e+02 4.156026077270507812e+02 3.000000000000000000e+00
2.849399709701538086e+02 4.218624114990234375e+02 2.905034780502319336e+02 4.242456436157226562e+02 2.949348449707031250e+02 4.255260372161865234e+02 3.000000000000000000e+00
3.908431100845336914e+02 4.569077253341674805e+02 3.965093994140625000e+02 4.593807792663574219e+02 4.008828163146972656e+02 4.606464099884033203e+02 3.000000000000000000e+00
3.420727849006652832e+02 4.399656486511230469e+02 3.475873422622680664e+02 4.423861169815063477e+02 3.519025278091430664e+02 4.436044692993164062e+02 3.000000000000000000e+00
6.056950759887695312e+02 3.902167367935180664e+02 6.114531326293945312e+02 3.926127147674560547e+02 6.159811401367187500e+02 3.938823652267456055e+02 3.000000000000000000e+00
5.054348182678222656e+02 4.329179763793945312e+01 5.110598182678222656e+02 4.560949802398681641e+01 5.153334426879882812e+02 4.694518089294433594e+01 3.000000000000000000e+00
5.047674560546875000e+02 4.748967647552490234e+02 5.103717041015625000e+02 4.773859691619873047e+02 5.147810173034667969e+02 4.787412214279174805e+02 3.000000000000000000e+00
4.130344581604003906e+02 4.039483737945556641e+02 4.185960102081298828e+02 4.063874244689941406e+02 4.230072689056396484e+02 4.076217985153198242e+02 3.000000000000000000e+00
4.139773273468017578e+02 4.400832080841064453e+02 4.195901203155517578e+02 4.425065660476684570e+02 4.239788532257080078e+02 4.436976671218872070e+02 3.000000000000000000e+00
1.226836585998535156e+02 4.358050060272216797e+02 1.283484840393066406e+02 4.381489706039428711e+02 1.328341293334960938e+02 4.394471883773803711e+02 3.000000000000000000e+00
6.141106605529785156e+02 6.647149085998535156e+01 6.197937583923339844e+02 6.880823135375976562e+01 6.240618324279785156e+02 6.993793487548828125e+01 3.000000000000000000e+00
5.588773155212402344e+02 3.630959558486938477e+02 5.645484733581542969e+02 3.655473947525024414e+02 5.689865112304687500e+02 3.667560482025146484e+02 3.000000000000000000e+00
6.046993446350097656e+02 3.761587572097778320e+02 6.104431152343750000e+02 3.786305952072143555e+02 6.150116539001464844e+02 3.798806905746459961e+02 3.000000000000000000e+00
2.909451889991760254e+02 4.238553857803344727e+02 2.964751577377319336e+02 4.262561416625976562e+02 3.009449768066406250e+02 4.275161790847778320e+02 3.000000000000000000e+00
4.399818420410156250e+02 4.359864950180053711e+02 4.455140399932861328e+02 4.384177923202514648e+02 4.499301147460937500e+02 4.396897745132446289e+02 3.000000000000000000e+00
5.947836303710937500e+02 3.580141997337341309e+02 6.005518913269042969e+02 3.604657030105590820e+02 6.049794960021972656e+02 3.618074655532836914e+02 3.000000000000000000e+00
4.149524879455566406e+02 3.819787359237670898e+02 4.205542659759521484e+02 3.844161415100097656e+02 4.249492549896240234e+02 3.855963277816772461e+02 3.000000000000000000e+00
1.688276481628417969e+02 4.007878160476684570e+02 1.744779777526855469e+02 4.031359577178955078e+02 1.788660717010498047e+02 4.044737291336059570e+02 3.000000000000000000e+00
6.096990966796875000e+02 3.112057828903198242e+02 6.154439735412597656e+02 3.136013817787170410e+02 6.199562454223632812e+02 3.148923039436340332e+02 3.000000000000000000e+00
5.727861404418945312e+02 3.770090103149414062e+02 5.785095787048339844e+02 3.794604921340942383e+02 5.828942298889160156e+02 3.807283687591552734e+02 3.000000000000000000e+00
1.758737659454345703e+02 4.018167257308959961e+02 1.815684509277343750e+02 4.041785717010498047e+02 1.859408664703369141e+02 4.055056858062744141e+02 3.000000000000000000e+00
3.859562063217163086e+02 4.480285692214965820e+02 3.915350341796875000e+02 4.504662036895751953e+02 3.958985280990600586e+02 4.516863584518432617e+02 3.000000000000000000e+00
5.506311607360839844e+02 4.689113044738769531e+02 5.563775634765625000e+02 4.714401054382324219e+02 5.609258460998535156e+02 4.727158355712890625e+02 3.000000000000000000e+00
3.119492489099502563e+02 4.438984823226928711e+02 3.175456543266773224e+02 4.463271903991699219e+02 3.219492493569850922e+02 4.475830793380737305e+02 3.000000000000000000e+00
5.467913246154785156e+02 3.431969976425170898e+02 5.524713706970214844e+02 3.456139612197875977e+02 5.569762039184570312e+02 3.468407678604125977e+02 3.000000000000000000e+00
2.568763113021850586e+02 4.559527158737182617e+02 2.625286531448364258e+02 4.582954502105712891e+02 2.668518352508544922e+02 4.596226644515991211e+02 3.000000000000000000e+00
4.409835815429687500e+02 4.309705924987792969e+02 4.465155982971191406e+02 4.334245777130126953e+02 4.509709453582763672e+02 4.346864748001098633e+02 3.000000000000000000e+00
3.260279846191406250e+02 3.660508775711059570e+02 3.315524601936340332e+02 3.684159278869628906e+02 3.359891057014465332e+02 3.696825313568115234e+02 3.000000000000000000e+00
4.649619197845458984e+02 4.418150424957275391e+02 4.704865169525146484e+02 4.442897987365722656e+02 4.749056434631347656e+02 4.456277561187744141e+02 3.000000000000000000e+00
4.321261882781982422e+02 4.139830112457275391e+02 4.376255226135253906e+02 4.163724803924560547e+02 4.421600341796875000e+02 4.176305580139160156e+02 3.000000000000000000e+00
3.546553349494934082e+02 4.628997659683227539e+02 3.603012084960937500e+02 4.653486728668212891e+02 3.647658395767211914e+02 4.666335010528564453e+02 3.000000000000000000e+00
1.797955608367919922e+02 3.977748441696166992e+02 1.854799747467041016e+02 4.001455450057983398e+02 1.899251651763916016e+02 4.015063619613647461e+02 3.000000000000000000e+00
5.976367187500000000e+02 4.740899419784545898e+02 6.032475662231445312e+02 4.765123701095581055e+02 6.079016685485839844e+02 4.777689313888549805e+02 3.000000000000000000e+00
6.219765663146972656e+02 4.851925849914550781e+01 6.277108764648437500e+02 5.089087486267089844e+01 6.320664787292480469e+02 5.207134723663330078e+01 3.000000000000000000e+00
5.660243034362792969e+02 7.729983329772949219e+01 5.716832923889160156e+02 7.966074943542480469e+01 5.762036705017089844e+02 8.076540470123291016e+01 3.000000000000000000e+00
5.686926841735839844e+02 4.519123363494873047e+02 5.743544960021972656e+02 4.544292068481445312e+02 5.788110923767089844e+02 4.557251071929931641e+02 3.000000000000000000e+00
2.669608163833618164e+02 3.607956647872924805e+02 2.726016235351562500e+02 3.633239221572875977e+02 2.771226167678833008e+02 3.645312023162841797e+02 3.000000000000000000e+00
5.827595901489257812e+02 4.030766057968139648e+02 5.884437942504882812e+02 4.055448675155639648e+02 5.928387451171875000e+02 4.068418407440185547e+02 3.000000000000000000e+00
4.558883380889892578e+02 3.940041875839233398e+02 4.616002845764160156e+02 3.964328098297119141e+02 4.658823585510253906e+02 3.977449750900268555e+02 3.000000000000000000e+00
1.767635154724121094e+02 4.608644771575927734e+02 1.824543857574462891e+02 4.632446765899658203e+02 1.867912578582763672e+02 4.644963169097900391e+02 3.000000000000000000e+00
6.080590820312500000e+02 1.094408512115478516e+02 6.137413978576660156e+02 1.117921400070190430e+02 6.182426834106445312e+02 1.130143404006958008e+02 3.000000000000000000e+00
2.549107217788696289e+02 4.640193271636962891e+02 2.605485820770263672e+02 4.663694858551025391e+02 2.649230623245239258e+02 4.676443290710449219e+02 3.000000000000000000e+00
4.937892150878906250e+02 4.688768434524536133e+02 4.993797874450683594e+02 4.713672637939453125e+02 5.038235282897949219e+02 4.726915740966796875e+02 3.000000000000000000e+00
1.186892127990722656e+02 4.428241682052612305e+02 1.243627166748046875e+02 4.451483917236328125e+02 1.288400840759277344e+02 4.465123128890991211e+02 3.000000000000000000e+00
2.519992351531982422e+02 4.067869377136230469e+02 2.575506877899169922e+02 4.091919279098510742e+02 2.619861745834350586e+02 4.104278039932250977e+02 3.000000000000000000e+00
3.850117206573486328e+02 3.770032739639282227e+02 3.905897521972656250e+02 3.793732309341430664e+02 3.950826740264892578e+02 3.806776142120361328e+02 3.000000000000000000e+00
2.489747476577758789e+02 3.639066839218139648e+02 2.546352529525756836e+02 3.662503051757812500e+02 2.590067434310913086e+02 3.674510908126831055e+02 3.000000000000000000e+00
5.218132972717285156e+02 4.659836196899414062e+02 5.273797035217285156e+02 4.685131072998046875e+02 5.317208290100097656e+02 4.697179985046386719e+02 3.000000000000000000e+00
5.638077354431152344e+02 3.830665969848632812e+02 5.695036125183105469e+02 3.855045890808105469e+02 5.738574218750000000e+02 3.867629098892211914e+02 3.000000000000000000e+00
5.697457313537597656e+02 4.200260782241821289e+02 5.754916381835937500e+02 4.224929666519165039e+02 5.798595619201660156e+02 4.237805843353271484e+02 3.000000000000000000e+00
5.496321487426757812e+02 2.433172456920146942e+02 5.501001548767089844e+02 2.456972050666809082e+02 5.493239784240722656e+02 2.467568819224834442e+02 2.000000000000000000e+00
5.666752433776855469e+02 4.658830404281616211e+02 5.723799514770507812e+02 4.684429693222045898e+02 5.768959426879882812e+02 4.697649621963500977e+02 3.000000000000000000e+00
2.879490661621093750e+02 4.109032058715820312e+02 2.935329580307006836e+02 4.132916021347045898e+02 2.978737473487854004e+02 4.145532989501953125e+02 3.000000000000000000e+00
3.870342111587524414e+02 4.309732103347778320e+02 3.925557565689086914e+02 4.333937215805053711e+02 3.968980121612548828e+02 4.346618700027465820e+02 3.000000000000000000e+00
4.458029842376708984e+02 4.670334005355834961e+02 4.514923095703125000e+02 4.694419097900390625e+02 4.558456420898437500e+02 4.707591962814331055e+02 3.000000000000000000e+00
3.132535094022750854e+02 4.481559276580810547e+01 3.190067138522863388e+02 4.725862026214599609e+01 3.233960875868797302e+02 4.854173183441162109e+01 3.000000000000000000e+00
3.228098756074905396e+02 4.389866781234741211e+02 3.284667664766311646e+02 4.414062881469726562e+02 3.327451479434967041e+02 4.426810741424560547e+02 3.000000000000000000e+00
5.877523803710937500e+02 4.050991916656494141e+02 5.934617996215820312e+02 4.075812435150146484e+02 5.978737258911132812e+02 4.088271903991699219e+02 3.000000000000000000e+00
1.979026794433593750e+02 4.128247117996215820e+02 2.034822368621826172e+02 4.151777172088623047e+02 2.079897117614746094e+02 4.164980506896972656e+02 3.000000000000000000e+00
4.509379577636718750e+02 3.959968614578247070e+02 4.566173458099365234e+02 3.984195613861083984e+02 4.610337257385253906e+02 3.997913932800292969e+02 3.000000000000000000e+00
6.077246665954589844e+02 4.089971351623535156e+02 6.134169960021972656e+02 4.114828920364379883e+02 6.179471397399902344e+02 4.128023099899291992e+02 3.000000000000000000e+00
4.657455444335937500e+02 2.397376251127570868e+02 4.669454097747802734e+02 2.414089356735348701e+02 4.673988342285156250e+02 2.422902832925319672e+02 2.000000000000000000e+00
4.199298763275146484e+02 3.889117813110351562e+02 4.255583477020263672e+02 3.913828468322753906e+02 4.299694252014160156e+02 3.926020860671997070e+02 3.000000000000000000e+00
