3.290615540742874146e+02 1.549387192726135254e+02 3.383848273754119873e+02 1.535328626632690430e+02 3.472226572036743164e+02 1.524107623100280762e+02 1.000000000000000000e+00
3.649569416046142578e+02 3.769717168807983398e+02 3.624074697494506836e+02 3.761724328994750977e+02 3.592587590217590332e+02 3.756600666046142578e+02 2.000000000000000000e+00
8.102239608764648438e+01 4.166224193572998047e+02 7.833354949951171875e+01 4.157566308975219727e+02 7.510301589965820312e+01 4.156229925155639648e+02 2.000000000000000000e+00
7.094240188598632812e+01 2.123611289262771606e+02 6.844518661499023438e+01 2.114061570167541504e+02 6.496858596801757812e+01 2.112720161676406860e+02 2.000000000000000000e+00
7.507732391357421875e+01 1.801927900314331055e+02 7.226526260375976562e+01 1.792789435386657715e+02 6.879882812500000000e+01 1.791050720214843750e+02 2.000000000000000000e+00
4.808584403991699219e+02 3.369749808311462402e+02 4.781597614288330078e+02 3.362959671020507812e+02 4.750202655792236328e+02 3.355710768699645996e+02 2.000000000000000000e+00
2.464522552490234375e+02 1.585491585731506348e+02 2.540084695816040039e+02 1.572889995574951172e+02 2.612111186981201172e+02 1.562436032295227051e+02 1.000000000000000000e+00
1.495747947692871094e+02 4.114296340942382812e+02 1.469507217407226562e+02 4.106392335891723633e+02 1.437463378906250000e+02 4.103881359100341797e+02 2.000000000000000000e+00
7.792448043823242188e+01 4.297273921966552734e+02 7.522180557250976562e+01 4.286919021606445312e+02 7.207082748413085938e+01 4.286242532730102539e+02 2.000000000000000000e+00
1.378097724914550781e+02 2.146640467643737793e+02 1.352106475830078125e+02 2.137901294231414795e+02 1.318951416015625000e+02 2.135225361585617065e+02 2.000000000000000000e+00
7.359592437744140625e+01 4.629125833511352539e+02 7.091167449951171875e+01 4.620804548263549805e+02 6.775421142578125000e+01 4.619258594512939453e+02 2.000000000000000000e+00
3.126520156860351562e+01 4.337027978897094727e+02 2.865854263305664062e+01 4.328387260437011719e+02 2.541946411132812500e+01 4.328082418441772461e+02 2.000000000000000000e+00
2.718605041503906250e+02 3.870616865158081055e+02 2.693139028549194336e+02 3.861865568161010742e+02 2.661471223831176758e+02 3.858315467834472656e+02 2.000000000000000000e+00
6.151123046875000000e+01 4.377769947052001953e+02 5.888969421386718750e+01 4.369272565841674805e+02 5.573495864868164062e+01 4.368167781829833984e+02 2.000000000000000000e+00
3.635311126708984375e+01 4.236653566360473633e+02 3.376825332641601562e+01 4.227786970138549805e+02 3.053575515747070312e+01 4.227505016326904297e+02 2.000000000000000000e+00
1.091662406921386719e+02 4.384963130950927734e+02 1.064337921142578125e+02 4.377589845657348633e+02 1.032958030700683594e+02 4.375696849822998047e+02 2.000000000000000000e+00
1.432371520996093750e+02 2.615990298986434937e+02 1.406352043151855469e+02 2.607020276784896851e+02 1.372667121887207031e+02 2.604767775535583496e+02 2.000000000000000000e+00
1.272936439514160156e+02 4.447648429870605469e+02 1.246059226989746094e+02 4.437755298614501953e+02 1.214183235168457031e+02 4.436829328536987305e+02 2.000000000000000000e+00
8.571550369262695312e+01 4.658556604385375977e+02 8.298097610473632812e+01 4.650110006332397461e+02 7.985231399536132812e+01 4.649117803573608398e+02 2.000000000000000000e+00
4.885818481445312500e+02 3.789750480651855469e+02 4.860421752929687500e+02 3.781576967239379883e+02 4.829328346252441406e+02 3.774502658843994141e+02 2.000000000000000000e+00
7.391347885131835938e+01 4.075121498107910156e+02 7.124357223510742188e+01 4.066808795928955078e+02 6.798736572265625000e+01 4.065656232833862305e+02 2.000000000000000000e+00
5.730890274047851562e+01 4.457877016067504883e+02 5.469120025634765625e+01 4.449605226516723633e+02 5.153913497924804688e+01 4.448234939575195312e+02 2.000000000000000000e+00
2.404407501220703125e+02 1.918164646625518799e+02 2.484449434280395508e+02 1.906587946414947510e+02 2.559109354019165039e+02 1.899370694160461426e+02 1.000000000000000000e+00
9.103727340698242188e+01 4.056305694580078125e+02 8.843023300170898438e+01 4.047261428833007812e+02 8.521837234497070312e+01 4.045835924148559570e+02 2.000000000000000000e+00
4.442451477050781250e+01 4.357398176193237305e+02 4.170877456665039062e+01 4.348935413360595703e+02 3.850263595581054688e+01 4.348958873748779297e+02 2.000000000000000000e+00
1.313637161254882812e+02 2.636110854148864746e+02 1.287410926818847656e+02 2.626602190732955933e+02 1.254202461242675781e+02 2.624358540773391724e+02 2.000000000000000000e+00
1.423102188110351562e+02 2.466244509816169739e+02 1.396530914306640625e+02 2.457400667667388916e+02 1.363026046752929688e+02 2.454478611052036285e+02 2.000000000000000000e+00
1.324740028381347656e+02 4.085844755172729492e+02 1.297790718078613281e+02 4.076908349990844727e+02 1.265347290039062500e+02 4.075785255432128906e+02 2.000000000000000000e+00
1.022123908996582031e+02 4.794198417663574219e+02 9.930391311645507812e+01 4.785629081726074219e+02 9.620668411254882812e+01 4.784311294555664062e+02 2.000000000000000000e+00
2.817983698844909668e+02 3.900336742401123047e+02 2.792530202865600586e+02 3.891951370239257812e+02 2.761429738998413086e+02 3.887962961196899414e+02 2.000000000000000000e+00
2.239631748199462891e+02 1.583345746994018555e+02 2.318145847320556641e+02 1.569521284103393555e+02 2.390833377838134766e+02 1.561875128746032715e+02 1.000000000000000000e+00
6.250213623046875000e+01 1.812910437583923340e+02 6.011096954345703125e+01 1.802719545364379883e+02 5.585004806518554688e+01 1.801727879047393799e+02 2.000000000000000000e+00
1.052534294128417969e+02 4.164692831039428711e+02 1.025251197814941406e+02 4.155920791625976562e+02 9.936676025390625000e+01 4.154256677627563477e+02 2.000000000000000000e+00
9.589256286621093750e+01 4.477897167205810547e+02 9.321947097778320312e+01 4.470402288436889648e+02 9.006200790405273438e+01 4.468467235565185547e+02 2.000000000000000000e+00
4.626979351043701172e+02 3.689063215255737305e+02 4.601056861877441406e+02 3.681164932250976562e+02 4.570160865783691406e+02 3.674820613861083984e+02 2.000000000000000000e+00
3.807399749755859375e+01 4.489603042602539062e+02 3.542520523071289062e+01 4.481260442733764648e+02 3.220033645629882812e+01 4.480721855163574219e+02 2.000000000000000000e+00
9.704807281494140625e+01 4.194181251525878906e+02 9.432004928588867188e+01 4.185542964935302734e+02 9.110309600830078125e+01 4.184167528152465820e+02 2.000000000000000000e+00
4.599195003509521484e+02 2.501044008135795593e+02 4.572989559173583984e+02 2.495187994837760925e+02 4.540623474121093750e+02 2.488459780812263489e+02 2.000000000000000000e+00
5.013746261596679688e+01 4.509548091888427734e+02 4.749984741210937500e+01 4.501002931594848633e+02 4.434221267700195312e+01 4.499892711639404297e+02 2.000000000000000000e+00
6.853191375732421875e+01 4.417134761810302734e+02 6.588506698608398438e+01 4.408147716522216797e+02 6.270635604858398438e+01 4.407264518737792969e+02 2.000000000000000000e+00
7.860494613647460938e+01 4.538242578506469727e+02 7.587425231933593750e+01 4.530037021636962891e+02 7.273839950561523438e+01 4.528888320922851562e+02 2.000000000000000000e+00
4.689495849609375000e+02 2.501274722814559937e+02 4.663377094268798828e+02 2.495453497767448425e+02 4.630847835540771484e+02 2.488648688793182373e+02 2.000000000000000000e+00
4.392112731933593750e+01 4.611120414733886719e+02 4.130413055419921875e+01 4.602800416946411133e+02 3.807119369506835938e+01 4.601970577239990234e+02 2.000000000000000000e+00
5.508427810668945312e+02 6.744601249694824219e+01 5.482834434509277344e+02 6.668167591094970703e+01 5.446875000000000000e+02 6.601647377014160156e+01 2.000000000000000000e+00
6.869037628173828125e+01 4.298017072677612305e+02 6.605171203613281250e+01 4.287990474700927734e+02 6.286760330200195312e+01 4.287237024307250977e+02 2.000000000000000000e+00
6.684778213500976562e+01 4.134747648239135742e+02 6.420297622680664062e+01 4.126424360275268555e+02 6.094110488891601562e+01 4.125271654129028320e+02 2.000000000000000000e+00
4.678588294982910156e+02 2.332981869578361511e+02 4.653181457519531250e+02 2.326185603439807892e+02 4.620612812042236328e+02 2.319322201609611511e+02 2.000000000000000000e+00
1.636297321319580078e+02 4.153928947448730469e+02 1.610378551483154297e+02 4.146352672576904297e+02 1.578546333312988281e+02 4.144080877304077148e+02 2.000000000000000000e+00
4.637238788604736328e+02 3.409846830368041992e+02 4.611315917968750000e+02 3.402810716629028320e+02 4.579984474182128906e+02 3.395856714248657227e+02 2.000000000000000000e+00
4.907046508789062500e+02 3.429630804061889648e+02 4.880670738220214844e+02 3.422763133049011230e+02 4.848596763610839844e+02 3.415553355216979980e+02 2.000000000000000000e+00
3.399907839298248291e+02 3.699300956726074219e+02 3.374300229549407959e+02 3.691796064376831055e+02 3.343829345703125000e+02 3.686726188659667969e+02 2.000000000000000000e+00
1.192914009094238281e+02 4.688586616516113281e+02 1.164641189575195312e+02 4.678977155685424805e+02 1.133485412597656250e+02 4.677490282058715820e+02 2.000000000000000000e+00
1.535999488830566406e+02 4.254249429702758789e+02 1.509709167480468750e+02 4.245068693161010742e+02 1.477649116516113281e+02 4.242401504516601562e+02 2.000000000000000000e+00
1.272671699523925781e+02 4.728593587875366211e+02 1.243646240234375000e+02 4.719674205780029297e+02 1.213110351562500000e+02 4.717681646347045898e+02 2.000000000000000000e+00
8.492826461791992188e+01 4.255832004547119141e+02 8.217918395996093750e+01 4.246258878707885742e+02 7.898601531982421875e+01 4.245452642440795898e+02 2.000000000000000000e+00
4.499004840850830078e+02 3.619626903533935547e+02 4.473091125488281250e+02 3.611584854125976562e+02 4.441875934600830078e+02 3.605264711380004883e+02 2.000000000000000000e+00
1.204007339477539062e+02 4.195567989349365234e+02 1.177541160583496094e+02 4.186810684204101562e+02 1.145508956909179688e+02 4.185352849960327148e+02 2.000000000000000000e+00
4.888115310668945312e+02 2.941409325599670410e+02 4.862490272521972656e+02 2.934439408779144287e+02 4.830520057678222656e+02 2.926935768127441406e+02 2.000000000000000000e+00
4.829681205749511719e+02 3.170077872276306152e+02 4.803331565856933594e+02 3.162257695198059082e+02 4.771211242675781250e+02 3.155581998825073242e+02 2.000000000000000000e+00
3.928754901885986328e+02 3.979115438461303711e+02 3.902982187271118164e+02 3.970671415328979492e+02 3.871499967575073242e+02 3.965207004547119141e+02 2.000000000000000000e+00
3.822641611099243164e+02 1.761564302444458008e+02 3.910791921615600586e+02 1.745110130310058594e+02 3.993040180206298828e+02 1.733542585372924805e+02 1.000000000000000000e+00
3.199301147460937500e+02 3.651818847656250000e+02 3.173963928222656250e+02 3.643244934082031250e+02 3.142138057947158813e+02 3.638207817077636719e+02 2.000000000000000000e+00
2.979075312614440918e+02 1.925239098072052002e+02 3.064980769157409668e+02 1.913687717914581299e+02 3.147469788789749146e+02 1.905153787136077881e+02 1.000000000000000000e+00
4.557036113739013672e+02 3.928988742828369141e+02 4.531668758392333984e+02 3.921906566619873047e+02 4.499885272979736328e+02 3.915357112884521484e+02 2.000000000000000000e+00
1.163132095336914062e+02 4.125510978698730469e+02 1.136660385131835938e+02 4.116807889938354492e+02 1.104920005798339844e+02 4.115247344970703125e+02 2.000000000000000000e+00
1.324586677551269531e+02 4.567321872711181641e+02 1.297457695007324219e+02 4.557646036148071289e+02 1.266263961791992188e+02 4.556258010864257812e+02 2.000000000000000000e+00
1.962634372711181641e+02 1.713640093803405762e+02 2.035350131988525391e+02 1.699464511871337891e+02 2.103138732910156250e+02 1.687918353080749512e+02 1.000000000000000000e+00
1.566673469543457031e+02 4.362679910659790039e+02 1.539697074890136719e+02 4.353959798812866211e+02 1.507840347290039062e+02 4.352064657211303711e+02 2.000000000000000000e+00
1.040604591369628906e+02 4.497616624832153320e+02 1.013680648803710938e+02 4.490123033523559570e+02 9.818265914916992188e+01 4.488151073455810547e+02 2.000000000000000000e+00
2.787474966049194336e+02 1.976453697681427002e+02 2.868218064308166504e+02 1.964822959899902344e+02 2.946658325195312500e+02 1.956032395362854004e+02 1.000000000000000000e+00
4.538364887237548828e+02 3.549820947647094727e+02 4.512756347656250000e+02 3.541790199279785156e+02 4.481329059600830078e+02 3.535722398757934570e+02 2.000000000000000000e+00
1.434726905822753906e+02 4.476202440261840820e+02 1.407379722595214844e+02 4.467313671112060547e+02 1.375372505187988281e+02 4.465978860855102539e+02 2.000000000000000000e+00
1.494025421142578125e+02 4.637983560562133789e+02 1.467090797424316406e+02 4.627842521667480469e+02 1.436215400695800781e+02 4.625847530364990234e+02 2.000000000000000000e+00
4.587662696838378906e+02 2.333186794817447662e+02 4.562511348724365234e+02 2.326526181399822235e+02 4.529693603515625000e+02 2.319636681675910950e+02 2.000000000000000000e+00
1.051994895935058594e+02 2.064311671257019043e+02 1.025878334045410156e+02 2.055066061019897461e+02 9.906713485717773438e+01 2.053067600727081299e+02 2.000000000000000000e+00
3.329208683967590332e+02 3.849462604522705078e+02 3.303391110897064209e+02 3.841631555557250977e+02 3.271719056367874146e+02 3.836310195922851562e+02 2.000000000000000000e+00
5.572525024414062500e+02 3.589488601684570312e+02 5.546037673950195312e+02 3.582242774963378906e+02 5.514039421081542969e+02 3.574174547195434570e+02 2.000000000000000000e+00
8.673053741455078125e+01 4.578162717819213867e+02 8.402637481689453125e+01 4.570010805130004883e+02 8.088079452514648438e+01 4.568748950958251953e+02 2.000000000000000000e+00
5.035259056091308594e+02 3.629766368865966797e+02 5.009085464477539062e+02 3.622098398208618164e+02 4.977606773376464844e+02 3.614810514450073242e+02 2.000000000000000000e+00
5.965291976928710938e+01 4.288083314895629883e+02 5.701831817626953125e+01 4.279053497314453125e+02 5.383806228637695312e+01 4.278215789794921875e+02 2.000000000000000000e+00
1.716172027587890625e+02 4.727699661254882812e+02 1.689648437500000000e+02 4.719421577453613281e+02 1.658950901031494141e+02 4.716747236251831055e+02 2.000000000000000000e+00
4.743459701538085938e+01 4.074967432022094727e+02 4.467597961425781250e+01 4.066537570953369141e+02 4.152366638183593750e+01 4.065743207931518555e+02 2.000000000000000000e+00
9.787675857543945312e+01 4.598309755325317383e+02 9.517156600952148438e+01 4.590296173095703125e+02 9.201351165771484375e+01 4.588394308090209961e+02 2.000000000000000000e+00
1.446447753906250000e+02 4.204566192626953125e+02 1.419899940490722656e+02 4.195531368255615234e+02 1.387930297851562500e+02 4.193209362030029297e+02 2.000000000000000000e+00
3.758892822265625000e+02 3.830039691925048828e+02 3.733382558822631836e+02 3.821959590911865234e+02 3.702206420898437500e+02 3.816201925277709961e+02 2.000000000000000000e+00
1.575200653076171875e+02 4.647291612625122070e+02 1.548283958435058594e+02 4.637430238723754883e+02 1.518073463439941406e+02 4.635747241973876953e+02 2.000000000000000000e+00
7.857471466064453125e+01 4.437291097640991211e+02 7.583425521850585938e+01 4.428430223464965820e+02 7.271425247192382812e+01 4.427765893936157227e+02 2.000000000000000000e+00
6.751523971557617188e+01 4.691162538528442383e+02 6.480484008789062500e+01 4.681986236572265625e+02 6.169479370117187500e+01 4.680453014373779297e+02 2.000000000000000000e+00
5.542794799804687500e+02 3.699346733093261719e+02 5.516616821289062500e+02 3.692546081542968750e+02 5.484492874145507812e+02 3.683948135375976562e+02 2.000000000000000000e+00
5.146647453308105469e+02 3.250503587722778320e+02 5.120208740234375000e+02 3.242775034904479980e+02 5.087941551208496094e+02 3.235316491127014160e+02 2.000000000000000000e+00
1.052881622314453125e+02 4.075168848037719727e+02 1.025907135009765625e+02 4.066123151779174805e+02 9.944406509399414062e+01 4.064487075805664062e+02 2.000000000000000000e+00
1.425479507446289062e+02 3.994303321838378906e+02 1.398751258850097656e+02 3.985975456237792969e+02 1.366822052001953125e+02 3.984339094161987305e+02 2.000000000000000000e+00
1.302605628967285156e+02 2.476253968477249146e+02 1.276576614379882812e+02 2.467836610972881317e+02 1.243399238586425781e+02 2.464823918044567108e+02 2.000000000000000000e+00
2.618347167968750000e+02 3.891115808486938477e+02 2.593139648437500000e+02 3.882602977752685547e+02 2.561011362075805664e+02 3.878754329681396484e+02 2.000000000000000000e+00
5.293304443359375000e+02 3.628516244888305664e+02 5.268083572387695312e+02 3.622015714645385742e+02 5.235672569274902344e+02 3.613796997070312500e+02 2.000000000000000000e+00
2.928825688362121582e+02 3.781102609634399414e+02 2.903430485725402832e+02 3.771902275085449219e+02 2.872589421272277832e+02 3.767545223236083984e+02 2.000000000000000000e+00
5.084709739685058594e+02 3.509843230247497559e+02 5.059017753601074219e+02 3.502264165878295898e+02 5.026217460632324219e+02 3.495031213760375977e+02 2.000000000000000000e+00
3.600557851791381836e+02 3.949553632736206055e+02 3.574938654899597168e+02 3.941907119750976562e+02 3.544313979148864746e+02 3.936642551422119141e+02 2.000000000000000000e+00
5.372864341735839844e+02 3.668763256072998047e+02 5.347487831115722656e+02 3.662591886520385742e+02 5.315349197387695312e+02 3.654111671447753906e+02 2.000000000000000000e+00
5.176403808593750000e+02 3.349871277809143066e+02 5.149290847778320312e+02 3.341948318481445312e+02 5.117494201660156250e+02 3.334800767898559570e+02 2.000000000000000000e+00
4.966215515136718750e+02 3.499769639968872070e+02 4.940527343750000000e+02 3.492710351943969727e+02 4.907914161682128906e+02 3.485424256324768066e+02 2.000000000000000000e+00
1.830077457427978516e+02 4.072851991653442383e+02 1.803988933563232422e+02 4.064127016067504883e+02 1.772076129913330078e+02 4.062569904327392578e+02 2.000000000000000000e+00
1.324603843688964844e+02 4.647395753860473633e+02 1.297002601623535156e+02 4.637900447845458984e+02 1.266244697570800781e+02 4.635929918289184570e+02 2.000000000000000000e+00
1.173139381408691406e+02 4.284671974182128906e+02 1.146076011657714844e+02 4.277086830139160156e+02 1.114421653747558594e+02 4.275063943862915039e+02 2.000000000000000000e+00
3.900984191894531250e+02 3.019559025764465332e+02 3.875948810577392578e+02 3.012082529067993164e+02 3.844245624542236328e+02 3.005738282203674316e+02 2.000000000000000000e+00
5.235075759887695312e+02 3.429602122306823730e+02 5.208852005004882812e+02 3.422272109985351562e+02 5.176955032348632812e+02 3.414477896690368652e+02 2.000000000000000000e+00
3.551039433479309082e+02 3.739947938919067383e+02 3.525051879882812500e+02 3.731988859176635742e+02 3.493757033348083496e+02 3.727042293548583984e+02 2.000000000000000000e+00
5.744949913024902344e+02 2.385981559753417969e+01 5.718745231628417969e+02 2.318977832794189453e+01 5.683064079284667969e+02 2.245852947235107422e+01 2.000000000000000000e+00
1.111875343322753906e+02 4.618587398529052734e+02 1.084059333801269531e+02 4.609572887420654297e+02 1.052449226379394531e+02 4.607820510864257812e+02 2.000000000000000000e+00
3.113815611600875854e+02 1.867866647243499756e+02 3.203021545521914959e+02 1.855806541442871094e+02 3.289257812500000000e+02 1.845200014114379883e+02 1.000000000000000000e+00
5.164936637878417969e+02 2.902467083930969238e+02 5.139479446411132812e+02 2.893885517120361328e+02 5.106807327270507812e+02 2.886532616615295410e+02 2.000000000000000000e+00
3.439587402343750000e+02 3.769071149826049805e+02 3.413762831687927246e+02 3.761536359786987305e+02 3.383012092113494873e+02 3.756266498565673828e+02 2.000000000000000000e+00
1.817735004425048828e+02 4.242938089370727539e+02 1.791559696197509766e+02 4.233407020568847656e+02 1.759399700164794922e+02 4.232016706466674805e+02 2.000000000000000000e+00
4.410990905761718750e+02 2.711908900737762451e+02 4.384478187561035156e+02 2.703694474697113037e+02 4.352300739288330078e+02 2.696763020753860474e+02 2.000000000000000000e+00
5.154765129089355469e+02 3.659234046936035156e+02 5.128492546081542969e+02 3.651687097549438477e+02 5.096874046325683594e+02 3.643892526626586914e+02 2.000000000000000000e+00
4.479435157775878906e+02 3.068588590621948242e+02 4.453787231445312500e+02 3.062072181701660156e+02 4.422299480438232422e+02 3.054933214187622070e+02 2.000000000000000000e+00
3.444523310661315918e+02 1.561377382278442383e+02 3.536688542366027832e+02 1.546463871002197266e+02 3.622629690170288086e+02 1.534956192970275879e+02 1.000000000000000000e+00
2.463842773437500000e+02 1.945439279079437256e+02 2.543910217285156250e+02 1.933565819263458252e+02 2.622536611557006836e+02 1.927444875240325928e+02 1.000000000000000000e+00
2.172936248779296875e+02 1.770780944824218750e+02 2.250887870788574219e+02 1.756360602378845215e+02 2.323866271972656250e+02 1.746564888954162598e+02 1.000000000000000000e+00
5.293526649475097656e+02 3.508652114868164062e+02 5.267720985412597656e+02 3.502154016494750977e+02 5.235709953308105469e+02 3.493813204765319824e+02 2.000000000000000000e+00
3.128864437341690063e+02 3.711993169784545898e+02 3.103913265466690063e+02 3.702777099609375000e+02 3.071801757812500000e+02 3.698198890686035156e+02 2.000000000000000000e+00
3.729156494140625000e+02 3.910087108612060547e+02 3.703581571578979492e+02 3.901703882217407227e+02 3.672653818130493164e+02 3.896055078506469727e+02 2.000000000000000000e+00
4.976200294494628906e+02 3.759602737426757812e+02 4.949873352050781250e+02 3.752073097229003906e+02 4.919087219238281250e+02 3.744715976715087891e+02 2.000000000000000000e+00
1.000390434265136719e+02 4.699203014373779297e+02 9.718669891357421875e+01 4.690720653533935547e+02 9.405593872070312500e+01 4.689106893539428711e+02 2.000000000000000000e+00
2.928393554687500000e+02 3.920047616958618164e+02 2.902845454216003418e+02 3.911545515060424805e+02 2.871619248390197754e+02 3.906627845764160156e+02 2.000000000000000000e+00
4.308571529388427734e+02 3.719412660598754883e+02 4.283090877532958984e+02 3.711510658264160156e+02 4.250723552703857422e+02 3.705340290069580078e+02 2.000000000000000000e+00
3.245447158813476562e+01 4.114918041229248047e+02 2.988500595092773438e+01 4.106608629226684570e+02 2.658952713012695312e+01 4.106040716171264648e+02 2.000000000000000000e+00
1.607899475097656250e+02 3.962601041793823242e+02 1.582458305358886719e+02 3.953580379486083984e+02 1.550696945190429688e+02 3.951078557968139648e+02 2.000000000000000000e+00
3.059457087516784668e+02 3.840320491790771484e+02 3.033405458927154541e+02 3.831348037719726562e+02 3.002333676815032959e+02 3.827297687530517578e+02 2.000000000000000000e+00
4.257815265655517578e+02 3.939597845077514648e+02 4.232378864288330078e+02 3.931540346145629883e+02 4.200784301757812500e+02 3.925571680068969727e+02 2.000000000000000000e+00
5.618309974670410156e+02 6.757046699523925781e+01 5.593217277526855469e+02 6.677455902099609375e+01 5.557047080993652344e+02 6.618634700775146484e+01 2.000000000000000000e+00
1.666552257537841797e+02 4.424971389770507812e+02 1.640144062042236328e+02 4.416549539566040039e+02 1.608487796783447266e+02 4.413356065750122070e+02 2.000000000000000000e+00
2.688070678710937500e+02 3.960837507247924805e+02 2.663091421127319336e+02 3.952403354644775391e+02 2.631395578384399414e+02 3.948579168319702148e+02 2.000000000000000000e+00
5.186267662048339844e+02 3.130798959732055664e+02 5.160417556762695312e+02 3.123081064224243164e+02 5.128160476684570312e+02 3.115423893928527832e+02 2.000000000000000000e+00
4.653499603271484375e+01 1.992962622642517090e+02 4.389953613281250000e+01 1.983691084384918213e+02 4.043544769287109375e+01 1.981961953639984131e+02 2.000000000000000000e+00
4.357041358947753906e+02 4.020257663726806641e+02 4.331482601165771484e+02 4.011735963821411133e+02 4.300308513641357422e+02 4.005122423171997070e+02 2.000000000000000000e+00
3.490411067008972168e+02 3.860001897811889648e+02 3.464619445800781250e+02 3.852315187454223633e+02 3.434014582633972168e+02 3.846815013885498047e+02 2.000000000000000000e+00
5.538934326171875000e+02 8.044421195983886719e+01 5.513442993164062500e+02 7.969463825225830078e+01 5.477370071411132812e+02 7.899094104766845703e+01 2.000000000000000000e+00
5.790239906311035156e+02 3.699123573303222656e+02 5.764301109313964844e+02 3.692396879196166992e+02 5.732995605468750000e+02 3.684139823913574219e+02 2.000000000000000000e+00
1.476384162902832031e+02 3.892186403274536133e+02 1.449584007263183594e+02 3.883465290069580078e+02 1.417346382141113281e+02 3.881822633743286133e+02 2.000000000000000000e+00
5.472752189636230469e+02 3.629146528244018555e+02 5.446879959106445312e+02 3.621963500976562500e+02 5.414758872985839844e+02 3.613480854034423828e+02 2.000000000000000000e+00
5.026896095275878906e+02 2.882282137870788574e+02 5.000718116760253906e+02 2.874758005142211914e+02 4.968054199218750000e+02 2.867508888244628906e+02 2.000000000000000000e+00
1.655322360992431641e+02 4.666425275802612305e+02 1.628643894195556641e+02 4.657133960723876953e+02 1.598083686828613281e+02 4.654826831817626953e+02 2.000000000000000000e+00
1.729696941375732422e+02 3.900929689407348633e+02 1.703515625000000000e+02 3.892471075057983398e+02 1.672512531280517578e+02 3.890468788146972656e+02 2.000000000000000000e+00
4.678497028350830078e+02 2.210159146785736084e+02 4.652124023437500000e+02 2.203516834974288940e+02 4.619765377044677734e+02 2.196104264259338379e+02 2.000000000000000000e+00
1.614970874786376953e+02 4.757840394973754883e+02 1.588021659851074219e+02 4.748552083969116211e+02 1.557943534851074219e+02 4.746736335754394531e+02 2.000000000000000000e+00
6.066467285156250000e+01 4.197360992431640625e+02 5.809833526611328125e+01 4.187342691421508789e+02 5.491071701049804688e+01 4.186855316162109375e+02 2.000000000000000000e+00
4.307965755462646484e+02 4.159086942672729492e+02 4.281808471679687500e+02 4.152036523818969727e+02 4.252648353576660156e+02 4.145791769027709961e+02 2.000000000000000000e+00
1.405293846130371094e+02 4.314702844619750977e+02 1.378387641906738281e+02 4.305520963668823242e+02 1.346536445617675781e+02 4.303530406951904297e+02 2.000000000000000000e+00
4.817744827270507812e+02 3.928521251678466797e+02 4.791077327728271484e+02 3.920670604705810547e+02 4.760093402862548828e+02 3.913889837265014648e+02 2.000000000000000000e+00
4.322222328186035156e+02 2.661993420124053955e+02 4.295687580108642578e+02 2.653665482997894287e+02 4.263458538055419922e+02 2.647080999612808228e+02 2.000000000000000000e+00
5.066931533813476562e+02 3.190205740928649902e+02 5.041503715515136719e+02 3.182484483718872070e+02 5.008681106567382812e+02 3.174972867965698242e+02 2.000000000000000000e+00
1.442413520812988281e+02 4.748496580123901367e+02 1.415961456298828125e+02 4.738514184951782227e+02 1.384962654113769531e+02 4.736578559875488281e+02 2.000000000000000000e+00
2.496626424789428711e+02 3.860840463638305664e+02 2.471454143524169922e+02 3.852374410629272461e+02 2.439962625503540039e+02 3.848009061813354492e+02 2.000000000000000000e+00
4.768928241729736328e+02 2.940629911422729492e+02 4.742635822296142578e+02 2.933341097831726074e+02 4.710383892059326172e+02 2.926377296447753906e+02 2.000000000000000000e+00
1.364976882934570312e+02 4.185057163238525391e+02 1.338419723510742188e+02 4.176207733154296875e+02 1.306051445007324219e+02 4.174194145202636719e+02 2.000000000000000000e+00
3.288534241914749146e+02 3.779750490188598633e+02 3.263317871093750000e+02 3.772365760803222656e+02 3.231843262910842896e+02 3.767146682739257812e+02 2.000000000000000000e+00
3.419020080566406250e+02 3.919645500183105469e+02 3.393002021312713623e+02 3.911648368835449219e+02 3.361998593807220459e+02 3.906432580947875977e+02 2.000000000000000000e+00
4.678995704650878906e+02 2.960711073875427246e+02 4.654139423370361328e+02 2.953555011749267578e+02 4.620916748046875000e+02 2.946539318561553955e+02 2.000000000000000000e+00
3.829431152343750000e+02 4.019834089279174805e+02 3.803413391113281250e+02 4.011278772354125977e+02 3.772087097167968750e+02 4.005655574798583984e+02 2.000000000000000000e+00
1.424836158752441406e+02 4.556355428695678711e+02 1.397255325317382812e+02 4.547470808029174805e+02 1.365912818908691406e+02 4.545554351806640625e+02 2.000000000000000000e+00
3.831075429916381836e+02 3.109458947181701660e+02 3.805604887008666992e+02 3.101579332351684570e+02 3.773670053482055664e+02 3.095565247535705566e+02 2.000000000000000000e+00
4.946091270446777344e+02 3.849321126937866211e+02 4.919986534118652344e+02 3.841145038604736328e+02 4.889167594909667969e+02 3.834399461746215820e+02 2.000000000000000000e+00
5.443834877014160156e+02 3.408834314346313477e+02 5.417208290100097656e+02 3.402658724784851074e+02 5.385205078125000000e+02 3.394710445404052734e+02 2.000000000000000000e+00
5.016466712951660156e+02 3.060485887527465820e+02 4.991293907165527344e+02 3.053121972084045410e+02 4.959043312072753906e+02 3.045879864692687988e+02 2.000000000000000000e+00
5.245861816406250000e+02 3.061225318908691406e+02 5.220322990417480469e+02 3.053322458267211914e+02 5.187426185607910156e+02 3.045237779617309570e+02 2.000000000000000000e+00
3.309720766544342041e+02 1.795129823684692383e+02 3.401735234260559082e+02 1.781281113624572754e+02 3.490748286247253418e+02 1.772076702117919922e+02 1.000000000000000000e+00
4.847745132446289062e+02 2.820928680896759033e+02 4.822555541992187500e+02 2.813833343982696533e+02 4.789660072326660156e+02 2.806142914295196533e+02 2.000000000000000000e+00
9.487571716308593750e+01 4.305178642272949219e+02 9.211172103881835938e+01 4.296596431732177734e+02 8.891222000122070312e+01 4.295114850997924805e+02 2.000000000000000000e+00
3.309129941463470459e+02 3.689673471450805664e+02 3.284190672636032104e+02 3.682218647003173828e+02 3.253395998477935791e+02 3.677188539505004883e+02 2.000000000000000000e+00
8.998840332031250000e+01 4.155876874923706055e+02 8.733337402343750000e+01 4.146963644027709961e+02 8.413217544555664062e+01 4.145810365676879883e+02 2.000000000000000000e+00
4.249714946746826172e+02 3.350297570228576660e+02 4.223738765716552734e+02 3.342861986160278320e+02 4.192216491699218750e+02 3.336914706230163574e+02 2.000000000000000000e+00
5.457910537719726562e+01 2.002706122398376465e+02 5.201616287231445312e+01 1.993875861167907715e+02 4.853185653686523438e+01 1.992253410816192627e+02 2.000000000000000000e+00
4.630674362182617188e+01 4.438312482833862305e+02 4.368030548095703125e+01 4.430058717727661133e+02 4.049701690673828125e+01 4.429228019714355469e+02 2.000000000000000000e+00
3.959835052490234375e+01 1.832009875774383545e+02 3.697111129760742188e+01 1.822264981269836426e+02 3.347892761230468750e+01 1.820599472522735596e+02 2.000000000000000000e+00
5.036096191406250000e+02 3.409803843498229980e+02 5.009801292419433594e+02 3.402375841140747070e+02 4.977367973327636719e+02 3.395404744148254395e+02 2.000000000000000000e+00
3.239668580889701843e+02 3.919738197326660156e+02 3.213136902451515198e+02 3.911613893508911133e+02 3.180828551948070526e+02 3.906689500808715820e+02 2.000000000000000000e+00
1.365950775146484375e+02 3.712163400650024414e+02 1.339259529113769531e+02 3.704251527786254883e+02 1.307856941223144531e+02 3.702746057510375977e+02 2.000000000000000000e+00
5.409737586975097656e+02 7.043927192687988281e+01 5.383727455139160156e+02 6.968564987182617188e+01 5.347666740417480469e+02 6.902432441711425781e+01 2.000000000000000000e+00
3.139375913143157959e+02 3.829995775222778320e+02 3.113616943359375000e+02 3.821541166305541992e+02 3.081954956054687500e+02 3.817374372482299805e+02 2.000000000000000000e+00
3.980573415756225586e+02 3.240116286277770996e+02 3.954775714874267578e+02 3.232820177078247070e+02 3.922172546386718750e+02 3.226390743255615234e+02 2.000000000000000000e+00
4.529209041595458984e+02 2.600604254007339478e+02 4.503629207611083984e+02 2.594015514850616455e+02 4.470165157318115234e+02 2.586868304014205933e+02 2.000000000000000000e+00
5.328845214843750000e+02 6.542568683624267578e+01 5.303359413146972656e+02 6.479318618774414062e+01 5.267099571228027344e+02 6.409422397613525391e+01 2.000000000000000000e+00
5.527099609375000000e+01 4.762487983703613281e+02 5.250734329223632812e+01 4.755046749114990234e+02 4.938285827636718750e+01 4.754806709289550781e+02 2.000000000000000000e+00
5.314602661132812500e+02 3.399852633476257324e+02 5.288081169128417969e+02 3.392968511581420898e+02 5.256076622009277344e+02 3.384763526916503906e+02 2.000000000000000000e+00
8.813985824584960938e+01 1.983211505413055420e+02 8.556161880493164062e+01 1.973715019226074219e+02 8.205289840698242188e+01 1.971939074993133545e+02 2.000000000000000000e+00
3.489754652976989746e+02 3.679270076751708984e+02 3.464118647575378418e+02 3.671473789215087891e+02 3.433277297019958496e+02 3.666317224502563477e+02 2.000000000000000000e+00
5.086510276794433594e+02 3.309877681732177734e+02 5.060394668579101562e+02 3.302024602890014648e+02 5.028465270996093750e+02 3.294418716430664062e+02 2.000000000000000000e+00
4.449678993225097656e+02 2.500159156322479248e+02 4.424678707122802734e+02 2.494229739904403687e+02 4.391015625000000000e+02 2.486854407191276550e+02 2.000000000000000000e+00
6.772918701171875000e+01 1.401068401336669922e+02 6.508325576782226562e+01 1.391269040107727051e+02 6.158382415771484375e+01 1.389448356628417969e+02 2.000000000000000000e+00
8.625509262084960938e+01 2.143693381547927856e+02 8.373180389404296875e+01 2.133651870489120483e+02 8.033142089843750000e+01 2.132514184713363647e+02 2.000000000000000000e+00
4.341143226623535156e+02 2.920170629024505615e+02 4.314916706085205078e+02 2.912222313880920410e+02 4.282864379882812500e+02 2.906610453128814697e+02 2.000000000000000000e+00
4.888436889648437500e+02 3.090744996070861816e+02 4.863031005859375000e+02 3.083248615264892578e+02 4.830384254455566406e+02 3.075709891319274902e+02 2.000000000000000000e+00
1.133066749572753906e+02 4.045819187164306641e+02 1.106374359130859375e+02 4.037124967575073242e+02 1.075148391723632812e+02 4.035603761672973633e+02 2.000000000000000000e+00
5.782434082031250000e+02 2.812737464904785156e+02 5.755866050720214844e+02 2.804702460765838623e+02 5.724106407165527344e+02 2.797263514995574951e+02 2.000000000000000000e+00
3.644703674316406250e+02 1.753712582588195801e+02 3.741174316406250000e+02 1.739696788787841797e+02 3.830574369430541992e+02 1.727996206283569336e+02 1.000000000000000000e+00
5.722627639770507812e+02 2.922515881061553955e+02 5.696234703063964844e+02 2.914586806297302246e+02 5.664115715026855469e+02 2.906728863716125488e+02 2.000000000000000000e+00
4.178560543060302734e+02 3.989040613174438477e+02 4.153429603576660156e+02 3.980987262725830078e+02 4.122587299346923828e+02 3.974710464477539062e+02 2.000000000000000000e+00
4.081000041961669922e+02 2.880642735958099365e+02 4.055892944335937500e+02 2.872849452495574951e+02 4.022960853576660156e+02 2.866735267639160156e+02 2.000000000000000000e+00
3.511429142951965332e+02 3.989889621734619141e+02 3.484701228141784668e+02 3.981797218322753906e+02 3.454835820198059082e+02 3.976601886749267578e+02 2.000000000000000000e+00
4.154481887817382812e+01 2.162720024585723877e+02 3.891933441162109375e+01 2.152438795566558838e+02 3.547939300537109375e+01 2.150423258543014526e+02 2.000000000000000000e+00
1.688875389099121094e+02 3.831131601333618164e+02 1.663046550750732422e+02 3.822547674179077148e+02 1.632140827178955078e+02 3.820535659790039062e+02 2.000000000000000000e+00
5.335108757019042969e+02 3.110568308830261230e+02 5.308828735351562500e+02 3.103462886810302734e+02 5.277608108520507812e+02 3.094858145713806152e+02 2.000000000000000000e+00
4.011320781707763672e+02 2.979252648353576660e+02 3.986033010482788086e+02 2.971591222286224365e+02 3.954235839843750000e+02 2.966231703758239746e+02 2.000000000000000000e+00
5.394300651550292969e+02 3.221052575111389160e+02 5.367536735534667969e+02 3.213656687736511230e+02 5.335265541076660156e+02 3.205317449569702148e+02 2.000000000000000000e+00
4.241055297851562500e+02 2.859741532802581787e+02 4.215398883819580078e+02 2.852235424518585205e+02 4.182879352569580078e+02 2.846260714530944824e+02 2.000000000000000000e+00
3.761410236358642578e+02 3.069264578819274902e+02 3.735737609863281250e+02 3.061274170875549316e+02 3.703954458236694336e+02 3.055607628822326660e+02 2.000000000000000000e+00
5.007350730895996094e+02 2.771903085708618164e+02 4.981503868103027344e+02 2.764460778236389160e+02 4.949027061462402344e+02 2.757400238513946533e+02 2.000000000000000000e+00
4.966442680358886719e+02 3.300281453132629395e+02 4.940605735778808594e+02 3.292244625091552734e+02 4.908445739746093750e+02 3.284891080856323242e+02 2.000000000000000000e+00
4.477186012268066406e+02 3.769285583496093750e+02 4.450976276397705078e+02 3.761678266525268555e+02 4.420018005371093750e+02 3.755282592773437500e+02 2.000000000000000000e+00
1.894171619415283203e+02 3.811382818222045898e+02 1.866911315917968750e+02 3.803206014633178711e+02 1.836028575897216797e+02 3.800207948684692383e+02 2.000000000000000000e+00
4.248971271514892578e+02 3.849155044555664062e+02 4.222662353515625000e+02 3.840881967544555664e+02 4.191111469268798828e+02 3.835248470306396484e+02 2.000000000000000000e+00
3.009013366699218750e+02 3.751152992248535156e+02 2.983615422248840332e+02 3.742186689376831055e+02 2.952211904525756836e+02 3.737862968444824219e+02 2.000000000000000000e+00
5.106587219238281250e+02 3.040818500518798828e+02 5.080300712585449219e+02 3.032833600044250488e+02 5.047803115844726562e+02 3.025691556930541992e+02 2.000000000000000000e+00
5.632200431823730469e+02 3.689766311645507812e+02 5.605274009704589844e+02 3.682822608947753906e+02 5.573378944396972656e+02 3.674690866470336914e+02 2.000000000000000000e+00
5.105197715759277344e+02 3.738599681854248047e+02 5.078309440612792969e+02 3.731309509277343750e+02 5.047574806213378906e+02 3.724181556701660156e+02 2.000000000000000000e+00
3.709517812728881836e+02 4.029885578155517578e+02 3.683268451690673828e+02 4.021804332733154297e+02 3.652896118164062500e+02 4.015920782089233398e+02 2.000000000000000000e+00
4.828140640258789062e+02 3.270313739776611328e+02 4.801803016662597656e+02 3.263049387931823730e+02 4.769817829132080078e+02 3.255841684341430664e+02 2.000000000000000000e+00
9.284347534179687500e+01 4.397688674926757812e+02 9.014360427856445312e+01 4.389889955520629883e+02 8.699264526367187500e+01 4.388340854644775391e+02 2.000000000000000000e+00
2.305111026763916016e+02 1.827198743820190430e+02 2.384259128570556641e+02 1.815135920047760010e+02 2.459416484832763672e+02 1.805831122398376465e+02 1.000000000000000000e+00
6.707563400268554688e+01 1.982810783386230469e+02 6.443429946899414062e+01 1.973656153678894043e+02 6.098716735839843750e+01 1.972064495086669922e+02 2.000000000000000000e+00
1.912985324859619141e+02 3.971688079833984375e+02 1.886866569519042969e+02 3.963523006439208984e+02 1.854983806610107422e+02 3.960543966293334961e+02 2.000000000000000000e+00
4.937781333923339844e+02 2.831707191467285156e+02 4.912432289123535156e+02 2.824376249313354492e+02 4.879974365234375000e+02 2.817175626754760742e+02 2.000000000000000000e+00
4.099627685546875000e+02 3.919175434112548828e+02 4.073641967773437500e+02 3.910648584365844727e+02 4.043813514709472656e+02 3.904885053634643555e+02 2.000000000000000000e+00
7.054094314575195312e+01 4.496716690063476562e+02 6.782878875732421875e+01 4.488236474990844727e+02 6.465663909912109375e+01 4.487397193908691406e+02 2.000000000000000000e+00
1.768408775329589844e+02 4.132987117767333984e+02 1.742533397674560547e+02 4.124248981475830078e+02 1.710643005371093750e+02 4.122528791427612305e+02 2.000000000000000000e+00
3.739080524444580078e+02 1.739385938644409180e+02 3.830502319335937500e+02 1.723749017715454102e+02 3.917172241210937500e+02 1.712278103828430176e+02 1.000000000000000000e+00
5.793371582031250000e+02 8.037689208984375000e+01 5.768938636779785156e+02 7.957975387573242188e+01 5.731721878051757812e+02 7.889476776123046875e+01 2.000000000000000000e+00
5.665790557861328125e+01 1.440300107002258301e+02 5.402788162231445312e+01 1.431157779693603516e+02 5.049701690673828125e+01 1.428895211219787598e+02 2.000000000000000000e+00
5.116972351074218750e+02 2.731730961799621582e+02 5.091578102111816406e+02 2.724192202091217041e+02 5.058859252929687500e+02 2.716949486732482910e+02 2.000000000000000000e+00
4.160536861419677734e+02 3.359613990783691406e+02 4.134482765197753906e+02 3.352367877960205078e+02 4.102745056152343750e+02 3.346222257614135742e+02 2.000000000000000000e+00
3.580317687988281250e+02 3.819504833221435547e+02 3.554921269416809082e+02 3.811538171768188477e+02 3.523646545410156250e+02 3.806523799896240234e+02 2.000000000000000000e+00
3.354327392578125000e+02 1.658916449546813965e+02 3.446305537223815918e+02 1.646045637130737305e+02 3.534574890136718750e+02 1.632692384719848633e+02 1.000000000000000000e+00
3.579948735237121582e+02 3.190158104896545410e+02 3.554052138328552246e+02 3.182409739494323730e+02 3.522368788719177246e+02 3.175956130027770996e+02 2.000000000000000000e+00
4.788804912567138672e+02 2.691024792194366455e+02 4.763469886779785156e+02 2.683921819925308228e+02 4.730207252502441406e+02 2.675961631536483765e+02 2.000000000000000000e+00
2.022605991363525391e+02 3.701389503479003906e+02 1.995876026153564453e+02 3.693398523330688477e+02 1.965517902374267578e+02 3.688768672943115234e+02 2.000000000000000000e+00
6.483976364135742188e+01 4.045743227005004883e+02 6.222028732299804688e+01 4.037099075317382812e+02 5.890357971191406250e+01 4.035617494583129883e+02 2.000000000000000000e+00
5.126177406311035156e+02 2.831972694396972656e+02 5.100633049011230469e+02 2.824559640884399414e+02 5.067776489257812500e+02 2.816859161853790283e+02 2.000000000000000000e+00
4.676138973236083984e+02 4.008638048171997070e+02 4.651092243194580078e+02 4.001068496704101562e+02 4.618845844268798828e+02 3.994311618804931641e+02 2.000000000000000000e+00
1.934133434295654297e+02 3.731463146209716797e+02 1.907019901275634766e+02 3.723615789413452148e+02 1.876355838775634766e+02 3.720090436935424805e+02 2.000000000000000000e+00
2.406072092056274414e+02 3.810420942306518555e+02 2.379693412780761719e+02 3.802251005172729492e+02 2.347885704040527344e+02 3.797653341293334961e+02 2.000000000000000000e+00
4.300104427337646484e+02 3.069653320312500000e+02 4.274450397491455078e+02 3.062243056297302246e+02 4.242866516113281250e+02 3.055529522895812988e+02 2.000000000000000000e+00
5.233936119079589844e+02 3.688468408584594727e+02 5.208819007873535156e+02 3.681899213790893555e+02 5.176161003112792969e+02 3.674281024932861328e+02 2.000000000000000000e+00
4.726959514617919922e+02 3.839695501327514648e+02 4.701299762725830078e+02 3.831838703155517578e+02 4.670723915100097656e+02 3.824845361709594727e+02 2.000000000000000000e+00
5.513628005981445312e+02 3.161589360237121582e+02 5.486882400512695312e+02 3.153657603263854980e+02 5.455064201354980469e+02 3.145762395858764648e+02 2.000000000000000000e+00
1.181477546691894531e+02 4.568499612808227539e+02 1.153309249877929688e+02 4.558650684356689453e+02 1.122109794616699219e+02 4.557699680328369141e+02 2.000000000000000000e+00
1.182449340820312500e+02 1.197639942169189453e+01 1.156053924560546875e+02 1.099192142486572266e+01 1.115384674072265625e+02 1.076570034027099609e+01 2.000000000000000000e+00
5.602661132812500000e+02 3.190477323532104492e+02 5.576212120056152344e+02 3.183009052276611328e+02 5.544511222839355469e+02 3.175149250030517578e+02 2.000000000000000000e+00
3.828822660446166992e+02 3.689510536193847656e+02 3.803155851364135742e+02 3.681741142272949219e+02 3.771687030792236328e+02 3.676089906692504883e+02 2.000000000000000000e+00
5.234879112243652344e+02 2.801321446895599365e+02 5.209957313537597656e+02 2.793154013156890869e+02 5.177171134948730469e+02 2.785901498794555664e+02 2.000000000000000000e+00
6.028766632080078125e+01 4.568953371047973633e+02 5.778490066528320312e+01 4.560802173614501953e+02 5.465251922607421875e+01 4.559479522705078125e+02 2.000000000000000000e+00
5.731742668151855469e+02 3.579917335510253906e+02 5.704699707031250000e+02 3.572547984123229980e+02 5.672967529296875000e+02 3.564463591575622559e+02 2.000000000000000000e+00
1.396202468872070312e+02 3.852599000930786133e+02 1.369327163696289062e+02 3.843822956085205078e+02 1.337297248840332031e+02 3.842379570007324219e+02 2.000000000000000000e+00
3.353672027587890625e+01 2.102264231443405151e+02 3.086305618286132812e+01 2.092756319046020508e+02 2.740726470947265625e+01 2.090469038486480713e+02 2.000000000000000000e+00
1.510481834411621094e+02 3.511609554290771484e+02 1.483610725402832031e+02 3.503272747993469238e+02 1.451912879943847656e+02 3.501072478294372559e+02 2.000000000000000000e+00
5.846117019653320312e+02 7.229021072387695312e+01 5.821522903442382812e+02 7.155790328979492188e+01 5.783107376098632812e+02 7.086466312408447266e+01 2.000000000000000000e+00
3.015296018123626709e+02 2.006229078769683838e+02 3.102168577909469604e+02 1.994990050792694092e+02 3.187491759657859802e+02 1.984816253185272217e+02 1.000000000000000000e+00
2.194867515563964844e+02 3.690635204315185547e+02 2.168617534637451172e+02 3.682172298431396484e+02 2.137588214874267578e+02 3.678453111648559570e+02 2.000000000000000000e+00
3.480478835105895996e+02 3.571113681793212891e+02 3.454429030418395996e+02 3.563175129890441895e+02 3.423709726333618164e+02 3.557256245613098145e+02 2.000000000000000000e+00
3.730054330825805664e+02 3.619520044326782227e+02 3.704046010971069336e+02 3.612481784820556641e+02 3.672499084472656250e+02 3.606804227828979492e+02 2.000000000000000000e+00
4.966618919372558594e+02 3.190213036537170410e+02 4.941338157653808594e+02 3.182565665245056152e+02 4.908656311035156250e+02 3.175410532951354980e+02 2.000000000000000000e+00
4.160988140106201172e+02 2.910718095302581787e+02 4.135956478118896484e+02 2.903070080280303955e+02 4.102532386779785156e+02 2.896660172939300537e+02 2.000000000000000000e+00
1.666076469421386719e+02 4.242572450637817383e+02 1.639782428741455078e+02 4.234320402145385742e+02 1.608191776275634766e+02 4.233032941818237305e+02 2.000000000000000000e+00
2.542010498046875000e+02 2.014443325996398926e+02 2.622021484375000000e+02 2.002861297130584717e+02 2.697678804397583008e+02 1.994735991954803467e+02 1.000000000000000000e+00
3.889080810546875000e+02 3.889408636093139648e+02 3.863483285903930664e+02 3.881244850158691406e+02 3.832154560089111328e+02 3.875644540786743164e+02 2.000000000000000000e+00
5.494334220886230469e+02 3.339674091339111328e+02 5.467497634887695312e+02 3.332554650306701660e+02 5.435072708129882812e+02 3.325181007385253906e+02 2.000000000000000000e+00
2.685489797592163086e+02 2.015837681293487549e+02 2.763940715789794922e+02 2.003796207904815674e+02 2.839381098747253418e+02 1.995721399784088135e+02 1.000000000000000000e+00
3.028241884708404541e+02 3.929190731048583984e+02 3.002307426929473877e+02 3.920748710632324219e+02 2.971678161621093750e+02 3.916459465026855469e+02 2.000000000000000000e+00
1.662361145019531250e+02 3.682313060760498047e+02 1.635236072540283203e+02 3.673253488540649414e+02 1.604211235046386719e+02 3.671461915969848633e+02 2.000000000000000000e+00
4.399344825744628906e+02 3.179120492935180664e+02 4.374148845672607422e+02 3.172225713729858398e+02 4.342095947265625000e+02 3.165472483634948730e+02 2.000000000000000000e+00
5.879710197448730469e+02 3.251322698593139648e+02 5.854025268554687500e+02 3.244323492050170898e+02 5.821214675903320312e+02 3.234766602516174316e+02 2.000000000000000000e+00
5.803414916992187500e+02 8.845726490020751953e+01 5.777863121032714844e+02 8.776433944702148438e+01 5.741541862487792969e+02 8.693550109863281250e+01 2.000000000000000000e+00
4.707085609436035156e+02 3.689325284957885742e+02 4.681005287170410156e+02 3.681345891952514648e+02 4.650551795959472656e+02 3.674816322326660156e+02 2.000000000000000000e+00
5.484409141540527344e+02 2.891419386863708496e+02 5.457919311523437500e+02 2.884396076202392578e+02 5.423953819274902344e+02 2.876177680492401123e+02 2.000000000000000000e+00
4.597201538085937500e+02 3.839216136932373047e+02 4.571585083007812500e+02 3.832113075256347656e+02 4.540295124053955078e+02 3.825251483917236328e+02 2.000000000000000000e+00
4.769226074218750000e+02 3.070396757125854492e+02 4.743254089355468750e+02 3.063124752044677734e+02 4.711160278320312500e+02 3.055781579017639160e+02 2.000000000000000000e+00
3.102872848510742188e+01 4.670330858230590820e+02 2.833108901977539062e+01 4.664352178573608398e+02 2.515848159790039062e+01 4.664259481430053711e+02 2.000000000000000000e+00
5.771360397338867188e+01 2.292064359784126282e+02 5.503194808959960938e+01 2.281800681352615356e+02 5.159341812133789062e+01 2.280632016062736511e+02 2.000000000000000000e+00
4.267778968811035156e+02 4.049710464477539062e+02 4.242358398437500000e+02 4.042029190063476562e+02 4.211247920989990234e+02 4.035899734497070312e+02 2.000000000000000000e+00
3.948665475845336914e+02 3.609234094619750977e+02 3.923012685775756836e+02 3.601385593414306641e+02 3.891263437271118164e+02 3.596094703674316406e+02 2.000000000000000000e+00
1.515197181701660156e+02 4.444846343994140625e+02 1.488026237487792969e+02 4.437179088592529297e+02 1.455927848815917969e+02 4.435440731048583984e+02 2.000000000000000000e+00
2.411134624481201172e+02 1.668442368507385254e+02 2.492469024658203125e+02 1.654646873474121094e+02 2.568547344207763672e+02 1.643269801139831543e+02 1.000000000000000000e+00
4.528040790557861328e+02 3.269907259941101074e+02 4.502110004425048828e+02 3.262912917137145996e+02 4.470957660675048828e+02 3.256341576576232910e+02 2.000000000000000000e+00
5.671624183654785156e+02 3.330738544464111328e+02 5.645112419128417969e+02 3.323011207580566406e+02 5.613208007812500000e+02 3.315036964416503906e+02 2.000000000000000000e+00
4.698723125457763672e+02 2.860733985900878906e+02 4.673303890228271484e+02 2.853075599670410156e+02 4.640273189544677734e+02 2.845839858055114746e+02 2.000000000000000000e+00
5.345421791076660156e+02 2.970648837089538574e+02 5.320136833190917969e+02 2.963806164264678955e+02 5.287868118286132812e+02 2.955490458011627197e+02 2.000000000000000000e+00
5.225554847717285156e+02 2.982273280620574951e+02 5.200223350524902344e+02 2.974327111244201660e+02 5.167401123046875000e+02 2.966455399990081787e+02 2.000000000000000000e+00
3.219129943847656250e+02 3.829970455169677734e+02 3.193560180813074112e+02 3.821672773361206055e+02 3.161236876249313354e+02 3.817029190063476562e+02 2.000000000000000000e+00
3.351667785644531250e+02 2.969087862968444824e+02 3.326548767089843750e+02 2.961767005920410156e+02 3.294205325841903687e+02 2.956475257873535156e+02 2.000000000000000000e+00
1.760667228698730469e+02 3.991923236846923828e+02 1.734675407409667969e+02 3.983784627914428711e+02 1.702953433990478516e+02 3.981900358200073242e+02 2.000000000000000000e+00
4.766035175323486328e+02 3.748699665069580078e+02 4.740769100189208984e+02 3.740515136718750000e+02 4.710146808624267578e+02 3.733999443054199219e+02 2.000000000000000000e+00
4.887922096252441406e+02 3.519658899307250977e+02 4.861313247680664062e+02 3.512558341026306152e+02 4.830120277404785156e+02 3.505550909042358398e+02 2.000000000000000000e+00
3.948425912857055664e+02 4.098709774017333984e+02 3.922613859176635742e+02 4.089996671676635742e+02 3.890632963180541992e+02 4.085092878341674805e+02 2.000000000000000000e+00
4.547704505920410156e+02 3.350172185897827148e+02 4.521231746673583984e+02 3.342708206176757812e+02 4.490403175354003906e+02 3.336145949363708496e+02 2.000000000000000000e+00
5.563142776489257812e+02 3.051926922798156738e+02 5.536549758911132812e+02 3.044414091110229492e+02 5.504683303833007812e+02 3.036434340476989746e+02 2.000000000000000000e+00
4.708416175842285156e+02 3.519011878967285156e+02 4.681990337371826172e+02 3.512277245521545410e+02 4.651478576660156250e+02 3.505717849731445312e+02 2.000000000000000000e+00
4.996956825256347656e+02 2.981330609321594238e+02 4.971775627136230469e+02 2.974133026599884033e+02 4.938475036621093750e+02 2.966706275939941406e+02 2.000000000000000000e+00
5.869157791137695312e+01 3.965295124053955078e+02 5.583250045776367188e+01 3.956093788146972656e+02 5.267417907714843750e+01 3.955089855194091797e+02 2.000000000000000000e+00
1.487041664123535156e+02 3.812236690521240234e+02 1.459950828552246094e+02 3.803743600845336914e+02 1.427677726745605469e+02 3.801927280426025391e+02 2.000000000000000000e+00
1.888791465759277344e+02 4.173603630065917969e+02 1.862249088287353516e+02 4.164514303207397461e+02 1.830308055877685547e+02 4.162558650970458984e+02 2.000000000000000000e+00
5.144871902465820312e+02 3.578909683227539062e+02 5.118729209899902344e+02 3.571261382102966309e+02 5.086539649963378906e+02 3.564166903495788574e+02 2.000000000000000000e+00
3.982330322265625000e+01 4.721524715423583984e+02 3.711387634277343750e+01 4.714183759689331055e+02 3.391506195068359375e+01 4.713806533813476562e+02 2.000000000000000000e+00
7.161270141601562500e+01 2.367894172668457031e+01 6.927555084228515625e+01 2.259518623352050781e+01 6.510225296020507812e+01 2.240853309631347656e+01 2.000000000000000000e+00
4.060817623138427734e+02 3.080049133300781250e+02 4.035332393646240234e+02 3.072255277633666992e+02 4.003678321838378906e+02 3.066022968292236328e+02 2.000000000000000000e+00
4.409654521942138672e+02 3.579609417915344238e+02 4.383526897430419922e+02 3.572229695320129395e+02 4.352614784240722656e+02 3.565170621871948242e+02 2.000000000000000000e+00
4.480249977111816406e+02 2.840759289264678955e+02 4.454461097717285156e+02 2.833449733257293701e+02 4.422704219818115234e+02 2.826378178596496582e+02 2.000000000000000000e+00
4.130519771575927734e+02 3.149873685836791992e+02 4.104486751556396484e+02 3.142318153381347656e+02 4.073138427734375000e+02 3.136172246932983398e+02 2.000000000000000000e+00
5.472956657409667969e+02 3.488568449020385742e+02 5.446018028259277344e+02 3.481887602806091309e+02 5.414272499084472656e+02 3.474081158638000488e+02 2.000000000000000000e+00
8.613620758056640625e+01 3.803128480911254883e+02 8.349075317382812500e+01 3.793686246871948242e+02 8.029451370239257812e+01 3.792370748519897461e+02 2.000000000000000000e+00
5.145613479614257812e+02 3.449747371673583984e+02 5.118961906433105469e+02 3.442005372047424316e+02 5.086934280395507812e+02 3.434840440750122070e+02 2.000000000000000000e+00
3.908292245864868164e+02 3.709476757049560547e+02 3.882943725585937500e+02 3.701452159881591797e+02 3.851181650161743164e+02 3.695824384689331055e+02 2.000000000000000000e+00
6.305780410766601562e+01 3.722855329513549805e+02 6.030326843261718750e+01 3.713594770431518555e+02 5.706825256347656250e+01 3.712764930725097656e+02 2.000000000000000000e+00
2.195876598358154297e+02 3.590235686302185059e+02 2.170114421844482422e+02 3.581969976425170898e+02 2.139106464385986328e+02 3.578459215164184570e+02 2.000000000000000000e+00
3.521430969238281250e+02 2.949396407604217529e+02 3.495033884048461914e+02 2.943689918518066406e+02 3.462582397460937500e+02 2.937179911136627197e+02 2.000000000000000000e+00
3.311221313476562500e+02 3.049305725097656250e+02 3.286548465490341187e+02 3.041616868972778320e+02 3.254228210449218750e+02 3.036781311035156250e+02 2.000000000000000000e+00
1.571215438842773438e+02 3.582934355735778809e+02 1.543403053283691406e+02 3.573661565780639648e+02 1.512349891662597656e+02 3.571430110931396484e+02 2.000000000000000000e+00
3.799703073501586914e+02 3.539621973037719727e+02 3.773735666275024414e+02 3.532479286193847656e+02 3.742251300811767578e+02 3.525960445404052734e+02 2.000000000000000000e+00
2.246875476837158203e+02 3.841412687301635742e+02 2.220504093170166016e+02 3.832585573196411133e+02 2.189877414703369141e+02 3.829339742660522461e+02 2.000000000000000000e+00
7.997001647949218750e+01 2.033874034881591797e+02 7.748746871948242188e+01 2.023582756519317627e+02 7.399803161621093750e+01 2.022302985191345215e+02 2.000000000000000000e+00
2.034137248992919922e+02 3.801238775253295898e+02 2.006681537628173828e+02 3.793077707290649414e+02 1.976241016387939453e+02 3.788983583450317383e+02 2.000000000000000000e+00
4.607910823822021484e+02 3.509370446205139160e+02 4.581979370117187500e+02 3.501094079017639160e+02 4.551148414611816406e+02 3.495548772811889648e+02 2.000000000000000000e+00
3.338796615600585938e+01 1.932228970527648926e+02 3.075414657592773438e+01 1.923848533630371094e+02 2.726963043212890625e+01 1.922071051597595215e+02 2.000000000000000000e+00
4.090853309631347656e+02 2.960488915443420410e+02 4.065527629852294922e+02 2.952304100990295410e+02 4.033004188537597656e+02 2.946326923370361328e+02 2.000000000000000000e+00
1.782747650146484375e+02 3.761432218551635742e+02 1.756151390075683594e+02 3.752783203125000000e+02 1.724773216247558594e+02 3.750339460372924805e+02 2.000000000000000000e+00
4.009466266632080078e+02 3.958966398239135742e+02 3.983366394042968750e+02 3.949945163726806641e+02 3.952425241470336914e+02 3.944763278961181641e+02 2.000000000000000000e+00
2.365590190887451172e+02 3.879721498489379883e+02 2.339083194732666016e+02 3.872478961944580078e+02 2.307520294189453125e+02 3.867980432510375977e+02 2.000000000000000000e+00
4.707066631317138672e+02 3.598894429206848145e+02 4.681220436096191406e+02 3.591658687591552734e+02 4.650251770019531250e+02 3.584791016578674316e+02 2.000000000000000000e+00
3.980581665039062500e+02 3.109627389907836914e+02 3.955005788803100586e+02 3.102221417427062988e+02 3.922556447982788086e+02 3.095592069625854492e+02 2.000000000000000000e+00
3.050168144702911377e+02 3.479821228981018066e+02 3.024147641658782959e+02 3.471985530853271484e+02 2.992857050895690918e+02 3.466839337348937988e+02 2.000000000000000000e+00
3.129028624296188354e+02 3.919554233551025391e+02 3.102814632654190063e+02 3.911011075973510742e+02 3.071623837947845459e+02 3.906672763824462891e+02 2.000000000000000000e+00
1.253484153747558594e+02 4.126193618774414062e+02 1.227028656005859375e+02 4.117185401916503906e+02 1.194748306274414062e+02 4.115383672714233398e+02 2.000000000000000000e+00
2.147208976745605469e+02 3.439801096916198730e+02 2.121257781982421875e+02 3.431738018989562988e+02 2.089034557342529297e+02 3.427368521690368652e+02 2.000000000000000000e+00
3.230178833007812500e+02 1.727258133888244629e+02 3.323643195629119873e+02 1.714941072463989258e+02 3.411932682991027832e+02 1.704904317855834961e+02 1.000000000000000000e+00
2.567090129852294922e+02 3.821119737625122070e+02 2.541267061233520508e+02 3.812394762039184570e+02 2.510066652297973633e+02 3.808265733718872070e+02 2.000000000000000000e+00
5.151798248291015625e+01 2.883872509002685547e+01 4.891643524169921875e+01 2.793199539184570312e+01 4.468374252319335938e+01 2.773263931274414062e+01 2.000000000000000000e+00
4.556690120697021484e+02 3.729332971572875977e+02 4.530734920501708984e+02 3.721558570861816406e+02 4.500039672851562500e+02 3.714887094497680664e+02 2.000000000000000000e+00
3.540137648582458496e+02 1.726567840576171875e+02 3.635756540298461914e+02 1.714461207389831543e+02 3.726611328125000000e+02 1.703408503532409668e+02 1.000000000000000000e+00
5.672700309753417969e+02 3.011783194541931152e+02 5.646163940429687500e+02 3.004423284530639648e+02 5.613540077209472656e+02 2.996096849441528320e+02 2.000000000000000000e+00
2.759488201141357422e+02 3.378808951377868652e+02 2.733677959442138672e+02 3.370041275024414062e+02 2.701512765884399414e+02 3.365992498397827148e+02 2.000000000000000000e+00
4.359156227111816406e+02 3.300318646430969238e+02 4.333443927764892578e+02 3.293206214904785156e+02 4.301356220245361328e+02 3.286856102943420410e+02 2.000000000000000000e+00
1.791214847564697266e+02 3.841399240493774414e+02 1.764851665496826172e+02 3.832999706268310547e+02 1.733499717712402344e+02 3.830606746673583984e+02 2.000000000000000000e+00
5.049407958984375000e+01 4.175035429000854492e+02 4.800727844238281250e+01 4.166277265548706055e+02 4.479196548461914062e+01 4.165780448913574219e+02 2.000000000000000000e+00
4.240845394134521484e+02 2.700612795352935791e+02 4.215406799316406250e+02 2.692784446477890015e+02 4.182593727111816406e+02 2.686092245578765869e+02 2.000000000000000000e+00
2.798948669433593750e+02 3.780895185470581055e+02 2.773483896255493164e+02 3.772002983093261719e+02 2.742444133758544922e+02 3.767995977401733398e+02 2.000000000000000000e+00
5.830861854553222656e+02 3.579576802253723145e+02 5.805014038085937500e+02 3.572021269798278809e+02 5.772653770446777344e+02 3.563537979125976562e+02 2.000000000000000000e+00
4.319667053222656250e+02 3.579876494407653809e+02 4.293584918975830078e+02 3.572233057022094727e+02 4.262892150878906250e+02 3.565464878082275391e+02 2.000000000000000000e+00
4.737214946746826172e+02 3.928783035278320312e+02 4.711048889160156250e+02 3.920957708358764648e+02 4.679976558685302734e+02 3.913933181762695312e+02 2.000000000000000000e+00
4.487201881408691406e+02 3.979343891143798828e+02 4.461844825744628906e+02 3.971546745300292969e+02 4.429834938049316406e+02 3.964896011352539062e+02 2.000000000000000000e+00
1.255735015869140625e+02 3.854665660858154297e+02 1.231342506408691406e+02 3.846030950546264648e+02 1.198356246948242188e+02 3.843487644195556641e+02 2.000000000000000000e+00
2.999593496322631836e+02 3.630002260208129883e+02 2.973707890510559082e+02 3.622090244293212891e+02 2.942931818962097168e+02 3.616852426528930664e+02 2.000000000000000000e+00
1.425816154479980469e+02 3.652125549316406250e+02 1.398520469665527344e+02 3.644497489929199219e+02 1.367225265502929688e+02 3.642505216598510742e+02 2.000000000000000000e+00
1.742858982086181641e+02 3.682285594940185547e+02 1.715584564208984375e+02 3.672802734375000000e+02 1.684846496582031250e+02 3.671079540252685547e+02 2.000000000000000000e+00
4.198998451232910156e+02 3.589306068420410156e+02 4.174077129364013672e+02 3.581844520568847656e+02 4.142631816864013672e+02 3.575567078590393066e+02 2.000000000000000000e+00
5.652561759948730469e+02 1.877426147460937500e+01 5.627009391784667969e+02 1.806269645690917969e+01 5.590476036071777344e+02 1.731900215148925781e+01 2.000000000000000000e+00
4.120158100128173828e+02 3.229999136924743652e+02 4.094756507873535156e+02 3.222132611274719238e+02 4.062845516204833984e+02 3.216147780418395996e+02 2.000000000000000000e+00
2.454613351821899414e+02 1.802087509632110596e+02 2.536748933792114258e+02 1.789199352264404297e+02 2.614151906967163086e+02 1.780821633338928223e+02 1.000000000000000000e+00
5.592433547973632812e+02 3.429991793632507324e+02 5.565751457214355469e+02 3.422859835624694824e+02 5.533787918090820312e+02 3.415098309516906738e+02 2.000000000000000000e+00
4.428653240203857422e+02 3.389800500869750977e+02 4.402896118164062500e+02 3.382583069801330566e+02 4.371176147460937500e+02 3.375706243515014648e+02 2.000000000000000000e+00
1.822591972351074219e+02 3.631337928771972656e+02 1.795635318756103516e+02 3.622548007965087891e+02 1.764508152008056641e+02 3.620872306823730469e+02 2.000000000000000000e+00
3.478902888298034668e+02 1.644520497322082520e+02 3.575182509422302246e+02 1.628883647918701172e+02 3.665297269821166992e+02 1.617905974388122559e+02 1.000000000000000000e+00
3.750431823730468750e+02 3.159955143928527832e+02 3.725587797164916992e+02 3.152508258819580078e+02 3.693310260772705078e+02 3.146415781974792480e+02 2.000000000000000000e+00
3.330808103084564209e+02 2.789267599582672119e+02 3.305306708812713623e+02 2.782030355930328369e+02 3.273313903808593750e+02 2.776382482051849365e+02 2.000000000000000000e+00
4.150819110870361328e+02 2.750087893009185791e+02 4.126048278808593750e+02 2.742518019676208496e+02 4.093656635284423828e+02 2.736064767837524414e+02 2.000000000000000000e+00
4.099536418914794922e+02 3.828858375549316406e+02 4.074116230010986328e+02 3.821167945861816406e+02 4.043148517608642578e+02 3.815179538726806641e+02 2.000000000000000000e+00
1.522986602783203125e+02 4.737730836868286133e+02 1.496704292297363281e+02 4.728076028823852539e+02 1.466401863098144531e+02 4.726601743698120117e+02 2.000000000000000000e+00
3.600845050811767578e+02 2.919919753074645996e+02 3.574491882324218750e+02 2.914552330970764160e+02 3.541893935203552246e+02 2.908020365238189697e+02 2.000000000000000000e+00
1.125052642822265625e+02 2.092994534969329834e+02 1.099028968811035156e+02 2.083259403705596924e+02 1.063630485534667969e+02 2.081451237201690674e+02 2.000000000000000000e+00
1.004244232177734375e+02 2.316804885864257812e+01 9.764240264892578125e+01 2.225286483764648438e+01 9.367288589477539062e+01 2.201464176177978516e+01 2.000000000000000000e+00
9.820196151733398438e+01 3.976363277435302734e+02 9.550649642944335938e+01 3.966994428634643555e+02 9.236158370971679688e+01 3.965258502960205078e+02 2.000000000000000000e+00
4.608490276336669922e+02 2.751528024673461914e+02 4.583879375457763672e+02 2.743641972541809082e+02 4.551323223114013672e+02 2.736744081974029541e+02 2.000000000000000000e+00
5.277748107910156250e+01 3.521854591369628906e+02 5.025112152099609375e+01 3.512265372276306152e+02 4.685188293457031250e+01 3.511312007904052734e+02 2.000000000000000000e+00
8.331188201904296875e+01 3.986975812911987305e+02 8.056772232055664062e+01 3.978395175933837891e+02 7.735956192016601562e+01 3.976515913009643555e+02 2.000000000000000000e+00
3.129668885469436646e+02 3.550280857086181641e+02 3.103549802303314209e+02 3.542198538780212402e+02 3.073049318790435791e+02 3.536918377876281738e+02 2.000000000000000000e+00
1.138099670410156250e+02 3.299375653266906738e+02 1.110851478576660156e+02 3.290148639678955078e+02 1.077793884277343750e+02 3.287967896461486816e+02 2.000000000000000000e+00
1.415379714965820312e+02 4.094573163986206055e+02 1.388315582275390625e+02 4.086133146286010742e+02 1.356338882446289062e+02 4.084268903732299805e+02 2.000000000000000000e+00
3.390675961971282959e+02 3.619167566299438477e+02 3.364884650707244873e+02 3.611441373825073242e+02 3.334084784984588623e+02 3.606639432907104492e+02 2.000000000000000000e+00
3.191145629435777664e+02 3.049551129341125488e+02 3.166109314560890198e+02 3.041913771629333496e+02 3.134523922204971313e+02 3.037319970130920410e+02 2.000000000000000000e+00
4.501105022430419922e+02 2.711547875404357910e+02 4.474340820312500000e+02 2.703258991241455078e+02 4.441922664642333984e+02 2.696649795770645142e+02 2.000000000000000000e+00
2.055498790740966797e+02 3.910828685760498047e+02 2.026508426666259766e+02 3.902926111221313477e+02 1.995122814178466797e+02 3.899586296081542969e+02 2.000000000000000000e+00
2.898322439193725586e+02 3.640031147003173828e+02 2.874074101448059082e+02 3.632475900650024414e+02 2.842728257179260254e+02 3.626900768280029297e+02 2.000000000000000000e+00
8.082225799560546875e+01 2.091115951538085938e+01 7.845796585083007812e+01 1.982019424438476562e+01 7.441646575927734375e+01 1.960091114044189453e+01 2.000000000000000000e+00
2.210700988769531250e+02 1.671879386901855469e+02 2.288693809509277344e+02 1.657103848457336426e+02 2.361965751647949219e+02 1.648601317405700684e+02 1.000000000000000000e+00
3.811758422851562500e+02 2.969658851623535156e+02 3.785823965072631836e+02 2.961527144908905029e+02 3.753625202178955078e+02 2.955523395538330078e+02 2.000000000000000000e+00
3.316720962524414062e+01 3.825520420074462891e+02 3.050388336181640625e+01 3.816462135314941406e+02 2.717134475708007812e+01 3.815762042999267578e+02 2.000000000000000000e+00
2.777907419204711914e+02 3.970259141921997070e+02 2.752727651596069336e+02 3.961671495437622070e+02 2.720845317840576172e+02 3.958218526840209961e+02 2.000000000000000000e+00
4.656983089447021484e+02 3.300967454910278320e+02 4.631456661224365234e+02 3.293754029273986816e+02 4.599874591827392578e+02 3.285869193077087402e+02 2.000000000000000000e+00
4.875360679626464844e+02 3.699818515777587891e+02 4.850520896911621094e+02 3.691489648818969727e+02 4.819246482849121094e+02 3.684146118164062500e+02 2.000000000000000000e+00
8.817567825317382812e+01 3.633461666107177734e+02 8.533525466918945312e+01 3.623958492279052734e+02 8.203302383422851562e+01 3.622884035110473633e+02 2.000000000000000000e+00
3.771768522262573242e+02 2.621222233772277832e+02 3.746145963668823242e+02 2.612742930650711060e+02 3.714145517349243164e+02 2.607131052017211914e+02 2.000000000000000000e+00
2.588171386718750000e+02 3.480722737312316895e+02 2.562562561035156250e+02 3.471926951408386230e+02 2.530233430862426758e+02 3.467316627502441406e+02 2.000000000000000000e+00
1.742765140533447266e+02 3.591557693481445312e+02 1.715762329101562500e+02 3.582494902610778809e+02 1.684948444366455078e+02 3.581061458587646484e+02 2.000000000000000000e+00
3.270592039823532104e+02 4.000048255920410156e+02 3.244321593642234802e+02 3.991608953475952148e+02 3.211663208156824112e+02 3.986529064178466797e+02 2.000000000000000000e+00
8.387708663940429688e+01 2.404441223479807377e+02 8.128580093383789062e+01 2.396102599985897541e+02 7.784475326538085938e+01 2.394038390927016735e+02 2.000000000000000000e+00
4.081368732452392578e+02 3.368902301788330078e+02 4.055484676361083984e+02 3.361470365524291992e+02 4.023913574218750000e+02 3.355356788635253906e+02 2.000000000000000000e+00
5.562097740173339844e+02 2.772216832637786865e+02 5.536897659301757812e+02 2.764831852912902832e+02 5.503538322448730469e+02 2.756837475299835205e+02 2.000000000000000000e+00
1.845764636993408203e+02 2.737469816207885742e+02 1.820177173614501953e+02 2.729011559486389160e+02 1.787007427215576172e+02 2.725700104236602783e+02 2.000000000000000000e+00
1.204979324340820312e+02 3.682026100158691406e+02 1.177486801147460938e+02 3.673231029510498047e+02 1.146775245666503906e+02 3.671778345108032227e+02 2.000000000000000000e+00
8.484376907348632812e+01 3.512013602256774902e+02 8.230436325073242188e+01 3.503510785102844238e+02 7.896560668945312500e+01 3.502437472343444824e+02 2.000000000000000000e+00
1.893970489501953125e+02 3.891308927536010742e+02 1.867103672027587891e+02 3.883079051971435547e+02 1.835450553894042969e+02 3.879806900024414062e+02 2.000000000000000000e+00
1.200628852844238281e+02 2.897634315490722656e+02 1.174016189575195312e+02 2.889062511920928955e+02 1.139594650268554688e+02 2.887318146228790283e+02 2.000000000000000000e+00
5.354646110534667969e+02 2.781975424289703369e+02 5.328318595886230469e+02 2.774258458614349365e+02 5.295748901367187500e+02 2.767087411880493164e+02 2.000000000000000000e+00
3.591086435317993164e+02 3.639731454849243164e+02 3.565164494514465332e+02 3.631732177734375000e+02 3.533482670783996582e+02 3.626501512527465820e+02 2.000000000000000000e+00
5.788799285888671875e+01 2.182960188388824463e+02 5.529142379760742188e+01 2.173098742961883545e+02 5.181283950805664062e+01 2.171719962358474731e+02 2.000000000000000000e+00
5.424099159240722656e+02 3.130771207809448242e+02 5.398143386840820312e+02 3.123470520973205566e+02 5.365764236450195312e+02 3.115011334419250488e+02 2.000000000000000000e+00
1.499032211303710938e+02 3.692262697219848633e+02 1.472301483154296875e+02 3.683383512496948242e+02 1.439871406555175781e+02 3.680928039550781250e+02 2.000000000000000000e+00
3.541095900535583496e+02 3.500217676162719727e+02 3.515192866325378418e+02 3.492109107971191406e+02 3.484382939338684082e+02 3.486666655540466309e+02 2.000000000000000000e+00
6.488248825073242188e+01 3.391951990127563477e+02 6.210792541503906250e+01 3.383724403381347656e+02 5.880548477172851562e+01 3.382781410217285156e+02 2.000000000000000000e+00
4.396743488311767578e+02 4.129978466033935547e+02 4.371124935150146484e+02 4.122376155853271484e+02 4.340697002410888672e+02 4.115930271148681641e+02 2.000000000000000000e+00
1.137383842468261719e+02 3.378681707382202148e+02 1.109887886047363281e+02 3.369279527664184570e+02 1.077124977111816406e+02 3.367214441299438477e+02 2.000000000000000000e+00
5.652099609375000000e+02 3.519725704193115234e+02 5.625132560729980469e+02 3.512877273559570312e+02 5.593333816528320312e+02 3.503880071640014648e+02 2.000000000000000000e+00
4.290105915069580078e+02 3.159553599357604980e+02 4.264929485321044922e+02 3.151998353004455566e+02 4.233089351654052734e+02 3.145945143699645996e+02 2.000000000000000000e+00
3.290155643224716187e+02 3.399887108802795410e+02 3.264259642362594604e+02 3.392267489433288574e+02 3.232838746905326843e+02 3.386711812019348145e+02 2.000000000000000000e+00
1.766617107391357422e+02 1.304869651794433594e+00 1.729619598388671875e+02 1.266403198242187500e+00 1.692685985565185547e+02 8.714962005615234375e-01 2.000000000000000000e+00
3.940252685546875000e+02 3.479268550872802734e+02 3.915165090560913086e+02 3.470929598808288574e+02 3.883643484115600586e+02 3.464754080772399902e+02 2.000000000000000000e+00
4.139346599578857422e+02 3.649249935150146484e+02 4.114029216766357422e+02 3.641324901580810547e+02 4.082011127471923828e+02 3.635523176193237305e+02 2.000000000000000000e+00
2.890982365608215332e+02 3.438580656051635742e+02 2.864890742301940918e+02 3.430399847030639648e+02 2.832996821403503418e+02 3.426295495033264160e+02 2.000000000000000000e+00
4.408040523529052734e+02 3.728683233261108398e+02 4.382121944427490234e+02 3.720870780944824219e+02 4.350757789611816406e+02 3.714441919326782227e+02 2.000000000000000000e+00
6.897809982299804688e+01 3.311669969558715820e+02 6.632837295532226562e+01 3.303320646286010742e+02 6.295612335205078125e+01 3.302276372909545898e+02 2.000000000000000000e+00
1.074239540100097656e+02 3.681756019592285156e+02 1.047984504699707031e+02 3.673410415649414062e+02 1.016242980957031250e+02 3.671823835372924805e+02 2.000000000000000000e+00
7.606880187988281250e+01 1.952877008914947510e+02 7.350584030151367188e+01 1.943346834182739258e+02 6.999107360839843750e+01 1.941747879981994629e+02 2.000000000000000000e+00
5.839621543884277344e+02 3.440029335021972656e+02 5.814082145690917969e+02 3.432617568969726562e+02 5.781947135925292969e+02 3.423750329017639160e+02 2.000000000000000000e+00
3.429242563247680664e+02 3.339299941062927246e+02 3.402970886230468750e+02 3.331413960456848145e+02 3.372480475902557373e+02 3.326058125495910645e+02 2.000000000000000000e+00
2.860705566406250000e+02 3.039436340332031250e+02 2.834015798568725586e+02 3.031287860870361328e+02 2.802138972282409668e+02 3.026540565490722656e+02 2.000000000000000000e+00
4.887705802917480469e+02 2.731246340274810791e+02 4.862148475646972656e+02 2.724100363254547119e+02 4.829104042053222656e+02 2.716264665126800537e+02 2.000000000000000000e+00
2.558152914047241211e+02 3.981569051742553711e+02 2.532917928695678711e+02 3.972667264938354492e+02 2.501026916503906250e+02 3.968631076812744141e+02 2.000000000000000000e+00
5.790509605407714844e+02 3.210708045959472656e+02 5.764321899414062500e+02 3.203678297996520996e+02 5.731625938415527344e+02 3.194632887840270996e+02 2.000000000000000000e+00
3.900510883331298828e+02 3.170586276054382324e+02 3.875207233428955078e+02 3.162857365608215332e+02 3.842315673828125000e+02 3.156072735786437988e+02 2.000000000000000000e+00
5.325348472595214844e+02 3.279994225502014160e+02 5.298837280273437500e+02 3.272945308685302734e+02 5.266229248046875000e+02 3.265433406829833984e+02 2.000000000000000000e+00
3.950277090072631836e+02 2.560977494716644287e+02 3.925247526168823242e+02 2.553552711009979248e+02 3.892623281478881836e+02 2.546961370110511780e+02 2.000000000000000000e+00
1.826347446441650391e+02 2.405625457875430584e+02 1.799845218658447266e+02 2.397225494217127562e+02 1.767430686950683594e+02 2.394452209398150444e+02 2.000000000000000000e+00
2.113607788085937500e+02 3.731022691726684570e+02 2.087354278564453125e+02 3.722954177856445312e+02 2.056472015380859375e+02 3.718257808685302734e+02 2.000000000000000000e+00
2.629286813735961914e+02 3.710405015945434570e+02 2.603804016113281250e+02 3.701944971084594727e+02 2.572869253158569336e+02 3.697875452041625977e+02 2.000000000000000000e+00
3.180245971679687500e+02 2.659061908721923828e+02 3.155751341581344604e+02 2.650913715362548828e+02 3.122919005155563354e+02 2.645805984735488892e+02 2.000000000000000000e+00
4.964902877807617188e+01 2.312827751040458679e+02 4.703992843627929688e+01 2.302754661440849304e+02 4.360601425170898438e+01 2.301505735516548157e+02 2.000000000000000000e+00
3.090675044059753418e+02 3.218465280532836914e+02 3.064988100528717041e+02 3.211539030075073242e+02 3.033400881290435791e+02 3.206481671333312988e+02 2.000000000000000000e+00
4.061342144012451172e+02 3.448955154418945312e+02 4.035352230072021484e+02 3.441722130775451660e+02 4.004326820373535156e+02 3.435467576980590820e+02 2.000000000000000000e+00
1.644790649414062500e+02 2.736615300178527832e+02 1.620409107208251953e+02 2.727775883674621582e+02 1.586259460449218750e+02 2.725362575054168701e+02 2.000000000000000000e+00
5.552618980407714844e+02 3.499926781654357910e+02 5.525954055786132812e+02 3.492350792884826660e+02 5.494497680664062500e+02 3.484340858459472656e+02 2.000000000000000000e+00
5.622737503051757812e+02 3.111563444137573242e+02 5.596061515808105469e+02 3.104199242591857910e+02 5.564768028259277344e+02 3.095796561241149902e+02 2.000000000000000000e+00
4.918104553222656250e+02 2.641652226448059082e+02 4.892519569396972656e+02 2.633944720029830933e+02 4.858751296997070312e+02 2.626226824522018433e+02 2.000000000000000000e+00
5.852252769470214844e+02 9.546129226684570312e+01 5.827243041992187500e+02 9.482377052307128906e+01 5.791569900512695312e+02 9.403414249420166016e+01 2.000000000000000000e+00
1.102109336853027344e+02 4.752911567687988281e+02 1.073748588562011719e+02 4.744395875930786133e+02 1.041712570190429688e+02 4.742620611190795898e+02 2.000000000000000000e+00
4.410521221160888672e+02 2.611349809169769287e+02 4.384759807586669922e+02 2.603811049461364746e+02 4.352040767669677734e+02 2.596806353330612183e+02 2.000000000000000000e+00
4.409903907775878906e+02 3.010128521919250488e+02 4.384364318847656250e+02 3.002259278297424316e+02 4.352844238281250000e+02 2.996024215221405029e+02 2.000000000000000000e+00
4.141095924377441406e+02 3.060276246070861816e+02 4.115363788604736328e+02 3.052767062187194824e+02 4.083507728576660156e+02 3.046119117736816406e+02 2.000000000000000000e+00
1.624780273437500000e+02 2.937881791591644287e+02 1.598692893981933594e+02 2.929410731792449951e+02 1.564808082580566406e+02 2.926712965965270996e+02 2.000000000000000000e+00
3.169767761230468750e+02 3.419776940345764160e+02 3.144230347871780396e+02 3.412458229064941406e+02 3.112964475154876709e+02 3.406364822387695312e+02 2.000000000000000000e+00
4.220090675354003906e+02 3.090428781509399414e+02 4.195067787170410156e+02 3.082638859748840332e+02 4.163869667053222656e+02 3.076078820228576660e+02 2.000000000000000000e+00
3.431097722053527832e+02 2.780432438850402832e+02 3.405644226074218750e+02 2.772573566436767578e+02 3.373122251033782959e+02 2.766770339012145996e+02 2.000000000000000000e+00
4.955649757385253906e+02 3.629391860961914062e+02 4.930804443359375000e+02 3.621764659881591797e+02 4.898110771179199219e+02 3.614767456054687500e+02 2.000000000000000000e+00
8.824867248535156250e+01 2.063325011730194092e+02 8.571847915649414062e+01 2.053558194637298584e+02 8.218927383422851562e+01 2.052275204658508301e+02 2.000000000000000000e+00
4.130094051361083984e+02 3.548885536193847656e+02 4.105104064941406250e+02 3.541536283493041992e+02 4.072739887237548828e+02 3.535497164726257324e+02 2.000000000000000000e+00
1.831343841552734375e+02 3.520576214790344238e+02 1.804361248016357422e+02 3.512596178054809570e+02 1.772679996490478516e+02 3.510660481452941895e+02 2.000000000000000000e+00
3.839404916763305664e+02 3.799618005752563477e+02 3.813795185089111328e+02 3.791565370559692383e+02 3.782518339157104492e+02 3.785945749282836914e+02 2.000000000000000000e+00
2.497771310806274414e+02 3.660157585144042969e+02 2.471075296401977539e+02 3.652020978927612305e+02 2.439861726760864258e+02 3.647849750518798828e+02 2.000000000000000000e+00
1.258646392822265625e+02 3.218323373794555664e+02 1.232441329956054688e+02 3.209624075889587402e+02 1.197904586791992188e+02 3.208095717430114746e+02 2.000000000000000000e+00
3.260303038358688354e+02 3.570673298835754395e+02 3.234611207246780396e+02 3.562349295616149902e+02 3.203405151516199112e+02 3.556542134284973145e+02 2.000000000000000000e+00
1.245940017700195312e+02 3.592200708389282227e+02 1.218967628479003906e+02 3.583659410476684570e+02 1.187603950500488281e+02 3.581871414184570312e+02 2.000000000000000000e+00
5.731611442565917969e+02 3.489904832839965820e+02 5.704552078247070312e+02 3.482718586921691895e+02 5.672860717773437500e+02 3.474011278152465820e+02 2.000000000000000000e+00
2.795365571975708008e+02 1.848623478412628174e+02 2.876665639877319336e+02 1.837410700321197510e+02 2.955693960189819336e+02 1.829283714294433594e+02 1.000000000000000000e+00
3.723464965820312500e+01 2.667923927307128906e+01 3.475635528564453125e+01 2.566127300262451172e+01 3.042371749877929688e+01 2.553294181823730469e+01 2.000000000000000000e+00
1.178754615783691406e+02 3.167589426040649414e+02 1.152824783325195312e+02 3.159365916252136230e+02 1.118144607543945312e+02 3.157559823989868164e+02 2.000000000000000000e+00
5.852301025390625000e+02 2.952234542369842529e+02 5.825616455078125000e+02 2.944124794006347656e+02 5.793756675720214844e+02 2.935582315921783447e+02 2.000000000000000000e+00
5.405203247070312500e+02 2.871296417713165283e+02 5.378792762756347656e+02 2.864368021488189697e+02 5.345485305786132812e+02 2.856261920928955078e+02 2.000000000000000000e+00
