4.289079570770263672e+02 9.320544719696044922e+01 4.159602069854736328e+02 1.012236928939819336e+02 4.039020729064941406e+02 1.098010969161987305e+02 1.000000000000000000e+00
3.788707876205444336e+02 9.580028057098388672e+01 3.646851205825805664e+02 1.042745590209960938e+02 3.518944716453552246e+02 1.135003423690795898e+02 1.000000000000000000e+00
3.378103637695312500e+02 1.247284698486328125e+02 3.237167054414749146e+02 1.341699957847595215e+02 3.106400758028030396e+02 1.443948912620544434e+02 1.000000000000000000e+00
4.059540081024169922e+02 1.155727386474609375e+02 3.925192880630493164e+02 1.240366816520690918e+02 3.801938199996948242e+02 1.334081840515136719e+02 1.000000000000000000e+00
3.415156865119934082e+02 8.589155673980712891e+01 3.274237978458404541e+02 9.455652236938476562e+01 3.143094480037689209e+02 1.041387319564819336e+02 1.000000000000000000e+00
4.169570922851562500e+02 1.185330390930175781e+02 4.035890197753906250e+02 1.270784783363342285e+02 3.913170766830444336e+02 1.363554167747497559e+02 1.000000000000000000e+00
4.271497821807861328e+02 1.179568862915039062e+02 4.141844844818115234e+02 1.263825631141662598e+02 4.025744342803955078e+02 1.355601739883422852e+02 1.000000000000000000e+00
4.074203777313232422e+02 1.231269264221191406e+02 3.940524911880493164e+02 1.316223549842834473e+02 3.816875600814819336e+02 1.410083413124084473e+02 1.000000000000000000e+00
3.982933664321899414e+02 1.666666817665100098e+02 3.867121601104736328e+02 1.761494708061218262e+02 3.759918546676635742e+02 1.865470254421234131e+02 1.000000000000000000e+00
3.633516263961791992e+02 9.955249786376953125e+01 3.489500737190246582e+02 1.082324552536010742e+02 3.358372497558593750e+02 1.178308725357055664e+02 1.000000000000000000e+00
3.228199464082717896e+02 1.057551670074462891e+02 3.082684624195098877e+02 1.150067710876464844e+02 2.947397756576538086e+02 1.250880217552185059e+02 1.000000000000000000e+00
3.681270742416381836e+02 1.161459016799926758e+02 3.538915419578552246e+02 1.252189493179321289e+02 3.413695979118347168e+02 1.349588871002197266e+02 1.000000000000000000e+00
3.564433598518371582e+02 9.924230575561523438e+01 3.419726562500000000e+02 1.079742622375488281e+02 3.287340700626373291e+02 1.176632022857666016e+02 1.000000000000000000e+00
3.257307434082031250e+02 9.681075096130371094e+01 3.111442565917968750e+02 1.058506393432617188e+02 2.976080918312072754e+02 1.157107973098754883e+02 1.000000000000000000e+00
4.478310585021972656e+02 1.050209999084472656e+02 4.353099346160888672e+02 1.131021451950073242e+02 4.242110347747802734e+02 1.220406818389892578e+02 1.000000000000000000e+00
3.410082697868347168e+02 9.455766677856445312e+01 3.264046329259872437e+02 1.034371089935302734e+02 3.130817872285842896e+02 1.131343030929565430e+02 1.000000000000000000e+00
3.424361872673034668e+02 1.157881593704223633e+02 3.282319033145904541e+02 1.250688171386718750e+02 3.151608580350875854e+02 1.351375222206115723e+02 1.000000000000000000e+00
3.430953383445739746e+02 1.224810576438903809e+02 3.289779055118560791e+02 1.317751693725585938e+02 3.160525816679000854e+02 1.419097995758056641e+02 1.000000000000000000e+00
3.674452209472656250e+02 9.593391895294189453e+01 3.531224370002746582e+02 1.045423507690429688e+02 3.399147343635559082e+02 1.139563035964965820e+02 1.000000000000000000e+00
3.601781606674194336e+02 9.634443283081054688e+01 3.457883310317993164e+02 1.049630355834960938e+02 3.325696110725402832e+02 1.144984674453735352e+02 1.000000000000000000e+00
4.123240089416503906e+02 1.031368017196655273e+02 3.989779043197631836e+02 1.112666273117065430e+02 3.864295053482055664e+02 1.201141262054443359e+02 1.000000000000000000e+00
4.330290889739990234e+02 1.185856962203979492e+02 4.202723121643066406e+02 1.270187830924987793e+02 4.088504314422607422e+02 1.362237167358398438e+02 1.000000000000000000e+00
4.305974102020263672e+02 1.228400516510009766e+02 4.176997375488281250e+02 1.313114690780639648e+02 4.060392761230468750e+02 1.405794596672058105e+02 1.000000000000000000e+00
4.137794780731201172e+02 8.904082775115966797e+01 4.001798152923583984e+02 9.713198661804199219e+01 3.878697538375854492e+02 1.057050275802612305e+02 1.000000000000000000e+00
4.203294658660888672e+02 1.171690464019775391e+02 4.072561931610107422e+02 1.255533456802368164e+02 3.951750516891479492e+02 1.347630429267883301e+02 1.000000000000000000e+00
4.345851421356201172e+02 1.289676618576049805e+02 4.218010616302490234e+02 1.373500156402587891e+02 4.103436946868896484e+02 1.466668224334716797e+02 1.000000000000000000e+00
3.472312927246093750e+02 8.371470451354980469e+01 3.332136845588684082e+02 9.233807086944580078e+01 3.202555236779153347e+02 1.017740106582641602e+02 1.000000000000000000e+00
3.836466693878173828e+02 9.933244228363037109e+01 3.694843149185180664e+02 1.076940536499023438e+02 3.566724848747253418e+02 1.170464658737182617e+02 1.000000000000000000e+00
4.471616840362548828e+02 1.222856712341308594e+02 4.346308898925781250e+02 1.303940391540527344e+02 4.236314105987548828e+02 1.394757771492004395e+02 1.000000000000000000e+00
4.025122356414794922e+02 8.966832160949707031e+01 3.887689208984375000e+02 9.780698776245117188e+01 3.760838317871093750e+02 1.065970516204833984e+02 1.000000000000000000e+00
3.360872495174407959e+02 1.201637363433837891e+02 3.219559021294116974e+02 1.295488715171813965e+02 3.089365839958190918e+02 1.397500562667846680e+02 1.000000000000000000e+00
3.974232482910156250e+02 1.607887244224548340e+02 3.856415700912475586e+02 1.702373957633972168e+02 3.748789691925048828e+02 1.806060290336608887e+02 1.000000000000000000e+00
4.155911540985107422e+02 9.453350543975830078e+01 4.019820880889892578e+02 1.026122188568115234e+02 3.896154165267944336e+02 1.113050222396850586e+02 1.000000000000000000e+00
3.735060119628906250e+02 1.021260881423950195e+02 3.592976999282836914e+02 1.106795310974121094e+02 3.464301156997680664e+02 1.202458405494689941e+02 1.000000000000000000e+00
3.617461252212524414e+02 1.039081478118896484e+02 3.473592233657836914e+02 1.127567338943481445e+02 3.342140197753906250e+02 1.224965929985046387e+02 1.000000000000000000e+00
3.674973440170288086e+02 1.023652982711791992e+02 3.531679391860961914e+02 1.110346841812133789e+02 3.400983285903930664e+02 1.205982899665832520e+02 1.000000000000000000e+00
3.994381427764892578e+02 8.628584861755371094e+01 3.854570913314819336e+02 9.437265872955322266e+01 3.730787992477416992e+02 1.032496833801269531e+02 1.000000000000000000e+00
4.206983947753906250e+02 1.234821224212646484e+02 4.076488018035888672e+02 1.320256018638610840e+02 3.954847717285156250e+02 1.413521218299865723e+02 1.000000000000000000e+00
3.280934756994247437e+02 9.179655075073242188e+01 3.134441834688186646e+02 1.007916498184204102e+02 2.998363947868347168e+02 1.106392765045166016e+02 1.000000000000000000e+00
3.293923038244247437e+02 1.045523500442504883e+02 3.148444211483001709e+02 1.136998844146728516e+02 3.013997185230255127e+02 1.237289214134216309e+02 1.000000000000000000e+00
4.422691631317138672e+02 1.031709909439086914e+02 4.293542480468750000e+02 1.111202716827392578e+02 4.178011226654052734e+02 1.198826694488525391e+02 1.000000000000000000e+00
4.404082679748535156e+02 1.217816305160522461e+02 4.276956844329833984e+02 1.299973368644714355e+02 4.163958740234375000e+02 1.391722083091735840e+02 1.000000000000000000e+00
4.415783119201660156e+02 1.290186882019042969e+02 4.287261390686035156e+02 1.372081732749938965e+02 4.173310852050781250e+02 1.464557147026062012e+02 1.000000000000000000e+00
3.704305124282836914e+02 9.807659626007080078e+01 3.562170720100402832e+02 1.066310119628906250e+02 3.431940913200378418e+02 1.161284923553466797e+02 1.000000000000000000e+00
3.990935659408569336e+02 2.517493289709091187e+02 3.982433176040649414e+02 2.636831670999526978e+02 3.990672016143798828e+02 2.768919682502746582e+02 2.000000000000000000e+00
4.733275794982910156e+02 2.563621526956558228e+02 4.727870845794677734e+02 2.678371596336364746e+02 4.738376140594482422e+02 2.803925192356109619e+02 2.000000000000000000e+00
5.047727966308593750e+02 2.220484453439712524e+02 5.038426208496093750e+02 2.318913871049880981e+02 5.045116043090820312e+02 2.427990876138210297e+02 2.000000000000000000e+00
3.885188293457031250e+02 2.268953543901443481e+02 3.876662588119506836e+02 2.386777953431010246e+02 3.881959533691406250e+02 2.515630808472633362e+02 2.000000000000000000e+00
4.767970275878906250e+02 2.327574308216571808e+02 4.760591125488281250e+02 2.439845278859138489e+02 4.767319011688232422e+02 2.563049322366714478e+02 2.000000000000000000e+00
4.996220397949218750e+02 2.302862700819969177e+02 4.992424011230468750e+02 2.413527374714612961e+02 5.004339027404785156e+02 2.536392831802368164e+02 2.000000000000000000e+00
4.779941082000732422e+02 2.242579489946365356e+02 4.771138954162597656e+02 2.354018095135688782e+02 4.776998329162597656e+02 2.476912236213684082e+02 2.000000000000000000e+00
4.704650592803955078e+02 2.262178337574005127e+02 4.696075439453125000e+02 2.374511564522981644e+02 4.702817058563232422e+02 2.498691254854202271e+02 2.000000000000000000e+00
4.914209938049316406e+02 2.330692134797573090e+02 4.909863090515136719e+02 2.441961975395679474e+02 4.921937942504882812e+02 2.565178531408309937e+02 2.000000000000000000e+00
4.401185607910156250e+02 2.270937189459800720e+02 4.391023540496826172e+02 2.385879058018326759e+02 4.399508666992187500e+02 2.512268373370170593e+02 2.000000000000000000e+00
4.054876995086669922e+02 2.479281923174858093e+02 4.045639705657958984e+02 2.598178106546401978e+02 4.053653907775878906e+02 2.729550790786743164e+02 2.000000000000000000e+00
4.795234680175781250e+02 2.570787674188613892e+02 4.790057659149169922e+02 2.684762889146804810e+02 4.801049804687500000e+02 2.810279273986816406e+02 2.000000000000000000e+00
4.892709922790527344e+02 2.593578189611434937e+02 4.890565299987792969e+02 2.706614077091217041e+02 4.903479957580566406e+02 2.832603156566619873e+02 2.000000000000000000e+00
3.675503873825073242e+02 1.996158277988433838e+02 3.656962585449218750e+02 2.115321189165115356e+02 3.654634714126586914e+02 2.246233659982681274e+02 2.000000000000000000e+00
4.920259475708007812e+02 2.272274011373519897e+02 4.915777969360351562e+02 2.383373870328068733e+02 4.927525329589843750e+02 2.506462410092353821e+02 2.000000000000000000e+00
4.832208251953125000e+02 2.361221158504486084e+02 4.825169372558593750e+02 2.472449040412902832e+02 4.832533073425292969e+02 2.595673531293869019e+02 2.000000000000000000e+00
4.712996578216552734e+02 2.186414945125579834e+02 4.704009151458740234e+02 2.298374480009078979e+02 4.708426570892333984e+02 2.421757813543081284e+02 2.000000000000000000e+00
4.672432613372802734e+02 2.643295919895172119e+02 4.668691444396972656e+02 2.758908712863922119e+02 4.680952167510986328e+02 2.885272550582885742e+02 2.000000000000000000e+00
4.074657344818115234e+02 2.263332054018974304e+02 4.064884090423583984e+02 2.380859526246786118e+02 4.072654151916503906e+02 2.510491338372230530e+02 2.000000000000000000e+00
3.938323068618774414e+02 2.421962890774011612e+02 3.928471708297729492e+02 2.538639530539512634e+02 3.934493112564086914e+02 2.667758810520172119e+02 2.000000000000000000e+00
4.988892936706542969e+02 2.490715187788009644e+02 4.986940956115722656e+02 2.601405340433120728e+02 5.001838684082031250e+02 2.720677506923675537e+02 2.000000000000000000e+00
4.981486320495605469e+02 2.421264038980007172e+02 4.978887939453125000e+02 2.529845738410949707e+02 4.991003417968750000e+02 2.655060446262359619e+02 2.000000000000000000e+00
4.013192176818847656e+02 2.257623589038848877e+02 4.002677631378173828e+02 2.375562132149934769e+02 4.007794475555419922e+02 2.505053257942199707e+02 2.000000000000000000e+00
3.998714590072631836e+02 2.337474820017814636e+02 3.988428068161010742e+02 2.455997318029403687e+02 3.994617033004760742e+02 2.585934144258499146e+02 2.000000000000000000e+00
3.927411794662475586e+02 2.455041199922561646e+02 3.918143606185913086e+02 2.573932206630706787e+02 3.924277973175048828e+02 2.703300476074218750e+02 2.000000000000000000e+00
4.943573379516601562e+02 2.524215853214263916e+02 4.940962600708007812e+02 2.637467050552368164e+02 4.953942298889160156e+02 2.762344980239868164e+02 2.000000000000000000e+00
4.890423583984375000e+02 2.243660724163055420e+02 4.884973144531250000e+02 2.354743038117885590e+02 4.895955848693847656e+02 2.477593079209327698e+02 2.000000000000000000e+00
4.843184471130371094e+02 2.255539235472679138e+02 4.834714126586914062e+02 2.366216886788606644e+02 4.841319274902343750e+02 2.489751282334327698e+02 2.000000000000000000e+00
4.935080528259277344e+02 2.497286689281463623e+02 4.931726455688476562e+02 2.612005019187927246e+02 4.944839477539062500e+02 2.735551178455352783e+02 2.000000000000000000e+00
4.352613544464111328e+02 2.275391077995300293e+02 4.340142822265625000e+02 2.391224669851362705e+02 4.349776649475097656e+02 2.516709905862808228e+02 2.000000000000000000e+00
3.972652292251586914e+02 2.234211570024490356e+02 3.961327838897705078e+02 2.352314753830432892e+02 3.964555358886718750e+02 2.481428226828575134e+02 2.000000000000000000e+00
