6.034156608581542969e+02 2.312893822789192200e+02 6.089198112487792969e+02 2.303386223316192627e+02 6.134467124938964844e+02 2.292923426628112793e+02 1.000000000000000000e+00
5.665636634826660156e+02 2.331402280926704407e+02 5.719446372985839844e+02 2.322255393862724304e+02 5.762055015563964844e+02 2.311882933974266052e+02 1.000000000000000000e+00
5.253104972839355469e+02 2.526428684592247009e+02 5.318255615234375000e+02 2.518436434864997864e+02 5.368211174011230469e+02 2.509691932797431946e+02 1.000000000000000000e+00
5.875907707214355469e+02 2.475670015811920166e+02 5.930880165100097656e+02 2.467235416173934937e+02 5.976518630981445312e+02 2.456526491045951843e+02 1.000000000000000000e+00
5.268124389648437500e+02 2.207365250587463379e+02 5.323016357421875000e+02 2.198638594150543213e+02 5.366628456115722656e+02 2.188003689050674438e+02 1.000000000000000000e+00
5.964513015747070312e+02 2.497605746984481812e+02 6.019771766662597656e+02 2.489437410235404968e+02 6.066193199157714844e+02 2.480108642578125000e+02 1.000000000000000000e+00
6.007110595703125000e+02 2.493000948429107666e+02 6.064937210083007812e+02 2.484597015380859375e+02 6.111707878112792969e+02 2.475171974301338196e+02 1.000000000000000000e+00
5.886914062500000000e+02 2.542377018928527832e+02 5.942000198364257812e+02 2.534348148107528687e+02 5.987746047973632812e+02 2.523814246058464050e+02 1.000000000000000000e+00
5.554015541076660156e+02 2.826739811897277832e+02 5.612862014770507812e+02 2.820858192443847656e+02 5.661421012878417969e+02 2.812819862365722656e+02 1.000000000000000000e+00
5.556466102600097656e+02 2.345976559817790985e+02 5.611126136779785156e+02 2.337236782908439636e+02 5.651237297058105469e+02 2.327062681317329407e+02 1.000000000000000000e+00
5.147772216796875000e+02 2.355784146487712860e+02 5.200585937500000000e+02 2.347325742244720459e+02 5.244116783142089844e+02 2.337232813239097595e+02 1.000000000000000000e+00
5.545235061645507812e+02 2.465731050074100494e+02 5.594309806823730469e+02 2.456462100148200989e+02 5.636290931701660156e+02 2.447916568815708160e+02 1.000000000000000000e+00
5.497708129882812500e+02 2.342833247780799866e+02 5.552147865295410156e+02 2.334400172531604767e+02 5.592341995239257812e+02 2.324349358677864075e+02 1.000000000000000000e+00
5.172490882873535156e+02 2.292033684253692627e+02 5.226053428649902344e+02 2.284022971987724304e+02 5.269918251037597656e+02 2.273506611585617065e+02 1.000000000000000000e+00
6.156763267517089844e+02 2.387698058411478996e+02 6.214921379089355469e+02 2.379953154176473618e+02 6.257794189453125000e+02 2.368350675702095032e+02 1.000000000000000000e+00
5.302211952209472656e+02 2.297362357378005981e+02 5.355067253112792969e+02 2.289439237117767334e+02 5.399240112304687500e+02 2.278407588601112366e+02 1.000000000000000000e+00
5.337503623962402344e+02 2.449691163003444672e+02 5.391021156311035156e+02 2.443042145669460297e+02 5.434166908264160156e+02 2.433307038992643356e+02 1.000000000000000000e+00
5.340087890625000000e+02 2.507499244809150696e+02 5.393475914001464844e+02 2.501414796710014343e+02 5.436266517639160156e+02 2.492790681123733521e+02 1.000000000000000000e+00
5.584991455078125000e+02 2.326171566545963287e+02 5.639270019531250000e+02 2.317100670933723450e+02 5.681586265563964844e+02 2.306971433758735657e+02 1.000000000000000000e+00
5.528199577331542969e+02 2.326175840198993683e+02 5.582375526428222656e+02 2.317511290311813354e+02 5.622989463806152344e+02 2.307189479470252991e+02 1.000000000000000000e+00
5.959223747253417969e+02 2.393540801480412483e+02 6.012104606628417969e+02 2.383899840340018272e+02 6.058564567565917969e+02 2.374056241661310196e+02 1.000000000000000000e+00
6.043748283386230469e+02 2.499145969748497009e+02 6.101262283325195312e+02 2.491255035996437073e+02 6.146375083923339844e+02 2.481389620900154114e+02 1.000000000000000000e+00
6.039919471740722656e+02 2.535775306820869446e+02 6.097645378112792969e+02 2.527627113461494446e+02 6.143025588989257812e+02 2.517844703793525696e+02 1.000000000000000000e+00
5.923193359375000000e+02 2.277441090345382690e+02 5.978093338012695312e+02 2.267607262730598450e+02 6.023412513732910156e+02 2.257689052820205688e+02 1.000000000000000000e+00
5.975871086120605469e+02 2.487012335658073425e+02 6.031865310668945312e+02 2.478966218233108521e+02 6.078199577331542969e+02 2.469428256154060364e+02 1.000000000000000000e+00
6.076601028442382812e+02 2.587142032384872437e+02 6.135033607482910156e+02 2.579230964183807373e+02 6.178935623168945312e+02 2.569423538446426392e+02 1.000000000000000000e+00
5.307943153381347656e+02 2.194927364587783813e+02 5.363609123229980469e+02 2.185256642103195190e+02 5.407459068298339844e+02 2.174707013368606567e+02 1.000000000000000000e+00
5.697286987304687500e+02 2.354909209907054901e+02 5.753099441528320312e+02 2.345498196780681610e+02 5.796245193481445312e+02 2.335568538308143616e+02 1.000000000000000000e+00
6.157529258728027344e+02 2.536860966682434082e+02 6.215672111511230469e+02 2.528753060102462769e+02 6.261073112487792969e+02 2.518837282061576843e+02 1.000000000000000000e+00
5.820087242126464844e+02 2.280870813131332397e+02 5.876657676696777344e+02 2.272205194830894470e+02 5.917031860351562500e+02 2.261372369527816772e+02 1.000000000000000000e+00
5.249895095825195312e+02 2.486845251917839050e+02 5.311653518676757812e+02 2.477870795130729675e+02 5.359240150451660156e+02 2.468197332322597504e+02 1.000000000000000000e+00
5.578950881958007812e+02 2.773873615264892578e+02 5.637860107421875000e+02 2.767311108112335205e+02 5.687201499938964844e+02 2.759205329418182373e+02 1.000000000000000000e+00
5.941645622253417969e+02 2.329591669142246246e+02 5.995322227478027344e+02 2.319996026158332825e+02 6.041358757019042969e+02 2.310093685984611511e+02 1.000000000000000000e+00
5.617717361450195312e+02 2.362044677138328552e+02 5.671278762817382812e+02 2.352344816923141479e+02 5.713493728637695312e+02 2.343958586454391479e+02 1.000000000000000000e+00
5.539063072204589844e+02 2.367969815433025360e+02 5.592702102661132812e+02 2.358811949193477631e+02 5.632373619079589844e+02 2.349540705978870392e+02 1.000000000000000000e+00
5.582725906372070312e+02 2.360972745716571808e+02 5.636674880981445312e+02 2.351536864042282104e+02 5.678654861450195312e+02 2.342980648577213287e+02 1.000000000000000000e+00
5.798436355590820312e+02 2.248147577047348022e+02 5.854305458068847656e+02 2.239705038070678711e+02 5.895756340026855469e+02 2.228774410486221313e+02 1.000000000000000000e+00
5.981871414184570312e+02 2.540459445118904114e+02 6.038367271423339844e+02 2.532545784115791321e+02 6.085049438476562500e+02 2.523479926586151123e+02 1.000000000000000000e+00
5.182653236389160156e+02 2.240379631519317627e+02 5.236575317382812500e+02 2.232539659738540649e+02 5.280421257019042969e+02 2.222357314825057983e+02 1.000000000000000000e+00
5.218463134765625000e+02 2.361655426025390625e+02 5.270330810546875000e+02 2.354260861873626709e+02 5.313647460937500000e+02 2.344086147844791412e+02 1.000000000000000000e+00
6.140250205993652344e+02 2.384162597358226776e+02 6.197669029235839844e+02 2.375855865329504013e+02 6.241555786132812500e+02 2.364779660850763321e+02 1.000000000000000000e+00
6.107811355590820312e+02 2.529456791281700134e+02 6.164959144592285156e+02 2.521287238597869873e+02 6.210534095764160156e+02 2.511683356761932373e+02 1.000000000000000000e+00
6.131986808776855469e+02 2.589033830165863037e+02 6.188478469848632812e+02 2.580513006448745728e+02 6.233688926696777344e+02 2.571132820844650269e+02 1.000000000000000000e+00
5.596983146667480469e+02 2.339828945696353912e+02 5.651858520507812500e+02 2.330794827640056610e+02 5.693223381042480469e+02 2.320474845170974731e+02 1.000000000000000000e+00
3.839939260482788086e+02 3.246032452583312988e+02 3.915439748764038086e+02 3.243873953819274902e+02 3.983906269073486328e+02 3.241683983802795410e+02 2.000000000000000000e+00
4.579739379882812500e+02 3.292499113082885742e+02 4.654773902893066406e+02 3.290212154388427734e+02 4.723473834991455078e+02 3.287552833557128906e+02 2.000000000000000000e+00
4.877895927429199219e+02 2.988533341884613037e+02 4.954992675781250000e+02 2.986408710479736328e+02 5.022349548339843750e+02 2.983151292800903320e+02 2.000000000000000000e+00
3.745864868164062500e+02 3.016929960250854492e+02 3.822244596481323242e+02 3.014405536651611328e+02 3.889154672622680664e+02 3.012155199050903320e+02 2.000000000000000000e+00
4.620838928222656250e+02 3.068452477455139160e+02 4.696276569366455078e+02 3.066562199592590332e+02 4.765016174316406250e+02 3.064161086082458496e+02 2.000000000000000000e+00
4.817512321472167969e+02 3.040218830108642578e+02 4.894397926330566406e+02 3.037563228607177734e+02 4.961506652832031250e+02 3.035050678253173828e+02 2.000000000000000000e+00
4.634567260742187500e+02 2.984695172309875488e+02 4.710877418518066406e+02 2.982598292827606201e+02 4.778879070281982422e+02 2.979949378967285156e+02 2.000000000000000000e+00
4.557572364807128906e+02 3.001983690261840820e+02 4.633941650390625000e+02 3.000405335426330566e+02 4.702284908294677734e+02 2.997966027259826660e+02 2.000000000000000000e+00
4.736341857910156250e+02 3.066186833381652832e+02 4.813395500183105469e+02 3.064161443710327148e+02 4.880666542053222656e+02 3.061213088035583496e+02 2.000000000000000000e+00
4.239728069305419922e+02 3.014424777030944824e+02 4.317380714416503906e+02 3.012131094932556152e+02 4.384967327117919922e+02 3.008774757385253906e+02 2.000000000000000000e+00
3.917977905273437500e+02 3.212617206573486328e+02 3.993321847915649414e+02 3.209888648986816406e+02 4.061910724639892578e+02 3.207320308685302734e+02 2.000000000000000000e+00
4.637562561035156250e+02 3.297924256324768066e+02 4.713016700744628906e+02 3.295883560180664062e+02 4.781490516662597656e+02 3.293057942390441895e+02 2.000000000000000000e+00
4.717914772033691406e+02 3.324959492683410645e+02 4.793077087402343750e+02 3.322920584678649902e+02 4.861777305603027344e+02 3.319666171073913574e+02 2.000000000000000000e+00
3.588181161880493164e+02 2.754234337806701660e+02 3.663756418228149414e+02 2.751435256004333496e+02 3.730644226074218750e+02 2.747422814369201660e+02 2.000000000000000000e+00
4.746444416046142578e+02 3.009398531913757324e+02 4.823756980895996094e+02 3.007110643386840820e+02 4.890986061096191406e+02 3.004319214820861816e+02 2.000000000000000000e+00
4.682538509368896484e+02 3.098177862167358398e+02 4.757702350616455078e+02 3.096106266975402832e+02 4.826358413696289062e+02 3.093536424636840820e+02 2.000000000000000000e+00
4.569427776336669922e+02 2.926617765426635742e+02 4.646096515655517578e+02 2.925078749656677246e+02 4.713798236846923828e+02 2.923000216484069824e+02 2.000000000000000000e+00
4.476091289520263672e+02 3.372233605384826660e+02 4.552833557128906250e+02 3.370085191726684570e+02 4.621603679656982422e+02 3.367077398300170898e+02 2.000000000000000000e+00
3.938843107223510742e+02 3.006628417968750000e+02 4.016488361358642578e+02 3.004346323013305664e+02 4.084703063964843750e+02 3.001153564453125000e+02 2.000000000000000000e+00
3.790394926071166992e+02 3.150581431388854980e+02 3.865467548370361328e+02 3.146845722198486328e+02 3.932998991012573242e+02 3.143660616874694824e+02 2.000000000000000000e+00
4.814300346374511719e+02 3.202804327011108398e+02 4.891236686706542969e+02 3.198971271514892578e+02 4.957995605468750000e+02 3.197122550010681152e+02 2.000000000000000000e+00
4.798884010314941406e+02 3.156769752502441406e+02 4.875506973266601562e+02 3.154461121559143066e+02 4.942767906188964844e+02 3.151763033866882324e+02 2.000000000000000000e+00
3.876685476303100586e+02 3.002001714706420898e+02 3.954636240005493164e+02 2.999106180667877197e+02 4.022140216827392578e+02 2.996359598636627197e+02 2.000000000000000000e+00
3.867121887207031250e+02 3.083068871498107910e+02 3.942994403839111328e+02 3.080469417572021484e+02 4.010021114349365234e+02 3.077574205398559570e+02 2.000000000000000000e+00
3.773187875747680664e+02 3.181028509140014648e+02 3.848358774185180664e+02 3.177991104125976562e+02 3.916036081314086914e+02 3.174881029129028320e+02 2.000000000000000000e+00
4.764548015594482422e+02 3.248875808715820312e+02 4.840853691101074219e+02 3.246702933311462402e+02 4.908401298522949219e+02 3.243432068824768066e+02 2.000000000000000000e+00
4.722885131835937500e+02 2.982944047451019287e+02 4.799872112274169922e+02 2.980627763271331787e+02 4.868069267272949219e+02 2.977552199363708496e+02 2.000000000000000000e+00
4.696312904357910156e+02 2.996466386318206787e+02 4.772939777374267578e+02 2.994410741329193115e+02 4.840043067932128906e+02 2.991648888587951660e+02 2.000000000000000000e+00
4.755955219268798828e+02 3.222008371353149414e+02 4.832390403747558594e+02 3.219697022438049316e+02 4.900511741638183594e+02 3.215215158462524414e+02 2.000000000000000000e+00
4.199745178222656250e+02 3.018001127243041992e+02 4.277936458587646484e+02 3.015828609466552734e+02 4.345789241790771484e+02 3.013020372390747070e+02 2.000000000000000000e+00
3.845949125289916992e+02 2.978527879714965820e+02 3.923068857192993164e+02 2.976154518127441406e+02 3.989418363571166992e+02 2.973523592948913574e+02 2.000000000000000000e+00
