5.874665641784667969e+02 2.327081143856048584e+02 5.950789833068847656e+02 2.338827815651893616e+02 5.994459915161132812e+02 2.333830408751964569e+02 1.000000000000000000e+00
5.513454055786132812e+02 2.345298613607883453e+02 5.588433265686035156e+02 2.356529845297336578e+02 5.633328247070312500e+02 2.352070462703704834e+02 1.000000000000000000e+00
5.077533340454101562e+02 2.540586858987808228e+02 5.157543945312500000e+02 2.551104587316513062e+02 5.205236816406250000e+02 2.547239238023757935e+02 1.000000000000000000e+00
5.718397331237792969e+02 2.488404393196105957e+02 5.794607543945312500e+02 2.500479742884635925e+02 5.839258384704589844e+02 2.496465915441513062e+02 1.000000000000000000e+00
5.114613342285156250e+02 2.220689839124679565e+02 5.189859580993652344e+02 2.231910842657089233e+02 5.231204223632812500e+02 2.227470231056213379e+02 1.000000000000000000e+00
5.807252311706542969e+02 2.511362162232398987e+02 5.884350585937500000e+02 2.523774880170822144e+02 5.928021812438964844e+02 2.518752595782279968e+02 1.000000000000000000e+00
5.847893142700195312e+02 2.505547794699668884e+02 5.925765991210937500e+02 2.518210306763648987e+02 5.971168327331542969e+02 2.513898172974586487e+02 1.000000000000000000e+00
5.729841423034667969e+02 2.555152595043182373e+02 5.805502891540527344e+02 2.566603714227676392e+02 5.850172233581542969e+02 2.563120740652084351e+02 1.000000000000000000e+00
5.389465904235839844e+02 2.834960961341857910e+02 5.466692543029785156e+02 2.848102140426635742e+02 5.511770057678222656e+02 2.845311605930328369e+02 1.000000000000000000e+00
5.405074501037597656e+02 2.360496519505977631e+02 5.478266716003417969e+02 2.371174467355012894e+02 5.521870803833007812e+02 2.366435696929693222e+02 1.000000000000000000e+00
4.994038772583007812e+02 2.369107054173946381e+02 5.069243431091308594e+02 2.379670715332031250e+02 5.110620689392089844e+02 2.375500486046075821e+02 1.000000000000000000e+00
5.395874023437500000e+02 2.478242039680480957e+02 5.470049476623535156e+02 2.489713597297668457e+02 5.518817710876464844e+02 2.485627448558807373e+02 1.000000000000000000e+00
5.344437217712402344e+02 2.356671752035617828e+02 5.419119834899902344e+02 2.366957091540098190e+02 5.461812210083007812e+02 2.363315427303314209e+02 1.000000000000000000e+00
5.018170166015625000e+02 2.305411675572395325e+02 5.094445228576660156e+02 2.315549004077911377e+02 5.134893226623535156e+02 2.311784818768501282e+02 1.000000000000000000e+00
5.996092605590820312e+02 2.402738494891673326e+02 6.071612548828125000e+02 2.413926850631833076e+02 6.117984580993652344e+02 2.409359436482191086e+02 1.000000000000000000e+00
5.148971557617187500e+02 2.310760644078254700e+02 5.224583244323730469e+02 2.321953582763671875e+02 5.264621543884277344e+02 2.316911619901657104e+02 1.000000000000000000e+00
5.183415603637695312e+02 2.462684176862239838e+02 5.258524131774902344e+02 2.473555912077426910e+02 5.299381828308105469e+02 2.469926610589027405e+02 1.000000000000000000e+00
5.185415077209472656e+02 2.520713201165199280e+02 5.260864257812500000e+02 2.531279146671295166e+02 5.301998901367187500e+02 2.527910622954368591e+02 1.000000000000000000e+00
5.433282470703125000e+02 2.340360407531261444e+02 5.506658363342285156e+02 2.351742397248744965e+02 5.549277305603027344e+02 2.346581876277923584e+02 1.000000000000000000e+00
5.376540565490722656e+02 2.340287473797798157e+02 5.450031852722167969e+02 2.351633450388908386e+02 5.492984580993652344e+02 2.346558375656604767e+02 1.000000000000000000e+00
5.800500488281250000e+02 2.407243042252957821e+02 5.877813720703125000e+02 2.419317170977592468e+02 5.920976066589355469e+02 2.414226685836911201e+02 1.000000000000000000e+00
5.882438468933105469e+02 2.512304994463920593e+02 5.961848258972167969e+02 2.524867254495620728e+02 6.007330322265625000e+02 2.520579993724822998e+02 1.000000000000000000e+00
5.877486610412597656e+02 2.547862860560417175e+02 5.956896400451660156e+02 2.561038219928741455e+02 6.003059196472167969e+02 2.556598520278930664e+02 1.000000000000000000e+00
5.766183471679687500e+02 2.292177727818489075e+02 5.842686843872070312e+02 2.304014888405799866e+02 5.885893630981445312e+02 2.298519891500473022e+02 1.000000000000000000e+00
5.817729568481445312e+02 2.500621649622917175e+02 5.895177078247070312e+02 2.513052070140838623e+02 5.939484214782714844e+02 2.508099827170372009e+02 1.000000000000000000e+00
5.914600944519042969e+02 2.599514472484588623e+02 5.993350219726562500e+02 2.612605297565460205e+02 6.037700843811035156e+02 2.607618731260299683e+02 1.000000000000000000e+00
5.154668617248535156e+02 2.207557368278503418e+02 5.229327964782714844e+02 2.219244825839996338e+02 5.270730018615722656e+02 2.214758741855621338e+02 1.000000000000000000e+00
5.545968627929687500e+02 2.367919005453586578e+02 5.621248245239257812e+02 2.380453491210937500e+02 5.665482902526855469e+02 2.375369109213352203e+02 1.000000000000000000e+00
5.993374633789062500e+02 2.548859417438507080e+02 6.072441482543945312e+02 2.562439584732055664e+02 6.118214797973632812e+02 2.557607281208038330e+02 1.000000000000000000e+00
5.665711784362792969e+02 2.295626977086067200e+02 5.738615798950195312e+02 2.306600028276443481e+02 5.787312126159667969e+02 2.302220758795738220e+02 1.000000000000000000e+00
5.080088233947753906e+02 2.500095981359481812e+02 5.158024406433105469e+02 2.511953893303871155e+02 5.203310585021972656e+02 2.507302862405776978e+02 1.000000000000000000e+00
5.414532470703125000e+02 2.781989157199859619e+02 5.492016601562500000e+02 2.795242953300476074e+02 5.536422157287597656e+02 2.792402064800262451e+02 1.000000000000000000e+00
5.784303092956542969e+02 2.344387967884540558e+02 5.861416053771972656e+02 2.356145323812961578e+02 5.905321693420410156e+02 2.351265406608581543e+02 1.000000000000000000e+00
5.464717483520507812e+02 2.374758908897638321e+02 5.539816856384277344e+02 2.386719512566924095e+02 5.583496665954589844e+02 2.382293853163719177e+02 1.000000000000000000e+00
5.386547851562500000e+02 2.381665800511837006e+02 5.461345291137695312e+02 2.392572021111845970e+02 5.504289627075195312e+02 2.387683715298771858e+02 1.000000000000000000e+00
5.431875610351562500e+02 2.374251401424407959e+02 5.505531120300292969e+02 2.385740965604782104e+02 5.547418785095214844e+02 2.381094512343406677e+02 1.000000000000000000e+00
5.641008377075195312e+02 2.263269039988517761e+02 5.716383171081542969e+02 2.274343255162239075e+02 5.766548538208007812e+02 2.269911646842956543e+02 1.000000000000000000e+00
5.823434448242187500e+02 2.553212749958038330e+02 5.901666831970214844e+02 2.565891122817993164e+02 5.945642089843750000e+02 2.561459058523178101e+02 1.000000000000000000e+00
5.028110313415527344e+02 2.253840628266334534e+02 5.104256057739257812e+02 2.263995355367660522e+02 5.145351600646972656e+02 2.259677571058273315e+02 1.000000000000000000e+00
5.065267372131347656e+02 2.374907530099153519e+02 5.141049194335937500e+02 2.385419768840074539e+02 5.181414794921875000e+02 2.381524046882987022e+02 1.000000000000000000e+00
5.979014396667480469e+02 2.398469543410465121e+02 6.055345535278320312e+02 2.410457305982708931e+02 6.101362419128417969e+02 2.405454407259821892e+02 1.000000000000000000e+00
5.945766067504882812e+02 2.542313235998153687e+02 6.024501419067382812e+02 2.555031591653823853e+02 6.069679641723632812e+02 2.550663918256759644e+02 1.000000000000000000e+00
5.967907714843750000e+02 2.601055920124053955e+02 6.046916007995605469e+02 2.614340829849243164e+02 6.092210769653320312e+02 2.609499835968017578e+02 1.000000000000000000e+00
5.444247436523437500e+02 2.353587645292282104e+02 5.518776321411132812e+02 2.364716490358114243e+02 5.562628173828125000e+02 2.360202330350875854e+02 1.000000000000000000e+00
3.628824472427368164e+02 3.241421270370483398e+02 3.719777822494506836e+02 3.255542063713073730e+02 3.780923461914062500e+02 3.258756422996520996e+02 2.000000000000000000e+00
4.367152118682861328e+02 3.287743592262268066e+02 4.458041095733642578e+02 3.302079176902770996e+02 4.519938373565673828e+02 3.303942275047302246e+02 2.000000000000000000e+00
4.665629863739013672e+02 2.984248387813568115e+02 4.757029438018798828e+02 3.000103783607482910e+02 4.817862892150878906e+02 3.002047777175903320e+02 2.000000000000000000e+00
3.535291743278503418e+02 3.012648653984069824e+02 3.626552152633666992e+02 3.026583266258239746e+02 3.686929321289062500e+02 3.029736328125000000e+02 2.000000000000000000e+00
4.409128475189208984e+02 3.065204787254333496e+02 4.500197792053222656e+02 3.080010080337524414e+02 4.561859416961669922e+02 3.082177162170410156e+02 2.000000000000000000e+00
4.605268573760986328e+02 3.035810279846191406e+02 4.696912288665771484e+02 3.052045297622680664e+02 4.758283424377441406e+02 3.053715276718139648e+02 2.000000000000000000e+00
4.423944091796875000e+02 2.981332111358642578e+02 4.514687252044677734e+02 2.996047997474670410e+02 4.575852394104003906e+02 2.997917497158050537e+02 2.000000000000000000e+00
4.346743202209472656e+02 2.999245333671569824e+02 4.437713909149169922e+02 3.013687133789062500e+02 4.499038124084472656e+02 3.015489864349365234e+02 2.000000000000000000e+00
4.524308204650878906e+02 3.062202215194702148e+02 4.616109657287597656e+02 3.077718257904052734e+02 4.677468013763427734e+02 3.079421997070312500e+02 2.000000000000000000e+00
4.028838253021240234e+02 3.009563040733337402e+02 4.118669795989990234e+02 3.024032306671142578e+02 4.179787349700927734e+02 3.025725460052490234e+02 2.000000000000000000e+00
3.706707763671875000e+02 3.207387113571166992e+02 3.798314523696899414e+02 3.222959017753601074e+02 3.858724975585937500e+02 3.225172162055969238e+02 2.000000000000000000e+00
4.425129985809326172e+02 3.293249559402465820e+02 4.516134929656982422e+02 3.308197975158691406e+02 4.577803325653076172e+02 3.310098910331726074e+02 2.000000000000000000e+00
4.505374145507812500e+02 3.319735479354858398e+02 4.596451759338378906e+02 3.335383343696594238e+02 4.658011150360107422e+02 3.337237572669982910e+02 2.000000000000000000e+00
3.376906132698059082e+02 2.748118615150451660e+02 3.468998122215270996e+02 2.764628612995147705e+02 3.529306960105895996e+02 2.766496610641479492e+02 2.000000000000000000e+00
4.534523010253906250e+02 3.005178880691528320e+02 4.626196002960205078e+02 3.021219491958618164e+02 4.687446594238281250e+02 3.022922372817993164e+02 2.000000000000000000e+00
4.470439147949218750e+02 3.094280719757080078e+02 4.561620235443115234e+02 3.110081219673156738e+02 4.623251342773437500e+02 3.111983370780944824e+02 2.000000000000000000e+00
4.359075069427490234e+02 2.924230062961578369e+02 4.450257873535156250e+02 2.938297140598297119e+02 4.511538696289062500e+02 2.940539574623107910e+02 2.000000000000000000e+00
4.266299152374267578e+02 3.367293119430541992e+02 4.356426143646240234e+02 3.381859517097473145e+02 4.416247844696044922e+02 3.383727478981018066e+02 2.000000000000000000e+00
3.730585336685180664e+02 3.002042913436889648e+02 3.819198322296142578e+02 3.015511536598205566e+02 3.880710744857788086e+02 3.018360328674316406e+02 2.000000000000000000e+00
3.578176569938659668e+02 3.143193984031677246e+02 3.669413757324218750e+02 3.157645940780639648e+02 3.730546569824218750e+02 3.161075448989868164e+02 2.000000000000000000e+00
4.602134704589843750e+02 3.196753263473510742e+02 4.693600749969482422e+02 3.213479018211364746e+02 4.754925537109375000e+02 3.215220379829406738e+02 2.000000000000000000e+00
4.586035442352294922e+02 3.152613258361816406e+02 4.678031635284423828e+02 3.168024015426635742e+02 4.739557838439941406e+02 3.169983887672424316e+02 2.000000000000000000e+00
3.667309904098510742e+02 2.996836280822753906e+02 3.757613515853881836e+02 3.011234164237976074e+02 3.817865610122680664e+02 3.013788199424743652e+02 2.000000000000000000e+00
3.656231403350830078e+02 3.077991056442260742e+02 3.747169494628906250e+02 3.091242384910583496e+02 3.808215045928955078e+02 3.095004630088806152e+02 2.000000000000000000e+00
3.561318969726562500e+02 3.174346017837524414e+02 3.652230215072631836e+02 3.188487911224365234e+02 3.713437223434448242e+02 3.191921710968017578e+02 2.000000000000000000e+00
4.551986694335937500e+02 3.243808650970458984e+02 4.644008827209472656e+02 3.259016489982604980e+02 4.705230426788330078e+02 3.260811209678649902e+02 2.000000000000000000e+00
4.510618591308593750e+02 2.978453707695007324e+02 4.602420711517333984e+02 2.994431197643280029e+02 4.664020061492919922e+02 2.995894503593444824e+02 2.000000000000000000e+00
4.486207008361816406e+02 2.992809784412384033e+02 4.576285457611083984e+02 3.008178448677062988e+02 4.637543678283691406e+02 3.010156559944152832e+02 2.000000000000000000e+00
4.544037818908691406e+02 3.215617990493774414e+02 4.635811519622802734e+02 3.231346178054809570e+02 4.697212886810302734e+02 3.232629132270812988e+02 2.000000000000000000e+00
3.988823843002319336e+02 3.013585209846496582e+02 4.078253841400146484e+02 3.027987384796142578e+02 4.138600826263427734e+02 3.030272269248962402e+02 2.000000000000000000e+00
3.635897827148437500e+02 2.974101305007934570e+02 3.726853036880493164e+02 2.988311791419982910e+02 3.787031888961791992e+02 2.991042816638946533e+02 2.000000000000000000e+00
