1.157276058197021484e+02 7.029842019081115723e+01 1.100418090820312500e+02 6.886383533477783203e+01 1.034208679199218750e+02 7.016372323036193848e+01 1.000000000000000000e+00
1.371177816390991211e+02 7.026587247848510742e+01 1.308882141113281250e+02 6.888438820838928223e+01 1.238094162940979004e+02 7.021914482116699219e+01 1.000000000000000000e+00
9.640883445739746094e+01 7.604218125343322754e+01 9.164520740509033203e+01 7.483874201774597168e+01 8.556376457214355469e+01 7.617747187614440918e+01 1.000000000000000000e+00
1.667504274845123291e+02 6.976144194602966309e+01 1.603161621093750000e+02 6.832150697708129883e+01 1.530042415857315063e+02 6.961194992065429688e+01 1.000000000000000000e+00
1.257826375961303711e+02 8.331660389900207520e+01 1.198615026473999023e+02 8.228446841239929199e+01 1.131940984725952148e+02 8.359189510345458984e+01 1.000000000000000000e+00
1.792394411563873291e+02 7.749658584594726562e+01 1.725173032283782959e+02 7.568643808364868164e+01 1.652741855382919312e+02 7.714841365814208984e+01 1.000000000000000000e+00
1.293109583854675293e+02 6.346404790878295898e+01 1.232904267311096191e+02 6.195243358612060547e+01 1.164033794403076172e+02 6.322453379631042480e+01 1.000000000000000000e+00
1.206212830543518066e+02 6.136850595474243164e+01 1.147667312622070312e+02 5.983650684356689453e+01 1.080164241790771484e+02 6.112351655960083008e+01 1.000000000000000000e+00
1.270036911964416504e+02 7.312908053398132324e+01 1.210224676132202148e+02 7.180096864700317383e+01 1.141776561737060547e+02 7.317567229270935059e+01 1.000000000000000000e+00
1.660279387235641479e+02 7.950641512870788574e+01 1.594153594970703125e+02 7.773834943771362305e+01 1.523232573270797729e+02 7.932606339454650879e+01 1.000000000000000000e+00
1.550305175781250000e+02 6.532150626182556152e+01 1.485849153995513916e+02 6.382122874259948730e+01 1.413069915771484375e+02 6.517055153846740723e+01 1.000000000000000000e+00
1.435777580738067627e+02 7.650976181030273438e+01 1.373061370849609375e+02 7.518073797225952148e+01 1.299059128761291504e+02 7.667874813079833984e+01 1.000000000000000000e+00
1.455614006519317627e+02 6.935337424278259277e+01 1.392922520637512207e+02 6.788483977317810059e+01 1.320476841926574707e+02 6.926555514335632324e+01 1.000000000000000000e+00
1.598050537146627903e+02 7.957675695419311523e+01 1.532772523164749146e+02 7.796681642532348633e+01 1.461543726921081543e+02 7.957182168960571289e+01 1.000000000000000000e+00
1.539299923181533813e+02 6.827026963233947754e+01 1.474576103687286377e+02 6.677891850471496582e+01 1.401354980468750000e+02 6.812812685966491699e+01 1.000000000000000000e+00
1.261361455917358398e+02 6.338844180107116699e+01 1.202729558944702148e+02 6.182876944541931152e+01 1.134512996673583984e+02 6.310047626495361328e+01 1.000000000000000000e+00
1.458512568473815918e+02 7.822161555290222168e+01 1.395800614356994629e+02 7.681831240653991699e+01 1.320026993751525879e+02 7.843975782394409180e+01 1.000000000000000000e+00
1.561942291259765625e+02 6.920438289642333984e+01 1.496751856803894043e+02 6.769107699394226074e+01 1.424988245964050293e+02 6.905106067657470703e+01 1.000000000000000000e+00
9.934927940368652344e+01 7.289593219757080078e+01 9.446974277496337891e+01 7.166270971298217773e+01 8.834827423095703125e+01 7.293896913528442383e+01 1.000000000000000000e+00
2.334246635437011719e+01 5.832474231719970703e+01 2.313755989074707031e+01 5.718695640563964844e+01 2.184270858764648438e+01 5.871864795684814453e+01 2.000000000000000000e+00
2.336371421813964844e+01 8.635303974151611328e+00 2.318376541137695312e+01 7.495765686035156250e+00 2.190489768981933594e+01 9.088747501373291016e+00 2.000000000000000000e+00
3.437458038330078125e+01 2.673181772232055664e+01 3.419196128845214844e+01 2.558780193328857422e+01 3.292265892028808594e+01 2.725427627563476562e+01 2.000000000000000000e+00
6.856882095336914062e+01 6.104661941528320312e+01 6.837539672851562500e+01 5.985301494598388672e+01 6.713089942932128906e+01 6.149135112762451172e+01 2.000000000000000000e+00
3.938445091247558594e+01 5.695240259170532227e+01 3.917911529541015625e+01 5.578404664993286133e+01 3.787866592407226562e+01 5.743517875671386719e+01 2.000000000000000000e+00
6.457796096801757812e+01 3.582921981811523438e+01 6.440371513366699219e+01 3.470300674438476562e+01 6.312091827392578125e+01 3.633264541625976562e+01 2.000000000000000000e+00
7.058098793029785156e+01 2.178575277328491211e+01 7.040343284606933594e+01 2.067801475524902344e+01 6.911933898925781250e+01 2.231040716171264648e+01 2.000000000000000000e+00
6.658042907714843750e+01 9.773519039154052734e+00 6.640122413635253906e+01 8.667776584625244141e+00 6.514491081237792969e+01 1.030398845672607422e+01 2.000000000000000000e+00
6.358613014221191406e+01 2.779568910598754883e+01 6.341294288635253906e+01 2.667341709136962891e+01 6.212553024291992188e+01 2.830938577651977539e+01 2.000000000000000000e+00
6.056292533874511719e+01 1.776389837265014648e+01 6.037885665893554688e+01 1.664813518524169922e+01 5.910803794860839844e+01 1.829850196838378906e+01 2.000000000000000000e+00
7.155500411987304688e+01 4.988218545913696289e+01 7.136717796325683594e+01 4.872532367706298828e+01 7.011804580688476562e+01 5.039789915084838867e+01 2.000000000000000000e+00
4.939536094665527344e+01 8.741705417633056641e+00 4.921382904052734375e+01 7.614719867706298828e+00 4.794459342956542969e+01 9.268283843994140625e+00 2.000000000000000000e+00
6.152971267700195312e+01 5.287487983703613281e+01 6.133711814880371094e+01 5.173840284347534180e+01 6.009902000427246094e+01 5.340376138687133789e+01 2.000000000000000000e+00
7.658817291259765625e+01 1.278427362442016602e+01 7.641497611999511719e+01 1.168717861175537109e+01 7.515335083007812500e+01 1.332970619201660156e+01 2.000000000000000000e+00
3.940196990966796875e+01 4.077788114547729492e+01 3.920961380004882812e+01 3.966296195983886719e+01 3.793143272399902344e+01 4.132334947586059570e+01 2.000000000000000000e+00
3.837189674377441406e+01 8.693382740020751953e+00 3.818029403686523438e+01 7.568957805633544922e+00 3.691198348999023438e+01 9.198267459869384766e+00 2.000000000000000000e+00
6.210746765136718750e+00 5.270714521408081055e+01 5.965690612792968750e+00 5.156589031219482422e+01 4.650611877441406250e+00 5.323433876037597656e+01 2.000000000000000000e+00
3.298110961914062500e+00 6.093161702156066895e+01 3.062553405761718750e+00 5.978940725326538086e+01 1.730775833129882812e+00 6.141571998596191406e+01 2.000000000000000000e+00
8.155093193054199219e+01 4.889549016952514648e+01 8.137132167816162109e+01 4.772045373916625977e+01 8.012721061706542969e+01 4.943918466567993164e+01 2.000000000000000000e+00
2.738473892211914062e+01 4.881791353225708008e+01 2.718894004821777344e+01 4.768176555633544922e+01 2.588816642761230469e+01 4.933060169219970703e+01 2.000000000000000000e+00
2.167867755889892578e+02 3.940916061401367188e+00 2.166385984420776367e+02 2.879047393798828125e+00 2.154087066650390625e+02 4.583058357238769531e+00 2.000000000000000000e+00
7.657807350158691406e+01 3.180207252502441406e+01 7.640933036804199219e+01 3.069095134735107422e+01 7.511753082275390625e+01 3.232672691345214844e+01 2.000000000000000000e+00
4.656813621520996094e+01 6.578984498977661133e+01 4.635768890380859375e+01 6.465092182159423828e+01 4.510580062866210938e+01 6.630150318145751953e+01 2.000000000000000000e+00
2.958338737487792969e+01 6.482209324836730957e+01 2.939483642578125000e+01 6.367455482482910156e+01 2.812757492065429688e+01 6.531792998313903809e+01 2.000000000000000000e+00
5.557435035705566406e+01 6.339845538139343262e+01 5.538022041320800781e+01 6.226312279701232910e+01 5.412351608276367188e+01 6.382735133171081543e+01 2.000000000000000000e+00
5.149764060974121094e+01 2.380297422409057617e+01 5.130704879760742188e+01 2.267329931259155273e+01 5.003971099853515625e+01 2.428072214126586914e+01 2.000000000000000000e+00
1.838373184204101562e+01 4.479918479919433594e+01 1.818845748901367188e+01 4.366107702255249023e+01 1.686282157897949219e+01 4.530256032943725586e+01 2.000000000000000000e+00
8.657907009124755859e+01 2.378564357757568359e+01 8.643124103546142578e+01 2.268465757369995117e+01 8.518860340118408203e+01 2.436749696731567383e+01 2.000000000000000000e+00
7.357635498046875000e+00 4.473312377929687500e+01 7.155532836914062500e+00 4.359882831573486328e+01 5.802879333496093750e+00 4.526796340942382812e+01 2.000000000000000000e+00
5.352227210998535156e+01 5.385380744934082031e+01 5.332653999328613281e+01 5.272563457489013672e+01 5.204327583312988281e+01 5.436604499816894531e+01 2.000000000000000000e+00
3.337101936340332031e+01 1.672049045562744141e+01 3.318512916564941406e+01 1.558847665786743164e+01 3.190788269042968750e+01 1.721297979354858398e+01 2.000000000000000000e+00
2.576374816894531250e+02 2.197072505950927734e+00 2.575055885314941406e+02 1.144073009490966797e+00 2.562587928771972656e+02 2.737398147583007812e+00 2.000000000000000000e+00
6.253753662109375000e+01 1.762461662292480469e+00 6.234503746032714844e+01 6.342315673828125000e-01 6.108935356140136719e+01 2.312500476837158203e+00 2.000000000000000000e+00
2.067589282989501953e+02 3.915193319320678711e+01 2.065841674804687500e+02 3.806297779083251953e+01 2.052985525131225586e+02 3.961485385894775391e+01 2.000000000000000000e+00
8.759191989898681641e+01 3.278847455978393555e+01 8.742853641510009766e+01 3.168370485305786133e+01 8.621266841888427734e+01 3.335898399353027344e+01 2.000000000000000000e+00
1.777300107479095459e+02 5.930750370025634766e+00 1.775772559642791748e+02 4.869740009307861328e+00 1.763856971263885498e+02 6.485409736633300781e+00 2.000000000000000000e+00
2.077301359176635742e+02 2.811703920364379883e+01 2.075530862808227539e+02 2.702862024307250977e+01 2.062875223159790039e+02 2.861133098602294922e+01 2.000000000000000000e+00
1.937150573730468750e+02 2.010947227478027344e+01 1.935450601577758789e+02 1.902294874191284180e+01 1.923119211196899414e+02 2.061997890472412109e+01 2.000000000000000000e+00
2.087665700912475586e+02 1.913771867752075195e+01 2.085918283462524414e+02 1.802510976791381836e+01 2.073635435104370117e+02 1.967288017272949219e+01 2.000000000000000000e+00
2.357463073730468750e+02 9.078462123870849609e+00 2.356004047393798828e+02 7.994256019592285156e+00 2.343215799331665039e+02 9.653291702270507812e+00 2.000000000000000000e+00
9.655456542968750000e+01 2.376925706863403320e+01 9.644240379333496094e+01 2.272270202636718750e+01 9.517048358917236328e+01 2.437165975570678711e+01 2.000000000000000000e+00
1.687478488683700562e+02 2.796715021133422852e+01 1.685860139131546021e+02 2.689309358596801758e+01 1.673845213651657104e+02 2.853673696517944336e+01 2.000000000000000000e+00
2.037676811218261719e+01 2.168338537216186523e+01 2.021101951599121094e+01 2.053970575332641602e+01 1.892276763916015625e+01 2.220118045806884766e+01 2.000000000000000000e+00
2.437643051147460938e+01 3.872461080551147461e+01 2.418188095092773438e+01 3.758319854736328125e+01 2.290624618530273438e+01 3.925168991088867188e+01 2.000000000000000000e+00
1.407533109188079834e+02 5.964195728302001953e+00 1.405600738525390625e+02 4.770147800445556641e+00 1.393428492546081543e+02 6.513032913208007812e+00 2.000000000000000000e+00
1.424921262264251709e+02 2.200882744789123535e+02 1.422099304199218750e+02 2.189680552482604980e+02 1.409502410888671875e+02 2.206073999404907227e+02 2.000000000000000000e+00
1.967139744758605957e+02 9.073619842529296875e+00 1.965561223030090332e+02 7.976160049438476562e+00 1.953282475471496582e+02 9.587917327880859375e+00 2.000000000000000000e+00
9.497709274291992188e+00 6.575002670288085938e+00 9.305305480957031250e+00 5.469725131988525391e+00 8.042860031127929688e+00 7.047779560089111328e+00 2.000000000000000000e+00
2.247500610351562500e+02 4.912211894989013672e+00 2.246180295944213867e+02 3.842947483062744141e+00 2.233616209030151367e+02 5.546078681945800781e+00 2.000000000000000000e+00
1.775503242015838623e+02 1.839832162857055664e+02 1.772970128059387207e+02 1.828970217704772949e+02 1.760636901855468750e+02 1.845110535621643066e+02 2.000000000000000000e+00
2.187636899948120117e+02 1.193809032440185547e+01 2.186158895492553711e+02 1.086965560913085938e+01 2.173722076416015625e+02 1.254565000534057617e+01 2.000000000000000000e+00
2.905776691436767578e+02 2.268972229957580566e+02 2.902486324310302734e+02 2.259291601181030273e+02 2.889494037628173828e+02 2.275446653366088867e+02 2.000000000000000000e+00
1.527483671903610229e+02 9.935238361358642578e+00 1.525924068689346313e+02 8.775715827941894531e+00 1.513984376192092896e+02 1.052779912948608398e+01 2.000000000000000000e+00
2.637519550323486328e+02 4.818848848342895508e+01 2.635801124572753906e+02 4.720152139663696289e+01 2.623321247100830078e+02 4.874206066131591797e+01 2.000000000000000000e+00
5.352011680603027344e+01 3.983019590377807617e+01 5.333114624023437500e+01 3.871175050735473633e+01 5.205078125000000000e+01 4.031461000442504883e+01 2.000000000000000000e+00
1.747546696662902832e+02 1.800724267959594727e+01 1.745891571044921875e+02 1.691965341567993164e+01 1.734033811092376709e+02 1.853898525238037109e+01 2.000000000000000000e+00
1.267858958244323730e+02 2.189653873443603516e+01 1.265884160995483398e+02 2.082200288772583008e+01 1.253068089485168457e+02 2.250045776367187500e+01 2.000000000000000000e+00
2.097469663619995117e+02 7.973105907440185547e+00 2.095907592773437500e+02 6.886117458343505859e+00 2.083724975585937500e+02 8.585314750671386719e+00 2.000000000000000000e+00
1.047492980957031250e+01 2.165371656417846680e+01 1.030268669128417969e+01 2.052237510681152344e+01 8.977479934692382812e+00 2.214465379714965820e+01 2.000000000000000000e+00
2.314038991928100586e+02 2.099872756004333496e+02 2.310749197006225586e+02 2.089204287528991699e+02 2.299006986618041992e+02 2.105489730834960938e+02 2.000000000000000000e+00
9.291610717773437500e+00 3.168293952941894531e+01 9.061899185180664062e+00 3.052258014678955078e+01 7.752485275268554688e+00 3.224533796310424805e+01 2.000000000000000000e+00
7.757222175598144531e+01 3.984485149383544922e+01 7.739464759826660156e+01 3.872955322265625000e+01 7.611704826354980469e+01 4.034157514572143555e+01 2.000000000000000000e+00
2.393101501464843750e+02 2.099595522880554199e+02 2.390673208236694336e+02 2.089044713973999023e+02 2.377981424331665039e+02 2.105440735816955566e+02 2.000000000000000000e+00
1.117253923416137695e+02 3.281796455383300781e+01 1.115829229354858398e+02 3.175809144973754883e+01 1.102941274642944336e+02 3.344401359558105469e+01 2.000000000000000000e+00
2.157568073272705078e+02 2.313680648803710938e+01 2.155912494659423828e+02 2.204127788543701172e+01 2.143339252471923828e+02 2.366051673889160156e+01 2.000000000000000000e+00
9.145416736602783203e+01 4.773116111755371094e+00 9.124942779541015625e+01 3.607599735260009766e+00 9.001432895660400391e+01 5.290353298187255859e+00 2.000000000000000000e+00
1.525402981042861938e+02 1.860371446609497070e+02 1.522497403621673584e+02 1.849161529541015625e+02 1.509779661893844604e+02 1.865633153915405273e+02 2.000000000000000000e+00
5.149817466735839844e+01 3.179953336715698242e+01 5.130677223205566406e+01 3.066100358963012695e+01 5.002494812011718750e+01 3.229225158691406250e+01 2.000000000000000000e+00
1.227676463127136230e+02 3.387312412261962891e+01 1.226133942604064941e+02 3.281368732452392578e+01 1.213331985473632812e+02 3.449533939361572266e+01 2.000000000000000000e+00
8.761669158935546875e+01 4.286388158798217773e+01 8.744816303253173828e+01 4.169688463211059570e+01 8.621645927429199219e+01 4.341967105865478516e+01 2.000000000000000000e+00
1.647706604003906250e+02 2.948141098022460938e+00 1.646115112304687500e+02 1.852369308471679688e+00 1.634165191650390625e+02 3.548405170440673828e+00 2.000000000000000000e+00
2.706078529357910156e+02 2.212386131286621094e+00 2.704892921447753906e+02 1.175866127014160156e+00 2.692765235900878906e+02 2.773690223693847656e+00 2.000000000000000000e+00
1.501247406005859375e+01 6.640671372413635254e+01 1.477588653564453125e+01 6.527786135673522949e+01 1.349432945251464844e+01 6.679728269577026367e+01 2.000000000000000000e+00
1.861643385887145996e+02 2.300212025642395020e+02 1.857849574089050293e+02 2.288973569869995117e+02 1.846253657341003418e+02 2.306143569946289062e+02 2.000000000000000000e+00
2.483618927001953125e+02 2.119180011749267578e+02 2.480601215362548828e+02 2.108955287933349609e+02 2.467813110351562500e+02 2.125344729423522949e+02 2.000000000000000000e+00
