5.346125602722167969e+02 1.133487081527709961e+02 5.264934730529785156e+02 1.050355195999145508e+02 5.189293289184570312e+02 9.615985393524169922e+01 1.000000000000000000e+00
4.915769386291503906e+02 1.142700719833374023e+02 4.829256629943847656e+02 1.058774757385253906e+02 4.748560237884521484e+02 9.701313972473144531e+01 1.000000000000000000e+00
4.532033061981201172e+02 1.363485074043273926e+02 4.442054176330566406e+02 1.281979751586914062e+02 4.357840251922607422e+02 1.198526859283447266e+02 1.000000000000000000e+00
5.147194290161132812e+02 1.316045808792114258e+02 5.062658500671386719e+02 1.234822297096252441e+02 4.983859252929687500e+02 1.149137449264526367e+02 1.000000000000000000e+00
4.560417175292968750e+02 1.024484395980834961e+02 4.479952144622802734e+02 9.396158695220947266e+01 4.394785213470458984e+02 8.538771629333496094e+01 1.000000000000000000e+00
5.254345703125000000e+02 1.345799803733825684e+02 5.171370887756347656e+02 1.265818119049072266e+02 5.092449951171875000e+02 1.180089712142944336e+02 1.000000000000000000e+00
5.316289710998535156e+02 1.341921186447143555e+02 5.234954261779785156e+02 1.261763978004455566e+02 5.158940505981445312e+02 1.175629091262817383e+02 1.000000000000000000e+00
5.160105705261230469e+02 1.387160468101501465e+02 5.075864028930664062e+02 1.306478691101074219e+02 4.997510147094726562e+02 1.221658515930175781e+02 1.000000000000000000e+00
4.975687217712402344e+02 1.727128386497497559e+02 4.899584770202636719e+02 1.655891847610473633e+02 4.833662796020507812e+02 1.580924606323242188e+02 1.000000000000000000e+00
4.786988258361816406e+02 1.161948966979980469e+02 4.697517108917236328e+02 1.078451585769653320e+02 4.615979003906250000e+02 9.910288810729980469e+01 1.000000000000000000e+00
4.400904846191406250e+02 1.174890661239624023e+02 4.309839534759521484e+02 1.095915555953979492e+02 4.224488258361816406e+02 1.014513587951660156e+02 1.000000000000000000e+00
4.802319335937500000e+02 1.303245520591735840e+02 4.720894145965576172e+02 1.222599577903747559e+02 4.639021301269531250e+02 1.136349391937255859e+02 1.000000000000000000e+00
4.724727153778076172e+02 1.157677030563354492e+02 4.635339069366455078e+02 1.074574184417724609e+02 4.552650165557861328e+02 9.864526748657226562e+01 1.000000000000000000e+00
4.438249206542968750e+02 1.110716485977172852e+02 4.347755146026611328e+02 1.028784799575805664e+02 4.264955139160156250e+02 9.433160305023193359e+01 1.000000000000000000e+00
5.495471191406250000e+02 1.230577540397644043e+02 5.414498329162597656e+02 1.150342226028442383e+02 5.339759635925292969e+02 1.063050413131713867e+02 1.000000000000000000e+00
4.575631999969482422e+02 1.108381748199462891e+02 4.489371395111083984e+02 1.024573230743408203e+02 4.409319496154785156e+02 9.361138343811035156e+01 1.000000000000000000e+00
4.570110511779785156e+02 1.286069154739379883e+02 4.481495952606201172e+02 1.204075098037719727e+02 4.397290706634521484e+02 1.120894145965576172e+02 1.000000000000000000e+00
4.576221942901611328e+02 1.347402262687683105e+02 4.486597919464111328e+02 1.265825486183166504e+02 4.403689289093017578e+02 1.182689380645751953e+02 1.000000000000000000e+00
4.823279762268066406e+02 1.137327289581298828e+02 4.734636592864990234e+02 1.053876543045043945e+02 4.654144001007080078e+02 9.654039859771728516e+01 1.000000000000000000e+00
4.756059265136718750e+02 1.137475347518920898e+02 4.667006206512451172e+02 1.053547811508178711e+02 4.585159301757812500e+02 9.652818202972412109e+01 1.000000000000000000e+00
5.241480827331542969e+02 1.218745851516723633e+02 5.159750938415527344e+02 1.136744070053100586e+02 5.083659934997558594e+02 1.048900508880615234e+02 1.000000000000000000e+00
5.362981605529785156e+02 1.349735212326049805e+02 5.281558227539062500e+02 1.269652819633483887e+02 5.206450271606445312e+02 1.184056234359741211e+02 1.000000000000000000e+00
5.351972007751464844e+02 1.388235712051391602e+02 5.270432090759277344e+02 1.308497071266174316e+02 5.194455528259277344e+02 1.223338937759399414e+02 1.000000000000000000e+00
5.215350341796875000e+02 1.092021846771240234e+02 5.134573364257812500e+02 1.007866144180297852e+02 5.056649589538574219e+02 9.188620090484619141e+01 1.000000000000000000e+00
5.274307250976562500e+02 1.333915829658508301e+02 5.192249870300292969e+02 1.253855895996093750e+02 5.113712882995605469e+02 1.167132568359375000e+02 1.000000000000000000e+00
5.386195182800292969e+02 1.443933391571044922e+02 5.304923820495605469e+02 1.365020227432250977e+02 5.228273391723632812e+02 1.279593086242675781e+02 1.000000000000000000e+00
4.613085651397705078e+02 1.005803632736206055e+02 4.531431579589843750e+02 9.227225303649902344e+01 4.445408058166503906e+02 8.371981143951416016e+01 1.000000000000000000e+00
4.959448814392089844e+02 1.171223831176757812e+02 4.874024963378906250e+02 1.087590837478637695e+02 4.793521785736083984e+02 9.991268634796142578e+01 1.000000000000000000e+00
5.485934448242187500e+02 1.390264534950256348e+02 5.406626701354980469e+02 1.310971784591674805e+02 5.330730628967285156e+02 1.224598574638366699e+02 1.000000000000000000e+00
5.108774757385253906e+02 1.093398714065551758e+02 5.031614112854003906e+02 1.009463453292846680e+02 4.948867607116699219e+02 9.201686382293701172e+01 1.000000000000000000e+00
4.510010719299316406e+02 1.320770645141601562e+02 4.420173358917236328e+02 1.238468456268310547e+02 4.336036968231201172e+02 1.155995464324951172e+02 1.000000000000000000e+00
4.978869628906250000e+02 1.670951485633850098e+02 4.900588798522949219e+02 1.598693990707397461e+02 4.829766273498535156e+02 1.523989033699035645e+02 1.000000000000000000e+00
5.232667922973632812e+02 1.146093463897705078e+02 5.151398277282714844e+02 1.063076877593994141e+02 5.071406555175781250e+02 9.738286972045898438e+01 1.000000000000000000e+00
4.866249656677246094e+02 1.185870122909545898e+02 4.779473018646240234e+02 1.104403066635131836e+02 4.698151874542236328e+02 1.016851472854614258e+02 1.000000000000000000e+00
4.769408607482910156e+02 1.193678283691406250e+02 4.681270503997802734e+02 1.110534667968750000e+02 4.599785137176513672e+02 1.024324321746826172e+02 1.000000000000000000e+00
4.823005104064941406e+02 1.185206794738769531e+02 4.734753417968750000e+02 1.103265810012817383e+02 4.653965759277343750e+02 1.015993881225585938e+02 1.000000000000000000e+00
5.082191276550292969e+02 1.060308837890625000e+02 5.002385330200195312e+02 9.760004997253417969e+01 4.920796585083007812e+02 8.861965656280517578e+01 1.000000000000000000e+00
5.279547691345214844e+02 1.392831516265869141e+02 5.196907997131347656e+02 1.313181281089782715e+02 5.118996620178222656e+02 1.227174139022827148e+02 1.000000000000000000e+00
4.463345336914062500e+02 1.064306259155273438e+02 4.374262142181396484e+02 9.822672843933105469e+01 4.290553569793701172e+02 8.955729961395263672e+01 1.000000000000000000e+00
4.460974788665771484e+02 1.182736444473266602e+02 4.371248531341552734e+02 1.100484466552734375e+02 4.287675476074218750e+02 1.016207742691040039e+02 1.000000000000000000e+00
5.464542198181152344e+02 1.221593570709228516e+02 5.382771110534667969e+02 1.140067863464355469e+02 5.306820678710937500e+02 1.052711534500122070e+02 1.000000000000000000e+00
5.432729530334472656e+02 1.382884597778320312e+02 5.350951004028320312e+02 1.302862787246704102e+02 5.276557731628417969e+02 1.216901350021362305e+02 1.000000000000000000e+00
5.447130203247070312e+02 1.445362830162048340e+02 5.365917968750000000e+02 1.366744780540466309e+02 5.290295410156250000e+02 1.281399965286254883e+02 1.000000000000000000e+00
4.838283729553222656e+02 1.153706932067871094e+02 4.750588417053222656e+02 1.070903491973876953e+02 4.669429302215576172e+02 9.827726840972900391e+01 1.000000000000000000e+00
4.054555034637451172e+02 2.322382199764251709e+02 4.042247295379638672e+02 2.269079884886741638e+02 4.037502193450927734e+02 2.214098042249679565e+02 2.000000000000000000e+00
4.795799541473388672e+02 2.385462341085076332e+02 4.783813762664794922e+02 2.334181666374206543e+02 4.778411579132080078e+02 2.280805501341819763e+02 2.000000000000000000e+00
5.105332756042480469e+02 2.088661193847656250e+02 5.092876625061035156e+02 2.036413872241973877e+02 5.089212608337402344e+02 1.982855343818664551e+02 2.000000000000000000e+00
3.961318349838256836e+02 2.089490962028503418e+02 3.948632526397705078e+02 2.035298001766204834e+02 3.943063354492187500e+02 1.979399406909942627e+02 2.000000000000000000e+00
4.842076110839843750e+02 2.164079117774963379e+02 4.829524612426757812e+02 2.113231194019317627e+02 4.824774551391601562e+02 2.059266328811645508e+02 2.000000000000000000e+00
5.043584251403808594e+02 2.139401990175247192e+02 5.032373619079589844e+02 2.088288724422454834e+02 5.029171752929687500e+02 2.035423707962036133e+02 2.000000000000000000e+00
4.856909179687500000e+02 2.080179870128631592e+02 4.844839286804199219e+02 2.029102456569671631e+02 4.839970779418945312e+02 1.975449657440185547e+02 2.000000000000000000e+00
4.780188274383544922e+02 2.096114945411682129e+02 4.767485713958740234e+02 2.044529843330383301e+02 4.763034725189208984e+02 1.991385948657989502e+02 2.000000000000000000e+00
4.962403678894042969e+02 2.164970988035202026e+02 4.950975036621093750e+02 2.114212632179260254e+02 4.947775268554687500e+02 2.061033010482788086e+02 2.000000000000000000e+00
4.469945049285888672e+02 2.099772012233734131e+02 4.463045406341552734e+02 2.047989499568939209e+02 4.464236450195312500e+02 1.994206058979034424e+02 2.000000000000000000e+00
4.132195472717285156e+02 2.288880765438079834e+02 4.119717407226562500e+02 2.235960996150970459e+02 4.116525936126708984e+02 2.182253247499465942e+02 2.000000000000000000e+00
4.855262184143066406e+02 2.392997588776051998e+02 4.843678855895996094e+02 2.341518093645572662e+02 4.838671302795410156e+02 2.287316885590553284e+02 2.000000000000000000e+00
4.937487220764160156e+02 2.418903505057096481e+02 4.926434707641601562e+02 2.366552426666021347e+02 4.922638320922851562e+02 2.311725613474845886e+02 2.000000000000000000e+00
3.806356191635131836e+02 1.823808395862579346e+02 3.793534564971923828e+02 1.769041442871093750e+02 3.785963773727416992e+02 1.712759542465209961e+02 2.000000000000000000e+00
4.972626113891601562e+02 2.108061808347702026e+02 4.961485671997070312e+02 2.057229888439178467e+02 4.958230972290039062e+02 2.004286766052246094e+02 2.000000000000000000e+00
4.903391075134277344e+02 2.197375023365020752e+02 4.891253662109375000e+02 2.146502977609634399e+02 4.886409950256347656e+02 2.093231499195098877e+02 2.000000000000000000e+00
4.793146419525146484e+02 2.021512126922607422e+02 4.780624675750732422e+02 1.969724714756011963e+02 4.775641536712646484e+02 1.916124844551086426e+02 2.000000000000000000e+00
4.716306781768798828e+02 2.462915803492069244e+02 4.708082008361816406e+02 2.410522766411304474e+02 4.706893920898437500e+02 2.356481471657752991e+02 2.000000000000000000e+00
4.159537982940673828e+02 2.084991574287414551e+02 4.146517086029052734e+02 2.031809377670288086e+02 4.140989112854003906e+02 1.976837897300720215e+02 2.000000000000000000e+00
4.005278015136718750e+02 2.223109585046768188e+02 3.992349243164062500e+02 2.168864125013351440e+02 3.987652921676635742e+02 2.114811390638351440e+02 2.000000000000000000e+00
5.036515235900878906e+02 2.304631188511848450e+02 5.023945999145507812e+02 2.256828913092613220e+02 5.022689628601074219e+02 2.198936444520950317e+02 2.000000000000000000e+00
5.023251152038574219e+02 2.256133112311363220e+02 5.011774635314941406e+02 2.205449813604354858e+02 5.009346961975097656e+02 2.150748735666275024e+02 2.000000000000000000e+00
4.098032283782958984e+02 2.078117644786834717e+02 4.086136817932128906e+02 2.025016915798187256e+02 4.080564308166503906e+02 1.969711732864379883e+02 2.000000000000000000e+00
4.084910869598388672e+02 2.158492720127105713e+02 4.072387695312500000e+02 2.103853744268417358e+02 4.066717529296875000e+02 2.048219740390777588e+02 2.000000000000000000e+00
3.986492300033569336e+02 2.253582447767257690e+02 3.973298358917236328e+02 2.199196457862854004e+02 3.969534635543823242e+02 2.146066886186599731e+02 2.000000000000000000e+00
4.987346267700195312e+02 2.346004790067672729e+02 4.975958824157714844e+02 2.295083919167518616e+02 4.972781372070312500e+02 2.241988974809646606e+02 2.000000000000000000e+00
4.947562980651855469e+02 2.080534958839416504e+02 4.935549926757812500e+02 2.029270899295806885e+02 4.932689857482910156e+02 1.976523864269256592e+02 2.000000000000000000e+00
4.918571853637695312e+02 2.094682753086090088e+02 4.906445884704589844e+02 2.043570828437805176e+02 4.901881217956542969e+02 1.990303337574005127e+02 2.000000000000000000e+00
4.980308532714843750e+02 2.317326655983924866e+02 4.968422508239746094e+02 2.266922146081924438e+02 4.965047645568847656e+02 2.214267271757125854e+02 2.000000000000000000e+00
4.424734783172607422e+02 2.102683085203170776e+02 4.416947650909423828e+02 2.050961422920227051e+02 4.416477108001708984e+02 1.996794569492340088e+02 2.000000000000000000e+00
4.064896297454833984e+02 2.054291510581970215e+02 4.052592754364013672e+02 2.000704336166381836e+02 4.046810054779052734e+02 1.945390748977661133e+02 2.000000000000000000e+00
