4.754999446868896484e+02 1.386841678619384766e+02 4.910162925720214844e+02 1.392754912376403809e+02 5.058004188537597656e+02 1.409817624092102051e+02 1.000000000000000000e+00
3.371569824218750000e+02 3.704557514190673828e+02 3.376250302791595459e+02 3.718031644821166992e+02 3.385764777660369873e+02 3.739942359924316406e+02 2.000000000000000000e+00
5.208196640014648438e+01 4.110473442077636719e+02 5.247650146484375000e+01 4.123197126388549805e+02 5.336452484130859375e+01 4.141479635238647461e+02 2.000000000000000000e+00
4.171331405639648438e+01 2.061803412437438965e+02 4.230043411254882812e+01 2.073172581195831299e+02 4.348217010498046875e+01 2.092101430892944336e+02 2.000000000000000000e+00
4.545124053955078125e+01 1.739232301712036133e+02 4.587095260620117188e+01 1.750244379043579102e+02 4.701431274414062500e+01 1.770248222351074219e+02 2.000000000000000000e+00
4.529008483886718750e+02 3.302836632728576660e+02 4.532297706604003906e+02 3.316994976997375488e+02 4.543188762664794922e+02 3.340080928802490234e+02 2.000000000000000000e+00
3.773193693161010742e+02 1.441036033630371094e+02 3.928212881088256836e+02 1.446804642677307129e+02 4.094132423400878906e+02 1.461411094665527344e+02 1.000000000000000000e+00
1.209246063232421875e+02 4.055015087127685547e+02 1.213662910461425781e+02 4.067589569091796875e+02 1.223325920104980469e+02 4.087769508361816406e+02 2.000000000000000000e+00
4.896173477172851562e+01 4.240235996246337891e+02 4.922609329223632812e+01 4.252360582351684570e+02 5.020362854003906250e+01 4.273019456863403320e+02 2.000000000000000000e+00
1.090015983581542969e+02 2.084930241107940674e+02 1.095454406738281250e+02 2.096556079387664795e+02 1.106269645690917969e+02 2.116246622800827026e+02 2.000000000000000000e+00
4.444408416748046875e+01 4.573547744750976562e+02 4.480810165405273438e+01 4.585087108612060547e+02 4.570291519165039062e+01 4.605050468444824219e+02 2.000000000000000000e+00
1.908740997314453125e+00 4.283366489410400391e+02 2.339916229248046875e+00 4.294548797607421875e+02 3.317489624023437500e+00 4.314513015747070312e+02 2.000000000000000000e+00
2.439408540725708008e+02 3.807651472091674805e+02 2.443070650100708008e+02 3.820484733581542969e+02 2.453190469741821289e+02 3.841874456405639648e+02 2.000000000000000000e+00
3.258949279785156250e+01 4.322786664962768555e+02 3.284912109375000000e+01 4.334195423126220703e+02 3.374364852905273438e+01 4.353959083557128906e+02 2.000000000000000000e+00
7.147674560546875000e+00 4.183700037002563477e+02 7.462940216064453125e+00 4.194975042343139648e+02 8.393287658691406250e+00 4.214683055877685547e+02 2.000000000000000000e+00
8.051137924194335938e+01 4.329379320144653320e+02 8.086086273193359375e+01 4.340362930297851562e+02 8.170602798461914062e+01 4.359800148010253906e+02 2.000000000000000000e+00
1.144688034057617188e+02 2.554669511318206787e+02 1.149575614929199219e+02 2.565487378835678101e+02 1.160651397705078125e+02 2.585736697912216187e+02 2.000000000000000000e+00
9.848442077636718750e+01 4.390525960922241211e+02 9.895696640014648438e+01 4.403511428833007812e+02 9.976003646850585938e+01 4.422990274429321289e+02 2.000000000000000000e+00
5.668735504150390625e+01 4.602520322799682617e+02 5.707201004028320312e+01 4.614369678497314453e+02 5.785755157470703125e+01 4.634251785278320312e+02 2.000000000000000000e+00
4.605678462982177734e+02 3.720659494400024414e+02 4.610714149475097656e+02 3.734317445755004883e+02 4.619345378875732422e+02 3.757578134536743164e+02 2.000000000000000000e+00
4.486076354980468750e+01 4.020081853866577148e+02 4.538839340209960938e+01 4.032658481597900391e+02 4.626247406005859375e+01 4.049907875061035156e+02 2.000000000000000000e+00
2.832847595214843750e+01 4.403688526153564453e+02 2.860378265380859375e+01 4.414854812622070312e+02 2.950967788696289062e+01 4.434360122680664062e+02 2.000000000000000000e+00
3.768101215362548828e+02 1.786703896522521973e+02 3.923298358917236328e+02 1.795063877105712891e+02 4.084768962860107422e+02 1.810332763195037842e+02 1.000000000000000000e+00
6.211622238159179688e+01 3.999580478668212891e+02 6.247489929199218750e+01 4.012335634231567383e+02 6.336425781250000000e+01 4.030510711669921875e+02 2.000000000000000000e+00
1.517087936401367188e+01 4.303423833847045898e+02 1.546716690063476562e+01 4.314543199539184570e+02 1.638483047485351562e+01 4.334464502334594727e+02 2.000000000000000000e+00
1.025538635253906250e+02 2.574821484088897705e+02 1.030990028381347656e+02 2.586041879653930664e+02 1.042417144775390625e+02 2.605734264850616455e+02 2.000000000000000000e+00
1.134643936157226562e+02 2.404208221659064293e+02 1.140049934387207031e+02 2.417058564350008965e+02 1.150872611999511719e+02 2.436584626883268356e+02 2.000000000000000000e+00
1.037912559509277344e+02 4.028824567794799805e+02 1.042752265930175781e+02 4.040171527862548828e+02 1.051310348510742188e+02 4.060828971862792969e+02 2.000000000000000000e+00
7.310121536254882812e+01 4.740588569641113281e+02 7.348577499389648438e+01 4.752985382080078125e+02 7.437353134155273438e+01 4.773318243026733398e+02 2.000000000000000000e+00
2.538300609588623047e+02 3.836889982223510742e+02 2.542515420913696289e+02 3.849901771545410156e+02 2.552072143554687500e+02 3.871347427368164062e+02 2.000000000000000000e+00
3.602728605270385742e+02 1.435014152526855469e+02 3.759381103515625000e+02 1.440972232818603516e+02 3.923609638214111328e+02 1.454529404640197754e+02 1.000000000000000000e+00
3.258239746093750000e+01 1.749091458320617676e+02 3.322063446044921875e+01 1.760967206954956055e+02 3.404819488525390625e+01 1.780690455436706543e+02 2.000000000000000000e+00
7.639101028442382812e+01 4.106860399246215820e+02 7.671781539916992188e+01 4.119541740417480469e+02 7.771490097045898438e+01 4.138805580139160156e+02 2.000000000000000000e+00
6.710725784301757812e+01 4.422604751586914062e+02 6.741247177124023438e+01 4.434056138992309570e+02 6.826356887817382812e+01 4.453735828399658203e+02 2.000000000000000000e+00
4.347505474090576172e+02 3.621173143386840820e+02 4.352341938018798828e+02 3.634551143646240234e+02 4.362091064453125000e+02 3.657301425933837891e+02 2.000000000000000000e+00
8.697929382324218750e+00 4.435765171051025391e+02 9.010982513427734375e+00 4.446911716461181641e+02 1.001085281372070312e+01 4.466094160079956055e+02 2.000000000000000000e+00
6.803028106689453125e+01 4.137682914733886719e+02 6.843645095825195312e+01 4.150011634826660156e+02 6.932657241821289062e+01 4.168942022323608398e+02 2.000000000000000000e+00
4.317723083496093750e+02 2.434697572141885757e+02 4.322760963439941406e+02 2.449553529918193817e+02 4.333611488342285156e+02 2.472749483585357666e+02 2.000000000000000000e+00
2.089677810668945312e+01 4.455433416366577148e+02 2.122922897338867188e+01 4.466307449340820312e+02 2.214523315429687500e+01 4.486069107055664062e+02 2.000000000000000000e+00
3.956605911254882812e+01 4.362278223037719727e+02 3.989170074462890625e+01 4.373770236968994141e+02 4.075975418090820312e+01 4.393660354614257812e+02 2.000000000000000000e+00
4.957246780395507812e+01 4.483376312255859375e+02 4.994661331176757812e+01 4.494662618637084961e+02 5.070486068725585938e+01 4.514817953109741211e+02 2.000000000000000000e+00
4.408326148986816406e+02 2.434935761243104935e+02 4.413453960418701172e+02 2.450126038491725922e+02 4.424327373504638672e+02 2.473240207135677338e+02 2.000000000000000000e+00
1.455173492431640625e+01 4.556401491165161133e+02 1.483497619628906250e+01 4.567838573455810547e+02 1.584568023681640625e+01 4.586523199081420898e+02 2.000000000000000000e+00
5.213101768493652344e+02 6.105568885803222656e+01 5.218505859375000000e+02 6.245683193206787109e+01 5.230592155456542969e+02 6.488574028015136719e+01 2.000000000000000000e+00
3.961725234985351562e+01 4.241274261474609375e+02 3.991247177124023438e+01 4.254065895080566406e+02 4.091014862060546875e+01 4.273911809921264648e+02 2.000000000000000000e+00
3.778297424316406250e+01 4.080614948272705078e+02 3.826934814453125000e+01 4.093403720855712891e+02 3.918050765991210938e+01 4.111737442016601562e+02 2.000000000000000000e+00
4.398083782196044922e+02 2.266346731781959534e+02 4.403057861328125000e+02 2.279914847016334534e+02 4.414085102081298828e+02 2.303329154849052429e+02 2.000000000000000000e+00
1.351393699645996094e+02 4.095371246337890625e+02 1.354927635192871094e+02 4.107535457611083984e+02 1.364849662780761719e+02 4.127820539474487305e+02 2.000000000000000000e+00
4.357742977142333984e+02 3.342635250091552734e+02 4.363140296936035156e+02 3.355743455886840820e+02 4.372918701171875000e+02 3.378631639480590820e+02 2.000000000000000000e+00
4.627128887176513672e+02 3.362191200256347656e+02 4.630082702636718750e+02 3.376468849182128906e+02 4.640862178802490234e+02 3.399712872505187988e+02 2.000000000000000000e+00
3.121400451660156250e+02 3.634796762466430664e+02 3.125434571504592896e+02 3.647612714767456055e+02 3.135163575410842896e+02 3.669916391372680664e+02 2.000000000000000000e+00
9.032001495361328125e+01 4.632107305526733398e+02 9.068908691406250000e+01 4.644492673873901367e+02 9.155309677124023438e+01 4.664725828170776367e+02 2.000000000000000000e+00
1.251396179199218750e+02 4.193924617767333984e+02 1.254896926879882812e+02 4.207120513916015625e+02 1.264302444458007812e+02 4.226548862457275391e+02 2.000000000000000000e+00
9.840227127075195312e+01 4.671691131591796875e+02 9.871175765991210938e+01 4.684528684616088867e+02 9.957406997680664062e+01 4.704210090637207031e+02 2.000000000000000000e+00
5.591711044311523438e+01 4.199967098236083984e+02 5.634744644165039062e+01 4.213059425354003906e+02 5.718942642211914062e+01 4.231642913818359375e+02 2.000000000000000000e+00
4.220732402801513672e+02 3.551851844787597656e+02 4.224390602111816406e+02 3.565303373336791992e+02 4.234420776367187500e+02 3.588126254081726074e+02 2.000000000000000000e+00
9.168195724487304688e+01 4.138108348846435547e+02 9.216447830200195312e+01 4.149632120132446289e+02 9.311491012573242188e+01 4.170060253143310547e+02 2.000000000000000000e+00
4.607138347625732422e+02 2.874250495433807373e+02 4.612274837493896484e+02 2.888523888587951660e+02 4.623241901397705078e+02 2.912077975273132324e+02 2.000000000000000000e+00
4.549332904815673828e+02 3.102711224555969238e+02 4.553878211975097656e+02 3.115929293632507324e+02 4.564502239227294922e+02 3.139205360412597656e+02 2.000000000000000000e+00
3.650983905792236328e+02 3.912572765350341797e+02 3.654883146286010742e+02 3.925573825836181641e+02 3.665064096450805664e+02 3.948047876358032227e+02 2.000000000000000000e+00
5.251203727722167969e+02 1.583776044845581055e+02 5.405886840820312500e+02 1.595263481140136719e+02 5.557390213012695312e+02 1.612287998199462891e+02 1.000000000000000000e+00
2.921661686897277832e+02 3.587048435211181641e+02 2.925468754768371582e+02 3.599888062477111816e+02 2.934510803222656250e+02 3.622166204452514648e+02 2.000000000000000000e+00
4.402679729461669922e+02 1.770453929901123047e+02 4.551034545898437500e+02 1.779196715354919434e+02 4.700994300842285156e+02 1.797615766525268555e+02 1.000000000000000000e+00
4.278146648406982422e+02 3.861495780944824219e+02 4.283492183685302734e+02 3.875516366958618164e+02 4.293054199218750000e+02 3.898381376266479492e+02 2.000000000000000000e+00
8.757116317749023438e+01 4.068016433715820312e+02 8.793039321899414062e+01 4.080047750473022461e+02 8.891973495483398438e+01 4.100026702880859375e+02 2.000000000000000000e+00
1.038601684570312500e+02 4.511102342605590820e+02 1.042872238159179688e+02 4.523247241973876953e+02 1.050893211364746094e+02 4.543160820007324219e+02 2.000000000000000000e+00
3.246961060166358948e+02 1.557613205909729004e+02 3.396092224121093750e+02 1.563690161705017090e+02 3.550274968147277832e+02 1.579806804656982422e+02 1.000000000000000000e+00
1.280592727661132812e+02 4.304813575744628906e+02 1.284827041625976562e+02 4.316370391845703125e+02 1.292765235900878906e+02 4.337288904190063477e+02 2.000000000000000000e+00
7.526475906372070312e+01 4.442690277099609375e+02 7.561553955078125000e+01 4.454409599304199219e+02 7.643167495727539062e+01 4.473768711090087891e+02 2.000000000000000000e+00
4.173117351531982422e+02 1.833838319778442383e+02 4.326687908172607422e+02 1.840020883083343506e+02 4.489752864837646484e+02 1.855434393882751465e+02 1.000000000000000000e+00
4.259848690032958984e+02 3.481922650337219238e+02 4.263922119140625000e+02 3.495485615730285645e+02 4.273823261260986328e+02 3.518402767181396484e+02 2.000000000000000000e+00
1.147439575195312500e+02 4.420047140121459961e+02 1.152076911926269531e+02 4.432072305679321289e+02 1.159687614440917969e+02 4.452228498458862305e+02 2.000000000000000000e+00
1.207502555847167969e+02 4.580619907379150391e+02 1.210488510131835938e+02 4.592751216888427734e+02 1.219245910644531250e+02 4.613274621963500977e+02 2.000000000000000000e+00
4.307226276397705078e+02 2.266468808054924011e+02 4.312181091308593750e+02 2.280173787474632263e+02 4.323150920867919922e+02 2.303459009528160095e+02 2.000000000000000000e+00
7.604867935180664062e+01 2.001932036876678467e+02 7.668119430541992188e+01 2.013513457775115967e+02 7.782957077026367188e+01 2.033236205577850342e+02 2.000000000000000000e+00
3.050473940372467041e+02 3.784782171249389648e+02 3.054687190055847168e+02 3.797747611999511719e+02 3.064626157283782959e+02 3.819982337951660156e+02 2.000000000000000000e+00
5.289971923828125000e+02 3.519389390945434570e+02 5.294736289978027344e+02 3.534055209159851074e+02 5.304932975769042969e+02 3.557290720939636230e+02 2.000000000000000000e+00
5.778240203857421875e+01 4.522365474700927734e+02 5.815929412841796875e+01 4.533817863464355469e+02 5.893787384033203125e+01 4.553695249557495117e+02 2.000000000000000000e+00
4.754342079162597656e+02 3.560353732109069824e+02 4.758651733398437500e+02 3.574572801589965820e+02 4.768399715423583984e+02 3.598018527030944824e+02 2.000000000000000000e+00
3.055532455444335938e+01 4.232096672058105469e+02 3.083366394042968750e+01 4.244793462753295898e+02 3.180292129516601562e+01 4.264324378967285156e+02 2.000000000000000000e+00
1.432136535644531250e+02 4.670396518707275391e+02 1.435411262512207031e+02 4.682680463790893555e+02 1.443384742736816406e+02 4.703481531143188477e+02 2.000000000000000000e+00
1.808139801025390625e+01 4.019043731689453125e+02 1.848974227905273438e+01 4.031741094589233398e+02 1.937870025634765625e+01 4.049450826644897461e+02 2.000000000000000000e+00
6.898855209350585938e+01 4.542490911483764648e+02 6.936050415039062500e+01 4.553567361831665039e+02 7.014396667480468750e+01 4.574070882797241211e+02 2.000000000000000000e+00
1.160775756835937500e+02 4.144988822937011719e+02 1.165095520019531250e+02 4.158202314376831055e+02 1.174399566650390625e+02 4.177516508102416992e+02 2.000000000000000000e+00
3.480257582664489746e+02 3.764183092117309570e+02 3.484963989257812500e+02 3.777398157119750977e+02 3.495281386375427246e+02 3.799532604217529297e+02 2.000000000000000000e+00
1.291654396057128906e+02 4.590190887451171875e+02 1.294660377502441406e+02 4.602327060699462891e+02 1.303471565246582031e+02 4.622835159301757812e+02 2.000000000000000000e+00
4.961391448974609375e+01 4.382666730880737305e+02 5.001716613769531250e+01 4.393524885177612305e+02 5.071752548217773438e+01 4.413930702209472656e+02 2.000000000000000000e+00
3.831565856933593750e+01 4.634336900711059570e+02 3.862375259399414062e+01 4.646584653854370117e+02 3.956830978393554688e+01 4.666939830780029297e+02 2.000000000000000000e+00
5.260733032226562500e+02 3.628909635543823242e+02 5.265522575378417969e+02 3.643833017349243164e+02 5.275565910339355469e+02 3.667231464385986328e+02 2.000000000000000000e+00
4.865788841247558594e+02 3.183113765716552734e+02 4.870692825317382812e+02 3.196273827552795410e+02 4.881358909606933594e+02 3.219646310806274414e+02 2.000000000000000000e+00
7.650646209716796875e+01 4.017106676101684570e+02 7.680006027221679688e+01 4.030435609817504883e+02 7.784400939941406250e+01 4.049263143539428711e+02 2.000000000000000000e+00
1.139454078674316406e+02 3.937016916275024414e+02 1.143265342712402344e+02 3.948123550415039062e+02 1.151997184753417969e+02 3.969332027435302734e+02 2.000000000000000000e+00
1.014516830444335938e+02 2.414571991190314293e+02 1.019803810119628906e+02 2.427086792886257172e+02 1.032414245605468750e+02 2.446870426833629608e+02 2.000000000000000000e+00
2.338417625427246094e+02 3.828407621383666992e+02 2.343346977233886719e+02 3.840822887420654297e+02 2.353103446960449219e+02 3.862420463562011719e+02 2.000000000000000000e+00
5.012329673767089844e+02 3.558522677421569824e+02 5.017159843444824219e+02 3.573979854583740234e+02 5.027020263671875000e+02 3.597314214706420898e+02 2.000000000000000000e+00
2.650719881057739258e+02 3.717160749435424805e+02 2.655016183853149414e+02 3.730249643325805664e+02 2.664791870117187500e+02 3.752005004882812500e+02 2.000000000000000000e+00
4.803634071350097656e+02 3.441304063796997070e+02 4.808214378356933594e+02 3.455257630348205566e+02 4.817573356628417969e+02 3.478252601623535156e+02 2.000000000000000000e+00
3.323061215877532959e+02 3.884257936477661133e+02 3.327369391918182373e+02 3.897555971145629883e+02 3.336919248104095459e+02 3.919787979125976562e+02 2.000000000000000000e+00
5.091798400878906250e+02 3.599108004570007324e+02 5.097175979614257812e+02 3.614541435241699219e+02 5.106906127929687500e+02 3.637993240356445312e+02 2.000000000000000000e+00
4.895479202270507812e+02 3.281967830657958984e+02 4.899693298339843750e+02 3.294883775711059570e+02 4.910072708129882812e+02 3.317829966545104980e+02 2.000000000000000000e+00
4.685688781738281250e+02 3.431807613372802734e+02 4.689531230926513672e+02 3.446031546592712402e+02 4.699090576171875000e+02 3.469464468955993652e+02 2.000000000000000000e+00
1.545599174499511719e+02 4.013840675354003906e+02 1.550419616699218750e+02 4.025835943222045898e+02 1.558259582519531250e+02 4.046516132354736328e+02 2.000000000000000000e+00
1.037354660034179688e+02 4.590497303009033203e+02 1.041709327697753906e+02 4.602793979644775391e+02 1.050008964538574219e+02 4.622653055191040039e+02 2.000000000000000000e+00
8.866785049438476562e+01 4.227153682708740234e+02 8.908918380737304688e+01 4.238215112686157227e+02 8.998746871948242188e+01 4.258466577529907227e+02 2.000000000000000000e+00
3.622505521774291992e+02 2.954258143901824951e+02 3.627836942672729492e+02 2.967206454277038574e+02 3.638672780990600586e+02 2.990106225013732910e+02 2.000000000000000000e+00
4.953709411621093750e+02 3.361741375923156738e+02 4.958379554748535156e+02 3.375020527839660645e+02 4.968681716918945312e+02 3.398132371902465820e+02 2.000000000000000000e+00
3.273320007324218750e+02 3.675031185150146484e+02 3.277895814180374146e+02 3.688341379165649414e+02 3.287149965763092041e+02 3.710559082031250000e+02 2.000000000000000000e+00
5.452515983581542969e+02 1.753875732421875000e+01 5.458498001098632812e+02 1.895041465759277344e+01 5.470405387878417969e+02 2.142621517181396484e+01 2.000000000000000000e+00
8.224794387817382812e+01 4.562884569168090820e+02 8.267734527587890625e+01 4.574394893646240234e+02 8.347673416137695312e+01 4.595024156570434570e+02 2.000000000000000000e+00
4.557754802703857422e+02 1.708035206794738770e+02 4.710451412200927734e+02 1.715265655517578125e+02 4.864624404907226562e+02 1.732574415206909180e+02 1.000000000000000000e+00
4.883719825744628906e+02 2.833704257011413574e+02 4.888638305664062500e+02 2.846896076202392578e+02 4.898939514160156250e+02 2.870945155620574951e+02 2.000000000000000000e+00
3.161250609159469604e+02 3.704611873626708984e+02 3.165138548612594604e+02 3.717763137817382812e+02 3.175135192275047302e+02 3.740002155303955078e+02 2.000000000000000000e+00
1.533433151245117188e+02 4.183234977722167969e+02 1.537306022644042969e+02 4.195527505874633789e+02 1.546106338500976562e+02 4.214808511734008789e+02 2.000000000000000000e+00
4.130745220184326172e+02 2.644364637136459351e+02 4.135369300842285156e+02 2.657414567470550537e+02 4.145968627929687500e+02 2.680448931455612183e+02 2.000000000000000000e+00
4.873428344726562500e+02 3.589191627502441406e+02 4.877525138854980469e+02 3.603813886642456055e+02 4.887672805786132812e+02 3.626874160766601562e+02 2.000000000000000000e+00
4.198704242706298828e+02 3.001587867736816406e+02 4.203765869140625000e+02 3.014971947669982910e+02 4.214493083953857422e+02 3.037785959243774414e+02 2.000000000000000000e+00
4.894551467895507812e+02 1.395686888694763184e+02 5.050402832031250000e+02 1.404244637489318848e+02 5.213259887695312500e+02 1.421611762046813965e+02 1.000000000000000000e+00
3.830212116241455078e+02 1.815494048595428467e+02 3.985513019561767578e+02 1.824104905128479004e+02 4.146734619140625000e+02 1.839846146106719971e+02 1.000000000000000000e+00
3.531414484977722168e+02 1.625944161415100098e+02 3.686611938476562500e+02 1.633300280570983887e+02 3.850459003448486328e+02 1.648304700851440430e+02 1.000000000000000000e+00
5.012237358093261719e+02 3.439309716224670410e+02 5.016867637634277344e+02 3.454619479179382324e+02 5.027477836608886719e+02 3.477756714820861816e+02 2.000000000000000000e+00
2.851122117042541504e+02 3.646942234039306641e+02 2.854854726791381836e+02 3.659728145599365234e+02 2.864577937126159668e+02 3.681603813171386719e+02 2.000000000000000000e+00
3.451269531250000000e+02 3.843735408782958984e+02 3.455803847312927246e+02 3.856980657577514648e+02 3.465751051902770996e+02 3.879372596740722656e+02 2.000000000000000000e+00
4.695547771453857422e+02 3.691048049926757812e+02 4.699796772003173828e+02 3.704784679412841797e+02 4.709972572326660156e+02 3.728059816360473633e+02 2.000000000000000000e+00
7.096324920654296875e+01 4.644079971313476562e+02 7.139701843261718750e+01 4.655463695526123047e+02 7.225496292114257812e+01 4.676142454147338867e+02 2.000000000000000000e+00
2.648699331283569336e+02 3.855784034729003906e+02 2.653766489028930664e+02 3.868825149536132812e+02 2.663005685806274414e+02 3.890227174758911133e+02 2.000000000000000000e+00
4.030953121185302734e+02 3.652772855758666992e+02 4.034498310089111328e+02 3.665918397903442383e+02 4.044086933135986328e+02 3.688226079940795898e+02 2.000000000000000000e+00
3.181037902832031250e+00 4.061307191848754883e+02 3.381996154785156250e+00 4.073756217956542969e+02 4.447650909423828125e+00 4.089956188201904297e+02 2.000000000000000000e+00
1.323878669738769531e+02 3.904267072677612305e+02 1.327645874023437500e+02 3.915900707244873047e+02 1.337487220764160156e+02 3.937023067474365234e+02 2.000000000000000000e+00
2.780935335159301758e+02 3.775795698165893555e+02 2.785079622268676758e+02 3.788851690292358398e+02 2.794607210159301758e+02 3.810596036911010742e+02 2.000000000000000000e+00
3.979787921905517578e+02 3.872618150711059570e+02 3.984194660186767578e+02 3.885876846313476562e+02 3.993792438507080078e+02 3.908571910858154297e+02 2.000000000000000000e+00
5.323724365234375000e+02 6.103370189666748047e+01 5.329753494262695312e+02 6.240810871124267578e+01 5.341740226745605469e+02 6.483120918273925781e+01 2.000000000000000000e+00
1.380074310302734375e+02 4.365224075317382812e+02 1.384553909301757812e+02 4.377453088760375977e+02 1.392800521850585938e+02 4.398711919784545898e+02 2.000000000000000000e+00
2.409272623062133789e+02 3.898369503021240234e+02 2.412960958480834961e+02 3.910543870925903320e+02 2.423073101043701172e+02 3.932177209854125977e+02 2.000000000000000000e+00
4.904458045959472656e+02 3.063216304779052734e+02 4.909752464294433594e+02 3.076538443565368652e+02 4.920303726196289062e+02 3.100379991531372070e+02 2.000000000000000000e+00
1.693748474121093750e+01 1.930075979232788086e+02 1.757953643798828125e+01 1.942294120788574219e+02 1.876140594482421875e+01 1.961296212673187256e+02 2.000000000000000000e+00
4.079820919036865234e+02 3.952465295791625977e+02 4.084028911590576172e+02 3.965508556365966797e+02 4.092973327636718750e+02 3.988039970397949219e+02 2.000000000000000000e+00
3.212420349568128586e+02 3.795158100128173828e+02 3.217026367783546448e+02 3.808589601516723633e+02 3.226556092500686646e+02 3.830926609039306641e+02 2.000000000000000000e+00
5.243446731567382812e+02 7.398542404174804688e+01 5.249368858337402344e+02 7.547028064727783203e+01 5.261231040954589844e+02 7.787741661071777344e+01 2.000000000000000000e+00
5.509097290039062500e+02 3.628743982315063477e+02 5.513426017761230469e+02 3.644016122817993164e+02 5.523079872131347656e+02 3.668038415908813477e+02 2.000000000000000000e+00
1.190382385253906250e+02 3.834200191497802734e+02 1.194712638854980469e+02 3.845365333557128906e+02 1.203917503356933594e+02 3.866268396377563477e+02 2.000000000000000000e+00
5.191507530212402344e+02 3.559122061729431152e+02 5.195867919921875000e+02 3.573743963241577148e+02 5.205889892578125000e+02 3.597199773788452148e+02 2.000000000000000000e+00
4.745512104034423828e+02 2.815569484233856201e+02 4.750120830535888672e+02 2.829512643814086914e+02 4.761200237274169922e+02 2.853121054172515869e+02 2.000000000000000000e+00
1.371022033691406250e+02 4.608933591842651367e+02 1.374798583984375000e+02 4.622196722030639648e+02 1.382824516296386719e+02 4.641989850997924805e+02 2.000000000000000000e+00
1.445825767517089844e+02 3.842102193832397461e+02 1.449423980712890625e+02 3.853228569030761719e+02 1.459353446960449219e+02 3.874177980422973633e+02 2.000000000000000000e+00
4.397331237792968750e+02 2.143890827894210815e+02 4.401939392089843750e+02 2.157779681682586670e+02 4.412635231018066406e+02 2.181208330392837524e+02 2.000000000000000000e+00
1.331235694885253906e+02 4.700444698333740234e+02 1.334689712524414062e+02 4.712794303894042969e+02 1.342566680908203125e+02 4.733421134948730469e+02 2.000000000000000000e+00
3.158235549926757812e+01 4.141576910018920898e+02 3.195198059082031250e+01 4.154317474365234375e+02 3.284868240356445312e+01 4.174092149734497070e+02 2.000000000000000000e+00
4.031838417053222656e+02 4.092735671997070312e+02 4.035817623138427734e+02 4.106156158447265625e+02 4.043869304656982422e+02 4.129077529907226562e+02 2.000000000000000000e+00
1.119589805603027344e+02 4.257168102264404297e+02 1.123715400695800781e+02 4.270767974853515625e+02 1.132544136047363281e+02 4.288229799270629883e+02 2.000000000000000000e+00
4.537121295928955078e+02 3.858814430236816406e+02 4.541446208953857422e+02 3.873137283325195312e+02 4.551000404357910156e+02 3.895749235153198242e+02 2.000000000000000000e+00
4.042360210418701172e+02 2.594898086786270142e+02 4.046409034729003906e+02 2.607372450828552246e+02 4.057331848144531250e+02 2.630611270666122437e+02 2.000000000000000000e+00
4.786066627502441406e+02 3.122924566268920898e+02 4.790783119201660156e+02 3.135978770256042480e+02 4.801581382751464844e+02 3.158956933021545410e+02 2.000000000000000000e+00
1.156583595275878906e+02 4.690504932403564453e+02 1.159153747558593750e+02 4.703441619873046875e+02 1.168374061584472656e+02 4.723802947998046875e+02 2.000000000000000000e+00
2.216814136505126953e+02 3.797540330886840820e+02 2.222150516510009766e+02 3.810686159133911133e+02 2.231053924560546875e+02 3.831805801391601562e+02 2.000000000000000000e+00
4.488469886779785156e+02 2.873412501811981201e+02 4.492577838897705078e+02 2.887550389766693115e+02 4.503559303283691406e+02 2.910707116127014160e+02 2.000000000000000000e+00
1.078630256652832031e+02 4.126068449020385742e+02 1.083555412292480469e+02 4.138049697875976562e+02 1.092407798767089844e+02 4.158008766174316406e+02 2.000000000000000000e+00
3.010609734058380127e+02 3.715591478347778320e+02 3.014989006519317627e+02 3.728351497650146484e+02 3.024606323242187500e+02 3.750929975509643555e+02 2.000000000000000000e+00
3.140431517362594604e+02 3.854668092727661133e+02 3.144901120662689209e+02 3.867479038238525391e+02 3.154670715332031250e+02 3.889715909957885742e+02 2.000000000000000000e+00
4.399491596221923828e+02 2.894158351421356201e+02 4.404297828674316406e+02 2.907717919349670410e+02 4.414577007293701172e+02 2.931232953071594238e+02 2.000000000000000000e+00
3.551643681526184082e+02 3.953091144561767578e+02 3.555430603027343750e+02 3.966238117218017578e+02 3.565486454963684082e+02 3.989282941818237305e+02 2.000000000000000000e+00
1.137797737121582031e+02 4.499448966979980469e+02 1.142240142822265625e+02 4.511555528640747070e+02 1.150155258178710938e+02 4.532306957244873047e+02 2.000000000000000000e+00
3.552702021598815918e+02 3.044909405708312988e+02 3.556555175781250000e+02 3.056385254859924316e+02 3.567139601707458496e+02 3.079693937301635742e+02 2.000000000000000000e+00
4.665812683105468750e+02 3.779950046539306641e+02 4.670126342773437500e+02 3.793654203414916992e+02 4.678951168060302734e+02 3.816981554031372070e+02 2.000000000000000000e+00
5.162448692321777344e+02 3.339526391029357910e+02 5.166711997985839844e+02 3.354790091514587402e+02 5.177182006835937500e+02 3.377854943275451660e+02 2.000000000000000000e+00
4.735216999053955078e+02 2.992463099956512451e+02 4.740079975128173828e+02 3.005975961685180664e+02 4.751677227020263672e+02 3.029518747329711914e+02 2.000000000000000000e+00
4.964149284362792969e+02 2.992874801158905029e+02 4.969158744812011719e+02 3.006638503074645996e+02 4.978917884826660156e+02 3.030769085884094238e+02 2.000000000000000000e+00
4.782935237884521484e+02 1.630363583564758301e+02 4.937237358093261719e+02 1.635146141052246094e+02 5.100979042053222656e+02 1.651984333992004395e+02 1.000000000000000000e+00
4.566918373107910156e+02 2.754131484031677246e+02 4.572505187988281250e+02 2.767989528179168701e+02 4.583115291595458984e+02 2.791824352741241455e+02 2.000000000000000000e+00
6.595968246459960938e+01 4.249828290939331055e+02 6.624261856079101562e+01 4.261673927307128906e+02 6.712697982788085938e+01 4.280735206604003906e+02 2.000000000000000000e+00
3.031018364429473877e+02 3.625116062164306641e+02 3.035167539119720459e+02 3.637699699401855469e+02 3.044557487964630127e+02 3.660048294067382812e+02 2.000000000000000000e+00
6.107576370239257812e+01 4.099267959594726562e+02 6.147014617919921875e+01 4.111823272705078125e+02 6.231058120727539062e+01 4.130777120590209961e+02 2.000000000000000000e+00
3.970542907714843750e+02 3.284017682075500488e+02 3.975217008590698242e+02 3.297328233718872070e+02 3.985054636001586914e+02 3.320465469360351562e+02 2.000000000000000000e+00
2.510578155517578125e+01 1.940178215503692627e+02 2.577629089355468750e+01 1.952333807945251465e+02 2.688776016235351562e+01 1.971794557571411133e+02 2.000000000000000000e+00
1.717771530151367188e+01 4.384411096572875977e+02 1.746028900146484375e+01 4.395676088333129883e+02 1.838586807250976562e+01 4.415212154388427734e+02 2.000000000000000000e+00
9.926986694335937500e+00 1.768576025962829590e+02 1.054313659667968750e+01 1.780224394798278809e+02 1.167955398559570312e+01 1.799019455909729004e+02 2.000000000000000000e+00
4.755403137207031250e+02 3.342236995697021484e+02 4.759205913543701172e+02 3.355886864662170410e+02 4.769242572784423828e+02 3.378904151916503906e+02 2.000000000000000000e+00
2.960149216651916504e+02 3.855245733261108398e+02 2.965068054199218750e+02 3.868171405792236328e+02 2.974716782569885254e+02 3.889943933486938477e+02 2.000000000000000000e+00
1.080821609497070312e+02 3.653981351852416992e+02 1.084876251220703125e+02 3.664633226394653320e+02 1.094583320617675781e+02 3.685285377502441406e+02 2.000000000000000000e+00
5.113709449768066406e+02 6.402571678161621094e+01 5.119425773620605469e+02 6.544411182403564453e+01 5.131650352478027344e+02 6.786762714385986328e+01 2.000000000000000000e+00
2.860368347167968750e+02 3.765776395797729492e+02 2.864643859863281250e+02 3.778725099563598633e+02 2.873630070686340332e+02 3.800260448455810547e+02 2.000000000000000000e+00
3.701777029037475586e+02 3.174909710884094238e+02 3.705381488800048828e+02 3.188079571723937988e+02 3.715233469009399414e+02 3.210997939109802246e+02 2.000000000000000000e+00
4.248159790039062500e+02 2.534903874993324280e+02 4.253739643096923828e+02 2.548403173685073853e+02 4.264809894561767578e+02 2.571671158075332642e+02 2.000000000000000000e+00
5.033152770996093750e+02 5.900188922882080078e+01 5.039391899108886719e+02 6.045423030853271484e+01 5.051217079162597656e+02 6.289668560028076172e+01 2.000000000000000000e+00
2.598789215087890625e+01 4.713444042205810547e+02 2.637983322143554688e+01 4.725026035308837891e+02 2.726182937622070312e+01 4.745645856857299805e+02 2.000000000000000000e+00
5.033406448364257812e+02 3.331531119346618652e+02 5.037319946289062500e+02 3.345477318763732910e+02 5.048013687133789062e+02 3.368559908866882324e+02 2.000000000000000000e+00
5.888936996459960938e+01 1.921232593059539795e+02 5.941608428955078125e+01 1.932660806179046631e+02 6.057481765747070312e+01 1.951976287364959717e+02 2.000000000000000000e+00
3.211549377441406250e+02 3.614752006530761719e+02 3.215655212104320526e+02 3.627547931671142578e+02 3.225597229599952698e+02 3.649542331695556641e+02 2.000000000000000000e+00
4.805331802368164062e+02 3.242500376701354980e+02 4.810499000549316406e+02 3.255094671249389648e+02 4.820764160156250000e+02 3.278123545646667480e+02 2.000000000000000000e+00
4.168724060058593750e+02 2.434816132485866547e+02 4.174353313446044922e+02 2.448432464897632599e+02 4.185480690002441406e+02 2.471719363331794739e+02 2.000000000000000000e+00
3.821023941040039062e+01 1.336747527122497559e+02 3.882616043090820312e+01 1.348283815383911133e+02 4.007080078125000000e+01 1.368449807167053223e+02 2.000000000000000000e+00
5.700345993041992188e+01 2.082715594768524170e+02 5.757135391235351562e+01 2.093725419044494629e+02 5.868482589721679688e+01 2.112477707862854004e+02 2.000000000000000000e+00
4.060960674285888672e+02 2.854128456115722656e+02 4.064832210540771484e+02 2.868095111846923828e+02 4.075863361358642578e+02 2.891080033779144287e+02 2.000000000000000000e+00
4.607966327667236328e+02 3.022450590133666992e+02 4.612888813018798828e+02 3.036062979698181152e+02 4.624028015136718750e+02 3.059369516372680664e+02 2.000000000000000000e+00
8.459348678588867188e+01 3.987875747680664062e+02 8.487466812133789062e+01 4.000286293029785156e+02 8.592958450317382812e+01 4.020660781860351562e+02 2.000000000000000000e+00
5.498312950134277344e+02 2.744337773323059082e+02 5.504106521606445312e+02 2.758509850502014160e+02 5.514572715759277344e+02 2.782767033576965332e+02 2.000000000000000000e+00
5.125449180603027344e+02 1.577610611915588379e+02 5.279549026489257812e+02 1.586158847808837891e+02 5.442567253112792969e+02 1.600855493545532227e+02 1.000000000000000000e+00
5.438444900512695312e+02 2.853347182273864746e+02 5.444076538085937500e+02 2.867626655101776123e+02 5.454584312438964844e+02 2.891727626323699951e+02 2.000000000000000000e+00
3.900493192672729492e+02 3.921149396896362305e+02 3.905437946319580078e+02 3.934824657440185547e+02 3.914691495895385742e+02 3.957388401031494141e+02 2.000000000000000000e+00
3.801920461654663086e+02 2.815442204475402832e+02 3.807005023956298828e+02 2.829122328758239746e+02 3.817501544952392578e+02 2.851730382442474365e+02 2.000000000000000000e+00
3.232966613769531250e+02 3.924497079849243164e+02 3.237908935546875000e+02 3.937182998657226562e+02 3.246637573838233948e+02 3.959372091293334961e+02 2.000000000000000000e+00
1.206003189086914062e+01 2.100223213434219360e+02 1.251581192016601562e+01 2.112422168254852295e+02 1.366054534912109375e+01 2.131596815586090088e+02 2.000000000000000000e+00
1.405543518066406250e+02 3.772152185440063477e+02 1.409337806701660156e+02 3.783401012420654297e+02 1.419535064697265625e+02 3.804237413406372070e+02 2.000000000000000000e+00
5.053666687011718750e+02 3.042089581489562988e+02 5.057918739318847656e+02 3.056391620635986328e+02 5.067651748657226562e+02 3.080372929573059082e+02 2.000000000000000000e+00
3.732286691665649414e+02 2.914266371726989746e+02 3.737246084213256836e+02 2.927990734577178955e+02 3.748267507553100586e+02 2.950683331489562988e+02 2.000000000000000000e+00
5.112344932556152344e+02 3.151928114891052246e+02 5.116719627380371094e+02 3.166191744804382324e+02 5.126682090759277344e+02 3.190049815177917480e+02 2.000000000000000000e+00
3.961729145050048828e+02 2.794214200973510742e+02 3.966073608398437500e+02 2.807954120635986328e+02 3.976569843292236328e+02 2.830834686756134033e+02 2.000000000000000000e+00
3.483217167854309082e+02 3.004713463783264160e+02 3.487284541130065918e+02 3.017040753364562988e+02 3.497306513786315918e+02 3.040150165557861328e+02 2.000000000000000000e+00
4.725285625457763672e+02 2.704828190803527832e+02 4.730617713928222656e+02 2.718850421905517578e+02 4.741907405853271484e+02 2.742656564712524414e+02 2.000000000000000000e+00
4.685310649871826172e+02 3.232913589477539062e+02 4.690347957611083984e+02 3.246025443077087402e+02 4.700582599639892578e+02 3.269273114204406738e+02 2.000000000000000000e+00
4.198415279388427734e+02 3.702331924438476562e+02 4.203100585937500000e+02 3.715701627731323242e+02 4.212179851531982422e+02 3.738557767868041992e+02 2.000000000000000000e+00
1.612301349639892578e+02 3.752011442184448242e+02 1.616449451446533203e+02 3.763184595108032227e+02 1.625393676757812500e+02 3.784590482711791992e+02 2.000000000000000000e+00
3.970606088638305664e+02 3.782634401321411133e+02 3.974309396743774414e+02 3.795388841629028320e+02 3.984034109115600586e+02 3.817643165588378906e+02 2.000000000000000000e+00
2.731127023696899414e+02 3.687047481536865234e+02 2.735335683822631836e+02 3.700048828125000000e+02 2.745097970962524414e+02 3.722083854675292969e+02 2.000000000000000000e+00
4.824646949768066406e+02 2.972913229465484619e+02 4.829162406921386719e+02 2.986193883419036865e+02 4.840025711059570312e+02 3.009814810752868652e+02 2.000000000000000000e+00
5.349569129943847656e+02 3.619179153442382812e+02 5.353644371032714844e+02 3.634048461914062500e+02 5.364044761657714844e+02 3.657313871383666992e+02 2.000000000000000000e+00
4.824472999572753906e+02 3.669542026519775391e+02 4.828096580505371094e+02 3.683986616134643555e+02 4.838730239868164062e+02 3.707167053222656250e+02 2.000000000000000000e+00
3.432333683967590332e+02 3.962854099273681641e+02 3.436198425292968750e+02 3.976627635955810547e+02 3.445294499397277832e+02 3.999759864807128906e+02 2.000000000000000000e+00
4.547908020019531250e+02 3.203262662887573242e+02 4.552288246154785156e+02 3.217265653610229492e+02 4.562986755371093750e+02 3.240859436988830566e+02 2.000000000000000000e+00
6.405202865600585938e+01 4.343251705169677734e+02 6.437759399414062500e+01 4.354641866683959961e+02 6.526290893554687500e+01 4.374185228347778320e+02 2.000000000000000000e+00
3.662102365493774414e+02 1.683158683776855469e+02 3.815422677993774414e+02 1.689592266082763672e+02 3.979980182647705078e+02 1.704936361312866211e+02 1.000000000000000000e+00
3.768409729003906250e+01 1.920079922676086426e+02 3.830934524536132812e+01 1.932090890407562256e+02 3.931329727172851562e+01 1.951616191864013672e+02 2.000000000000000000e+00
1.630675983428955078e+02 3.912111568450927734e+02 1.635223484039306641e+02 3.923954200744628906e+02 1.643365573883056641e+02 3.944531965255737305e+02 2.000000000000000000e+00
4.656407451629638672e+02 2.764481234550476074e+02 4.661710548400878906e+02 2.778604137897491455e+02 4.672724056243896484e+02 2.802494823932647705e+02 2.000000000000000000e+00
3.822446298599243164e+02 3.852155828475952148e+02 3.826711130142211914e+02 3.865080070495605469e+02 3.835246896743774414e+02 3.887373447418212891e+02 2.000000000000000000e+00
4.152132034301757812e+01 4.442144823074340820e+02 4.190521240234375000e+01 4.453214550018310547e+02 4.268901824951171875e+01 4.473422098159790039e+02 2.000000000000000000e+00
1.483878898620605469e+02 4.074499654769897461e+02 1.487895393371582031e+02 4.086552143096923828e+02 1.496328163146972656e+02 4.107646894454956055e+02 2.000000000000000000e+00
5.182788085937500000e+02 1.565717554092407227e+02 5.336489295959472656e+02 1.575364923477172852e+02 5.490410804748535156e+02 1.590548372268676758e+02 1.000000000000000000e+00
5.502771568298339844e+02 7.386065483093261719e+01 5.509704017639160156e+02 7.531497001647949219e+01 5.521608352661132812e+02 7.770279407501220703e+01 2.000000000000000000e+00
2.708112716674804688e+01 1.376711797714233398e+02 2.768728256225585938e+01 1.387975573539733887e+02 2.889463424682617188e+01 1.407766985893249512e+02 2.000000000000000000e+00
4.834801292419433594e+02 2.664668279886245728e+02 4.840008544921875000e+02 2.678596812486648560e+02 4.851417541503906250e+02 2.702519845962524414e+02 2.000000000000000000e+00
3.881073331832885742e+02 3.293867254257202148e+02 3.885686063766479492e+02 3.306883263587951660e+02 3.895766305923461914e+02 3.329617667198181152e+02 2.000000000000000000e+00
3.302186584472656250e+02 3.754490089416503906e+02 3.306970214843750000e+02 3.768166637420654297e+02 3.316440427303314209e+02 3.790055322647094727e+02 2.000000000000000000e+00
4.817158317565917969e+02 1.489091563224792480e+02 4.972319602966308594e+02 1.493822550773620605e+02 5.127776527404785156e+02 1.504219937324523926e+02 1.000000000000000000e+00
3.300752568244934082e+02 3.125048875808715820e+02 3.306779181957244873e+02 3.137176251411437988e+02 3.317271125316619873e+02 3.160329937934875488e+02 2.000000000000000000e+00
4.507504558563232422e+02 2.624455887079238892e+02 4.513296794891357422e+02 2.638115251064300537e+02 4.523299312591552734e+02 2.662219870090484619e+02 2.000000000000000000e+00
1.741029357910156250e+02 3.640046453475952148e+02 1.745251941680908203e+02 3.653053379058837891e+02 1.754290103912353516e+02 3.674366569519042969e+02 2.000000000000000000e+00
3.575439453125000000e+01 3.991964864730834961e+02 3.629770278930664062e+01 4.004455947875976562e+02 3.722131729125976562e+01 4.023495626449584961e+02 2.000000000000000000e+00
4.844508361816406250e+02 2.764487922191619873e+02 4.849466896057128906e+02 2.778329479694366455e+02 4.860557556152343750e+02 2.802260756492614746e+02 2.000000000000000000e+00
4.395864295959472656e+02 3.940040302276611328e+02 4.401723384857177734e+02 3.954027414321899414e+02 4.411633968353271484e+02 3.977035617828369141e+02 2.000000000000000000e+00
1.652195262908935547e+02 3.671671199798583984e+02 1.656449413299560547e+02 3.683412551879882812e+02 1.665189647674560547e+02 3.704801416397094727e+02 2.000000000000000000e+00
2.125949668884277344e+02 3.747593450546264648e+02 2.131172180175781250e+02 3.761095046997070312e+02 2.139519596099853516e+02 3.782380199432373047e+02 2.000000000000000000e+00
4.019541358947753906e+02 3.003315782546997070e+02 4.024814796447753906e+02 3.016882038116455078e+02 4.034983539581298828e+02 3.039827299118041992e+02 2.000000000000000000e+00
4.952778053283691406e+02 3.618435430526733398e+02 4.958061790466308594e+02 3.633708286285400391e+02 4.967719841003417969e+02 3.656923913955688477e+02 2.000000000000000000e+00
4.447278785705566406e+02 3.771055984497070312e+02 4.452571773529052734e+02 3.784678459167480469e+02 4.461931800842285156e+02 3.807306575775146484e+02 2.000000000000000000e+00
5.231239128112792969e+02 3.092757296562194824e+02 5.235631752014160156e+02 3.106682467460632324e+02 5.245784950256347656e+02 3.130707406997680664e+02 2.000000000000000000e+00
8.928136825561523438e+01 4.511704874038696289e+02 8.970439910888671875e+01 4.524056482315063477e+02 9.048593521118164062e+01 4.544579887390136719e+02 2.000000000000000000e+00
8.729230880737304688e+01 5.247831344604492188e+00 8.795747756958007812e+01 6.447401046752929688e+00 8.913148880004882812e+01 8.591623306274414062e+00 2.000000000000000000e+00
5.319865798950195312e+02 3.122098731994628906e+02 5.324714469909667969e+02 3.136024546623229980e+02 5.335219192504882812e+02 3.159927105903625488e+02 2.000000000000000000e+00
3.550190734863281250e+02 3.623906278610229492e+02 3.554740309715270996e+02 3.637191867828369141e+02 3.564595341682434082e+02 3.659358930587768555e+02 2.000000000000000000e+00
4.953068351745605469e+02 2.731989169120788574e+02 4.957880973815917969e+02 2.745961010456085205e+02 4.968535232543945312e+02 2.769944179058074951e+02 2.000000000000000000e+00
3.134384155273437500e+01 4.513940906524658203e+02 3.160831451416015625e+01 4.526215982437133789e+02 3.257549285888671875e+01 4.545348072052001953e+02 2.000000000000000000e+00
5.448031044006347656e+02 3.509751963615417480e+02 5.452738761901855469e+02 3.524161434173583984e+02 5.463292312622070312e+02 3.547697210311889648e+02 2.000000000000000000e+00
1.110767173767089844e+02 3.793739748001098633e+02 1.115424919128417969e+02 3.805027198791503906e+02 1.124376106262207031e+02 3.825670480728149414e+02 2.000000000000000000e+00
3.984832763671875000e+00 2.039439082145690918e+02 4.419307708740234375e+00 2.051667451858520508e+02 5.597038269042968750e+00 2.071660459041595459e+02 2.000000000000000000e+00
1.223951148986816406e+02 3.451175308227539062e+02 1.228489112854003906e+02 3.463885831832885742e+02 1.238851928710937500e+02 3.484125423431396484e+02 2.000000000000000000e+00
5.554808998107910156e+02 6.575225830078125000e+01 5.562929725646972656e+02 6.721388339996337891e+01 5.574434280395507812e+02 6.961250782012939453e+01 2.000000000000000000e+00
4.440864276885986328e+02 1.845594441890716553e+02 4.591283607482910156e+02 1.851329791545867920e+02 4.741376972198486328e+02 1.868570387363433838e+02 1.000000000000000000e+00
1.914143085479736328e+02 3.628531265258789062e+02 1.919053363800048828e+02 3.642290353775024414e+02 1.928625965118408203e+02 3.663109874725341797e+02 2.000000000000000000e+00
3.201743774488568306e+02 3.505499053001403809e+02 3.206307067722082138e+02 3.518310570716857910e+02 3.216177979111671448e+02 3.541326642036437988e+02 2.000000000000000000e+00
3.451404118537902832e+02 3.555018997192382812e+02 3.455696415901184082e+02 3.568191289901733398e+02 3.465486145019531250e+02 3.590323519706726074e+02 2.000000000000000000e+00
4.685479450225830078e+02 3.123114681243896484e+02 4.690994262695312500e+02 3.136165809631347656e+02 4.701401996612548828e+02 3.159180951118469238e+02 2.000000000000000000e+00
3.881753540039062500e+02 2.845005834102630615e+02 3.886544179916381836e+02 2.858785414695739746e+02 3.896967458724975586e+02 2.881771588325500488e+02 2.000000000000000000e+00
1.381773757934570312e+02 4.183817481994628906e+02 1.384698486328125000e+02 4.195214080810546875e+02 1.394057464599609375e+02 4.215882110595703125e+02 2.000000000000000000e+00
3.914407348632812500e+02 1.885408008098602295e+02 4.065850257873535156e+02 1.891578054428100586e+02 4.227208232879638672e+02 1.907200884819030762e+02 1.000000000000000000e+00
3.611684560775756836e+02 3.822976827621459961e+02 3.615702533721923828e+02 3.836349534988403320e+02 3.625844717025756836e+02 3.858985662460327148e+02 2.000000000000000000e+00
5.211968421936035156e+02 3.270560073852539062e+02 5.216682815551757812e+02 3.284807753562927246e+02 5.226934242248535156e+02 3.308000850677490234e+02 2.000000000000000000e+00
4.030666828155517578e+02 1.878807199001312256e+02 4.180754089355468750e+02 1.884698760509490967e+02 4.341863155364990234e+02 1.900600111484527588e+02 1.000000000000000000e+00
2.749609661102294922e+02 3.865524101257324219e+02 2.754630422592163086e+02 3.878492259979248047e+02 2.763400554656982422e+02 3.899959516525268555e+02 2.000000000000000000e+00
1.379738044738769531e+02 3.622808647155761719e+02 1.384388542175292969e+02 3.634691905975341797e+02 1.394108009338378906e+02 3.654997014999389648e+02 2.000000000000000000e+00
4.118573665618896484e+02 3.113019132614135742e+02 4.124174213409423828e+02 3.126056885719299316e+02 4.135116004943847656e+02 3.149414992332458496e+02 2.000000000000000000e+00
5.595701408386230469e+02 3.180514883995056152e+02 5.601965904235839844e+02 3.195477962493896484e+02 5.612106323242187500e+02 3.219606971740722656e+02 2.000000000000000000e+00
5.511814689636230469e+02 8.192267417907714844e+01 5.518998527526855469e+02 8.351503372192382812e+01 5.530769157409667969e+02 8.591713428497314453e+01 2.000000000000000000e+00
4.427849102020263672e+02 3.621279001235961914e+02 4.432821941375732422e+02 3.634156322479248047e+02 4.441856670379638672e+02 3.657116460800170898e+02 2.000000000000000000e+00
5.201034545898437500e+02 2.823701512813568115e+02 5.205341911315917969e+02 2.837397480010986328e+02 5.216049194335937500e+02 2.860925638675689697e+02 2.000000000000000000e+00
4.317907428741455078e+02 3.771809434890747070e+02 4.323417663574218750e+02 3.785501432418823242e+02 4.332963848114013672e+02 3.808440971374511719e+02 2.000000000000000000e+00
4.490013790130615234e+02 3.002983403205871582e+02 4.493570232391357422e+02 3.016697144508361816e+02 4.505089092254638672e+02 3.039450073242187500e+02 2.000000000000000000e+00
1.844043731689453125e+00 4.614372110366821289e+02 1.961460113525390625e+00 4.626235198974609375e+02 2.909984588623046875e+00 4.643974685668945312e+02 2.000000000000000000e+00
2.821777343750000000e+01 2.230836170911788940e+02 2.868181228637695312e+01 2.242258447408676147e+02 2.982673645019531250e+01 2.260598596930503845e+02 2.000000000000000000e+00
3.990352773666381836e+02 3.982667970657348633e+02 3.995029306411743164e+02 3.996161556243896484e+02 4.003682231903076172e+02 4.018891668319702148e+02 2.000000000000000000e+00
3.669727468490600586e+02 3.543113493919372559e+02 3.674226093292236328e+02 3.556495428085327148e+02 3.683953237533569336e+02 3.579256939888000488e+02 2.000000000000000000e+00
1.228924942016601562e+02 4.387961196899414062e+02 1.233117485046386719e+02 4.399658346176147461e+02 1.240894317626953125e+02 4.420372438430786133e+02 2.000000000000000000e+00
3.769785165786743164e+02 1.543409872055053711e+02 3.925609445571899414e+02 1.550537967681884766e+02 4.090163898468017578e+02 1.563831710815429688e+02 1.000000000000000000e+00
4.248667621612548828e+02 3.203060960769653320e+02 4.253759765625000000e+02 3.216751742362976074e+02 4.263907814025878906e+02 3.239933180809020996e+02 2.000000000000000000e+00
5.387970542907714844e+02 3.260345506668090820e+02 5.393229484558105469e+02 3.274311590194702148e+02 5.403252601623535156e+02 3.297677993774414062e+02 2.000000000000000000e+00
4.418528747558593750e+02 2.793468940258026123e+02 4.423784160614013672e+02 2.807743871212005615e+02 4.434095764160156250e+02 2.831004667282104492e+02 2.000000000000000000e+00
5.063790893554687500e+02 2.902521371841430664e+02 5.069079399108886719e+02 2.916820693016052246e+02 5.079227638244628906e+02 2.940781581401824951e+02 2.000000000000000000e+00
4.943809509277343750e+02 2.913440287113189697e+02 4.949248313903808594e+02 2.927601349353790283e+02 4.959000205993652344e+02 2.951643097400665283e+02 2.000000000000000000e+00
2.940815734863281250e+02 3.765227794647216797e+02 2.944951176643371582e+02 3.778179645538330078e+02 2.954330754280090332e+02 3.799843883514404297e+02 2.000000000000000000e+00
3.071154177188873291e+02 2.905504488945007324e+02 3.076277160644531250e+02 2.917323017120361328e+02 3.085678398609161377e+02 2.939476668834686279e+02 2.000000000000000000e+00
1.477101135253906250e+02 3.933468961715698242e+02 1.481004333496093750e+02 3.944885873794555664e+02 1.490129852294921875e+02 3.966521930694580078e+02 2.000000000000000000e+00
4.486645793914794922e+02 3.679425144195556641e+02 4.491860389709472656e+02 3.693481492996215820e+02 4.500748348236083984e+02 3.716170692443847656e+02 2.000000000000000000e+00
4.608349037170410156e+02 3.452160429954528809e+02 4.611051940917968750e+02 3.466068792343139648e+02 4.621831417083740234e+02 3.489096093177795410e+02 2.000000000000000000e+00
3.669343900680541992e+02 4.032081699371337891e+02 3.673785734176635742e+02 4.044269800186157227e+02 3.683574247360229492e+02 4.066318416595458984e+02 2.000000000000000000e+00
4.268435955047607422e+02 3.283174180984497070e+02 4.272733783721923828e+02 3.296177387237548828e+02 4.282883644104003906e+02 3.319031453132629395e+02 2.000000000000000000e+00
5.280595779418945312e+02 2.983841264247894287e+02 5.284932899475097656e+02 2.997998392581939697e+02 5.295177078247070312e+02 3.022143602371215820e+02 2.000000000000000000e+00
4.429148292541503906e+02 3.451153278350830078e+02 4.433602046966552734e+02 3.464148902893066406e+02 4.443387126922607422e+02 3.486974859237670898e+02 2.000000000000000000e+00
4.715782833099365234e+02 2.914183080196380615e+02 4.721298503875732422e+02 2.927623021602630615e+02 4.732106304168701172e+02 2.951715731620788574e+02 2.000000000000000000e+00
2.931934356689453125e+01 3.908580350875854492e+02 2.984531402587890625e+01 3.920062351226806641e+02 3.061628341674804688e+01 3.939870357513427734e+02 2.000000000000000000e+00
1.201123619079589844e+02 3.753835201263427734e+02 1.205915832519531250e+02 3.765229511260986328e+02 1.215270805358886719e+02 3.786248874664306641e+02 2.000000000000000000e+00
1.604310607910156250e+02 4.113715267181396484e+02 1.608435916900634766e+02 4.126412773132324219e+02 1.616853427886962891e+02 4.146450233459472656e+02 2.000000000000000000e+00
4.863536643981933594e+02 3.509262156486511230e+02 4.867912864685058594e+02 3.523798298835754395e+02 4.878071022033691406e+02 3.546807932853698730e+02 2.000000000000000000e+00
1.045843124389648438e+01 4.669018650054931641e+02 1.079284667968750000e+01 4.680940675735473633e+02 1.157508850097656250e+01 4.699640607833862305e+02 2.000000000000000000e+00
4.026378631591796875e+01 1.683873653411865234e+01 4.100772857666015625e+01 1.808206558227539062e+01 4.184429168701171875e+01 2.024333953857421875e+01 2.000000000000000000e+00
3.783095121383666992e+02 3.013990831375122070e+02 3.787189054489135742e+02 3.027394151687622070e+02 3.798123502731323242e+02 3.050133419036865234e+02 2.000000000000000000e+00
4.132680416107177734e+02 3.512020897865295410e+02 4.135263729095458984e+02 3.525981473922729492e+02 4.145663452148437500e+02 3.548739695549011230e+02 2.000000000000000000e+00
4.199749469757080078e+02 2.774075639247894287e+02 4.204838562011718750e+02 2.788532137870788574e+02 4.215010356903076172e+02 2.811177098751068115e+02 2.000000000000000000e+00
3.852188110351562500e+02 3.084042692184448242e+02 3.856893014907836914e+02 3.097638273239135742e+02 3.867281484603881836e+02 3.120457792282104492e+02 2.000000000000000000e+00
5.191226768493652344e+02 3.418916058540344238e+02 5.195085525512695312e+02 3.434120249748229980e+02 5.205738639831542969e+02 3.457427716255187988e+02 2.000000000000000000e+00
5.722173690795898438e+01 3.744847726821899414e+02 5.749450683593750000e+01 3.756696224212646484e+02 5.857355117797851562e+01 3.776744413375854492e+02 2.000000000000000000e+00
4.864902114868164062e+02 3.382048702239990234e+02 4.868918418884277344e+02 3.395141029357910156e+02 4.879166603088378906e+02 3.418041157722473145e+02 2.000000000000000000e+00
3.629228544235229492e+02 3.642879724502563477e+02 3.633910846710205078e+02 3.656229972839355469e+02 3.643411588668823242e+02 3.678448534011840820e+02 2.000000000000000000e+00
3.398221969604492188e+01 3.664333820343017578e+02 3.444568634033203125e+01 3.675820684432983398e+02 3.534994125366210938e+01 3.695286369323730469e+02 2.000000000000000000e+00
1.915509319305419922e+02 3.528710103034973145e+02 1.919757175445556641e+02 3.541878104209899902e+02 1.931186485290527344e+02 3.562442994117736816e+02 2.000000000000000000e+00
3.242416381835937500e+02 2.884824228286743164e+02 3.247926941514015198e+02 2.897686171531677246e+02 3.257824403047561646e+02 2.919803202152252197e+02 2.000000000000000000e+00
3.031092226505279541e+02 2.985708940029144287e+02 3.035803520679473877e+02 2.997777736186981201e+02 3.045138239860534668e+02 3.019794988632202148e+02 2.000000000000000000e+00
1.285901641845703125e+02 3.522393536567687988e+02 1.290261268615722656e+02 3.534814810752868652e+02 1.300933647155761719e+02 3.555071139335632324e+02 2.000000000000000000e+00
3.521211242675781250e+02 3.474810862541198730e+02 3.525654911994934082e+02 3.488480257987976074e+02 3.535425114631652832e+02 3.510587239265441895e+02 2.000000000000000000e+00
1.966016387939453125e+02 3.778626537322998047e+02 1.971808910369873047e+02 3.791972780227661133e+02 1.978872776031494141e+02 3.812616634368896484e+02 2.000000000000000000e+00
5.076084136962890625e+01 1.971788156032562256e+02 5.134363174438476562e+01 1.983346545696258545e+02 5.252471923828125000e+01 2.002020835876464844e+02 2.000000000000000000e+00
1.753026390075683594e+02 3.740164518356323242e+02 1.756958007812500000e+02 3.752563476562500000e+02 1.765485095977783203e+02 3.774032020568847656e+02 2.000000000000000000e+00
4.328933429718017578e+02 3.440854239463806152e+02 4.333942604064941406e+02 3.453885841369628906e+02 4.343514442443847656e+02 3.476596426963806152e+02 2.000000000000000000e+00
3.759536743164062500e+00 1.870726454257965088e+02 4.361839294433593750e+00 1.882167041301727295e+02 5.515403747558593750e+00 1.901941823959350586e+02 2.000000000000000000e+00
3.811766052246093750e+02 2.894458043575286865e+02 3.816530466079711914e+02 2.908197355270385742e+02 3.827211332321166992e+02 2.931107211112976074e+02 2.000000000000000000e+00
1.501758003234863281e+02 3.702185153961181641e+02 1.505463600158691406e+02 3.713163185119628906e+02 1.515880012512207031e+02 3.734123325347900391e+02 2.000000000000000000e+00
3.731836557388305664e+02 3.892118024826049805e+02 3.735575580596923828e+02 3.904774618148803711e+02 3.745374441146850586e+02 3.926959276199340820e+02 2.000000000000000000e+00
2.085870933532714844e+02 3.817577934265136719e+02 2.090245819091796875e+02 3.830474996566772461e+02 2.099826812744140625e+02 3.852262973785400391e+02 2.000000000000000000e+00
4.427988338470458984e+02 3.530687284469604492e+02 4.432579040527343750e+02 3.544053125381469727e+02 4.441774940490722656e+02 3.566991305351257324e+02 2.000000000000000000e+00
3.701637887954711914e+02 3.043611145019531250e+02 3.705290222167968750e+02 3.056519794464111328e+02 3.716611957550048828e+02 3.079554462432861328e+02 2.000000000000000000e+00
2.771226787567138672e+02 3.416473460197448730e+02 2.775246858596801758e+02 3.428538894653320312e+02 2.785361337661743164e+02 3.450588726997375488e+02 2.000000000000000000e+00
2.849325871467590332e+02 3.855296945571899414e+02 2.854205918312072754e+02 3.868220329284667969e+02 2.863098454475402832e+02 3.889744377136230469e+02 2.000000000000000000e+00
9.662754058837890625e+01 4.068452882766723633e+02 9.705350875854492188e+01 4.080359315872192383e+02 9.788700103759765625e+01 4.100332689285278320e+02 2.000000000000000000e+00
1.866237640380859375e+02 3.378508043289184570e+02 1.870387554168701172e+02 3.391782259941101074e+02 1.881339359283447266e+02 3.412381339073181152e+02 2.000000000000000000e+00
4.712419795989990234e+02 1.570611691474914551e+02 4.870841026306152344e+02 1.578828835487365723e+02 5.036865806579589844e+02 1.596720099449157715e+02 1.000000000000000000e+00
2.286246776580810547e+02 3.758120155334472656e+02 2.291830539703369141e+02 3.771150827407836914e+02 2.301127719879150391e+02 3.792211961746215820e+02 2.000000000000000000e+00
1.884798049926757812e+01 2.204548358917236328e+01 1.956478118896484375e+01 2.333850860595703125e+01 2.100301742553710938e+01 2.537030696868896484e+01 2.000000000000000000e+00
4.278080749511718750e+02 3.661978483200073242e+02 4.282269287109375000e+02 3.675391244888305664e+02 4.291895771026611328e+02 3.698083877563476562e+02 2.000000000000000000e+00
5.013815689086914062e+02 1.577715539932250977e+02 5.167753410339355469e+02 1.586133527755737305e+02 5.331558227539062500e+02 1.603305459022521973e+02 1.000000000000000000e+00
5.389901733398437500e+02 2.942071866989135742e+02 5.394081497192382812e+02 2.957050502300262451e+02 5.404563713073730469e+02 2.981151473522186279e+02 2.000000000000000000e+00
2.479358053207397461e+02 3.315076017379760742e+02 2.482854318618774414e+02 3.327747273445129395e+02 2.491735696792602539e+02 3.348816275596618652e+02 2.000000000000000000e+00
4.079501342773437500e+02 3.234789133071899414e+02 4.084131813049316406e+02 3.248048758506774902e+02 4.094337463378906250e+02 3.271443843841552734e+02 2.000000000000000000e+00
1.508668708801269531e+02 3.782749986648559570e+02 1.512164115905761719e+02 3.793612146377563477e+02 1.522502326965332031e+02 3.814976835250854492e+02 2.000000000000000000e+00
2.148637771606445312e+01 4.119365358352661133e+02 2.175764083862304688e+01 4.133560895919799805e+02 2.274232864379882812e+01 4.150893688201904297e+02 2.000000000000000000e+00
3.961491727828979492e+02 2.634540116786956787e+02 3.965895414352416992e+02 2.647763693332672119e+02 3.976358938217163086e+02 2.670568853616714478e+02 2.000000000000000000e+00
2.519002199172973633e+02 3.716799402236938477e+02 2.523031759262084961e+02 3.729644536972045898e+02 2.532825469970703125e+02 3.751277160644531250e+02 2.000000000000000000e+00
5.547375488281250000e+02 3.508463788032531738e+02 5.552609252929687500e+02 3.522792077064514160e+02 5.562713050842285156e+02 3.546696209907531738e+02 2.000000000000000000e+00
4.042484760284423828e+02 3.512795162200927734e+02 4.046836566925048828e+02 3.526111221313476562e+02 4.056143474578857422e+02 3.548910570144653320e+02 2.000000000000000000e+00
4.457113933563232422e+02 3.859527397155761719e+02 4.461795711517333984e+02 3.873727512359619141e+02 4.471144104003906250e+02 3.896471929550170898e+02 2.000000000000000000e+00
4.208293819427490234e+02 3.911309909820556641e+02 4.213045406341552734e+02 3.925148391723632812e+02 4.222499752044677734e+02 3.947539186477661133e+02 2.000000000000000000e+00
9.711637496948242188e+01 3.795116043090820312e+02 9.753107070922851562e+01 3.808168745040893555e+02 9.853578567504882812e+01 3.828911447525024414e+02 2.000000000000000000e+00
2.720043039321899414e+02 3.567141509056091309e+02 2.724481821060180664e+02 3.579367446899414062e+02 2.733856487274169922e+02 3.601554965972900391e+02 2.000000000000000000e+00
1.139628982543945312e+02 3.593828201293945312e+02 1.144424819946289062e+02 3.605070018768310547e+02 1.154154968261718750e+02 3.625750780105590820e+02 2.000000000000000000e+00
1.460418701171875000e+02 3.622415542602539062e+02 1.464743423461914062e+02 3.634239292144775391e+02 1.474281311035156250e+02 3.654502630233764648e+02 2.000000000000000000e+00
3.921076965332031250e+02 3.522857093811035156e+02 3.925814199447631836e+02 3.535947346687316895e+02 3.935397052764892578e+02 3.558758926391601562e+02 2.000000000000000000e+00
5.358445549011230469e+02 1.239239215850830078e+01 5.364766883850097656e+02 1.386710643768310547e+01 5.376588249206542969e+02 1.629631519317626953e+01 2.000000000000000000e+00
3.842388916015625000e+02 3.163690495491027832e+02 3.846773386001586914e+02 3.177205252647399902e+02 3.856848764419555664e+02 3.200162100791931152e+02 2.000000000000000000e+00
3.836725473403930664e+02 1.664747142791748047e+02 3.992521381378173828e+02 1.673286366462707520e+02 4.155213642120361328e+02 1.689344429969787598e+02 1.000000000000000000e+00
5.309187698364257812e+02 3.360646748542785645e+02 5.314001464843750000e+02 3.374824547767639160e+02 5.324623489379882812e+02 3.398022794723510742e+02 2.000000000000000000e+00
4.149249267578125000e+02 3.323838543891906738e+02 4.153259944915771484e+02 3.337298011779785156e+02 4.164269161224365234e+02 3.360066890716552734e+02 2.000000000000000000e+00
1.539973640441894531e+02 3.571567726135253906e+02 1.545018959045410156e+02 3.582923984527587891e+02 1.553540229797363281e+02 3.603393030166625977e+02 2.000000000000000000e+00
4.944037437438964844e+02 1.504861092567443848e+02 5.101356315612792969e+02 1.510510683059692383e+02 5.263832473754882812e+02 1.529578971862792969e+02 1.000000000000000000e+00
3.472873854637145996e+02 3.095785546302795410e+02 3.476352238655090332e+02 3.108092093467712402e+02 3.486427307128906250e+02 3.131493258476257324e+02 2.000000000000000000e+00
3.048938596248626709e+02 2.724367082118988037e+02 3.054978632926940918e+02 2.737582719326019287e+02 3.065563654899597168e+02 2.760443758964538574e+02 2.000000000000000000e+00
3.872748136520385742e+02 2.684659141302108765e+02 3.876534748077392578e+02 2.698529684543609619e+02 3.887507963180541992e+02 2.721082484722137451e+02 2.000000000000000000e+00
3.822069406509399414e+02 3.762793636322021484e+02 3.826153278350830078e+02 3.776342868804931641e+02 3.835353994369506836e+02 3.798563289642333984e+02 2.000000000000000000e+00
1.238489532470703125e+02 4.680040454864501953e+02 1.241260910034179688e+02 4.692686319351196289e+02 1.250129127502441406e+02 4.713056802749633789e+02 2.000000000000000000e+00
3.321474301815032959e+02 2.855342423915863037e+02 3.326851201057434082e+02 2.868353891372680664e+02 3.336819159984588623e+02 2.890717506408691406e+02 2.000000000000000000e+00
8.341148376464843750e+01 2.031508469581604004e+02 8.398012161254882812e+01 2.042410111427307129e+02 8.510183334350585938e+01 2.061603534221649170e+02 2.000000000000000000e+00
6.852865219116210938e+01 1.675023078918457031e+01 6.902540206909179688e+01 1.809933185577392578e+01 7.022329330444335938e+01 2.023896217346191406e+01 2.000000000000000000e+00
6.938135147094726562e+01 3.918043899536132812e+02 6.958860397338867188e+01 3.932409811019897461e+02 7.068422317504882812e+01 3.949615001678466797e+02 2.000000000000000000e+00
4.327868652343750000e+02 2.686308306455612183e+02 4.334450435638427734e+02 2.699511426687240601e+02 4.343909358978271484e+02 2.722628796100616455e+02 2.000000000000000000e+00
2.367481231689453125e+01 3.464251184463500977e+02 2.406778335571289062e+01 3.476013207435607910e+02 2.506589889526367188e+01 3.495814847946166992e+02 2.000000000000000000e+00
5.412155151367187500e+01 3.931877517700195312e+02 5.449142456054687500e+01 3.944362306594848633e+02 5.553543090820312500e+01 3.962984991073608398e+02 2.000000000000000000e+00
2.851519775390625000e+02 3.486933946609497070e+02 2.855458974838256836e+02 3.499467515945434570e+02 2.865370774269104004e+02 3.521023893356323242e+02 2.000000000000000000e+00
8.490861892700195312e+01 3.240154480934143066e+02 8.544038772583007812e+01 3.252103614807128906e+02 8.640178680419921875e+01 3.271683669090270996e+02 2.000000000000000000e+00
1.128415298461914062e+02 4.036101722717285156e+02 1.132876968383789062e+02 4.047902870178222656e+02 1.141354370117187500e+02 4.068186378479003906e+02 2.000000000000000000e+00
3.112344968318939209e+02 3.554851412773132324e+02 3.116723936796188354e+02 3.567548561096191406e+02 3.126107788085937500e+02 3.589716553688049316e+02 2.000000000000000000e+00
2.911947631835937500e+02 2.986045861244201660e+02 2.916194152832031250e+02 2.998682570457458496e+02 2.926176762580871582e+02 3.021318054199218750e+02 2.000000000000000000e+00
4.219518184661865234e+02 2.644356089830398560e+02 4.224873065948486328e+02 2.657568365335464478e+02 4.235660076141357422e+02 2.680362564325332642e+02 2.000000000000000000e+00
1.772589874267578125e+02 3.849967718124389648e+02 1.777307224273681641e+02 3.862334060668945312e+02 1.785529613494873047e+02 3.883320379257202148e+02 2.000000000000000000e+00
2.619091796875000000e+02 3.577063035964965820e+02 2.623928833007812500e+02 3.589117169380187988e+02 2.633042573928833008e+02 3.611330652236938477e+02 2.000000000000000000e+00
4.951223373413085938e+01 1.413587093353271484e+01 5.043992996215820312e+01 1.530345439910888672e+01 5.144590377807617188e+01 1.743869304656982422e+01 2.000000000000000000e+00
3.565422987937927246e+02 1.522944259643554688e+02 3.721738576889038086e+02 1.528545928001403809e+02 3.885637807846069336e+02 1.542309236526489258e+02 1.000000000000000000e+00
3.532590341567993164e+02 2.903991115093231201e+02 3.537926650047302246e+02 2.916082799434661865e+02 3.548393559455871582e+02 2.938914513587951660e+02 2.000000000000000000e+00
3.949928283691406250e+00 3.770229864120483398e+02 4.446392059326171875e+00 3.781298589706420898e+02 5.277233123779296875e+00 3.800099802017211914e+02 2.000000000000000000e+00
2.498388814926147461e+02 3.907205629348754883e+02 2.502427530288696289e+02 3.919989109039306641e+02 2.512413454055786133e+02 3.941506147384643555e+02 2.000000000000000000e+00
4.376917743682861328e+02 3.233958792686462402e+02 4.382670593261718750e+02 3.247799706459045410e+02 4.392214679718017578e+02 3.271022415161132812e+02 2.000000000000000000e+00
4.595800495147705078e+02 3.630933237075805664e+02 4.601140117645263672e+02 3.644112253189086914e+02 4.609322547912597656e+02 3.667458200454711914e+02 2.000000000000000000e+00
5.905851364135742188e+01 3.574327182769775391e+02 5.949714660644531250e+01 3.586641025543212891e+02 6.055320739746093750e+01 3.605742216110229492e+02 2.000000000000000000e+00
3.492175292968750000e+02 2.556567692756652832e+02 3.497117304801940918e+02 2.568558669090270996e+02 3.508643507957458496e+02 2.591152971982955933e+02 2.000000000000000000e+00
2.308275318145751953e+02 3.417425251007080078e+02 2.313348865509033203e+02 3.429508423805236816e+02 2.323512744903564453e+02 3.451436233520507812e+02 2.000000000000000000e+00
1.460296821594238281e+02 3.531827116012573242e+02 1.464480400085449219e+02 3.544081163406372070e+02 1.473991012573242188e+02 3.564373540878295898e+02 2.000000000000000000e+00
2.993108820915222168e+02 3.935221338272094727e+02 2.997142934799194336e+02 3.948063468933105469e+02 3.007008659839630127e+02 3.969854879379272461e+02 2.000000000000000000e+00
5.476972579956054688e+01 2.343774716556072235e+02 5.536390304565429688e+01 2.354635772109031677e+02 5.640588760375976562e+01 2.373854215443134308e+02 2.000000000000000000e+00
3.801798105239868164e+02 3.303536725044250488e+02 3.806848764419555664e+02 3.316516184806823730e+02 3.816247272491455078e+02 3.338978004455566406e+02 2.000000000000000000e+00
5.278009605407714844e+02 2.703830587863922119e+02 5.283960533142089844e+02 2.718316376209259033e+02 5.293712806701660156e+02 2.741799330711364746e+02 2.000000000000000000e+00
1.561259078979492188e+02 2.675639355182647705e+02 1.565962791442871094e+02 2.687174087762832642e+02 1.576457023620605469e+02 2.708394491672515869e+02 2.000000000000000000e+00
9.168880462646484375e+01 3.622732973098754883e+02 9.209012985229492188e+01 3.634371471405029297e+02 9.311143875122070312e+01 3.654533100128173828e+02 2.000000000000000000e+00
5.585237503051757812e+01 3.452883982658386230e+02 5.602722167968750000e+01 3.465049481391906738e+02 5.735816955566406250e+01 3.484232854843139648e+02 2.000000000000000000e+00
1.612171745300292969e+02 3.831658744812011719e+02 1.616454124450683594e+02 3.843555021286010742e+02 1.624712657928466797e+02 3.864516305923461914e+02 2.000000000000000000e+00
9.095674514770507812e+01 2.838321876525878906e+02 9.161600112915039062e+01 2.848991417884826660e+02 9.257007598876953125e+01 2.870008885860443115e+02 2.000000000000000000e+00
5.073202514648437500e+02 2.714411330223083496e+02 5.077002906799316406e+02 2.728193664550781250e+02 5.087821769714355469e+02 2.751610743999481201e+02 2.000000000000000000e+00
3.313188779354095459e+02 3.575011968612670898e+02 3.317396545410156250e+02 3.588007879257202148e+02 3.326872253417968750e+02 3.610199975967407227e+02 2.000000000000000000e+00
2.849517822265625000e+01 2.120647716522216797e+02 2.888702392578125000e+01 2.133118432760238647e+02 3.022491455078125000e+01 2.151630699634552002e+02 2.000000000000000000e+00
5.142229080200195312e+02 3.061934208869934082e+02 5.147075843811035156e+02 3.076224374771118164e+02 5.156814002990722656e+02 3.100043034553527832e+02 2.000000000000000000e+00
1.214061927795410156e+02 3.632851982116699219e+02 1.218955230712890625e+02 3.644528245925903320e+02 1.228417205810546875e+02 3.664998865127563477e+02 2.000000000000000000e+00
3.262202149629592896e+02 3.434827923774719238e+02 3.266949158906936646e+02 3.448014307022094727e+02 3.276888430118560791e+02 3.470601224899291992e+02 2.000000000000000000e+00
3.552904129028320312e+01 3.334695482254028320e+02 3.600343704223632812e+01 3.345929002761840820e+02 3.696643829345703125e+01 3.365521931648254395e+02 2.000000000000000000e+00
4.119740009307861328e+02 4.063631916046142578e+02 4.124268817901611328e+02 4.076519250869750977e+02 4.132819557189941406e+02 4.099621009826660156e+02 2.000000000000000000e+00
8.481492996215820312e+01 3.318666744232177734e+02 8.530879974365234375e+01 3.330843257904052734e+02 8.624814987182617188e+01 3.350143790245056152e+02 2.000000000000000000e+00
5.368820762634277344e+02 3.449084830284118652e+02 5.373232460021972656e+02 3.464049768447875977e+02 5.384128379821777344e+02 3.487280917167663574e+02 2.000000000000000000e+00
4.009814453125000000e+02 3.093649649620056152e+02 4.015602397918701172e+02 3.106911635398864746e+02 4.025684261322021484e+02 3.129777288436889648e+02 2.000000000000000000e+00
3.010722351074218750e+02 3.335529541969299316e+02 3.016494441032409668e+02 3.348055458068847656e+02 3.026083672046661377e+02 3.370515489578247070e+02 2.000000000000000000e+00
1.385984611511230469e+02 4.857015609741210938e-01 1.411594200134277344e+02 3.023815155029296875e-01 1.451899719238281250e+02 3.998851776123046875e-01 2.000000000000000000e+00
3.662485361099243164e+02 3.412273621559143066e+02 3.667086172103881836e+02 3.426137781143188477e+02 3.676356506347656250e+02 3.448642015457153320e+02 2.000000000000000000e+00
3.861264944076538086e+02 3.583034420013427734e+02 3.865593862533569336e+02 3.596170735359191895e+02 3.875381469726562500e+02 3.618918800354003906e+02 2.000000000000000000e+00
2.609805917739868164e+02 3.376015949249267578e+02 2.613359975814819336e+02 3.388560819625854492e+02 2.623347473144531250e+02 3.410659861564636230e+02 2.000000000000000000e+00
4.130399799346923828e+02 3.661685228347778320e+02 4.133325195312500000e+02 3.675211286544799805e+02 4.142940425872802734e+02 3.697943830490112305e+02 2.000000000000000000e+00
3.960304260253906250e+01 3.254536485671997070e+02 4.019100189208984375e+01 3.265646409988403320e+02 4.112718582153320312e+01 3.285000014305114746e+02 2.000000000000000000e+00
7.872552871704101562e+01 3.623324632644653320e+02 7.913421630859375000e+01 3.635012340545654297e+02 8.022665023803710938e+01 3.655161237716674805e+02 2.000000000000000000e+00
4.673240661621093750e+01 1.890608346462249756e+02 4.729948043823242188e+01 1.902039170265197754e+02 4.837642669677734375e+01 1.921362876892089844e+02 2.000000000000000000e+00
5.555612182617187500e+02 3.368567848205566406e+02 5.561385536193847656e+02 3.382745432853698730e+02 5.571049880981445312e+02 3.406566238403320312e+02 2.000000000000000000e+00
3.152049559354782104e+02 3.274963760375976562e+02 3.156560364365577698e+02 3.286630582809448242e+02 3.166300353407859802e+02 3.309289598464965820e+02 2.000000000000000000e+00
2.580625915527343750e+02 2.975612211227416992e+02 2.584938955307006836e+02 2.988267230987548828e+02 2.595043611526489258e+02 3.010008287429809570e+02 2.000000000000000000e+00
4.606377315521240234e+02 2.664361578226089478e+02 4.611576557159423828e+02 2.678173846006393433e+02 4.622440814971923828e+02 2.702074599266052246e+02 2.000000000000000000e+00
2.277904796600341797e+02 3.918329572677612305e+02 2.282288169860839844e+02 3.930433702468872070e+02 2.291441345214843750e+02 3.951458501815795898e+02 2.000000000000000000e+00
5.506657218933105469e+02 3.140520358085632324e+02 5.512844848632812500e+02 3.155165719985961914e+02 5.523620033264160156e+02 3.178842830657958984e+02 2.000000000000000000e+00
3.621078205108642578e+02 3.104991817474365234e+02 3.625256967544555664e+02 3.117326688766479492e+02 3.635681772232055664e+02 3.140444970130920410e+02 2.000000000000000000e+00
5.044185256958007812e+02 3.211547255516052246e+02 5.048209953308105469e+02 3.225591444969177246e+02 5.058168029785156250e+02 3.249205684661865234e+02 2.000000000000000000e+00
3.671087026596069336e+02 2.494589692354202271e+02 3.675775480270385742e+02 2.507587283849716187e+02 3.686731576919555664e+02 2.529727792739868164e+02 2.000000000000000000e+00
1.541883659362792969e+02 2.339298091828823090e+02 1.545857810974121094e+02 2.351709133386611938e+02 1.557479667663574219e+02 2.373608091473579407e+02 2.000000000000000000e+00
1.833241271972656250e+02 3.669401979446411133e+02 1.837217426300048828e+02 3.682475280761718750e+02 1.846315097808837891e+02 3.704033517837524414e+02 2.000000000000000000e+00
2.349974060058593750e+02 3.647415590286254883e+02 2.354717826843261719e+02 3.660458135604858398e+02 2.364890289306640625e+02 3.681684637069702148e+02 2.000000000000000000e+00
2.899393296241760254e+02 2.594717109203338623e+02 2.904140615463256836e+02 2.607449358701705933e+02 2.914743351936340332e+02 2.629939287900924683e+02 2.000000000000000000e+00
2.028364181518554688e+01 2.250646197795867920e+02 2.080179214477539062e+01 2.262143701314926147e+02 2.196809768676757812e+01 2.281294396519660950e+02 2.000000000000000000e+00
2.811789536476135254e+02 3.155478858947753906e+02 2.815872502326965332e+02 3.169381785392761230e+02 2.825993943214416504e+02 3.190271043777465820e+02 2.000000000000000000e+00
3.782898855209350586e+02 3.383196187019348145e+02 3.787882089614868164e+02 3.396503949165344238e+02 3.797255563735961914e+02 3.418327045440673828e+02 2.000000000000000000e+00
1.358202552795410156e+02 2.676290899515151978e+02 1.364172554016113281e+02 2.687673658132553101e+02 1.374282264709472656e+02 2.707619047164916992e+02 2.000000000000000000e+00
5.269943237304687500e+02 3.429997301101684570e+02 5.274684524536132812e+02 3.444213581085205078e+02 5.285100746154785156e+02 3.467532706260681152e+02 2.000000000000000000e+00
5.340411949157714844e+02 3.042951393127441406e+02 5.344423866271972656e+02 3.057147860527038574e+02 5.354773521423339844e+02 3.081452035903930664e+02 2.000000000000000000e+00
4.636623287200927734e+02 2.574360054731369019e+02 4.642060279846191406e+02 2.587459427118301392e+02 4.652632808685302734e+02 2.611325991153717041e+02 2.000000000000000000e+00
5.561944007873535156e+02 8.907244205474853516e+01 5.567844200134277344e+02 9.052805900573730469e+01 5.579699134826660156e+02 9.292360782623291016e+01 2.000000000000000000e+00
8.112264633178710938e+01 4.698497200012207031e+02 8.143892288208007812e+01 4.710987710952758789e+02 8.230796813964843750e+01 4.730973386764526367e+02 2.000000000000000000e+00
4.130509376525878906e+02 2.545021373033523560e+02 4.135302734375000000e+02 2.558154308795928955e+02 4.146073627471923828e+02 2.581388247013092041e+02 2.000000000000000000e+00
4.129644775390625000e+02 2.942284262180328369e+02 4.134840679168701172e+02 2.956385529041290283e+02 4.145429992675781250e+02 2.979289591312408447e+02 2.000000000000000000e+00
3.862849760055541992e+02 2.993839752674102783e+02 3.867601919174194336e+02 3.007348394393920898e+02 3.877884531021118164e+02 3.030557870864868164e+02 2.000000000000000000e+00
1.338504028320312500e+02 2.876817047595977783e+02 1.343618965148925781e+02 2.888987767696380615e+02 1.353244018554687500e+02 2.909888041019439697e+02 2.000000000000000000e+00
2.891219472885131836e+02 3.356072402000427246e+02 2.895787644386291504e+02 3.368720483779907227e+02 2.905990910530090332e+02 3.390819454193115234e+02 2.000000000000000000e+00
3.942280578613281250e+02 3.023992323875427246e+02 3.948170471191406250e+02 3.037150025367736816e+02 3.958152484893798828e+02 3.060123324394226074e+02 2.000000000000000000e+00
3.148980098962783813e+02 2.715390944480895996e+02 3.154761046171188354e+02 2.729164445400238037e+02 3.165554198622703552e+02 2.752246427536010742e+02 2.000000000000000000e+00
4.675463581085205078e+02 3.560505437850952148e+02 4.681187438964843750e+02 3.574521517753601074e+02 4.690298175811767578e+02 3.598088765144348145e+02 2.000000000000000000e+00
5.902696609497070312e+01 2.001878035068511963e+02 5.953548431396484375e+01 2.013248884677886963e+02 6.059442520141601562e+01 2.032411015033721924e+02 2.000000000000000000e+00
3.851789569854736328e+02 3.482687401771545410e+02 3.856931781768798828e+02 3.495868921279907227e+02 3.866164875030517578e+02 3.518214797973632812e+02 2.000000000000000000e+00
1.547620201110839844e+02 3.461459112167358398e+02 1.552228546142578125e+02 3.473096036911010742e+02 1.561172485351562500e+02 3.494019198417663574e+02 2.000000000000000000e+00
3.560876464843750000e+02 3.733658552169799805e+02 3.565674448013305664e+02 3.746602821350097656e+02 3.575261545181274414e+02 3.768960571289062500e+02 2.000000000000000000e+00
2.217643260955810547e+02 3.598013091087341309e+02 2.222262287139892578e+02 3.610843563079833984e+02 2.230608081817626953e+02 3.632090520858764648e+02 2.000000000000000000e+00
9.718915939331054688e+01 3.159606385231018066e+02 9.771018981933593750e+01 3.171593356132507324e+02 9.869932174682617188e+01 3.192151808738708496e+02 2.000000000000000000e+00
2.982961106300354004e+02 3.506008386611938477e+02 2.986885976791381836e+02 3.518773555755615234e+02 2.996596670150756836e+02 3.541128587722778320e+02 2.000000000000000000e+00
9.577177047729492188e+01 3.533423852920532227e+02 9.626190185546875000e+01 3.544664096832275391e+02 9.726629257202148438e+01 3.565222263336181641e+02 2.000000000000000000e+00
5.447390747070312500e+02 3.419199872016906738e+02 5.452287673950195312e+02 3.433659696578979492e+02 5.462833213806152344e+02 3.456928467750549316e+02 2.000000000000000000e+00
4.193422603607177734e+02 1.700065112113952637e+02 4.349349975585937500e+02 1.706953382492065430e+02 4.508795166015625000e+02 1.724158143997192383e+02 1.000000000000000000e+00
4.770298004150390625e+00 1.979903697967529297e+01 5.650939941406250000e+00 2.104857444763183594e+01 6.877098083496093750e+00 2.312755107879638672e+01 2.000000000000000000e+00
8.908758163452148438e+01 3.108885526657104492e+02 8.963850021362304688e+01 3.120437335968017578e+02 9.061201095581054688e+01 3.140858817100524902e+02 2.000000000000000000e+00
5.567719078063964844e+02 2.882523822784423828e+02 5.573181724548339844e+02 2.896443808078765869e+02 5.583890342712402344e+02 2.920687580108642578e+02 2.000000000000000000e+00
5.123152542114257812e+02 2.803422582149505615e+02 5.126896476745605469e+02 2.817448461055755615e+02 5.137691688537597656e+02 2.841200280189514160e+02 2.000000000000000000e+00
