5.189293289184570312e+02 9.615985393524169922e+01 5.106973838806152344e+02 8.880240440368652344e+01 5.024592971801757812e+02 8.053896903991699219e+01 1.000000000000000000e+00
4.748560237884521484e+02 9.701313972473144531e+01 4.661578369140625000e+02 8.968736171722412109e+01 4.569403362274169922e+02 8.145435333251953125e+01 1.000000000000000000e+00
4.357840251922607422e+02 1.198526859283447266e+02 4.265418148040771484e+02 1.129910373687744141e+02 4.170767879486083984e+02 1.051851940155029297e+02 1.000000000000000000e+00
4.983859252929687500e+02 1.149137449264526367e+02 4.897051811218261719e+02 1.078074216842651367e+02 4.810749816894531250e+02 9.971272945404052734e+01 1.000000000000000000e+00
4.394785213470458984e+02 8.538771629333496094e+01 4.302032184600830078e+02 7.827203750610351562e+01 4.210373210906982422e+02 7.011260032653808594e+01 1.000000000000000000e+00
5.092449951171875000e+02 1.180089712142944336e+02 5.006608009338378906e+02 1.109698104858398438e+02 4.920088768005371094e+02 1.029429817199707031e+02 1.000000000000000000e+00
5.158940505981445312e+02 1.175629091262817383e+02 5.075216484069824219e+02 1.105419301986694336e+02 4.991888809204101562e+02 1.025902032852172852e+02 1.000000000000000000e+00
4.997510147094726562e+02 1.221658515930175781e+02 4.910915946960449219e+02 1.151082229614257812e+02 4.824238395690917969e+02 1.070893478393554688e+02 1.000000000000000000e+00
4.833662796020507812e+02 1.580924606323242188e+02 4.748204326629638672e+02 1.519928383827209473e+02 4.666845989227294922e+02 1.452618527412414551e+02 1.000000000000000000e+00
4.615979003906250000e+02 9.910288810729980469e+01 4.524487972259521484e+02 9.183576107025146484e+01 4.432591533660888672e+02 8.364460945129394531e+01 1.000000000000000000e+00
4.224488258361816406e+02 1.014513587951660156e+02 4.131746578216552734e+02 9.465917587280273438e+01 4.035675716400146484e+02 8.696113586425781250e+01 1.000000000000000000e+00
4.639021301269531250e+02 1.136349391937255859e+02 4.549380779266357422e+02 1.066146183013916016e+02 4.460547828674316406e+02 9.865616798400878906e+01 1.000000000000000000e+00
4.552650165557861328e+02 9.864526748657226562e+01 4.460235023498535156e+02 9.144018173217773438e+01 4.368505859375000000e+02 8.323548316955566406e+01 1.000000000000000000e+00
4.264955139160156250e+02 9.433160305023193359e+01 4.172588253021240234e+02 8.731856346130371094e+01 4.076978778839111328e+02 7.940590381622314453e+01 1.000000000000000000e+00
5.339759635925292969e+02 1.063050413131713867e+02 5.257864952087402344e+02 9.920366764068603516e+01 5.180422401428222656e+02 9.120579242706298828e+01 1.000000000000000000e+00
4.409319496154785156e+02 9.361138343811035156e+01 4.317759704589843750e+02 8.643420696258544922e+01 4.224323749542236328e+02 7.826654434204101562e+01 1.000000000000000000e+00
4.397290706634521484e+02 1.120894145965576172e+02 4.306213665008544922e+02 1.051181602478027344e+02 4.214414691925048828e+02 9.706812858581542969e+01 1.000000000000000000e+00
4.403689289093017578e+02 1.182689380645751953e+02 4.312150859832763672e+02 1.113417434692382812e+02 4.218595314025878906e+02 1.034256219863891602e+02 1.000000000000000000e+00
4.654144001007080078e+02 9.654039859771728516e+01 4.562463665008544922e+02 8.930065155029296875e+01 4.470533752441406250e+02 8.106728553771972656e+01 1.000000000000000000e+00
4.585159301757812500e+02 9.652818202972412109e+01 4.493587398529052734e+02 8.931727409362792969e+01 4.401471614837646484e+02 8.109127521514892578e+01 1.000000000000000000e+00
5.083659934997558594e+02 1.048900508880615234e+02 5.004474449157714844e+02 9.767399311065673828e+01 4.919336509704589844e+02 8.947086811065673828e+01 1.000000000000000000e+00
5.206450271606445312e+02 1.184056234359741211e+02 5.123430252075195312e+02 1.113893938064575195e+02 5.041268920898437500e+02 1.034338331222534180e+02 1.000000000000000000e+00
5.194455528259277344e+02 1.223338937759399414e+02 5.110380935668945312e+02 1.153447866439819336e+02 5.026444435119628906e+02 1.074002552032470703e+02 1.000000000000000000e+00
5.056649589538574219e+02 9.188620090484619141e+01 4.975575828552246094e+02 8.454812049865722656e+01 4.890525817871093750e+02 7.624374389648437500e+01 1.000000000000000000e+00
5.113712882995605469e+02 1.167132568359375000e+02 5.028642082214355469e+02 1.096740102767944336e+02 4.943857383728027344e+02 1.017094230651855469e+02 1.000000000000000000e+00
5.228273391723632812e+02 1.279593086242675781e+02 5.143980789184570312e+02 1.210360050201416016e+02 5.061049461364746094e+02 1.132131958007812500e+02 1.000000000000000000e+00
4.445408058166503906e+02 8.371981143951416016e+01 4.352995586395263672e+02 7.658942699432373047e+01 4.261529541015625000e+02 6.840594291687011719e+01 1.000000000000000000e+00
4.793521785736083984e+02 9.991268634796142578e+01 4.706405925750732422e+02 9.264205455780029297e+01 4.615400695800781250e+02 8.448381900787353516e+01 1.000000000000000000e+00
5.330730628967285156e+02 1.224598574638366699e+02 5.248760414123535156e+02 1.154595851898193359e+02 5.167368888854980469e+02 1.074841403961181641e+02 1.000000000000000000e+00
4.948867607116699219e+02 9.201686382293701172e+01 4.870685768127441406e+02 8.468150138854980469e+01 4.782300472259521484e+02 7.637602329254150391e+01 1.000000000000000000e+00
4.336036968231201172e+02 1.155995464324951172e+02 4.243449401855468750e+02 1.086874580383300781e+02 4.148697566986083984e+02 1.007661151885986328e+02 1.000000000000000000e+00
4.829766273498535156e+02 1.523989033699035645e+02 4.743632507324218750e+02 1.463321185111999512e+02 4.661210060119628906e+02 1.395386481285095215e+02 1.000000000000000000e+00
5.071406555175781250e+02 9.738286972045898438e+01 4.992174720764160156e+02 9.006405830383300781e+01 4.907551383972167969e+02 8.172659397125244141e+01 1.000000000000000000e+00
4.698151874542236328e+02 1.016851472854614258e+02 4.609653663635253906e+02 9.450543880462646484e+01 4.517930603027343750e+02 8.638711452484130859e+01 1.000000000000000000e+00
4.599785137176513672e+02 1.024324321746826172e+02 4.507850646972656250e+02 9.530665397644042969e+01 4.415574073791503906e+02 8.713704586029052734e+01 1.000000000000000000e+00
4.653965759277343750e+02 1.015993881225585938e+02 4.562165546417236328e+02 9.444575786590576172e+01 4.470105266571044922e+02 8.629109859466552734e+01 1.000000000000000000e+00
4.920796585083007812e+02 8.861965656280517578e+01 4.843275833129882812e+02 8.137304306030273438e+01 4.759623146057128906e+02 7.309733390808105469e+01 1.000000000000000000e+00
5.118996620178222656e+02 1.227174139022827148e+02 5.033806419372558594e+02 1.157260894775390625e+02 4.948038101196289062e+02 1.077764225006103516e+02 1.000000000000000000e+00
4.290553569793701172e+02 8.955729961395263672e+01 4.194948101043701172e+02 8.259381294250488281e+01 4.097231769561767578e+02 7.474943161010742188e+01 1.000000000000000000e+00
4.287675476074218750e+02 1.016207742691040039e+02 4.195604610443115234e+02 9.461049556732177734e+01 4.101461219787597656e+02 8.658944606781005859e+01 1.000000000000000000e+00
5.306820678710937500e+02 1.052711534500122070e+02 5.223637771606445312e+02 9.810557842254638672e+01 5.139476966857910156e+02 8.980439186096191406e+01 1.000000000000000000e+00
5.276557731628417969e+02 1.216901350021362305e+02 5.194022178649902344e+02 1.146947193145751953e+02 5.111455726623535156e+02 1.067342519760131836e+02 1.000000000000000000e+00
5.290295410156250000e+02 1.281399965286254883e+02 5.206340408325195312e+02 1.212139391899108887e+02 5.123900222778320312e+02 1.134248113632202148e+02 1.000000000000000000e+00
4.669429302215576172e+02 9.827726840972900391e+01 4.580664062500000000e+02 9.097357749938964844e+01 4.488115596771240234e+02 8.274989604949951172e+01 1.000000000000000000e+00
4.037502193450927734e+02 2.214098042249679565e+02 4.027213191986083984e+02 2.178085166215896606e+02 4.017685604095458984e+02 2.133724969625473022e+02 2.000000000000000000e+00
4.778411579132080078e+02 2.280805501341819763e+02 4.770248126983642578e+02 2.244502705335617065e+02 4.760459613800048828e+02 2.202353811264038086e+02 2.000000000000000000e+00
5.089212608337402344e+02 1.982855343818664551e+02 5.080805969238281250e+02 1.945800769329071045e+02 5.072381973266601562e+02 1.902780568599700928e+02 2.000000000000000000e+00
3.943063354492187500e+02 1.979399406909942627e+02 3.933493947982788086e+02 1.943959772586822510e+02 3.923265409469604492e+02 1.898049581050872803e+02 2.000000000000000000e+00
4.824774551391601562e+02 2.059266328811645508e+02 4.815629577636718750e+02 2.024219942092895508e+02 4.806486320495605469e+02 1.981065487861633301e+02 2.000000000000000000e+00
5.029171752929687500e+02 2.035423707962036133e+02 5.021007156372070312e+02 1.999252009391784668e+02 5.013390159606933594e+02 1.956714284420013428e+02 2.000000000000000000e+00
4.839970779418945312e+02 1.975449657440185547e+02 4.830816078186035156e+02 1.940386319160461426e+02 4.821929740905761719e+02 1.896665024757385254e+02 2.000000000000000000e+00
4.763034725189208984e+02 1.991385948657989502e+02 4.753859901428222656e+02 1.956742537021636963e+02 4.744800472259521484e+02 1.913356590270996094e+02 2.000000000000000000e+00
4.947775268554687500e+02 2.061033010482788086e+02 4.939690017700195312e+02 2.025042092800140381e+02 4.932594108581542969e+02 1.982574427127838135e+02 2.000000000000000000e+00
4.464236450195312500e+02 1.994206058979034424e+02 4.454692745208740234e+02 1.958445560932159424e+02 4.446618080139160156e+02 1.914530003070831299e+02 2.000000000000000000e+00
4.116525936126708984e+02 2.182253247499465942e+02 4.106072998046875000e+02 2.145459741353988647e+02 4.096256732940673828e+02 2.101135236024856567e+02 2.000000000000000000e+00
4.838671302795410156e+02 2.287316885590553284e+02 4.830911636352539062e+02 2.251829212903976440e+02 4.821473693847656250e+02 2.209666585922241211e+02 2.000000000000000000e+00
4.922638320922851562e+02 2.311725613474845886e+02 4.915235328674316406e+02 2.275175473093986511e+02 4.907425880432128906e+02 2.231874221563339233e+02 2.000000000000000000e+00
3.785963773727416992e+02 1.712759542465209961e+02 3.774371051788330078e+02 1.677346730232238770e+02 3.763250732421875000e+02 1.631505846977233887e+02 2.000000000000000000e+00
4.958230972290039062e+02 2.004286766052246094e+02 4.950025749206542969e+02 1.968237733840942383e+02 4.942105674743652344e+02 1.925550520420074463e+02 2.000000000000000000e+00
4.886409950256347656e+02 2.093231499195098877e+02 4.877253150939941406e+02 2.057336425781250000e+02 4.868165588378906250e+02 2.014542531967163086e+02 2.000000000000000000e+00
4.775641536712646484e+02 1.916124844551086426e+02 4.766678810119628906e+02 1.881946849822998047e+02 4.757180786132812500e+02 1.838465988636016846e+02 2.000000000000000000e+00
4.706893920898437500e+02 2.356481471657752991e+02 4.701639747619628906e+02 2.320446619391441345e+02 4.694881916046142578e+02 2.277673789858818054e+02 2.000000000000000000e+00
4.140989112854003906e+02 1.976837897300720215e+02 4.133114337921142578e+02 1.941589772701263428e+02 4.124453449249267578e+02 1.896510601043701172e+02 2.000000000000000000e+00
3.987652921676635742e+02 2.114811390638351440e+02 3.976761198043823242e+02 2.077180159091949463e+02 3.967644357681274414e+02 2.033193504810333252e+02 2.000000000000000000e+00
5.022689628601074219e+02 2.198936444520950317e+02 5.016261291503906250e+02 2.159718310832977295e+02 5.006495475769042969e+02 2.125010973215103149e+02 2.000000000000000000e+00
5.009346961975097656e+02 2.150748735666275024e+02 5.001427078247070312e+02 2.115117019414901733e+02 4.994263267517089844e+02 2.074102628231048584e+02 2.000000000000000000e+00
4.080564308166503906e+02 1.969711732864379883e+02 4.071186828613281250e+02 1.934330427646636963e+02 4.062518978118896484e+02 1.889198291301727295e+02 2.000000000000000000e+00
4.066717529296875000e+02 2.048219740390777588e+02 4.057019710540771484e+02 2.013336145877838135e+02 4.047705745697021484e+02 1.968369734287261963e+02 2.000000000000000000e+00
3.969534635543823242e+02 2.146066886186599731e+02 3.957958698272705078e+02 2.107553386688232422e+02 3.950145578384399414e+02 2.064856839179992676e+02 2.000000000000000000e+00
4.972781372070312500e+02 2.241988974809646606e+02 4.965001487731933594e+02 2.206692945957183838e+02 4.957752990722656250e+02 2.165070945024490356e+02 2.000000000000000000e+00
4.932689857482910156e+02 1.976523864269256592e+02 4.923837280273437500e+02 1.940606832504272461e+02 4.915418815612792969e+02 1.897079443931579590e+02 2.000000000000000000e+00
4.901881217956542969e+02 1.990303337574005127e+02 4.893314170837402344e+02 1.954268932342529297e+02 4.883338928222656250e+02 1.910847437381744385e+02 2.000000000000000000e+00
4.965047645568847656e+02 2.214267271757125854e+02 4.957180595397949219e+02 2.179011225700378418e+02 4.950108337402343750e+02 2.137758010625839233e+02 2.000000000000000000e+00
4.416477108001708984e+02 1.996794569492340088e+02 4.406828594207763672e+02 1.961630380153656006e+02 4.397185039520263672e+02 1.917433762550354004e+02 2.000000000000000000e+00
4.046810054779052734e+02 1.945390748977661133e+02 4.037586116790771484e+02 1.909943962097167969e+02 4.027797222137451172e+02 1.864844191074371338e+02 2.000000000000000000e+00
