2.755625009536743164e+02 1.549471879005432129e+02 2.806437063217163086e+02 1.563710618019104004e+02 2.859483027458190918e+02 1.560569715499877930e+02 1.000000000000000000e+00
3.857107877731323242e+02 3.732680797576904297e+02 3.815589284896850586e+02 3.750704097747802734e+02 3.768812561035156250e+02 3.753395462036132812e+02 2.000000000000000000e+00
1.026630210876464844e+02 4.126720905303955078e+02 9.834848403930664062e+01 4.148203897476196289e+02 9.348810195922851562e+01 4.152293157577514648e+02 2.000000000000000000e+00
9.220422744750976562e+01 2.089887821674346924e+02 8.772428512573242188e+01 2.110721880197525024e+02 8.292823791503906250e+01 2.112675619125366211e+02 2.000000000000000000e+00
9.600999832153320312e+01 1.769074487686157227e+02 9.147695541381835938e+01 1.789328098297119141e+02 8.666179656982421875e+01 1.791779136657714844e+02 2.000000000000000000e+00
5.016666030883789062e+02 3.332169270515441895e+02 4.974372863769531250e+02 3.350299715995788574e+02 4.926741981506347656e+02 3.352380394935607910e+02 2.000000000000000000e+00
2.043350028991699219e+02 1.587286663055419922e+02 2.080050468444824219e+02 1.601937818527221680e+02 2.117420005798339844e+02 1.598698568344116211e+02 1.000000000000000000e+00
1.710138416290283203e+02 4.075260972976684570e+02 1.666396427154541016e+02 4.097134780883789062e+02 1.618875980377197266e+02 4.099219465255737305e+02 2.000000000000000000e+00
9.970521926879882812e+01 4.258100366592407227e+02 9.533899307250976562e+01 4.280072450637817383e+02 9.047731399536132812e+01 4.282995414733886719e+02 2.000000000000000000e+00
1.588289070129394531e+02 2.112249130010604858e+02 1.544780921936035156e+02 2.133210289478302002e+02 1.496429824829101562e+02 2.134644913673400879e+02 2.000000000000000000e+00
9.557559967041015625e+01 4.588708591461181641e+02 9.126667022705078125e+01 4.611660289764404297e+02 8.645683288574218750e+01 4.614139509201049805e+02 2.000000000000000000e+00
5.339931488037109375e+01 4.297059488296508789e+02 4.897840499877929688e+01 4.319170331954956055e+02 4.399040222167968750e+01 4.323082065582275391e+02 2.000000000000000000e+00
2.927227783203125000e+02 3.833243465423583984e+02 2.885721421241760254e+02 3.852409458160400391e+02 2.838680720329284668e+02 3.854543495178222656e+02 2.000000000000000000e+00
8.343187332153320312e+01 4.338409280776977539e+02 7.904893875122070312e+01 4.361294317245483398e+02 7.418371200561523438e+01 4.364050340652465820e+02 2.000000000000000000e+00
5.839006423950195312e+01 4.197121953964233398e+02 5.401565551757812500e+01 4.219463968276977539e+02 4.907632827758789062e+01 4.222502231597900391e+02 2.000000000000000000e+00
1.308086585998535156e+02 4.345832633972167969e+02 1.265423011779785156e+02 4.367669820785522461e+02 1.216431617736816406e+02 4.370657157897949219e+02 2.000000000000000000e+00
1.643873882293701172e+02 2.581365662813186646e+02 1.600010681152343750e+02 2.601664137840270996e+02 1.551461982727050781e+02 2.603915423154830933e+02 2.000000000000000000e+00
1.488257980346679688e+02 4.407249212265014648e+02 1.445525550842285156e+02 4.429381799697875977e+02 1.397238349914550781e+02 4.432623767852783203e+02 2.000000000000000000e+00
1.075066184997558594e+02 4.618457508087158203e+02 1.032052230834960938e+02 4.640896654129028320e+02 9.833917617797851562e+01 4.644234752655029297e+02 2.000000000000000000e+00
5.095944213867187500e+02 3.752223300933837891e+02 5.053364944458007812e+02 3.769494724273681641e+02 5.006097221374511719e+02 3.771232366561889648e+02 2.000000000000000000e+00
9.559495925903320312e+01 4.037025547027587891e+02 9.129938125610351562e+01 4.059003639221191406e+02 8.644102096557617188e+01 4.062331295013427734e+02 2.000000000000000000e+00
7.925285339355468750e+01 4.418293905258178711e+02 7.486406326293945312e+01 4.441150331497192383e+02 6.988271713256835938e+01 4.444248819351196289e+02 2.000000000000000000e+00
1.986183738708496094e+02 1.911956441402435303e+02 2.023517417907714844e+02 1.927586960792541504e+02 2.055418491363525391e+02 1.924757981300354004e+02 1.000000000000000000e+00
1.126603317260742188e+02 4.017015838623046875e+02 1.083609962463378906e+02 4.039124822616577148e+02 1.034615898132324219e+02 4.041748380661010742e+02 2.000000000000000000e+00
6.627811431884765625e+01 4.318029642105102539e+02 6.193861007690429688e+01 4.340996789932250977e+02 5.699621200561523438e+01 4.343841648101806641e+02 2.000000000000000000e+00
1.524678802490234375e+02 2.600890821218490601e+02 1.480301094055175781e+02 2.621425795555114746e+02 1.433208656311035156e+02 2.623597115278244019e+02 2.000000000000000000e+00
1.633615684509277344e+02 2.430745545029640198e+02 1.589451026916503906e+02 2.449506229162216187e+02 1.541813087463378906e+02 2.452950136363506317e+02 2.000000000000000000e+00
1.538963127136230469e+02 4.047112512588500977e+02 1.495129966735839844e+02 4.067952346801757812e+02 1.447348022460937500e+02 4.071329784393310547e+02 2.000000000000000000e+00
1.237962150573730469e+02 4.749836826324462891e+02 1.194775009155273438e+02 4.772318172454833984e+02 1.146161270141601562e+02 4.775330686569213867e+02 2.000000000000000000e+00
3.026701354980468750e+02 3.862938880920410156e+02 2.985331106185913086e+02 3.882017898559570312e+02 2.937920212745666504e+02 3.884196281433105469e+02 2.000000000000000000e+00
1.831785583496093750e+02 1.583924245834350586e+02 1.864683818817138672e+02 1.598904848098754883e+02 1.897251892089843750e+02 1.596415543556213379e+02 1.000000000000000000e+00
8.377696990966796875e+01 1.779038357734680176e+02 7.880458831787109375e+01 1.800262427330017090e+02 7.420833587646484375e+01 1.802223157882690430e+02 2.000000000000000000e+00
1.268230247497558594e+02 4.125822257995605469e+02 1.224415779113769531e+02 4.147251033782958984e+02 1.176356887817382812e+02 4.150270843505859375e+02 2.000000000000000000e+00
1.176267433166503906e+02 4.438060426712036133e+02 1.133058547973632812e+02 4.459917640686035156e+02 1.084435653686523438e+02 4.463382339477539062e+02 2.000000000000000000e+00
4.836203384399414062e+02 3.652158594131469727e+02 4.794213581085205078e+02 3.669667053222656250e+02 4.747099590301513672e+02 3.671696233749389648e+02 2.000000000000000000e+00
6.016740798950195312e+01 4.449681758880615234e+02 5.578994750976562500e+01 4.472214174270629883e+02 5.083896636962890625e+01 4.475548839569091797e+02 2.000000000000000000e+00
1.187185668945312500e+02 4.155844831466674805e+02 1.143044853210449219e+02 4.177202796936035156e+02 1.095383262634277344e+02 4.180971193313598633e+02 2.000000000000000000e+00
4.806751823425292969e+02 2.464757542312145233e+02 4.763761043548583984e+02 2.479631048440933228e+02 4.716184997558593750e+02 2.482821661233901978e+02 2.000000000000000000e+00
7.220420837402343750e+01 4.469193792343139648e+02 6.777091979980468750e+01 4.491517496109008789e+02 6.285287857055664062e+01 4.495546102523803711e+02 2.000000000000000000e+00
9.043436050415039062e+01 4.377519607543945312e+02 8.609037399291992188e+01 4.400355577468872070e+02 8.119367599487304688e+01 4.403444623947143555e+02 2.000000000000000000e+00
1.004654121398925781e+02 4.497764110565185547e+02 9.613805770874023438e+01 4.520612239837646484e+02 9.132772445678710938e+01 4.523397016525268555e+02 2.000000000000000000e+00
4.896818542480468750e+02 2.464922028779983521e+02 4.854434585571289062e+02 2.479641884565353394e+02 4.806621170043945312e+02 2.482844093441963196e+02 2.000000000000000000e+00
6.616107940673828125e+01 4.569986057281494141e+02 6.165800094604492188e+01 4.592580986022949219e+02 5.673322677612304688e+01 4.596482992172241211e+02 2.000000000000000000e+00
5.722961425781250000e+02 6.318222999572753906e+01 5.676293945312500000e+02 6.491402149200439453e+01 5.627469444274902344e+02 6.529918670654296875e+01 2.000000000000000000e+00
9.059484481811523438e+01 4.258668279647827148e+02 8.620212554931640625e+01 4.281603240966796875e+02 8.134485244750976562e+01 4.283855438232421875e+02 2.000000000000000000e+00
8.859285354614257812e+01 4.097650480270385742e+02 8.432748794555664062e+01 4.119635438919067383e+02 7.939302444458007812e+01 4.122756099700927734e+02 2.000000000000000000e+00
4.886951065063476562e+02 2.293797755241394043e+02 4.843850517272949219e+02 2.310746759176254272e+02 4.796587848663330078e+02 2.314396360516548157e+02 2.000000000000000000e+00
1.850621509552001953e+02 4.115312576293945312e+02 1.807568073272705078e+02 4.137321853637695312e+02 1.760085582733154297e+02 4.139272212982177734e+02 2.000000000000000000e+00
4.846275901794433594e+02 3.373533368110656738e+02 4.802907371520996094e+02 3.390382719039916992e+02 4.755368041992187500e+02 3.392105770111083984e+02 2.000000000000000000e+00
5.115804481506347656e+02 3.392287659645080566e+02 5.074137687683105469e+02 3.409808993339538574e+02 5.026190757751464844e+02 3.412204313278198242e+02 2.000000000000000000e+00
3.608468627929687500e+02 3.662291336059570312e+02 3.565484023094177246e+02 3.680813026428222656e+02 3.518364572525024414e+02 3.682885265350341797e+02 2.000000000000000000e+00
1.408721160888671875e+02 4.647833347320556641e+02 1.365459442138671875e+02 4.670361757278442383e+02 1.316676139831542969e+02 4.672955131530761719e+02 2.000000000000000000e+00
1.751508045196533203e+02 4.216138458251953125e+02 1.707364177703857422e+02 4.236390209197998047e+02 1.660509300231933594e+02 4.240090084075927734e+02 2.000000000000000000e+00
1.490118598937988281e+02 4.687519025802612305e+02 1.446000099182128906e+02 4.710130119323730469e+02 1.397587585449218750e+02 4.713038778305053711e+02 2.000000000000000000e+00
1.066873550415039062e+02 4.216071224212646484e+02 1.022518348693847656e+02 4.237806844711303711e+02 9.749347686767578125e+01 4.241853761672973633e+02 2.000000000000000000e+00
4.706793212890625000e+02 3.582251358032226562e+02 4.664463233947753906e+02 3.599530720710754395e+02 4.617638874053955078e+02 3.601536369323730469e+02 2.000000000000000000e+00
1.418080329895019531e+02 4.156328487396240234e+02 1.374695777893066406e+02 4.177615499496459961e+02 1.326396751403808594e+02 4.180751752853393555e+02 2.000000000000000000e+00
5.096710205078125000e+02 2.903120148181915283e+02 5.053955650329589844e+02 2.919781208038330078e+02 5.006393241882324219e+02 2.922029435634613037e+02 2.000000000000000000e+00
5.037284660339355469e+02 3.132574796676635742e+02 4.994616699218750000e+02 3.149715900421142578e+02 4.947339439392089844e+02 3.151510691642761230e+02 2.000000000000000000e+00
4.136943340301513672e+02 3.942102670669555664e+02 4.095136165618896484e+02 3.959384536743164062e+02 4.047666931152343750e+02 3.962014532089233398e+02 2.000000000000000000e+00
3.270726931095123291e+02 1.761152029037475586e+02 3.326549685001373291e+02 1.774846458435058594e+02 3.387273561954498291e+02 1.772979426383972168e+02 1.000000000000000000e+00
3.407290649414062500e+02 3.614291381835937500e+02 3.364643859863281250e+02 3.632472038269042969e+02 3.317351996898651123e+02 3.634642982482910156e+02 2.000000000000000000e+00
2.491756725311279297e+02 1.917814135551452637e+02 2.539847230911254883e+02 1.933075833320617676e+02 2.584770202636718750e+02 1.931107914447784424e+02 1.000000000000000000e+00
4.766356563568115234e+02 3.892339897155761719e+02 4.723837947845458984e+02 3.909744358062744141e+02 4.676711177825927734e+02 3.912045049667358398e+02 2.000000000000000000e+00
1.377498435974121094e+02 4.086206817626953125e+02 1.334551811218261719e+02 4.107607555389404297e+02 1.285846138000488281e+02 4.110537242889404297e+02 2.000000000000000000e+00
1.539935874938964844e+02 4.526890611648559570e+02 1.497256851196289062e+02 4.549171829223632812e+02 1.448736572265625000e+02 4.551951169967651367e+02 2.000000000000000000e+00
1.598507118225097656e+02 1.716536808013916016e+02 1.624672508239746094e+02 1.732346892356872559e+02 1.650034427642822266e+02 1.729283881187438965e+02 1.000000000000000000e+00
1.781775951385498047e+02 4.324864339828491211e+02 1.737863159179687500e+02 4.345592451095581055e+02 1.691088962554931641e+02 4.348884630203247070e+02 2.000000000000000000e+00
1.257156753540039062e+02 4.458047962188720703e+02 1.214439964294433594e+02 4.479658985137939453e+02 1.165695762634277344e+02 4.483140707015991211e+02 2.000000000000000000e+00
2.333084964752197266e+02 1.966260194778442383e+02 2.373116111755371094e+02 1.982935774326324463e+02 2.412830638885498047e+02 1.981847834587097168e+02 1.000000000000000000e+00
4.746380901336669922e+02 3.512583947181701660e+02 4.704382038116455078e+02 3.529686641693115234e+02 4.657624530792236328e+02 3.531469774246215820e+02 2.000000000000000000e+00
1.648605442047119141e+02 4.436138677597045898e+02 1.606208801269531250e+02 4.457832384109497070e+02 1.558155250549316406e+02 4.461531114578247070e+02 2.000000000000000000e+00
1.708968067169189453e+02 4.598112630844116211e+02 1.666128540039062500e+02 4.619658279418945312e+02 1.617991638183593750e+02 4.622320032119750977e+02 2.000000000000000000e+00
4.796358013153076172e+02 2.293983757495880127e+02 4.753390502929687500e+02 2.310734251141548157e+02 4.706120014190673828e+02 2.314623713493347168e+02 2.000000000000000000e+00
1.262038803100585938e+02 2.030603456497192383e+02 1.217196273803710938e+02 2.051029801368713379e+02 1.168829917907714844e+02 2.053306245803833008e+02 2.000000000000000000e+00
3.537174987792968750e+02 3.812587594985961914e+02 3.495788264274597168e+02 3.830792856216430664e+02 3.448063349723815918e+02 3.833130311965942383e+02 2.000000000000000000e+00
5.782744789123535156e+02 3.551594924926757812e+02 5.740530967712402344e+02 3.568030786514282227e+02 5.693129348754882812e+02 3.569853258132934570e+02 2.000000000000000000e+00
1.085208320617675781e+02 4.537991809844970703e+02 1.042024803161621094e+02 4.560412645339965820e+02 9.936286926269531250e+01 4.563977766036987305e+02 2.000000000000000000e+00
5.244468498229980469e+02 3.592614483833312988e+02 5.202285766601562500e+02 3.608620405197143555e+02 5.155496215820312500e+02 3.611064577102661133e+02 2.000000000000000000e+00
8.156719207763671875e+01 4.248929786682128906e+02 7.720325469970703125e+01 4.272273302078247070e+02 7.226913452148437500e+01 4.274198055267333984e+02 2.000000000000000000e+00
1.930454540252685547e+02 4.686479330062866211e+02 1.888000297546386719e+02 4.707618570327758789e+02 1.839603710174560547e+02 4.710232686996459961e+02 2.000000000000000000e+00
6.937700271606445312e+01 4.036706686019897461e+02 6.505437850952148438e+01 4.058501958847045898e+02 6.001838684082031250e+01 4.062531852722167969e+02 2.000000000000000000e+00
1.195726203918457031e+02 4.557128763198852539e+02 1.152808570861816406e+02 4.579627561569213867e+02 1.104022026062011719e+02 4.583077812194824219e+02 2.000000000000000000e+00
1.661126518249511719e+02 4.165401363372802734e+02 1.617136383056640625e+02 4.186589384078979492e+02 1.569635009765625000e+02 4.189223098754882812e+02 2.000000000000000000e+00
3.966864919662475586e+02 3.791890954971313477e+02 3.925375366210937500e+02 3.810567998886108398e+02 3.878159475326538086e+02 3.813061237335205078e+02 2.000000000000000000e+00
1.790526390075683594e+02 4.607405233383178711e+02 1.747759532928466797e+02 4.629338550567626953e+02 1.698853015899658203e+02 4.630930852890014648e+02 2.000000000000000000e+00
1.004033470153808594e+02 4.396967267990112305e+02 9.602586746215820312e+01 4.419455051422119141e+02 9.121892929077148438e+01 4.422794866561889648e+02 2.000000000000000000e+00
8.955579757690429688e+01 4.649628067016601562e+02 8.523744583129882812e+01 4.672724676132202148e+02 8.042243957519531250e+01 4.675340366363525391e+02 2.000000000000000000e+00
5.752849197387695312e+02 3.661410570144653320e+02 5.710588455200195312e+02 3.677963304519653320e+02 5.663311195373535156e+02 3.679520273208618164e+02 2.000000000000000000e+00
5.355136680603027344e+02 3.212330961227416992e+02 5.313449668884277344e+02 3.229626488685607910e+02 5.265685462951660156e+02 3.231931829452514648e+02 2.000000000000000000e+00
1.268575859069824219e+02 4.035845661163330078e+02 1.224821472167968750e+02 4.057673120498657227e+02 1.176567840576171875e+02 4.060436153411865234e+02 2.000000000000000000e+00
1.639588260650634766e+02 3.956150007247924805e+02 1.596498680114746094e+02 3.976823186874389648e+02 1.548755836486816406e+02 3.979791355133056641e+02 2.000000000000000000e+00
1.514065361022949219e+02 2.440906678140163422e+02 1.469712448120117188e+02 2.460187840461730957e+02 1.422579193115234375e+02 2.463197176158428192e+02 2.000000000000000000e+00
2.826421189308166504e+02 3.853512954711914062e+02 2.785257863998413086e+02 3.873730516433715820e+02 2.738045358657836914e+02 3.875374174118041992e+02 2.000000000000000000e+00
5.504127311706542969e+02 3.590802669525146484e+02 5.461668205261230469e+02 3.607050848007202148e+02 5.414215660095214844e+02 3.608984756469726562e+02 2.000000000000000000e+00
3.137517088651657104e+02 3.742830848693847656e+02 3.095287168025970459e+02 3.761755371093750000e+02 3.047929990291595459e+02 3.763958215713500977e+02 2.000000000000000000e+00
5.293781852722167969e+02 3.472359681129455566e+02 5.252261924743652344e+02 3.489108610153198242e+02 5.204947471618652344e+02 3.491290926933288574e+02 2.000000000000000000e+00
3.808430480957031250e+02 3.912985324859619141e+02 3.766588735580444336e+02 3.930388498306274414e+02 3.720321035385131836e+02 3.933653068542480469e+02 2.000000000000000000e+00
5.583888626098632812e+02 3.631029081344604492e+02 5.541222572326660156e+02 3.647439050674438477e+02 5.493822097778320312e+02 3.649439764022827148e+02 2.000000000000000000e+00
5.385105705261230469e+02 3.312145113945007324e+02 5.343218421936035156e+02 3.329671669006347656e+02 5.295793533325195312e+02 3.331972432136535645e+02 2.000000000000000000e+00
5.174732780456542969e+02 3.462438440322875977e+02 5.133782386779785156e+02 3.479564881324768066e+02 5.085959243774414062e+02 3.482070708274841309e+02 2.000000000000000000e+00
2.042364978790283203e+02 4.034882354736328125e+02 1.999864768981933594e+02 4.055353546142578125e+02 1.951138401031494141e+02 4.057933473587036133e+02 2.000000000000000000e+00
1.539539718627929688e+02 4.607187366485595703e+02 1.496708488464355469e+02 4.629113531112670898e+02 1.448450088500976562e+02 4.632515001296997070e+02 2.000000000000000000e+00
1.387981986999511719e+02 4.245323610305786133e+02 1.345129776000976562e+02 4.266620206832885742e+02 1.296416664123535156e+02 4.269808101654052734e+02 2.000000000000000000e+00
4.107834815979003906e+02 2.982078874111175537e+02 4.066150188446044922e+02 2.999326801300048828e+02 4.018769264221191406e+02 3.002162504196166992e+02 2.000000000000000000e+00
5.445044517517089844e+02 3.391829609870910645e+02 5.402766799926757812e+02 3.409557223320007324e+02 5.355448722839355469e+02 3.411955904960632324e+02 2.000000000000000000e+00
3.758172607421875000e+02 3.702932167053222656e+02 3.716493225097656250e+02 3.720979928970336914e+02 3.669641733169555664e+02 3.723404359817504883e+02 2.000000000000000000e+00
5.956458854675292969e+02 1.936005592346191406e+01 5.909430503845214844e+02 2.123532772064208984e+01 5.861258506774902344e+02 2.154905319213867188e+01 2.000000000000000000e+00
1.326520156860351562e+02 4.576640367507934570e+02 1.284680747985839844e+02 4.599497795104980469e+02 1.235464477539062500e+02 4.601916074752807617e+02 2.000000000000000000e+00
2.603278779983520508e+02 1.863576936721801758e+02 2.652513122558593750e+02 1.877386128902435303e+02 2.700559377670288086e+02 1.875085723400115967e+02 1.000000000000000000e+00
5.374375724792480469e+02 2.863222074508666992e+02 5.331997108459472656e+02 2.880936312675476074e+02 5.284277915954589844e+02 2.882747519016265869e+02 2.000000000000000000e+00
3.648173522949218750e+02 3.732104301452636719e+02 3.605683612823486328e+02 3.750591802597045898e+02 3.558712458610534668e+02 3.752784490585327148e+02 2.000000000000000000e+00
2.030984592437744141e+02 4.205357694625854492e+02 1.987727832794189453e+02 4.224286222457885742e+02 1.940015506744384766e+02 4.227696990966796875e+02 2.000000000000000000e+00
4.617503070831298828e+02 2.673041707277297974e+02 4.575251483917236328e+02 2.690869152545928955e+02 4.527744770050048828e+02 2.692686474323272705e+02 2.000000000000000000e+00
5.364423179626464844e+02 3.621515893936157227e+02 5.321990394592285156e+02 3.638051891326904297e+02 5.275106239318847656e+02 3.640215253829956055e+02 2.000000000000000000e+00
4.687068176269531250e+02 3.032036161422729492e+02 4.644952392578125000e+02 3.049796175956726074e+02 4.597783851623535156e+02 3.051643681526184082e+02 2.000000000000000000e+00
2.904223012924194336e+02 1.561862111091613770e+02 2.957329106330871582e+02 1.575384807586669922e+02 3.010014033317565918e+02 1.571753954887390137e+02 1.000000000000000000e+00
2.048929119110107422e+02 1.940031409263610840e+02 2.076068687438964844e+02 1.952375149726867676e+02 2.112860202789306641e+02 1.950975179672241211e+02 1.000000000000000000e+00
1.763992881774902344e+02 1.773322391510009766e+02 1.798744297027587891e+02 1.788318586349487305e+02 1.832617282867431641e+02 1.785544824600219727e+02 1.000000000000000000e+00
5.504116249084472656e+02 3.470891189575195312e+02 5.461646842956542969e+02 3.487640118598937988e+02 5.414655113220214844e+02 3.490074849128723145e+02 2.000000000000000000e+00
3.337337958812713623e+02 3.674298477172851562e+02 3.294710695743560791e+02 3.692947769165039062e+02 3.247428894042968750e+02 3.694960641860961914e+02 2.000000000000000000e+00
3.937048673629760742e+02 3.872087430953979492e+02 3.895677518844604492e+02 3.890076398849487305e+02 3.848551034927368164e+02 3.892767763137817383e+02 2.000000000000000000e+00
5.185780715942382812e+02 3.722381687164306641e+02 5.143749427795410156e+02 3.739147710800170898e+02 5.096887016296386719e+02 3.740996217727661133e+02 2.000000000000000000e+00
1.216650199890136719e+02 4.657275152206420898e+02 1.173564529418945312e+02 4.680184793472290039e+02 1.124825668334960938e+02 4.683014917373657227e+02 2.000000000000000000e+00
3.136766356229782104e+02 3.882003307342529297e+02 3.095290529727935791e+02 3.901134109497070312e+02 3.047608637809753418e+02 3.903590440750122070e+02 2.000000000000000000e+00
4.515294551849365234e+02 3.682069444656372070e+02 4.474454021453857422e+02 3.700334787368774414e+02 4.427235412597656250e+02 3.702339792251586914e+02 2.000000000000000000e+00
5.444173812866210938e+01 4.076473760604858398e+02 5.005472183227539062e+01 4.098952960968017578e+02 4.513729095458984375e+01 4.102520227432250977e+02 2.000000000000000000e+00
1.821517658233642578e+02 3.925290012359619141e+02 1.778182315826416016e+02 3.945246934890747070e+02 1.731404399871826172e+02 3.948903608322143555e+02 2.000000000000000000e+00
3.267483824491500854e+02 3.802868413925170898e+02 3.226033020019531250e+02 3.821496677398681641e+02 3.178373718261718750e+02 3.823363065719604492e+02 2.000000000000000000e+00
4.466559123992919922e+02 3.902904796600341797e+02 4.424600887298583984e+02 3.920187091827392578e+02 4.377303218841552734e+02 3.922575187683105469e+02 2.000000000000000000e+00
5.833085441589355469e+02 6.326109409332275391e+01 5.786349487304687500e+02 6.501538753509521484e+01 5.737726402282714844e+02 6.535622119903564453e+01 2.000000000000000000e+00
1.880050373077392578e+02 4.386707496643066406e+02 1.837074565887451172e+02 4.407441186904907227e+02 1.790021800994873047e+02 4.410037708282470703e+02 2.000000000000000000e+00
2.897113347053527832e+02 3.923989391326904297e+02 2.855138230323791504e+02 3.943487977981567383e+02 2.807970571517944336e+02 3.945694684982299805e+02 2.000000000000000000e+00
5.395524406433105469e+02 3.092220783233642578e+02 5.352658653259277344e+02 3.109321904182434082e+02 5.304913330078125000e+02 3.111536622047424316e+02 2.000000000000000000e+00
6.797601699829101562e+01 1.959140288829803467e+02 6.346935272216796875e+01 1.979753100872039795e+02 5.858692169189453125e+01 1.982182896137237549e+02 2.000000000000000000e+00
4.566332721710205078e+02 3.981974887847900391e+02 4.524650287628173828e+02 3.999747991561889648e+02 4.476926612854003906e+02 4.001976442337036133e+02 2.000000000000000000e+00
3.698988056182861328e+02 3.822878551483154297e+02 3.656699228286743164e+02 3.841401815414428711e+02 3.610192584991455078e+02 3.843833684921264648e+02 2.000000000000000000e+00
5.753475952148437500e+02 7.615153312683105469e+01 5.706979370117187500e+02 7.794738292694091797e+01 5.657830810546875000e+02 7.831116199493408203e+01 2.000000000000000000e+00
6.001978874206542969e+02 3.661873483657836914e+02 5.959358596801757812e+02 3.677831554412841797e+02 5.912062454223632812e+02 3.679784345626831055e+02 2.000000000000000000e+00
1.689883995056152344e+02 3.855062055587768555e+02 1.646946716308593750e+02 3.875274181365966797e+02 1.598992538452148438e+02 3.878606700897216797e+02 2.000000000000000000e+00
5.683397293090820312e+02 3.590607690811157227e+02 5.640946006774902344e+02 3.607667255401611328e+02 5.593345451354980469e+02 3.609390592575073242e+02 2.000000000000000000e+00
5.235184288024902344e+02 2.843727743625640869e+02 5.192905998229980469e+02 2.860748934745788574e+02 5.145490074157714844e+02 2.863392984867095947e+02 2.000000000000000000e+00
1.869686889648437500e+02 4.627304792404174805e+02 1.827847003936767578e+02 4.649183464050292969e+02 1.778960514068603516e+02 4.650793504714965820e+02 2.000000000000000000e+00
1.942400074005126953e+02 3.863625240325927734e+02 1.899286365509033203e+02 3.883522367477416992e+02 1.851413059234619141e+02 3.886297702789306641e+02 2.000000000000000000e+00
4.885492897033691406e+02 2.171721947193145752e+02 4.842329216003417969e+02 2.188487845659255981e+02 4.795534992218017578e+02 2.191519457101821899e+02 2.000000000000000000e+00
1.829243946075439453e+02 4.717039060592651367e+02 1.787507915496826172e+02 4.738448238372802734e+02 1.738405609130859375e+02 4.740982818603515625e+02 2.000000000000000000e+00
8.262216567993164062e+01 4.158809566497802734e+02 7.825086593627929688e+01 4.181475305557250977e+02 7.334869384765625000e+01 4.183610916137695312e+02 2.000000000000000000e+00
4.517543983459472656e+02 4.122720766067504883e+02 4.476296424865722656e+02 4.139931106567382812e+02 4.428282833099365234e+02 4.142573404312133789e+02 2.000000000000000000e+00
1.619617557525634766e+02 4.275548744201660156e+02 1.576648902893066406e+02 4.296256542205810547e+02 1.528213691711425781e+02 4.299074220657348633e+02 2.000000000000000000e+00
5.026071166992187500e+02 3.891302204132080078e+02 4.984848594665527344e+02 3.908468055725097656e+02 4.937590599060058594e+02 3.910446596145629883e+02 2.000000000000000000e+00
4.527791786193847656e+02 2.623730170726776123e+02 4.485746479034423828e+02 2.641328752040863037e+02 4.438623714447021484e+02 2.643313300609588623e+02 2.000000000000000000e+00
5.275564575195312500e+02 3.151642155647277832e+02 5.233565139770507812e+02 3.169034171104431152e+02 5.185613441467285156e+02 3.171190524101257324e+02 2.000000000000000000e+00
1.657413959503173828e+02 4.707147073745727539e+02 1.614827537536621094e+02 4.729175519943237305e+02 1.566707038879394531e+02 4.732270002365112305e+02 2.000000000000000000e+00
2.705785226821899414e+02 3.822728061676025391e+02 2.664070129394531250e+02 3.842978954315185547e+02 2.617286348342895508e+02 3.844676542282104492e+02 2.000000000000000000e+00
4.976838493347167969e+02 2.902508890628814697e+02 4.934663772583007812e+02 2.919660973548889160e+02 4.886842155456542969e+02 2.922117626667022705e+02 2.000000000000000000e+00
1.579171943664550781e+02 4.146481704711914062e+02 1.535682868957519531e+02 4.167317533493041992e+02 1.488195991516113281e+02 4.170075130462646484e+02 2.000000000000000000e+00
3.496911025047302246e+02 3.743318510055541992e+02 3.455015873908996582e+02 3.761294889450073242e+02 3.407253432273864746e+02 3.763266706466674805e+02 2.000000000000000000e+00
3.627156066894531250e+02 3.882325172424316406e+02 3.585679316520690918e+02 3.900916528701782227e+02 3.538150954246520996e+02 3.903421068191528320e+02 2.000000000000000000e+00
4.887316322326660156e+02 2.922901332378387451e+02 4.844485282897949219e+02 2.940378463268280029e+02 4.796816444396972656e+02 2.942929708957672119e+02 2.000000000000000000e+00
4.036810970306396484e+02 3.982541227340698242e+02 3.995527982711791992e+02 4.000025367736816406e+02 3.948070096969604492e+02 4.002662801742553711e+02 2.000000000000000000e+00
1.638962650299072266e+02 4.516544866561889648e+02 1.596489906311035156e+02 4.538413810729980469e+02 1.548031806945800781e+02 4.541301012039184570e+02 2.000000000000000000e+00
4.037629985809326172e+02 3.073006010055541992e+02 3.995636320114135742e+02 3.091540861129760742e+02 3.948697233200073242e+02 3.093475413322448730e+02 2.000000000000000000e+00
5.155855178833007812e+02 3.812053298950195312e+02 5.113921165466308594e+02 3.828822469711303711e+02 5.066393470764160156e+02 3.830687999725341797e+02 2.000000000000000000e+00
5.653341674804687500e+02 3.372165298461914062e+02 5.611148071289062500e+02 3.388154983520507812e+02 5.563479614257812500e+02 3.390567684173583984e+02 2.000000000000000000e+00
5.226186561584472656e+02 3.022562599182128906e+02 5.183089065551757812e+02 3.039443993568420410e+02 5.135536575317382812e+02 3.042021489143371582e+02 2.000000000000000000e+00
5.454915809631347656e+02 3.021993756294250488e+02 5.412128257751464844e+02 3.039079642295837402e+02 5.364516639709472656e+02 3.041428899765014648e+02 2.000000000000000000e+00
2.772472238540649414e+02 1.786891436576843262e+02 2.824194645881652832e+02 1.801567947864532471e+02 2.876075744628906250e+02 1.798618125915527344e+02 1.000000000000000000e+00
5.056233787536621094e+02 2.782706308364868164e+02 5.013499259948730469e+02 2.799346947669982910e+02 4.965883445739746094e+02 2.802575397491455078e+02 2.000000000000000000e+00
1.166891670227050781e+02 4.266669702529907227e+02 1.122881317138671875e+02 4.287587928771972656e+02 1.075022315979003906e+02 4.292094182968139648e+02 2.000000000000000000e+00
3.518124079704284668e+02 3.653306007385253906e+02 3.475758981704711914e+02 3.671610546112060547e+02 3.428581547737121582e+02 3.673504114151000977e+02 2.000000000000000000e+00
1.116858673095703125e+02 4.116297626495361328e+02 1.073432159423828125e+02 4.137833976745605469e+02 1.024994468688964844e+02 4.141826534271240234e+02 2.000000000000000000e+00
4.457770729064941406e+02 3.313360333442687988e+02 4.415360164642333984e+02 3.330800199508666992e+02 4.367791461944580078e+02 3.333274269104003906e+02 2.000000000000000000e+00
7.608234405517578125e+01 1.969631946086883545e+02 7.149797439575195312e+01 1.989990198612213135e+02 6.667720794677734375e+01 1.992414057254791260e+02 2.000000000000000000e+00
6.827188491821289062e+01 4.398715353012084961e+02 6.391859054565429688e+01 4.421421861648559570e+02 5.893831253051757812e+01 4.424780416488647461e+02 2.000000000000000000e+00
6.101999282836914062e+01 1.798568201065063477e+02 5.652393341064453125e+01 1.819205582141876221e+02 5.166076660156250000e+01 1.821459925174713135e+02 2.000000000000000000e+00
5.244493484497070312e+02 3.372335886955261230e+02 5.203389930725097656e+02 3.389495587348937988e+02 5.155553627014160156e+02 3.391995906829833984e+02 2.000000000000000000e+00
3.446492004394531250e+02 3.882442045211791992e+02 3.405603647232055664e+02 3.901193046569824219e+02 3.357836914062500000e+02 3.903472995758056641e+02 2.000000000000000000e+00
1.580357933044433594e+02 3.674945497512817383e+02 1.536011695861816406e+02 3.695562458038330078e+02 1.488886260986328125e+02 3.698352384567260742e+02 2.000000000000000000e+00
5.623209190368652344e+02 6.614151477813720703e+01 5.577321815490722656e+02 6.790778160095214844e+01 5.528023719787597656e+02 6.828088760375976562e+01 2.000000000000000000e+00
3.347208249568939209e+02 3.793280696868896484e+02 3.305738222599029541e+02 3.812088632583618164e+02 3.257975161075592041e+02 3.813869762420654297e+02 2.000000000000000000e+00
4.186822509765625000e+02 3.202850103378295898e+02 4.144950008392333984e+02 3.220961666107177734e+02 4.097981929779052734e+02 3.222946214675903320e+02 2.000000000000000000e+00
4.736650753021240234e+02 2.563928228616714478e+02 4.693558979034423828e+02 2.579903876781463623e+02 4.646033954620361328e+02 2.582836014032363892e+02 2.000000000000000000e+00
5.543074989318847656e+02 6.109127998352050781e+01 5.496668815612792969e+02 6.291117668151855469e+01 5.447432899475097656e+02 6.327180862426757812e+01 2.000000000000000000e+00
7.727901458740234375e+01 4.719500827789306641e+02 7.276693344116210938e+01 4.742881250381469727e+02 6.788619995117187500e+01 4.746019077301025391e+02 2.000000000000000000e+00
5.524452590942382812e+02 3.362200355529785156e+02 5.481982421875000000e+02 3.379180026054382324e+02 5.434803581237792969e+02 3.381886982917785645e+02 2.000000000000000000e+00
1.092836761474609375e+02 1.949248158931732178e+02 1.046989250183105469e+02 1.970002734661102295e+02 9.992834091186523438e+01 1.972274458408355713e+02 2.000000000000000000e+00
3.697978830337524414e+02 3.642066049575805664e+02 3.655658578872680664e+02 3.660445690155029297e+02 3.608886098861694336e+02 3.662886714935302734e+02 2.000000000000000000e+00
5.295504188537597656e+02 3.272041654586791992e+02 5.253026771545410156e+02 3.290381526947021484e+02 5.205840492248535156e+02 3.292198848724365234e+02 2.000000000000000000e+00
4.656741333007812500e+02 2.464064334332942963e+02 4.613168621063232422e+02 2.480388343334197998e+02 4.566338253021240234e+02 2.483394929766654968e+02 2.000000000000000000e+00
8.908195495605468750e+01 1.368365120887756348e+02 8.455997467041015625e+01 1.388976073265075684e+02 7.965179443359375000e+01 1.390976214408874512e+02 2.000000000000000000e+00
1.072814750671386719e+02 2.109329813718795776e+02 1.027296257019042969e+02 2.131112962961196899e+02 9.799100875854492188e+01 2.132675921916961670e+02 2.000000000000000000e+00
4.547242450714111328e+02 2.883205604553222656e+02 4.505385780334472656e+02 2.899687528610229492e+02 4.457511901855468750e+02 2.902437758445739746e+02 2.000000000000000000e+00
5.097218132019042969e+02 3.052608346939086914e+02 5.054196548461914062e+02 3.069578576087951660e+02 5.006984519958496094e+02 3.071543025970458984e+02 2.000000000000000000e+00
1.347083663940429688e+02 4.006366968154907227e+02 1.304560279846191406e+02 4.028336334228515625e+02 1.256438446044921875e+02 4.030999231338500977e+02 2.000000000000000000e+00
5.992964553833007812e+02 2.773559582233428955e+02 5.949136352539062500e+02 2.789628016948699951e+02 5.901724815368652344e+02 2.791728830337524414e+02 2.000000000000000000e+00
3.083812868595123291e+02 1.751402521133422852e+02 3.140901792049407959e+02 1.764170980453491211e+02 3.196744384616613388e+02 1.763408303260803223e+02 1.000000000000000000e+00
5.933216667175292969e+02 2.883373117446899414e+02 5.889534378051757812e+02 2.899638712406158447e+02 5.842111206054687500e+02 2.902223217487335205e+02 2.000000000000000000e+00
4.388084697723388672e+02 3.951599550247192383e+02 4.345736408233642578e+02 3.968890142440795898e+02 4.298824501037597656e+02 3.971596527099609375e+02 2.000000000000000000e+00
4.287233257293701172e+02 2.843260538578033447e+02 4.244778728485107422e+02 2.860629594326019287e+02 4.197841167449951172e+02 2.862814342975616455e+02 2.000000000000000000e+00
3.719507741928100586e+02 3.952489757537841797e+02 3.677437448501586914e+02 3.971031332015991211e+02 3.630766630172729492e+02 3.973685646057128906e+02 2.000000000000000000e+00
6.306243896484375000e+01 2.127892130613327026e+02 5.865434646606445312e+01 2.147672402858734131e+02 5.372436523437500000e+01 2.150580739974975586e+02 2.000000000000000000e+00
1.902363109588623047e+02 3.794210958480834961e+02 1.859339237213134766e+02 3.813955450057983398e+02 1.811474609375000000e+02 3.816832637786865234e+02 2.000000000000000000e+00
5.544982337951660156e+02 3.072087764739990234e+02 5.502404212951660156e+02 3.089071369171142578e+02 5.454800415039062500e+02 3.091742920875549316e+02 2.000000000000000000e+00
4.217930316925048828e+02 2.942577552795410156e+02 4.175775432586669922e+02 2.959426617622375488e+02 4.128928852081298828e+02 2.961899435520172119e+02 2.000000000000000000e+00
5.603731727600097656e+02 3.182936739921569824e+02 5.561438560485839844e+02 3.199605131149291992e+02 5.514111900329589844e+02 3.202124404907226562e+02 2.000000000000000000e+00
4.447394084930419922e+02 2.822670006752014160e+02 4.405528259277343750e+02 2.839739406108856201e+02 4.357939147949218750e+02 2.842552506923675537e+02 2.000000000000000000e+00
3.967675161361694336e+02 3.033208322525024414e+02 3.926140451431274414e+02 3.051233267784118652e+02 3.878854703903198242e+02 3.053277039527893066e+02 2.000000000000000000e+00
5.216208457946777344e+02 2.733413422107696533e+02 5.172561645507812500e+02 2.750117218494415283e+02 5.125316238403320312e+02 2.752605915069580078e+02 2.000000000000000000e+00
5.175330924987792969e+02 3.261931800842285156e+02 5.133922767639160156e+02 3.279498982429504395e+02 5.086226272583007812e+02 3.281782865524291992e+02 2.000000000000000000e+00
4.686226177215576172e+02 3.732249212265014648e+02 4.643866634368896484e+02 3.749383592605590820e+02 4.597083759307861328e+02 3.751915597915649414e+02 2.000000000000000000e+00
2.104965972900390625e+02 3.774215841293334961e+02 2.062063598632812500e+02 3.793835163116455078e+02 2.014418601989746094e+02 3.797128343582153320e+02 2.000000000000000000e+00
4.456539058685302734e+02 3.812318229675292969e+02 4.415237140655517578e+02 3.830169725418090820e+02 4.367938899993896484e+02 3.832048702239990234e+02 2.000000000000000000e+00
3.217705383896827698e+02 3.713086652755737305e+02 3.175249938666820526e+02 3.732203149795532227e+02 3.128091734647750854e+02 3.734250211715698242e+02 2.000000000000000000e+00
5.315564537048339844e+02 3.002320575714111328e+02 5.273180580139160156e+02 3.019325923919677734e+02 5.225345420837402344e+02 3.021902489662170410e+02 2.000000000000000000e+00
5.841940879821777344e+02 3.652232408523559570e+02 5.800686645507812500e+02 3.668111944198608398e+02 5.753274536132812500e+02 3.669864606857299805e+02 2.000000000000000000e+00
5.314713096618652344e+02 3.701734113693237305e+02 5.272815513610839844e+02 3.718136930465698242e+02 5.226171875000000000e+02 3.721190929412841797e+02 2.000000000000000000e+00
3.916953134536743164e+02 3.993344163894653320e+02 3.876163339614868164e+02 4.009856700897216797e+02 3.829281616210937500e+02 4.012856769561767578e+02 2.000000000000000000e+00
5.036568641662597656e+02 3.232211637496948242e+02 4.993739891052246094e+02 3.249902987480163574e+02 4.946449279785156250e+02 3.252110910415649414e+02 2.000000000000000000e+00
1.145977973937988281e+02 4.358519983291625977e+02 1.102617073059082031e+02 4.380447435379028320e+02 1.054215812683105469e+02 4.383606004714965820e+02 2.000000000000000000e+00
1.883913993835449219e+02 1.821077549457550049e+02 1.920371341705322266e+02 1.836710464954376221e+02 1.954854869842529297e+02 1.834562516212463379e+02 1.000000000000000000e+00
8.809072494506835938e+01 1.949730205535888672e+02 8.370647430419921875e+01 1.969954347610473633e+02 7.885778427124023438e+01 1.972500121593475342e+02 2.000000000000000000e+00
2.124209117889404297e+02 3.934493207931518555e+02 2.082283306121826172e+02 3.954654979705810547e+02 2.033494567871093750e+02 3.957676219940185547e+02 2.000000000000000000e+00
5.146337890625000000e+02 2.793325531482696533e+02 5.103245544433593750e+02 2.809640836715698242e+02 5.056159019470214844e+02 2.812556469440460205e+02 2.000000000000000000e+00
4.308851909637451172e+02 3.881539964675903320e+02 4.266876220703125000e+02 3.899365568161010742e+02 4.219916057586669922e+02 3.901841211318969727e+02 2.000000000000000000e+00
9.244611740112304688e+01 4.456894683837890625e+02 8.812887191772460938e+01 4.479349136352539062e+02 8.327852249145507812e+01 4.482387828826904297e+02 2.000000000000000000e+00
1.981140708923339844e+02 4.094670438766479492e+02 1.938597965240478516e+02 4.115331459045410156e+02 1.890454101562500000e+02 4.118053436279296875e+02 2.000000000000000000e+00
3.181737670302391052e+02 1.732952356338500977e+02 3.238334655761718750e+02 1.746226787567138672e+02 3.296033632755279541e+02 1.745176076889038086e+02 1.000000000000000000e+00
6.005919265747070312e+02 7.610308170318603516e+01 5.961326980590820312e+02 7.778476238250732422e+01 5.912455558776855469e+02 7.811488151550292969e+01 2.000000000000000000e+00
7.800558090209960938e+01 1.408123397827148438e+02 7.350820541381835938e+01 1.428436231613159180e+02 6.861598968505859375e+01 1.430693435668945312e+02 2.000000000000000000e+00
5.326297569274902344e+02 2.693059408664703369e+02 5.282761955261230469e+02 2.710165715217590332e+02 5.235493278503417969e+02 2.712210094928741455e+02 2.000000000000000000e+00
4.367814064025878906e+02 3.322824168205261230e+02 4.325858497619628906e+02 3.340249085426330566e+02 4.278151893615722656e+02 3.342739605903625488e+02 2.000000000000000000e+00
3.788174152374267578e+02 3.782835817337036133e+02 3.746182250976562500e+02 3.800576591491699219e+02 3.699568176269531250e+02 3.803569364547729492e+02 2.000000000000000000e+00
2.818001103401184082e+02 1.654626560211181641e+02 2.870445847511291504e+02 1.668253612518310547e+02 2.922943711280822754e+02 1.666396594047546387e+02 1.000000000000000000e+00
3.786971139907836914e+02 3.153709745407104492e+02 3.744831848144531250e+02 3.171734046936035156e+02 3.696742248535156250e+02 3.174319481849670410e+02 2.000000000000000000e+00
4.995710563659667969e+02 2.653046286106109619e+02 4.953902053833007812e+02 2.670368367433547974e+02 4.906180763244628906e+02 2.673063361644744873e+02 2.000000000000000000e+00
2.233945941925048828e+02 3.663387537002563477e+02 2.192037963867187500e+02 3.683493375778198242e+02 2.143731975555419922e+02 3.686039543151855469e+02 2.000000000000000000e+00
8.663179397583007812e+01 4.008555936813354492e+02 8.234579086303710938e+01 4.030315876007080078e+02 7.746870040893554688e+01 4.033686590194702148e+02 2.000000000000000000e+00
5.335219192504882812e+02 2.793154942989349365e+02 5.292776489257812500e+02 2.810587191581726074e+02 5.245157432556152344e+02 2.812887883186340332e+02 2.000000000000000000e+00
4.885921669006347656e+02 3.971600389480590820e+02 4.843033218383789062e+02 3.989358901977539062e+02 4.796955299377441406e+02 3.991610527038574219e+02 2.000000000000000000e+00
2.144822216033935547e+02 3.694228649139404297e+02 2.102831077575683594e+02 3.713970708847045898e+02 2.054623126983642578e+02 3.716982793807983398e+02 2.000000000000000000e+00
2.615311574935913086e+02 3.772685623168945312e+02 2.572989177703857422e+02 3.792441844940185547e+02 2.526108694076538086e+02 3.794691610336303711e+02 2.000000000000000000e+00
4.507225036621093750e+02 3.032689833641052246e+02 4.465177917480468750e+02 3.050129413604736328e+02 4.417476844787597656e+02 3.052256798744201660e+02 2.000000000000000000e+00
5.444420242309570312e+02 3.651433181762695312e+02 5.401876258850097656e+02 3.667787218093872070e+02 5.354405021667480469e+02 3.669884777069091797e+02 2.000000000000000000e+00
4.936516380310058594e+02 3.802817201614379883e+02 4.893522644042968750e+02 3.820334529876708984e+02 4.846713829040527344e+02 3.822309923171997070e+02 2.000000000000000000e+00
5.723732376098632812e+02 3.123090219497680664e+02 5.680834960937500000e+02 3.139996075630187988e+02 5.633452224731445312e+02 3.142038273811340332e+02 2.000000000000000000e+00
1.397120094299316406e+02 4.527063131332397461e+02 1.354538917541503906e+02 4.549541187286376953e+02 1.305779266357421875e+02 4.551760053634643555e+02 2.000000000000000000e+00
1.395302772521972656e+02 8.861646652221679688e+00 1.346011734008789062e+02 1.101539611816406250e+01 1.297646522521972656e+02 1.112946510314941406e+01 2.000000000000000000e+00
5.813468742370605469e+02 3.151910734176635742e+02 5.770064735412597656e+02 3.169130015373229980e+02 5.722716140747070312e+02 3.171293950080871582e+02 2.000000000000000000e+00
4.036990070343017578e+02 3.652231264114379883e+02 3.995195913314819336e+02 3.670573854446411133e+02 3.947948598861694336e+02 3.672893142700195312e+02 2.000000000000000000e+00
5.445452880859375000e+02 2.762743234634399414e+02 5.401646232604980469e+02 2.780024421215057373e+02 5.354173088073730469e+02 2.781860053539276123e+02 2.000000000000000000e+00
8.242246627807617188e+01 4.528297233581542969e+02 7.810811996459960938e+01 4.551079559326171875e+02 7.313764572143554688e+01 4.553973770141601562e+02 2.000000000000000000e+00
5.941875648498535156e+02 3.541855502128601074e+02 5.899249839782714844e+02 3.558306670188903809e+02 5.851525306701660156e+02 3.560073637962341309e+02 2.000000000000000000e+00
1.610401725769042969e+02 3.814531946182250977e+02 1.567233467102050781e+02 3.835219430923461914e+02 1.518635177612304688e+02 3.837921237945556641e+02 2.000000000000000000e+00
5.495399475097656250e+01 2.067712855339050293e+02 5.054021835327148438e+01 2.087062525749206543e+02 4.558086395263671875e+01 2.090446293354034424e+02 2.000000000000000000e+00
1.723804759979248047e+02 3.474096465110778809e+02 1.680126476287841797e+02 3.494762349128723145e+02 1.632629394531250000e+02 3.497666716575622559e+02 2.000000000000000000e+00
6.058069419860839844e+02 6.798005104064941406e+01 6.013389968872070312e+02 6.970770835876464844e+01 5.963996696472167969e+02 7.003359317779541016e+01 2.000000000000000000e+00
2.523666381835937500e+02 1.997789883613586426e+02 2.571277475357055664e+02 2.014318835735321045e+02 2.616615295410156250e+02 2.012489283084869385e+02 1.000000000000000000e+00
2.404905080795288086e+02 3.653399419784545898e+02 2.363020324707031250e+02 3.673384523391723633e+02 2.315199375152587891e+02 3.675237178802490234e+02 2.000000000000000000e+00
3.687923908233642578e+02 3.532948064804077148e+02 3.645837402343750000e+02 3.551958060264587402e+02 3.599365854263305664e+02 3.554120850563049316e+02 2.000000000000000000e+00
3.937557077407836914e+02 3.583139705657958984e+02 3.896279001235961914e+02 3.601236391067504883e+02 3.848748159408569336e+02 3.603543090820312500e+02 2.000000000000000000e+00
5.175461387634277344e+02 3.151819467544555664e+02 5.133712196350097656e+02 3.169368910789489746e+02 5.085586547851562500e+02 3.171524119377136230e+02 2.000000000000000000e+00
4.367169189453125000e+02 2.873306894302368164e+02 4.324960327148437500e+02 2.890845072269439697e+02 4.277647399902343750e+02 2.892894315719604492e+02 2.000000000000000000e+00
1.880558872222900391e+02 4.205646085739135742e+02 1.837159061431884766e+02 4.225830745697021484e+02 1.789838504791259766e+02 4.229208755493164062e+02 2.000000000000000000e+00
2.111209201812744141e+02 2.003123152256011963e+02 2.149282360076904297e+02 2.018869006633758545e+02 2.187247753143310547e+02 2.017816901206970215e+02 1.000000000000000000e+00
4.097425842285156250e+02 3.852386856079101562e+02 4.055555725097656250e+02 3.869455289840698242e+02 4.008005714416503906e+02 3.872036790847778320e+02 2.000000000000000000e+00
5.703567504882812500e+02 3.302650523185729980e+02 5.661372184753417969e+02 3.318337154388427734e+02 5.613873291015625000e+02 3.320905780792236328e+02 2.000000000000000000e+00
2.251916980743408203e+02 2.004685020446777344e+02 2.292309570312500000e+02 2.022175133228302002e+02 2.331164264678955078e+02 2.020800161361694336e+02 1.000000000000000000e+00
3.236980286240577698e+02 3.891996860504150391e+02 3.195707092061638832e+02 3.911739921569824219e+02 3.147866207361221313e+02 3.913581562042236328e+02 2.000000000000000000e+00
1.873457431793212891e+02 3.644707775115966797e+02 1.831266593933105469e+02 3.665332031250000000e+02 1.782907962799072266e+02 3.667740297317504883e+02 2.000000000000000000e+00
4.606481075286865234e+02 3.142365789413452148e+02 4.564028930664062500e+02 3.159727835655212402e+02 4.516684913635253906e+02 3.162005925178527832e+02 2.000000000000000000e+00
6.092037963867187500e+02 3.212030696868896484e+02 6.047852134704589844e+02 3.228663682937622070e+02 6.000588417053222656e+02 3.230936622619628906e+02 2.000000000000000000e+00
6.016161537170410156e+02 8.411813735961914062e+01 5.971578407287597656e+02 8.596066474914550781e+01 5.922674560546875000e+02 8.623726844787597656e+01 2.000000000000000000e+00
4.916634559631347656e+02 3.652085351943969727e+02 4.874715614318847656e+02 3.670221948623657227e+02 4.827540969848632812e+02 3.672111511230468750e+02 2.000000000000000000e+00
5.692966270446777344e+02 2.853187286853790283e+02 5.651559448242187500e+02 2.869881319999694824e+02 5.603366661071777344e+02 2.872904062271118164e+02 2.000000000000000000e+00
4.806433105468750000e+02 3.802466154098510742e+02 4.764285278320312500e+02 3.819441318511962891e+02 4.717064571380615234e+02 3.822002363204956055e+02 2.000000000000000000e+00
4.977701187133789062e+02 3.032413673400878906e+02 4.935254859924316406e+02 3.049831295013427734e+02 4.887753105163574219e+02 3.052287626266479492e+02 2.000000000000000000e+00
5.323411941528320312e+01 4.630836582183837891e+02 4.872550964355468750e+01 4.653170299530029297e+02 4.382556915283203125e+01 4.656482076644897461e+02 2.000000000000000000e+00
7.903127670288085938e+01 2.258507984876632690e+02 7.460943222045898438e+01 2.279299923777580261e+02 6.978483200073242188e+01 2.281612238287925720e+02 2.000000000000000000e+00
4.476988220214843750e+02 4.012842178344726562e+02 4.435188579559326172e+02 4.029975414276123047e+02 4.388102722167968750e+02 4.032854032516479492e+02 2.000000000000000000e+00
4.157109737396240234e+02 3.572572660446166992e+02 4.115294170379638672e+02 3.590393400192260742e+02 4.067945003509521484e+02 3.592887926101684570e+02 2.000000000000000000e+00
1.729912567138671875e+02 4.405068826675415039e+02 1.687059497833251953e+02 4.427057647705078125e+02 1.639070415496826172e+02 4.429556322097778320e+02 2.000000000000000000e+00
1.975237751007080078e+02 1.667598652839660645e+02 2.012906932830810547e+02 1.682874870300292969e+02 2.050678348541259766e+02 1.679877448081970215e+02 1.000000000000000000e+00
4.737342548370361328e+02 3.233796429634094238e+02 4.694180583953857422e+02 3.250578331947326660e+02 4.646288490295410156e+02 3.252123141288757324e+02 2.000000000000000000e+00
5.882769775390625000e+02 3.292285180091857910e+02 5.839698600769042969e+02 3.309253907203674316e+02 5.792302322387695312e+02 3.311140179634094238e+02 2.000000000000000000e+00
4.906617164611816406e+02 2.822613251209259033e+02 4.864306068420410156e+02 2.839571249485015869e+02 4.816454505920410156e+02 2.842085909843444824e+02 2.000000000000000000e+00
5.554319572448730469e+02 2.932294034957885742e+02 5.511514282226562500e+02 2.948655116558074951e+02 5.464282226562500000e+02 2.951687943935394287e+02 2.000000000000000000e+00
5.434674644470214844e+02 2.943054521083831787e+02 5.392221641540527344e+02 2.960183429718017578e+02 5.344261550903320312e+02 2.962255597114562988e+02 2.000000000000000000e+00
3.426579904556274414e+02 3.793027067184448242e+02 3.385575866699218750e+02 3.811359643936157227e+02 3.337528693675994873e+02 3.813239192962646484e+02 2.000000000000000000e+00
3.559363722801208496e+02 2.932980358600616455e+02 3.516542983055114746e+02 2.951847553253173828e+02 3.468642878532409668e+02 2.953987133502960205e+02 2.000000000000000000e+00
1.972707939147949219e+02 3.954024410247802734e+02 1.930406665802001953e+02 3.975016307830810547e+02 1.881908988952636719e+02 3.977303552627563477e+02 2.000000000000000000e+00
4.976325988769531250e+02 3.711838817596435547e+02 4.932995986938476562e+02 3.729532241821289062e+02 4.886033630371093750e+02 3.731864690780639648e+02 2.000000000000000000e+00
5.096340370178222656e+02 3.482387137413024902e+02 5.055276298522949219e+02 3.499596905708312988e+02 5.007098197937011719e+02 3.502163457870483398e+02 2.000000000000000000e+00
4.155696392059326172e+02 4.061889123916625977e+02 4.114541339874267578e+02 4.080327844619750977e+02 4.067420959472656250e+02 4.082625246047973633e+02 2.000000000000000000e+00
4.756773376464843750e+02 3.313650226593017578e+02 4.712662982940673828e+02 3.330611014366149902e+02 4.664966106414794922e+02 3.332258033752441406e+02 2.000000000000000000e+00
5.773311805725097656e+02 3.012963581085205078e+02 5.730712890625000000e+02 3.030636048316955566e+02 5.683202552795410156e+02 3.032717943191528320e+02 2.000000000000000000e+00
4.917329788208007812e+02 3.482934951782226562e+02 4.875392532348632812e+02 3.499737882614135742e+02 4.828024291992187500e+02 3.501979422569274902e+02 2.000000000000000000e+00
5.205725097656250000e+02 2.943368554115295410e+02 5.163432121276855469e+02 2.960377836227416992e+02 5.115855979919433594e+02 2.962991988658905029e+02 2.000000000000000000e+00
8.042583465576171875e+01 3.926779317855834961e+02 7.613359451293945312e+01 3.948780012130737305e+02 7.116632461547851562e+01 3.952171468734741211e+02 2.000000000000000000e+00
1.700363731384277344e+02 3.775129508972167969e+02 1.657175540924072266e+02 3.795506000518798828e+02 1.609023857116699219e+02 3.798561716079711914e+02 2.000000000000000000e+00
2.101943778991699219e+02 4.134892416000366211e+02 2.058847808837890625e+02 4.155882310867309570e+02 2.011207294464111328e+02 4.158199596405029297e+02 2.000000000000000000e+00
5.354042434692382812e+02 3.542054486274719238e+02 5.311965942382812500e+02 3.558113193511962891e+02 5.264958572387695312e+02 3.559959483146667480e+02 2.000000000000000000e+00
6.215108871459960938e+01 4.679305171966552734e+02 5.775463104248046875e+01 4.702407360076904297e+02 5.273088455200195312e+01 4.706275177001953125e+02 2.000000000000000000e+00
9.315404891967773438e+01 2.060807704925537109e+01 8.781433105468750000e+01 2.279703140258789062e+01 8.313213348388671875e+01 2.288526535034179688e+01 2.000000000000000000e+00
4.267084026336669922e+02 3.042244935035705566e+02 4.225283813476562500e+02 3.059953951835632324e+02 4.177781105041503906e+02 3.062059664726257324e+02 2.000000000000000000e+00
4.617236328125000000e+02 3.542047190666198730e+02 4.574802589416503906e+02 3.560180139541625977e+02 4.527554607391357422e+02 3.562444210052490234e+02 2.000000000000000000e+00
4.688121032714843750e+02 2.802823519706726074e+02 4.645400714874267578e+02 2.819727802276611328e+02 4.598180866241455078e+02 2.822062397003173828e+02 2.000000000000000000e+00
4.337278461456298828e+02 3.112782597541809082e+02 4.294980144500732422e+02 3.130758118629455566e+02 4.247388648986816406e+02 3.132810115814208984e+02 2.000000000000000000e+00
5.683134269714355469e+02 3.451151490211486816e+02 5.640820884704589844e+02 3.467100548744201660e+02 5.593280601501464844e+02 3.469382357597351074e+02 2.000000000000000000e+00
1.077161216735839844e+02 3.765144109725952148e+02 1.033903312683105469e+02 3.786002826690673828e+02 9.853233337402343750e+01 3.789510297775268555e+02 2.000000000000000000e+00
5.354345703125000000e+02 3.412116479873657227e+02 5.312913322448730469e+02 3.429495906829833984e+02 5.265447998046875000e+02 3.431659913063049316e+02 2.000000000000000000e+00
4.116898250579833984e+02 3.672302627563476562e+02 4.075170898437500000e+02 3.690562534332275391e+02 4.027999877929687500e+02 3.692766523361206055e+02 2.000000000000000000e+00
8.477720260620117188e+01 3.684941482543945312e+02 8.031995773315429688e+01 3.706842470169067383e+02 7.553060531616210938e+01 3.709341144561767578e+02 2.000000000000000000e+00
2.405396556854248047e+02 3.553123211860656738e+02 2.363284111022949219e+02 3.572980713844299316e+02 2.315502738952636719e+02 3.575013184547424316e+02 2.000000000000000000e+00
3.725724172592163086e+02 2.913221168518066406e+02 3.685328674316406250e+02 2.932535433769226074e+02 3.639536762237548828e+02 2.933539152145385742e+02 2.000000000000000000e+00
3.519422316551208496e+02 3.013314270973205566e+02 3.476465773582458496e+02 3.031875944137573242e+02 3.428600478172302246e+02 3.033905982971191406e+02 2.000000000000000000e+00
1.782834625244140625e+02 3.544597506523132324e+02 1.740557575225830078e+02 3.564744043350219727e+02 1.692323780059814453e+02 3.567727446556091309e+02 2.000000000000000000e+00
4.007532691955566406e+02 3.502555918693542480e+02 3.966073322296142578e+02 3.520808458328247070e+02 3.918562316894531250e+02 3.523208355903625488e+02 2.000000000000000000e+00
2.455387878417968750e+02 3.803310298919677734e+02 2.414591217041015625e+02 3.823057937622070312e+02 2.366192436218261719e+02 3.825621128082275391e+02 2.000000000000000000e+00
1.012300300598144531e+02 1.999430358409881592e+02 9.670526504516601562e+01 2.020410883426666260e+02 9.193784713745117188e+01 2.022411775588989258e+02 2.000000000000000000e+00
2.244245624542236328e+02 3.763576698303222656e+02 2.202620792388916016e+02 3.783736896514892578e+02 2.154197978973388672e+02 3.786359310150146484e+02 2.000000000000000000e+00
4.816704177856445312e+02 3.472633695602416992e+02 4.773562335968017578e+02 3.489220976829528809e+02 4.726441669464111328e+02 3.490933299064636230e+02 2.000000000000000000e+00
5.487216949462890625e+01 1.899650859832763672e+02 5.038042068481445312e+01 1.920032322406768799e+02 4.550622940063476562e+01 1.922304975986480713e+02 2.000000000000000000e+00
4.297521400451660156e+02 2.922905910015106201e+02 4.254717445373535156e+02 2.940359508991241455e+02 4.208058166503906250e+02 2.942245209217071533e+02 2.000000000000000000e+00
1.994983768463134766e+02 3.724429035186767578e+02 1.951981163024902344e+02 3.744018602371215820e+02 1.904650211334228516e+02 3.747139978408813477e+02 2.000000000000000000e+00
4.217292785644531250e+02 3.921810007095336914e+02 4.175952816009521484e+02 3.939578390121459961e+02 4.128595924377441406e+02 3.942212533950805664e+02 2.000000000000000000e+00
2.575191640853881836e+02 3.842890977859497070e+02 2.532583761215209961e+02 3.862404012680053711e+02 2.485386800765991211e+02 3.864987516403198242e+02 2.000000000000000000e+00
4.916369056701660156e+02 3.561947393417358398e+02 4.874674034118652344e+02 3.579747104644775391e+02 4.827135658264160156e+02 3.581959319114685059e+02 2.000000000000000000e+00
4.186719989776611328e+02 3.072426509857177734e+02 4.144789123535156250e+02 3.090131878852844238e+02 4.097564983367919922e+02 3.092338013648986816e+02 2.000000000000000000e+00
3.258282470703125000e+02 3.442528152465820312e+02 3.215725098550319672e+02 3.461704444885253906e+02 3.168955686688423157e+02 3.464425420761108398e+02 2.000000000000000000e+00
3.336641538143157959e+02 3.882406997680664062e+02 3.295755922794342041e+02 3.901919031143188477e+02 3.247501221299171448e+02 3.903677988052368164e+02 2.000000000000000000e+00
1.467904281616210938e+02 4.086887311935424805e+02 1.424367904663085938e+02 4.107469940185546875e+02 1.376613044738769531e+02 4.111123752593994141e+02 2.000000000000000000e+00
2.356726551055908203e+02 3.402653574943542480e+02 2.314508914947509766e+02 3.423014259338378906e+02 2.266473960876464844e+02 3.424936580657958984e+02 2.000000000000000000e+00
2.696908855438232422e+02 1.721396112442016602e+02 2.748322153091430664e+02 1.735834765434265137e+02 2.800930476188659668e+02 1.733245182037353516e+02 1.000000000000000000e+00
2.775470876693725586e+02 3.783074712753295898e+02 2.734428405761718750e+02 3.803123903274536133e+02 2.686932992935180664e+02 3.804907321929931641e+02 2.000000000000000000e+00
7.399749755859375000e+01 2.576502799987792969e+01 6.870737075805664062e+01 2.793861865997314453e+01 6.388172149658203125e+01 2.807906627655029297e+01 2.000000000000000000e+00
4.765999126434326172e+02 3.692044401168823242e+02 4.723964881896972656e+02 3.709441280364990234e+02 4.677035808563232422e+02 3.711828088760375977e+02 2.000000000000000000e+00
2.980605149269104004e+02 1.723746728897094727e+02 3.037901604175567627e+02 1.737134671211242676e+02 3.092347109317779541e+02 1.736255764961242676e+02 1.000000000000000000e+00
5.883109092712402344e+02 2.972870206832885742e+02 5.840225791931152344e+02 2.989264869689941406e+02 5.792538452148437500e+02 2.991804850101470947e+02 2.000000000000000000e+00
2.968125915527343750e+02 3.341734027862548828e+02 2.925116872787475586e+02 3.360312867164611816e+02 2.878829646110534668e+02 3.362819910049438477e+02 2.000000000000000000e+00
4.567552471160888672e+02 3.263239789009094238e+02 4.524543190002441406e+02 3.280918049812316895e+02 4.477408123016357422e+02 3.283169317245483398e+02 2.000000000000000000e+00
2.003730487823486328e+02 3.804319810867309570e+02 1.960196495056152344e+02 3.824217939376831055e+02 1.913030242919921875e+02 3.827368783950805664e+02 2.000000000000000000e+00
7.252353668212890625e+01 4.137446737289428711e+02 6.816644668579101562e+01 4.159774589538574219e+02 6.321277618408203125e+01 4.163239574432373047e+02 2.000000000000000000e+00
4.447291278839111328e+02 2.662325155735015869e+02 4.404792785644531250e+02 2.680139780044555664e+02 4.357810974121093750e+02 2.682421588897705078e+02 2.000000000000000000e+00
3.006903374195098877e+02 3.742875194549560547e+02 2.966439509391784668e+02 3.762158918380737305e+02 2.918708801269531250e+02 3.763975524902343750e+02 2.000000000000000000e+00
6.042647171020507812e+02 3.540950345993041992e+02 5.998557090759277344e+02 3.557724952697753906e+02 5.951208496093750000e+02 3.559386634826660156e+02 2.000000000000000000e+00
4.526561927795410156e+02 3.542329144477844238e+02 4.485479736328125000e+02 3.560784029960632324e+02 4.438108539581298828e+02 3.562533044815063477e+02 2.000000000000000000e+00
4.946396255493164062e+02 3.891379737854003906e+02 4.904323768615722656e+02 3.908783912658691406e+02 4.857134819030761719e+02 3.910952568054199219e+02 2.000000000000000000e+00
4.696286964416503906e+02 3.941847610473632812e+02 4.654506587982177734e+02 3.959245347976684570e+02 4.606577205657958984e+02 3.961387681961059570e+02 2.000000000000000000e+00
1.470642280578613281e+02 3.815677499771118164e+02 1.426580429077148438e+02 3.835914659500122070e+02 1.378799629211425781e+02 3.839836549758911133e+02 2.000000000000000000e+00
3.208161010593175888e+02 3.592851591110229492e+02 3.166171568632125854e+02 3.611914730072021484e+02 3.119118344783782959e+02 3.614566469192504883e+02 2.000000000000000000e+00
1.639353275299072266e+02 3.614499235153198242e+02 1.595608329772949219e+02 3.635638189315795898e+02 1.548566627502441406e+02 3.637807416915893555e+02 2.000000000000000000e+00
1.954117107391357422e+02 3.644554853439331055e+02 1.911439800262451172e+02 3.664772701263427734e+02 1.863640308380126953e+02 3.667445182800292969e+02 2.000000000000000000e+00
4.407000160217285156e+02 3.551832318305969238e+02 4.365156555175781250e+02 3.569816637039184570e+02 4.317773151397705078e+02 3.571637606620788574e+02 2.000000000000000000e+00
5.864764976501464844e+02 1.430711746215820312e+01 5.817882728576660156e+02 1.614897251129150391e+01 5.769166374206542969e+02 1.645754814147949219e+01 2.000000000000000000e+00
4.327453613281250000e+02 3.192828083038330078e+02 4.285448646545410156e+02 3.210332965850830078e+02 4.238150978088378906e+02 3.212832999229431152e+02 2.000000000000000000e+00
2.010248565673828125e+02 1.798346972465515137e+02 2.048225402832031250e+02 1.814313340187072754e+02 2.086590290069580078e+02 1.811975383758544922e+02 1.000000000000000000e+00
5.802766799926757812e+02 3.392634630203247070e+02 5.760600662231445312e+02 3.409298443794250488e+02 5.712528038024902344e+02 3.411598563194274902e+02 2.000000000000000000e+00
4.637308406829833984e+02 3.352393555641174316e+02 4.594450664520263672e+02 3.370584440231323242e+02 4.547272968292236328e+02 3.372656321525573730e+02 2.000000000000000000e+00
2.034368228912353516e+02 3.594690585136413574e+02 1.991012573242187500e+02 3.614208984375000000e+02 1.943600749969482422e+02 3.617155265808105469e+02 2.000000000000000000e+00
2.933175039291381836e+02 1.646064448356628418e+02 2.987731933593750000e+02 1.660532784461975098e+02 3.042175900936126709e+02 1.658428788185119629e+02 1.000000000000000000e+00
3.957376718521118164e+02 3.123632884025573730e+02 3.916079092025756836e+02 3.142511057853698730e+02 3.868783903121948242e+02 3.144361281394958496e+02 2.000000000000000000e+00
3.537792968750000000e+02 2.752623617649078369e+02 3.495059204101562500e+02 2.770188009738922119e+02 3.448242497444152832e+02 2.773092663288116455e+02 2.000000000000000000e+00
4.358379840850830078e+02 2.712343776226043701e+02 4.316040039062500000e+02 2.729927980899810791e+02 4.268882179260253906e+02 2.732673954963684082e+02 2.000000000000000000e+00
4.308052349090576172e+02 3.791804265975952148e+02 4.266055297851562500e+02 3.809332036972045898e+02 4.219320392608642578e+02 3.811849451065063477e+02 2.000000000000000000e+00
1.738402366638183594e+02 4.697100019454956055e+02 1.696331787109375000e+02 4.718698310852050781e+02 1.647085857391357422e+02 4.721342611312866211e+02 2.000000000000000000e+00
3.805468463897705078e+02 2.883923077583312988e+02 3.764526367187500000e+02 2.902871739864349365e+02 3.717769193649291992e+02 2.903816235065460205e+02 2.000000000000000000e+00
1.334482192993164062e+02 2.058488130569458008e+02 1.290490913391113281e+02 2.079376816749572754e+02 1.241932868957519531e+02 2.081455528736114502e+02 2.000000000000000000e+00
1.222048187255859375e+02 1.995187282562255859e+01 1.172994232177734375e+02 2.208170413970947266e+01 1.123929214477539062e+02 2.222983360290527344e+01 2.000000000000000000e+00
1.198278808593750000e+02 3.936041307449340820e+02 1.154732704162597656e+02 3.958163881301879883e+02 1.107316207885742188e+02 3.961034345626831055e+02 2.000000000000000000e+00
4.817504692077636719e+02 2.713069152832031250e+02 4.773603820800781250e+02 2.731800234317779541e+02 4.726986694335937500e+02 2.733199775218963623e+02 2.000000000000000000e+00
7.452999114990234375e+01 3.483847689628601074e+02 7.010141372680664062e+01 3.505517649650573730e+02 6.514320373535156250e+01 3.507848882675170898e+02 2.000000000000000000e+00
1.047886657714843750e+02 3.947851896286010742e+02 1.004980850219726562e+02 3.970856666564941406e+02 9.558494567871093750e+01 3.972704887390136719e+02 2.000000000000000000e+00
3.338145756721496582e+02 3.512444543838500977e+02 3.294889831542968750e+02 3.532060933113098145e+02 3.248037719726562500e+02 3.534638714790344238e+02 2.000000000000000000e+00
1.350814247131347656e+02 3.262895536422729492e+02 1.307801628112792969e+02 3.283448839187622070e+02 1.258591270446777344e+02 3.285854530334472656e+02 2.000000000000000000e+00
1.629602336883544922e+02 4.056152772903442383e+02 1.585473060607910156e+02 4.076727390289306641e+02 1.538134956359863281e+02 4.080077648162841797e+02 2.000000000000000000e+00
3.597887873649597168e+02 3.582339835166931152e+02 3.555904555320739746e+02 3.600670480728149414e+02 3.509194350242614746e+02 3.602923393249511719e+02 2.000000000000000000e+00
3.398951423168182373e+02 3.013294386863708496e+02 3.356488645076751709e+02 3.031853342056274414e+02 3.308943176269531250e+02 3.034177923202514648e+02 2.000000000000000000e+00
4.707714271545410156e+02 2.673176282644271851e+02 4.665594196319580078e+02 2.690847802162170410e+02 4.617506122589111328e+02 2.692930305004119873e+02 2.000000000000000000e+00
2.264542675018310547e+02 3.873689317703247070e+02 2.221770572662353516e+02 3.893780565261840820e+02 2.174921417236328125e+02 3.896147489547729492e+02 2.000000000000000000e+00
3.108262634277343750e+02 3.603084182739257812e+02 3.065563046932220459e+02 3.622296237945556641e+02 3.018879699707031250e+02 3.624796199798583984e+02 2.000000000000000000e+00
1.025148963928222656e+02 1.777503490447998047e+01 9.757612228393554688e+01 1.988698482513427734e+01 9.275644302368164062e+01 2.002597332000732422e+01 2.000000000000000000e+00
1.800858116149902344e+02 1.673169994354248047e+02 1.834565734863281250e+02 1.687649774551391602e+02 1.867489337921142578e+02 1.685253381729125977e+02 1.000000000000000000e+00
4.017784404754638672e+02 2.932171976566314697e+02 3.975653409957885742e+02 2.949770843982696533e+02 3.928450632095336914e+02 2.952561664581298828e+02 2.000000000000000000e+00
5.513282775878906250e+01 3.786113691329956055e+02 5.065357208251953125e+01 3.808800745010375977e+02 4.565307617187500000e+01 3.813250780105590820e+02 2.000000000000000000e+00
2.986805415153503418e+02 3.933047246932983398e+02 2.945452570915222168e+02 3.952130270004272461e+02 2.898110961914062500e+02 3.954509925842285156e+02 2.000000000000000000e+00
4.865932273864746094e+02 3.263629174232482910e+02 4.823048973083496094e+02 3.280831074714660645e+02 4.775356483459472656e+02 3.282867479324340820e+02 2.000000000000000000e+00
5.085789871215820312e+02 3.662058448791503906e+02 5.043186378479003906e+02 3.679859733581542969e+02 4.995748901367187500e+02 3.681685924530029297e+02 2.000000000000000000e+00
1.096841430664062500e+02 3.595049500465393066e+02 1.053009223937988281e+02 3.616348600387573242e+02 1.004737663269042969e+02 3.618728399276733398e+02 2.000000000000000000e+00
3.977919006347656250e+02 2.583693552017211914e+02 3.935362863540649414e+02 2.602228707075119019e+02 3.887686157226562500e+02 2.604001164436340332e+02 2.000000000000000000e+00
2.796325349807739258e+02 3.442705464363098145e+02 2.753518056869506836e+02 3.462216567993164062e+02 2.707166147232055664e+02 3.464549946784973145e+02 2.000000000000000000e+00
1.954048919677734375e+02 3.553999972343444824e+02 1.911773490905761719e+02 3.575335478782653809e+02 1.863398742675781250e+02 3.577050876617431641e+02 2.000000000000000000e+00
3.477012324333190918e+02 3.962338972091674805e+02 3.436821293830871582e+02 3.981222867965698242e+02 3.389379584789276123e+02 3.983851432800292969e+02 2.000000000000000000e+00
1.051829528808593750e+02 2.370715635269880295e+02 1.007623863220214844e+02 2.390991210378706455e+02 9.594949722290039062e+01 2.393462066352367401e+02 2.000000000000000000e+00
4.288707637786865234e+02 3.332057833671569824e+02 4.246806621551513672e+02 3.349476671218872070e+02 4.199498939514160156e+02 3.351978492736816406e+02 2.000000000000000000e+00
5.772286415100097656e+02 2.733816862106323242e+02 5.730115318298339844e+02 2.750511181354522705e+02 5.682318115234375000e+02 2.753387475013732910e+02 2.000000000000000000e+00
2.055104923248291016e+02 2.702684962749481201e+02 2.011942386627197266e+02 2.721332716941833496e+02 1.964175128936767578e+02 2.724153757095336914e+02 2.000000000000000000e+00
1.420711708068847656e+02 3.644697904586791992e+02 1.376937294006347656e+02 3.665548181533813477e+02 1.328482627868652344e+02 3.667765331268310547e+02 2.000000000000000000e+00
1.066059684753417969e+02 3.475024151802062988e+02 1.022958946228027344e+02 3.496235704421997070e+02 9.756298065185546875e+01 3.498303294181823730e+02 2.000000000000000000e+00
2.104629993438720703e+02 3.854091596603393555e+02 2.062135314941406250e+02 3.874202585220336914e+02 2.014663028717041016e+02 3.877057313919067383e+02 2.000000000000000000e+00
1.410464096069335938e+02 2.862780797481536865e+02 1.367891120910644531e+02 2.883461344242095947e+02 1.319217109680175781e+02 2.885154461860656738e+02 2.000000000000000000e+00
5.564483070373535156e+02 2.743336808681488037e+02 5.521646690368652344e+02 2.760407137870788574e+02 5.474254798889160156e+02 2.762915074825286865e+02 2.000000000000000000e+00
3.797718811035156250e+02 3.602570915222167969e+02 3.756658935546875000e+02 3.620988893508911133e+02 3.709479379653930664e+02 3.623294448852539062e+02 2.000000000000000000e+00
7.923189163208007812e+01 2.148853433132171631e+02 7.476673126220703125e+01 2.169406414031982422e+02 7.001983642578125000e+01 2.171321099996566772e+02 2.000000000000000000e+00
5.634136390686035156e+02 3.092873883247375488e+02 5.591468620300292969e+02 3.109307599067687988e+02 5.544177818298339844e+02 3.111927509307861328e+02 2.000000000000000000e+00
1.711091709136962891e+02 3.654975700378417969e+02 1.668061542510986328e+02 3.675048923492431641e+02 1.620698833465576172e+02 3.678164148330688477e+02 2.000000000000000000e+00
3.748218393325805664e+02 3.462315416336059570e+02 3.706377887725830078e+02 3.480537486076354980e+02 3.660105276107788086e+02 3.482951688766479492e+02 2.000000000000000000e+00
8.660064697265625000e+01 3.354943871498107910e+02 8.231678009033203125e+01 3.375590229034423828e+02 7.734140396118164062e+01 3.378452539443969727e+02 2.000000000000000000e+00
4.606473731994628906e+02 4.092916059494018555e+02 4.564936542510986328e+02 4.110727071762084961e+02 4.516950416564941406e+02 4.112847089767456055e+02 2.000000000000000000e+00
1.350796699523925781e+02 3.342225050926208496e+02 1.307423782348632812e+02 3.363134479522705078e+02 1.258213043212890625e+02 3.365847229957580566e+02 2.000000000000000000e+00
5.862391471862792969e+02 3.481239366531372070e+02 5.820108604431152344e+02 3.497900462150573730e+02 5.772326087951660156e+02 3.499754118919372559e+02 2.000000000000000000e+00
4.497946453094482422e+02 3.122891879081726074e+02 4.455598163604736328e+02 3.140120887756347656e+02 4.408459186553955078e+02 3.142636156082153320e+02 2.000000000000000000e+00
3.498007512092590332e+02 3.363069820404052734e+02 3.455617380142211914e+02 3.381577491760253906e+02 3.407991957664489746e+02 3.383885836601257324e+02 2.000000000000000000e+00
1.941283702850341797e+02 1.099133491516113281e+00 1.917203044891357422e+02 1.330733299255371094e+00 1.870328807830810547e+02 1.332750320434570312e+00 2.000000000000000000e+00
4.147873210906982422e+02 3.441586661338806152e+02 4.106737422943115234e+02 3.459316134452819824e+02 4.059146404266357422e+02 3.462407255172729492e+02 2.000000000000000000e+00
4.346885108947753906e+02 3.611734628677368164e+02 4.305284118652343750e+02 3.629636049270629883e+02 4.257644939422607422e+02 3.631695556640625000e+02 2.000000000000000000e+00
3.099228823184967041e+02 3.401935458183288574e+02 3.055770874023437500e+02 3.421113610267639160e+02 3.009491884708404541e+02 3.423329544067382812e+02 2.000000000000000000e+00
4.616226863861083984e+02 3.691422557830810547e+02 4.574105548858642578e+02 3.708786964416503906e+02 4.526748371124267578e+02 3.711607074737548828e+02 2.000000000000000000e+00
9.071002960205078125e+01 3.275065326690673828e+02 8.638965606689453125e+01 3.295469999313354492e+02 8.146553039550781250e+01 3.298798298835754395e+02 2.000000000000000000e+00
1.289921760559082031e+02 3.645415449142456055e+02 1.245830345153808594e+02 3.666178321838378906e+02 1.197411537170410156e+02 3.669051933288574219e+02 2.000000000000000000e+00
9.720260620117187500e+01 1.919110393524169922e+02 9.262617111206054688e+01 1.939769124984741211e+02 8.783866882324218750e+01 1.942184722423553467e+02 2.000000000000000000e+00
6.051815223693847656e+02 3.401451158523559570e+02 6.007442665100097656e+02 3.417441773414611816e+02 5.960552406311035156e+02 3.419606065750122070e+02 2.000000000000000000e+00
3.637064218521118164e+02 3.302382874488830566e+02 3.596296381950378418e+02 3.321508812904357910e+02 3.548314523696899414e+02 3.323653006553649902e+02 2.000000000000000000e+00
3.067534172534942627e+02 3.002754521369934082e+02 3.024550783634185791e+02 3.021059632301330566e+02 2.979125356674194336e+02 3.023839473724365234e+02 2.000000000000000000e+00
5.096084976196289062e+02 2.692928785085678101e+02 5.053721046447753906e+02 2.710029923915863037e+02 5.005778503417968750e+02 2.712949240207672119e+02 2.000000000000000000e+00
2.766069030761718750e+02 3.943566370010375977e+02 2.724975872039794922e+02 3.964236545562744141e+02 2.677795410156250000e+02 3.965763044357299805e+02 2.000000000000000000e+00
6.002081871032714844e+02 3.172433781623840332e+02 5.958038330078125000e+02 3.188794612884521484e+02 5.910428428649902344e+02 3.191256451606750488e+02 2.000000000000000000e+00
4.107001018524169922e+02 3.132603764533996582e+02 4.064935016632080078e+02 3.151214647293090820e+02 4.017898845672607422e+02 3.152809166908264160e+02 2.000000000000000000e+00
5.534823036193847656e+02 3.243105196952819824e+02 5.492399406433105469e+02 3.259372615814208984e+02 5.444997596740722656e+02 3.261833238601684570e+02 2.000000000000000000e+00
4.156834411621093750e+02 2.523877108097076416e+02 4.114356422424316406e+02 2.542809605598449707e+02 4.067332744598388672e+02 2.544165658950805664e+02 2.000000000000000000e+00
2.039173698425292969e+02 2.368201598525047302e+02 1.994511222839355469e+02 2.387454833462834358e+02 1.947864532470703125e+02 2.391147918440401554e+02 2.000000000000000000e+00
2.324037742614746094e+02 3.693295669555664062e+02 2.281754302978515625e+02 3.713658857345581055e+02 2.234085845947265625e+02 3.715825223922729492e+02 2.000000000000000000e+00
2.837121272087097168e+02 3.673216581344604492e+02 2.795021057128906250e+02 3.692406749725341797e+02 2.747585725784301758e+02 3.695049476623535156e+02 2.000000000000000000e+00
3.388463139533996582e+02 2.622799694538116455e+02 3.346166384220123291e+02 2.640743118524551392e+02 3.298232120275497437e+02 2.643482065200805664e+02 2.000000000000000000e+00
7.101453781127929688e+01 2.279309839010238647e+02 6.652013778686523438e+01 2.299013060331344604e+02 6.164718627929687500e+01 2.302483212947845459e+02 2.000000000000000000e+00
3.298126220703125000e+02 3.182685899734497070e+02 3.256033629179000854e+02 3.201508855819702148e+02 3.208184814453125000e+02 3.203691458702087402e+02 2.000000000000000000e+00
4.268390178680419922e+02 3.412481403350830078e+02 4.225855159759521484e+02 3.429850816726684570e+02 4.178997802734375000e+02 3.432256221771240234e+02 2.000000000000000000e+00
1.855530834197998047e+02 2.701386415958404541e+02 1.811976432800292969e+02 2.720918297767639160e+02 1.764094257354736328e+02 2.724041748046875000e+02 2.000000000000000000e+00
5.763510131835937500e+02 3.461277222633361816e+02 5.721009635925292969e+02 3.478396940231323242e+02 5.673295402526855469e+02 3.480315327644348145e+02 2.000000000000000000e+00
5.833393669128417969e+02 3.072732567787170410e+02 5.789943885803222656e+02 3.090163278579711914e+02 5.742789268493652344e+02 3.092323350906372070e+02 2.000000000000000000e+00
5.125734901428222656e+02 2.603416460752487183e+02 5.083587074279785156e+02 2.620966511964797974e+02 5.035614395141601562e+02 2.623239451646804810e+02 2.000000000000000000e+00
6.066123771667480469e+02 9.121863842010498047e+01 6.021533775329589844e+02 9.300400257110595703e+01 5.972393798828125000e+02 9.330705642700195312e+01 2.000000000000000000e+00
1.318205451965332031e+02 4.708717489242553711e+02 1.274551391601562500e+02 4.730779266357421875e+02 1.226448631286621094e+02 4.734026670455932617e+02 2.000000000000000000e+00
4.617468929290771484e+02 2.573588579893112183e+02 4.574360084533691406e+02 2.590958869457244873e+02 4.527571105957031250e+02 2.593094497919082642e+02 2.000000000000000000e+00
4.617462158203125000e+02 2.973459792137145996e+02 4.575098609924316406e+02 2.989959454536437988e+02 4.527967262268066406e+02 2.992607438564300537e+02 2.000000000000000000e+00
4.347292232513427734e+02 3.022830247879028320e+02 4.305400371551513672e+02 3.040678739547729492e+02 4.257622718811035156e+02 3.042583966255187988e+02 2.000000000000000000e+00
1.833297252655029297e+02 2.902444195747375488e+02 1.790815067291259766e+02 2.922561657428741455e+02 1.741706848144531250e+02 2.924972569942474365e+02 2.000000000000000000e+00
3.378197324275970459e+02 3.382300472259521484e+02 3.334983527660369873e+02 3.401632761955261230e+02 3.288126528263092041e+02 3.404180932044982910e+02 2.000000000000000000e+00
4.427878093719482422e+02 3.052535462379455566e+02 4.385400390625000000e+02 3.070656466484069824e+02 4.337959957122802734e+02 3.072629141807556152e+02 2.000000000000000000e+00
3.638414335250854492e+02 2.743195223808288574e+02 3.595417189598083496e+02 2.760933852195739746e+02 3.548835158348083496e+02 2.763415861129760742e+02 2.000000000000000000e+00
5.164536094665527344e+02 3.592393541336059570e+02 5.123039054870605469e+02 3.608599662780761719e+02 5.075820732116699219e+02 3.611339521408081055e+02 2.000000000000000000e+00
1.092592239379882812e+02 2.029350721836090088e+02 1.046708869934082031e+02 2.050739407539367676e+02 9.994308471679687500e+01 2.052599930763244629e+02 2.000000000000000000e+00
4.337729835510253906e+02 3.512266302108764648e+02 4.296000385284423828e+02 3.530058360099792480e+02 4.248828125000000000e+02 3.532176589965820312e+02 2.000000000000000000e+00
2.044073963165283203e+02 3.484245657920837402e+02 1.999288272857666016e+02 3.504816055297851562e+02 1.952487277984619141e+02 3.506718206405639648e+02 2.000000000000000000e+00
4.047626972198486328e+02 3.762000560760498047e+02 4.005886268615722656e+02 3.780655574798583984e+02 3.958911132812500000e+02 3.782455873489379883e+02 2.000000000000000000e+00
2.706296396255493164e+02 3.623304176330566406e+02 2.664000844955444336e+02 3.643199872970581055e+02 2.617022085189819336e+02 3.645089435577392578e+02 2.000000000000000000e+00
1.470991706848144531e+02 3.182632827758789062e+02 1.427967071533203125e+02 3.202090787887573242e+02 1.379638099670410156e+02 3.205292701721191406e+02 2.000000000000000000e+00
3.468086862564086914e+02 3.532366061210632324e+02 3.425519108772277832e+02 3.551476192474365234e+02 3.378075563907623291e+02 3.553315186500549316e+02 2.000000000000000000e+00
1.460480690002441406e+02 3.553959417343139648e+02 1.416765403747558594e+02 3.575234770774841309e+02 1.368540954589843750e+02 3.577935576438903809e+02 2.000000000000000000e+00
5.942267417907714844e+02 3.451358699798583984e+02 5.899293327331542969e+02 3.468147969245910645e+02 5.851176834106445312e+02 3.469913721084594727e+02 2.000000000000000000e+00
2.326322174072265625e+02 1.842454361915588379e+02 2.368786144256591797e+02 1.857334721088409424e+02 2.409408569335937500e+02 1.855979883670806885e+02 1.000000000000000000e+00
5.938776016235351562e+01 2.361037731170654297e+01 5.388021469116210938e+01 2.576797485351562500e+01 4.898511886596679688e+01 2.590031147003173828e+01 2.000000000000000000e+00
1.391348838806152344e+02 3.132578158378601074e+02 1.348689270019531250e+02 3.152553462982177734e+02 1.300019264221191406e+02 3.154992985725402832e+02 2.000000000000000000e+00
6.063716506958007812e+02 2.912320268154144287e+02 6.019567298889160156e+02 2.929824864864349365e+02 5.971698570251464844e+02 2.931502103805541992e+02 2.000000000000000000e+00
5.613928222656250000e+02 2.832879352569580078e+02 5.571960449218750000e+02 2.849515092372894287e+02 5.524255943298339844e+02 2.852238500118255615e+02 2.000000000000000000e+00
