5.712901687622070312e+02 1.683259105682373047e+02 5.648195838928222656e+02 1.593947124481201172e+02 5.560351562500000000e+02 1.467033505439758301e+02 1.000000000000000000e+00
5.303884315490722656e+02 1.701751971244812012e+02 5.232830810546875000e+02 1.610440349578857422e+02 5.144815063476562500e+02 1.482118606567382812e+02 1.000000000000000000e+00
4.923674964904785156e+02 1.913814532756805420e+02 4.856455993652343750e+02 1.825720167160034180e+02 4.767427349090576172e+02 1.696932506561279297e+02 1.000000000000000000e+00
5.530740356445312500e+02 1.861236405372619629e+02 5.462680625915527344e+02 1.772965478897094727e+02 5.374311637878417969e+02 1.646251487731933594e+02 1.000000000000000000e+00
4.928484153747558594e+02 1.583775901794433594e+02 4.864873123168945312e+02 1.494567847251892090e+02 4.781601905822753906e+02 1.364564609527587891e+02 1.000000000000000000e+00
5.631560707092285156e+02 1.885801076889038086e+02 5.564312171936035156e+02 1.798595237731933594e+02 5.478318595886230469e+02 1.673645424842834473e+02 1.000000000000000000e+00
5.687062454223632812e+02 1.881330835819244385e+02 5.620056724548339844e+02 1.793683576583862305e+02 5.535578727722167969e+02 1.668584275245666504e+02 1.000000000000000000e+00
5.542542076110839844e+02 1.930041182041168213e+02 5.474538612365722656e+02 1.842181813716888428e+02 5.386637687683105469e+02 1.716279745101928711e+02 1.000000000000000000e+00
5.319789505004882812e+02 2.245491939783096313e+02 5.261690711975097656e+02 2.161635267734527588e+02 5.183519935607910156e+02 2.038750433921813965e+02 1.000000000000000000e+00
5.177869224548339844e+02 1.721416926383972168e+02 5.108767509460449219e+02 1.631150507926940918e+02 5.017886734008789062e+02 1.501629137992858887e+02 1.000000000000000000e+00
4.796451473236083984e+02 1.727933478355407715e+02 4.727395057678222656e+02 1.637939715385437012e+02 4.637612628936767578e+02 1.508241391181945801e+02 1.000000000000000000e+00
5.199055290222167969e+02 1.853078269958496094e+02 5.127671623229980469e+02 1.764876079559326172e+02 5.037474441528320312e+02 1.636032199859619141e+02 1.000000000000000000e+00
5.116700172424316406e+02 1.717259001731872559e+02 5.047677421569824219e+02 1.627837157249450684e+02 4.957307434082031250e+02 1.497303271293640137e+02 1.000000000000000000e+00
4.820296287536621094e+02 1.665631699562072754e+02 4.755140686035156250e+02 1.576213645935058594e+02 4.669615459442138672e+02 1.447430062294006348e+02 1.000000000000000000e+00
5.853355216979980469e+02 1.768502283096313477e+02 5.788433837890625000e+02 1.681043958663940430e+02 5.707806968688964844e+02 1.557065248489379883e+02 1.000000000000000000e+00
4.944813346862792969e+02 1.671775746345520020e+02 4.882040405273437500e+02 1.580460619926452637e+02 4.799356365203857422e+02 1.449598217010498047e+02 1.000000000000000000e+00
4.963971900939941406e+02 1.837836277484893799e+02 4.894818496704101562e+02 1.750990247726440430e+02 4.805421829223632812e+02 1.621328687667846680e+02 1.000000000000000000e+00
4.968918418884277344e+02 1.897650897502899170e+02 4.900681114196777344e+02 1.810379898548126221e+02 4.811650466918945312e+02 1.681868577003479004e+02 1.000000000000000000e+00
5.212931632995605469e+02 1.698103594779968262e+02 5.143981933593750000e+02 1.606922864913940430e+02 5.053794860839843750e+02 1.477090287208557129e+02 1.000000000000000000e+00
5.146979331970214844e+02 1.698678231239318848e+02 5.078018188476562500e+02 1.608007335662841797e+02 4.988179588317871094e+02 1.477258729934692383e+02 1.000000000000000000e+00
5.618478393554687500e+02 1.767514944076538086e+02 5.553942298889160156e+02 1.678903484344482422e+02 5.464721107482910156e+02 1.552478885650634766e+02 1.000000000000000000e+00
5.733091545104980469e+02 1.888100695610046387e+02 5.665474319458007812e+02 1.800644659996032715e+02 5.581400871276855469e+02 1.676154899597167969e+02 1.000000000000000000e+00
5.724699783325195312e+02 1.926226937770843506e+02 5.656949424743652344e+02 1.838680386543273926e+02 5.572390747070312500e+02 1.714642739295959473e+02 1.000000000000000000e+00
5.586904907226562500e+02 1.645747804641723633e+02 5.519755363464355469e+02 1.555858755111694336e+02 5.433312988281250000e+02 1.427714323997497559e+02 1.000000000000000000e+00
5.649342155456542969e+02 1.874799621105194092e+02 5.582245445251464844e+02 1.787136483192443848e+02 5.496381187438964844e+02 1.662102770805358887e+02 1.000000000000000000e+00
5.760022544860839844e+02 1.979221487045288086e+02 5.692779541015625000e+02 1.892114996910095215e+02 5.607183837890625000e+02 1.768275690078735352e+02 1.000000000000000000e+00
4.975283241271972656e+02 1.567793083190917969e+02 4.913473510742187500e+02 1.477300357818603516e+02 4.830268859863281250e+02 1.347029042243957520e+02 1.000000000000000000e+00
5.345791625976562500e+02 1.726829051971435547e+02 5.275646400451660156e+02 1.636811041831970215e+02 5.188739585876464844e+02 1.509104847908020020e+02 1.000000000000000000e+00
5.851905632019042969e+02 1.926211202144622803e+02 5.784807777404785156e+02 1.838122665882110596e+02 5.702487754821777344e+02 1.715326809883117676e+02 1.000000000000000000e+00
5.485307121276855469e+02 1.649457192420959473e+02 5.417878532409667969e+02 1.559807825088500977e+02 5.331588745117187500e+02 1.431243252754211426e+02 1.000000000000000000e+00
4.903055191040039062e+02 1.872711145877838135e+02 4.834883117675781250e+02 1.784620499610900879e+02 4.745567989349365234e+02 1.654966521263122559e+02 1.000000000000000000e+00
5.325044631958007812e+02 2.189190047979354858e+02 5.266691398620605469e+02 2.105044233798980713e+02 5.187697792053222656e+02 1.982634258270263672e+02 1.000000000000000000e+00
5.606893920898437500e+02 1.699193215370178223e+02 5.538360595703125000e+02 1.609401226043701172e+02 5.451943969726562500e+02 1.482115101814270020e+02 1.000000000000000000e+00
5.253690147399902344e+02 1.741046404838562012e+02 5.184761428833007812e+02 1.651074957847595215e+02 5.095994949340820312e+02 1.522173142433166504e+02 1.000000000000000000e+00
5.161651611328125000e+02 1.747015357017517090e+02 5.091933631896972656e+02 1.659202551841735840e+02 5.001637077331542969e+02 1.529235649108886719e+02 1.000000000000000000e+00
5.212548828125000000e+02 1.739959359169006348e+02 5.143506431579589844e+02 1.650743651390075684e+02 5.053102684020996094e+02 1.521487355232238770e+02 1.000000000000000000e+00
5.456630897521972656e+02 1.616373682022094727e+02 5.388330650329589844e+02 1.526359534263610840e+02 5.302044105529785156e+02 1.397681236267089844e+02 1.000000000000000000e+00
5.653842163085937500e+02 1.931035745143890381e+02 5.586218833923339844e+02 1.843851578235626221e+02 5.501255607604980469e+02 1.718804168701171875e+02 1.000000000000000000e+00
4.836088562011718750e+02 1.619185137748718262e+02 4.773412513732910156e+02 1.529528117179870605e+02 4.688839721679687500e+02 1.402475237846374512e+02 1.000000000000000000e+00
4.853492736816406250e+02 1.739251542091369629e+02 4.784472370147705078e+02 1.649444675445556641e+02 4.695537757873535156e+02 1.519014072418212891e+02 1.000000000000000000e+00
5.828356933593750000e+02 1.762241148948669434e+02 5.764783287048339844e+02 1.674406099319458008e+02 5.678289794921875000e+02 1.549680447578430176e+02 1.000000000000000000e+00
5.800419998168945312e+02 1.919476604461669922e+02 5.733085441589355469e+02 1.831547820568084717e+02 5.649875450134277344e+02 1.708086061477661133e+02 1.000000000000000000e+00
5.818048095703125000e+02 1.979842650890350342e+02 5.750888061523437500e+02 1.892269098758697510e+02 5.666910362243652344e+02 1.769258880615234375e+02 1.000000000000000000e+00
5.227137565612792969e+02 1.713122963905334473e+02 5.157985877990722656e+02 1.621997451782226562e+02 5.069466209411621094e+02 1.493330812454223633e+02 1.000000000000000000e+00
4.097533321380615234e+02 2.766811251640319824e+02 4.095782756805419922e+02 2.695910668373107910e+02 4.074384212493896484e+02 2.585781562328338623e+02 2.000000000000000000e+00
4.837684059143066406e+02 2.819165682792663574e+02 4.835780906677246094e+02 2.748980748653411865e+02 4.815916252136230469e+02 2.641123366355895996e+02 2.000000000000000000e+00
5.141267204284667969e+02 2.516935890913009644e+02 5.139734458923339844e+02 2.447467347979545593e+02 5.120724487304687500e+02 2.340542601048946381e+02 2.000000000000000000e+00
4.004300594329833984e+02 2.538185128569602966e+02 4.002404785156250000e+02 2.466216892004013062e+02 3.981008911132812500e+02 2.355016019940376282e+02 2.000000000000000000e+00
4.881444358825683594e+02 2.596708989143371582e+02 4.879423522949218750e+02 2.526288610696792603e+02 4.860079383850097656e+02 2.419299928843975067e+02 2.000000000000000000e+00
5.079989051818847656e+02 2.568941652774810791e+02 5.078481864929199219e+02 2.499285131692886353e+02 5.059493064880371094e+02 2.392843932844698429e+02 2.000000000000000000e+00
4.895983314514160156e+02 2.512745520472526550e+02 4.894318008422851562e+02 2.442423248291015625e+02 4.874578666687011719e+02 2.335352933406829834e+02 2.000000000000000000e+00
4.818976211547851562e+02 2.530186316370964050e+02 4.817143630981445312e+02 2.459575961530208588e+02 4.797453975677490234e+02 2.352250362932682037e+02 2.000000000000000000e+00
4.999057388305664062e+02 2.595065313577651978e+02 4.997560119628906250e+02 2.525205087661743164e+02 4.978370666503906250e+02 2.418316956236958504e+02 2.000000000000000000e+00
4.509514808654785156e+02 2.539459696412086487e+02 4.507100868225097656e+02 2.468299564719200134e+02 4.483183002471923828e+02 2.359559780359268188e+02 2.000000000000000000e+00
4.175073528289794922e+02 2.733194911479949951e+02 4.173256587982177734e+02 2.662165850400924683e+02 4.152269649505615234e+02 2.552706921100616455e+02 2.000000000000000000e+00
4.896731567382812500e+02 2.824751293659210205e+02 4.894871520996093750e+02 2.754706728458404541e+02 4.875048255920410156e+02 2.647408157587051392e+02 2.000000000000000000e+00
4.977637100219726562e+02 2.850268900394439697e+02 4.976047134399414062e+02 2.780904257297515869e+02 4.955976676940917969e+02 2.674271249771118164e+02 2.000000000000000000e+00
3.846779775619506836e+02 2.274887081980705261e+02 3.844825744628906250e+02 2.202434384822845459e+02 3.824603891372680664e+02 2.090110766887664795e+02 2.000000000000000000e+00
5.008746719360351562e+02 2.538076329231262207e+02 5.007162475585937500e+02 2.468219608068466187e+02 4.988079833984375000e+02 2.361854092776775360e+02 2.000000000000000000e+00
4.942903709411621094e+02 2.627196353673934937e+02 4.941124534606933594e+02 2.557225191593170166e+02 4.921734046936035156e+02 2.450937657058238983e+02 2.000000000000000000e+00
4.831908226013183594e+02 2.455136874318122864e+02 4.829759597778320312e+02 2.384500731155276299e+02 4.809839248657226562e+02 2.276936790347099304e+02 2.000000000000000000e+00
4.746787738800048828e+02 2.897137784957885742e+02 4.745888710021972656e+02 2.827289772033691406e+02 4.726806640625000000e+02 2.719189774990081787e+02 2.000000000000000000e+00
4.199630451202392578e+02 2.530238959193229675e+02 4.197776794433593750e+02 2.458145754039287567e+02 4.176581096649169922e+02 2.348240813612937927e+02 2.000000000000000000e+00
4.047271728515625000e+02 2.667080694437026978e+02 4.045327758789062500e+02 2.596144723892211914e+02 4.025306701660156250e+02 2.488622134923934937e+02 2.000000000000000000e+00
5.074365806579589844e+02 2.737136256694793701e+02 5.072979164123535156e+02 2.667023330926895142e+02 5.053706932067871094e+02 2.557465821504592896e+02 2.000000000000000000e+00
5.061437797546386719e+02 2.686564046144485474e+02 5.059946250915527344e+02 2.616525882482528687e+02 5.040543937683105469e+02 2.507864838838577271e+02 2.000000000000000000e+00
4.138936519622802734e+02 2.524780279397964478e+02 4.137126445770263672e+02 2.452984468638896942e+02 4.116055011749267578e+02 2.342626185715198517e+02 2.000000000000000000e+00
4.126846599578857422e+02 2.605010998249053955e+02 4.124698543548583984e+02 2.533323982357978821e+02 4.103012084960937500e+02 2.422541505843400955e+02 2.000000000000000000e+00
4.029351806640625000e+02 2.698102122545242310e+02 4.027311706542968750e+02 2.627034920454025269e+02 4.007011413574218750e+02 2.518997812271118164e+02 2.000000000000000000e+00
5.026563072204589844e+02 2.776558256149291992e+02 5.025096130371093750e+02 2.706312882900238037e+02 5.004619789123535156e+02 2.599112248420715332e+02 2.000000000000000000e+00
4.984432792663574219e+02 2.511067512631416321e+02 4.982353782653808594e+02 2.441169892251491547e+02 4.963427162170410156e+02 2.334536585211753845e+02 2.000000000000000000e+00
4.957454490661621094e+02 2.524863284826278687e+02 4.955679321289062500e+02 2.454836887121200562e+02 4.936147499084472656e+02 2.348119197785854340e+02 2.000000000000000000e+00
5.018128967285156250e+02 2.749950277805328369e+02 5.016533851623535156e+02 2.680033886432647705e+02 4.996960830688476562e+02 2.571078193187713623e+02 2.000000000000000000e+00
4.466719722747802734e+02 2.543293011188507080e+02 4.464945983886718750e+02 2.472179567813873291e+02 4.440903663635253906e+02 2.363169859349727631e+02 2.000000000000000000e+00
4.105874919891357422e+02 2.501259469985961914e+02 4.103686523437500000e+02 2.428863984346389771e+02 4.082507324218750000e+02 2.318366387486457825e+02 2.000000000000000000e+00
