5.052442932128906250e+02 3.857928514480590820e+02 5.063271903991699219e+02 3.835314989089965820e+02 5.077434730529785156e+02 3.803078413009643555e+02 3.000000000000000000e+00
3.627213144302368164e+02 3.891476869583129883e+02 3.633817768096923828e+02 3.870654916763305664e+02 3.643364858627319336e+02 3.837143325805664062e+02 3.000000000000000000e+00
4.113627052307128906e+02 3.251064777374267578e+02 4.120414733886718750e+02 3.229715895652770996e+02 4.130554485321044922e+02 3.198749113082885742e+02 2.000000000000000000e+00
5.063492202758789062e+02 4.212130165100097656e+02 5.071267700195312500e+02 4.190886354446411133e+02 5.078851318359375000e+02 4.159166622161865234e+02 3.000000000000000000e+00
5.070741844177246094e+02 4.094511508941650391e+02 5.078433227539062500e+02 4.073047828674316406e+02 5.088698768615722656e+02 4.040876913070678711e+02 3.000000000000000000e+00
4.981051445007324219e+02 4.345877122879028320e+02 4.987907409667968750e+02 4.324438333511352539e+02 4.996165466308593750e+02 4.293140602111816406e+02 3.000000000000000000e+00
4.834868431091308594e+02 4.371400880813598633e+02 4.842892837524414062e+02 4.350121021270751953e+02 4.850631713867187500e+02 4.317608785629272461e+02 3.000000000000000000e+00
4.854630851745605469e+02 3.294798302650451660e+02 4.863486099243164062e+02 3.273818135261535645e+02 4.870966148376464844e+02 3.243501305580139160e+02 2.000000000000000000e+00
4.893892478942871094e+02 4.381140518188476562e+02 4.901616859436035156e+02 4.359356832504272461e+02 4.909246635437011719e+02 4.327500772476196289e+02 3.000000000000000000e+00
4.826495361328125000e+02 3.990596437454223633e+02 4.833561515808105469e+02 3.969439744949340820e+02 4.842838478088378906e+02 3.936832666397094727e+02 3.000000000000000000e+00
5.154315185546875000e+02 2.991966891288757324e+02 5.161027336120605469e+02 2.970997953414916992e+02 5.170256423950195312e+02 2.938559603691101074e+02 2.000000000000000000e+00
7.546241760253906250e+01 4.037679576873779297e+02 7.630979537963867188e+01 4.016183280944824219e+02 7.746385574340820312e+01 3.984862804412841797e+02 3.000000000000000000e+00
4.794560241699218750e+02 3.618666172027587891e+02 4.802312278747558594e+02 3.597491812705993652e+02 4.810871887207031250e+02 3.565132784843444824e+02 3.000000000000000000e+00
4.048905944824218750e+02 3.951167964935302734e+02 4.056909847259521484e+02 3.930523109436035156e+02 4.064439105987548828e+02 3.898393964767456055e+02 3.000000000000000000e+00
4.018980407714843750e+02 3.022502803802490234e+02 4.025680828094482422e+02 3.001872611045837402e+02 4.034866333007812500e+02 2.970231056213378906e+02 2.000000000000000000e+00
3.686848783493041992e+02 3.951513433456420898e+02 3.693601369857788086e+02 3.931038951873779297e+02 3.703001403808593750e+02 3.897404623031616211e+02 3.000000000000000000e+00
4.793490886688232422e+02 3.843325567245483398e+02 4.800975418090820312e+02 3.822014808654785156e+02 4.809340286254882812e+02 3.791982793807983398e+02 3.000000000000000000e+00
4.992587280273437500e+02 4.258324956893920898e+02 4.999942398071289062e+02 4.236811923980712891e+02 5.007813453674316406e+02 4.205785560607910156e+02 3.000000000000000000e+00
5.069047927856445312e+02 3.663254213333129883e+02 5.075320243835449219e+02 3.642053890228271484e+02 5.085448265075683594e+02 3.610647010803222656e+02 3.000000000000000000e+00
6.092569541931152344e+02 2.244636225700378418e+02 6.062688064575195312e+02 2.214058220386505127e+02 6.032623291015625000e+02 2.173622113466262817e+02 1.000000000000000000e+00
5.709030151367187500e+02 2.265697315335273743e+02 5.678188514709472656e+02 2.235786741971969604e+02 5.645052528381347656e+02 2.195943295955657959e+02 1.000000000000000000e+00
4.950160598754882812e+02 3.954297208786010742e+02 4.957493019104003906e+02 3.932959413528442383e+02 4.967461204528808594e+02 3.900121593475341797e+02 3.000000000000000000e+00
3.765201139450073242e+02 4.024423313140869141e+02 3.771774625778198242e+02 4.003030443191528320e+02 3.780118417739868164e+02 3.971819829940795898e+02 3.000000000000000000e+00
7.730875015258789062e+01 4.177740240097045898e+02 7.816648483276367188e+01 4.157178068161010742e+02 7.946115493774414062e+01 4.124810886383056641e+02 3.000000000000000000e+00
4.896589660644531250e+02 3.071364784240722656e+02 4.904274559020996094e+02 3.050917983055114746e+02 4.912733268737792969e+02 3.019904208183288574e+02 2.000000000000000000e+00
5.328224563598632812e+02 2.470804139971733093e+02 5.296532058715820312e+02 2.442658540606498718e+02 5.264885330200195312e+02 2.403275909554213285e+02 1.000000000000000000e+00
5.093995475769042969e+02 3.043111896514892578e+02 5.100893974304199219e+02 3.022186946868896484e+02 5.110373306274414062e+02 2.990529799461364746e+02 2.000000000000000000e+00
4.911178016662597656e+02 2.987090778350830078e+02 4.917403602600097656e+02 2.966464555263519287e+02 4.926858520507812500e+02 2.935570406913757324e+02 2.000000000000000000e+00
4.834174537658691406e+02 3.004488229751586914e+02 4.841006851196289062e+02 2.984334146976470947e+02 4.850042533874511719e+02 2.953949618339538574e+02 2.000000000000000000e+00
5.038790321350097656e+02 4.026729869842529297e+02 5.049483680725097656e+02 4.004008197784423828e+02 5.064729309082031250e+02 3.971399688720703125e+02 3.000000000000000000e+00
4.810664939880371094e+02 3.911131381988525391e+02 4.817311668395996094e+02 3.889455986022949219e+02 4.825993919372558594e+02 3.858560514450073242e+02 3.000000000000000000e+00
1.102638816833496094e+02 3.300222516059875488e+02 1.109858322143554688e+02 3.280806612968444824e+02 1.121565818786621094e+02 3.247485709190368652e+02 3.000000000000000000e+00
4.326483821868896484e+02 3.837382650375366211e+02 4.334162902832031250e+02 3.816761541366577148e+02 4.343549251556396484e+02 3.786258029937744141e+02 3.000000000000000000e+00
5.929648399353027344e+02 2.415246125310659409e+02 5.900261306762695312e+02 2.385345000028610229e+02 5.867576980590820312e+02 2.346927031874656677e+02 1.000000000000000000e+00
5.013271522521972656e+02 3.068801879882812500e+02 5.020157241821289062e+02 3.047794532775878906e+02 5.029234313964843750e+02 3.016632413864135742e+02 2.000000000000000000e+00
5.317167472839355469e+02 2.144215840101242065e+02 5.286236000061035156e+02 2.114971143007278442e+02 5.254835891723632812e+02 2.074828612804412842e+02 1.000000000000000000e+00
4.795728492736816406e+02 3.764329576492309570e+02 4.803966331481933594e+02 3.742746305465698242e+02 4.811952590942382812e+02 3.712857484817504883e+02 3.000000000000000000e+00
4.515208148956298828e+02 3.018346309661865234e+02 4.522514629364013672e+02 2.997463095188140869e+02 4.532494831085205078e+02 2.966354691982269287e+02 2.000000000000000000e+00
4.192352962493896484e+02 3.218032550811767578e+02 4.199163246154785156e+02 3.197071909904479980e+02 4.207991981506347656e+02 3.164939904212951660e+02 2.000000000000000000e+00
4.556415462493896484e+02 4.123065519332885742e+02 4.563566875457763672e+02 4.101849460601806641e+02 4.573024940490722656e+02 4.070217132568359375e+02 3.000000000000000000e+00
6.019991493225097656e+02 2.437235719710588455e+02 5.993059158325195312e+02 2.408413086645305157e+02 5.959546470642089844e+02 2.369015959650278091e+02 1.000000000000000000e+00
6.070674514770507812e+02 2.432599642127752304e+02 6.042919921875000000e+02 2.403615265153348446e+02 6.011494255065917969e+02 2.364160765707492828e+02 1.000000000000000000e+00
4.913298034667968750e+02 3.301120376586914062e+02 4.921980285644531250e+02 3.279525160789489746e+02 4.929512023925781250e+02 3.249079656600952148e+02 2.000000000000000000e+00
5.037559318542480469e+02 3.932403087615966797e+02 5.048637199401855469e+02 3.909444665908813477e+02 5.063072586059570312e+02 3.876286697387695312e+02 3.000000000000000000e+00
4.994073295593261719e+02 3.328491282463073730e+02 5.002823257446289062e+02 3.306783771514892578e+02 5.009294128417968750e+02 3.275175547599792480e+02 2.000000000000000000e+00
1.002448272705078125e+02 3.238662171363830566e+02 1.010010719299316406e+02 3.218445754051208496e+02 1.020956802368164062e+02 3.185697984695434570e+02 3.000000000000000000e+00
9.417108535766601562e+01 4.200522279739379883e+02 9.508886337280273438e+01 4.182991361618041992e+02 9.612394332885742188e+01 4.147664594650268555e+02 3.000000000000000000e+00
4.877520751953125000e+02 3.951407575607299805e+02 4.884360313415527344e+02 3.929975938796997070e+02 4.893964004516601562e+02 3.897164011001586914e+02 3.000000000000000000e+00
5.940567016601562500e+02 2.483484810590744019e+02 5.910853385925292969e+02 2.453252872824668884e+02 5.878334999084472656e+02 2.415158386901021004e+02 1.000000000000000000e+00
5.641287803649902344e+02 2.783612680435180664e+02 5.617384719848632812e+02 2.755847489833831787e+02 5.596022987365722656e+02 2.718057274818420410e+02 1.000000000000000000e+00
8.062532424926757812e+01 2.928425323963165283e+02 8.137033462524414062e+01 2.910571610927581787e+02 8.243894577026367188e+01 2.876810324192047119e+02 3.000000000000000000e+00
5.591736412048339844e+02 2.284397426247596741e+02 5.559117507934570312e+02 2.255017232894897461e+02 5.526306152343750000e+02 2.215955489873886108e+02 1.000000000000000000e+00
1.158068656921386719e+02 2.568131411075592041e+02 1.164593505859375000e+02 2.549103248119354248e+02 1.176037216186523438e+02 2.516646578907966614e+02 3.000000000000000000e+00
5.189901733398437500e+02 2.294746854901313782e+02 5.157849693298339844e+02 2.265741115808486938e+02 5.127165031433105469e+02 2.225795584917068481e+02 1.000000000000000000e+00
5.591424560546875000e+02 2.408123016916215420e+02 5.560981559753417969e+02 2.379833525419235229e+02 5.525925254821777344e+02 2.340340420603752136e+02 1.000000000000000000e+00
9.617124557495117188e+01 2.427211305499076843e+02 9.689752578735351562e+01 2.408511810936033726e+02 9.797857284545898438e+01 2.376199950277805328e+02 3.000000000000000000e+00
5.532022666931152344e+02 2.280371546745300293e+02 5.498306846618652344e+02 2.251452326774597168e+02 5.466470909118652344e+02 2.212591856718063354e+02 1.000000000000000000e+00
1.144197273254394531e+02 2.921721839904785156e+02 1.153047180175781250e+02 2.902814054489135742e+02 1.161785697937011719e+02 2.869943583011627197e+02 3.000000000000000000e+00
5.217927360534667969e+02 2.230998373031616211e+02 5.186836624145507812e+02 2.202214032411575317e+02 5.154905509948730469e+02 2.162793874740600586e+02 1.000000000000000000e+00
3.860971069335937500e+02 2.761210942268371582e+02 3.866692829132080078e+02 2.740675663948059082e+02 3.875725698471069336e+02 2.708287990093231201e+02 2.000000000000000000e+00
4.059788513183593750e+02 3.881846666336059570e+02 4.067774391174316406e+02 3.861045312881469727e+02 4.075395870208740234e+02 3.829061079025268555e+02 3.000000000000000000e+00
4.449198055267333984e+02 4.116781139373779297e+02 4.456354713439941406e+02 4.095954608917236328e+02 4.465527629852294922e+02 4.065140819549560547e+02 3.000000000000000000e+00
6.217269325256347656e+02 2.322428888082504272e+02 6.189099693298339844e+02 2.292593988776206970e+02 6.157742309570312500e+02 2.252045282721519470e+02 1.000000000000000000e+00
5.346380043029785156e+02 2.234925681352615356e+02 5.314453697204589844e+02 2.206106704473495483e+02 5.282450675964355469e+02 2.166681504249572754e+02 1.000000000000000000e+00
3.933496713638305664e+02 3.611582422256469727e+02 3.940223073959350586e+02 3.590876197814941406e+02 3.949386310577392578e+02 3.558398509025573730e+02 3.000000000000000000e+00
5.376213455200195312e+02 2.394868011027574539e+02 5.344894409179687500e+02 2.366006467491388321e+02 5.313133049011230469e+02 2.327339780330657959e+02 1.000000000000000000e+00
5.380786705017089844e+02 2.454570163786411285e+02 5.348748207092285156e+02 2.425606691837310791e+02 5.317348098754882812e+02 2.386299742385745049e+02 1.000000000000000000e+00
9.638994216918945312e+01 3.116424608230590820e+02 9.711795806884765625e+01 3.096141099929809570e+02 9.821603775024414062e+01 3.063361573219299316e+02 3.000000000000000000e+00
3.746343088150024414e+02 3.942720651626586914e+02 3.753269672393798828e+02 3.922196674346923828e+02 3.762243986129760742e+02 3.889126682281494141e+02 3.000000000000000000e+00
5.624437904357910156e+02 2.262503957748413086e+02 5.592502403259277344e+02 2.232185965776443481e+02 5.559062004089355469e+02 2.193401938676834106e+02 1.000000000000000000e+00
5.562416458129882812e+02 2.262826985120773315e+02 5.528687858581542969e+02 2.232655942440032959e+02 5.496068763732910156e+02 2.194091641902923584e+02 1.000000000000000000e+00
4.977891540527343750e+02 3.690462970733642578e+02 4.983881568908691406e+02 3.669046640396118164e+02 4.993459892272949219e+02 3.637576389312744141e+02 3.000000000000000000e+00
5.022640419006347656e+02 3.012157917022705078e+02 5.029668998718261719e+02 2.991180467605590820e+02 5.039162254333496094e+02 2.960002791881561279e+02 2.000000000000000000e+00
5.047387695312500000e+02 4.367809009552001953e+02 5.054394531250000000e+02 4.346400260925292969e+02 5.062799072265625000e+02 4.314813995361328125e+02 3.000000000000000000e+00
4.957804870605468750e+02 3.100956130027770996e+02 4.965810012817382812e+02 3.079957008361816406e+02 4.974182701110839844e+02 3.048985004425048828e+02 2.000000000000000000e+00
6.012454795837402344e+02 2.326989130675792694e+02 5.983043861389160156e+02 2.296689596772193909e+02 5.950924110412597656e+02 2.257053977251052856e+02 1.000000000000000000e+00
4.741158771514892578e+02 4.299966287612915039e+02 4.748861122131347656e+02 4.278618192672729492e+02 4.757298946380615234e+02 4.245904970169067383e+02 3.000000000000000000e+00
8.134737014770507812e+01 3.132788443565368652e+02 8.180870056152343750e+01 3.112550067901611328e+02 8.320777893066406250e+01 3.078920030593872070e+02 3.000000000000000000e+00
6.107812500000000000e+02 2.438352817296981812e+02 6.080834960937500000e+02 2.409361115097999573e+02 6.049483680725097656e+02 2.370060423016548157e+02 1.000000000000000000e+00
6.103119468688964844e+02 2.475941625237464905e+02 6.075687217712402344e+02 2.446906587481498718e+02 6.044207763671875000e+02 2.407413635775446892e+02 1.000000000000000000e+00
5.980571937561035156e+02 2.209985035657882690e+02 5.947918701171875000e+02 2.179002374410629272e+02 5.917459106445312500e+02 2.138523691892623901e+02 1.000000000000000000e+00
3.286835634708404541e+02 3.659258794784545898e+02 3.294671326875686646e+02 3.639643621444702148e+02 3.303407895565032959e+02 3.606691074371337891e+02 3.000000000000000000e+00
9.958873748779296875e+01 2.538043525815010071e+02 1.002974128723144531e+02 2.519314429163932800e+02 1.013855743408203125e+02 2.486642003059387207e+02 3.000000000000000000e+00
5.095922851562500000e+02 4.154054689407348633e+02 5.103248977661132812e+02 4.133009147644042969e+02 5.111842918395996094e+02 4.101716136932373047e+02 3.000000000000000000e+00
3.195726623386144638e+02 3.728601694107055664e+02 3.203886413574218750e+02 3.708672809600830078e+02 3.212752380967140198e+02 3.676028823852539062e+02 3.000000000000000000e+00
6.035878944396972656e+02 2.426600801199674606e+02 6.009060668945312500e+02 2.397699432307854295e+02 5.975993728637695312e+02 2.358309325575828552e+02 1.000000000000000000e+00
1.069457435607910156e+02 4.143157768249511719e+02 1.078203392028808594e+02 4.126037979125976562e+02 1.089301872253417969e+02 4.092280912399291992e+02 3.000000000000000000e+00
4.430517005920410156e+02 3.851807069778442383e+02 4.438414669036865234e+02 3.830835914611816406e+02 4.446761512756347656e+02 3.799011039733886719e+02 3.000000000000000000e+00
1.105891227722167969e+02 3.168982601165771484e+02 1.113706016540527344e+02 3.150059866905212402e+02 1.124732971191406250e+02 3.116456937789916992e+02 3.000000000000000000e+00
3.235759583115577698e+02 3.894949722290039062e+02 3.243283692002296448e+02 3.875356149673461914e+02 3.252972716093063354e+02 3.843055200576782227e+02 3.000000000000000000e+00
6.140123939514160156e+02 2.527970132231712341e+02 6.113026809692382812e+02 2.499152380228042603e+02 6.083870315551757812e+02 2.460013277828693390e+02 1.000000000000000000e+00
4.450492286682128906e+02 4.245173692703247070e+02 4.456562805175781250e+02 4.225617742538452148e+02 4.466704463958740234e+02 4.192273950576782227e+02 3.000000000000000000e+00
4.800007629394531250e+02 4.291052055358886719e+02 4.808124732971191406e+02 4.268995714187622070e+02 4.816036033630371094e+02 4.237148237228393555e+02 3.000000000000000000e+00
5.358834838867187500e+02 2.130074447393417358e+02 5.328281211853027344e+02 2.100683569908142090e+02 5.297490882873535156e+02 2.060957622528076172e+02 1.000000000000000000e+00
5.747989463806152344e+02 2.291143485903739929e+02 5.718733024597167969e+02 2.261323383450508118e+02 5.685208129882812500e+02 2.221594387292861938e+02 1.000000000000000000e+00
9.794708251953125000e+01 2.973823571205139160e+02 9.858991622924804688e+01 2.956416034698486328e+02 9.970220565795898438e+01 2.922174096107482910e+02 3.000000000000000000e+00
5.077340698242187500e+02 3.733454990386962891e+02 5.084243202209472656e+02 3.711221408843994141e+02 5.094393920898437500e+02 3.679522705078125000e+02 3.000000000000000000e+00
6.224763298034667969e+02 2.475985416769981384e+02 6.198655509948730469e+02 2.447123721241950989e+02 6.167858886718750000e+02 2.407198791950941086e+02 1.000000000000000000e+00
5.873745727539062500e+02 2.213939344882965088e+02 5.844743156433105469e+02 2.184000241756439209e+02 5.811951255798339844e+02 2.143250727653503418e+02 1.000000000000000000e+00
3.987166166305541992e+02 3.733064603805541992e+02 3.994300222396850586e+02 3.711946535110473633e+02 4.004090023040771484e+02 3.680653095245361328e+02 3.000000000000000000e+00
8.833446502685546875e+01 4.120849657058715820e+02 8.913167953491210938e+01 4.101879072189331055e+02 9.038370132446289062e+01 4.066908359527587891e+02 3.000000000000000000e+00
3.351654052734375000e+02 3.883263587951660156e+02 3.359083259105682373e+02 3.862709140777587891e+02 3.368597722053527832e+02 3.830413627624511719e+02 3.000000000000000000e+00
3.225497132539749146e+02 3.483589553833007812e+02 3.232720032334327698e+02 3.462934327125549316e+02 3.242798158526420593e+02 3.431456351280212402e+02 3.000000000000000000e+00
4.210842895507812500e+02 3.925858497619628906e+02 4.218791484832763672e+02 3.905224943161010742e+02 4.227014446258544922e+02 3.873765993118286133e+02 3.000000000000000000e+00
4.808897781372070312e+02 3.696681261062622070e+02 4.817351722717285156e+02 3.675660753250122070e+02 4.825761795043945312e+02 3.643686246871948242e+02 3.000000000000000000e+00
9.931100845336914062e+01 2.873567819595336914e+02 9.978626251220703125e+01 2.855949103832244873e+02 1.010384368896484375e+02 2.821796607971191406e+02 3.000000000000000000e+00
2.775076580047607422e+02 3.353885579109191895e+02 2.783079195022583008e+02 3.333596563339233398e+02 2.793581533432006836e+02 3.302007794380187988e+02 3.000000000000000000e+00
3.545401310920715332e+02 3.980773687362670898e+02 3.551784062385559082e+02 3.960197210311889648e+02 3.561556696891784668e+02 3.926561307907104492e+02 3.000000000000000000e+00
3.285172426700592041e+02 3.760062646865844727e+02 3.292963260412216187e+02 3.740200853347778320e+02 3.301932370662689209e+02 3.707635259628295898e+02 3.000000000000000000e+00
5.307479858398437500e+02 2.429099122434854507e+02 5.275934410095214844e+02 2.401373291155323386e+02 5.244329261779785156e+02 2.362666013091802597e+02 1.000000000000000000e+00
4.846165847778320312e+02 2.929180026054382324e+02 4.852730178833007812e+02 2.909098219871520996e+02 4.862278747558593750e+02 2.878611481189727783e+02 2.000000000000000000e+00
4.933063125610351562e+02 4.119085836410522461e+02 4.940516471862792969e+02 4.097546482086181641e+02 4.949410438537597656e+02 4.065981531143188477e+02 3.000000000000000000e+00
4.875208091735839844e+02 4.255342483520507812e+02 4.883793640136718750e+02 4.233487701416015625e+02 4.891046142578125000e+02 4.202769613265991211e+02 3.000000000000000000e+00
7.741786956787109375e+01 3.886252784729003906e+02 7.840494155883789062e+01 3.867263889312744141e+02 7.941919326782226562e+01 3.833726263046264648e+02 3.000000000000000000e+00
3.960266447067260742e+02 3.948044872283935547e+02 3.967720365524291992e+02 3.927377986907958984e+02 3.975787353515625000e+02 3.895542383193969727e+02 3.000000000000000000e+00
5.666944694519042969e+02 2.729107689857482910e+02 5.642546463012695312e+02 2.701890277862548828e+02 5.618372154235839844e+02 2.663513195514678955e+02 1.000000000000000000e+00
4.960181236267089844e+02 3.855903053283691406e+02 4.967594909667968750e+02 3.834434223175048828e+02 4.977614784240722656e+02 3.803035926818847656e+02 3.000000000000000000e+00
4.979784202575683594e+02 3.758324718475341797e+02 4.985603332519531250e+02 3.737019109725952148e+02 4.995285606384277344e+02 3.705773735046386719e+02 3.000000000000000000e+00
4.869922447204589844e+02 3.687389230728149414e+02 4.878662109375000000e+02 3.666337680816650391e+02 4.886180496215820312e+02 3.634461164474487305e+02 3.000000000000000000e+00
8.691860198974609375e+01 2.869668924808502197e+02 8.758306503295898438e+01 2.851977252960205078e+02 8.863348007202148438e+01 2.817789924144744873e+02 3.000000000000000000e+00
6.000440788269042969e+02 2.262617334723472595e+02 5.967761802673339844e+02 2.231811815500259399e+02 5.937663650512695312e+02 2.191524338722229004e+02 1.000000000000000000e+00
3.458565068244934082e+02 4.091899538040161133e+02 3.466252756118774414e+02 4.071362113952636719e+02 3.475839233398437500e+02 4.039106225967407227e+02 3.000000000000000000e+00
5.661427688598632812e+02 2.300781700015068054e+02 5.629003334045410156e+02 2.272182610630989075e+02 5.596536827087402344e+02 2.231439507007598877e+02 1.000000000000000000e+00
3.897023344039916992e+02 3.737699604034423828e+02 3.904012441635131836e+02 3.716533899307250977e+02 3.913902282714843750e+02 3.685794782638549805e+02 3.000000000000000000e+00
1.001549530029296875e+02 3.299081182479858398e+02 1.008978080749511719e+02 3.280068397521972656e+02 1.019683837890625000e+02 3.246764588356018066e+02 3.000000000000000000e+00
4.816166687011718750e+02 3.559097385406494141e+02 4.823651504516601562e+02 3.538017654418945312e+02 4.832690429687500000e+02 3.505683946609497070e+02 3.000000000000000000e+00
3.223266907036304474e+02 3.543142175674438477e+02 3.230616456270217896e+02 3.522562623023986816e+02 3.239955446124076843e+02 3.490854835510253906e+02 3.000000000000000000e+00
3.980490446090698242e+02 3.869365882873535156e+02 3.987909269332885742e+02 3.848602008819580078e+02 3.996063566207885742e+02 3.816849088668823242e+02 3.000000000000000000e+00
4.751775836944580078e+02 3.375360131263732910e+02 4.758190059661865234e+02 3.353970694541931152e+02 4.769093608856201172e+02 3.323446369171142578e+02 2.000000000000000000e+00
4.865186882019042969e+02 3.754758024215698242e+02 4.873773193359375000e+02 3.733455562591552734e+02 4.880790138244628906e+02 3.703196239471435547e+02 3.000000000000000000e+00
4.213512325286865234e+02 3.011200618743896484e+02 4.219628334045410156e+02 2.989976835250854492e+02 4.229861164093017578e+02 2.960518527030944824e+02 2.000000000000000000e+00
3.864287137985229492e+02 3.867260169982910156e+02 3.870521879196166992e+02 3.845692205429077148e+02 3.880840158462524414e+02 3.815364789962768555e+02 3.000000000000000000e+00
5.573659133911132812e+02 2.308029019832611084e+02 5.540557861328125000e+02 2.278525230288505554e+02 5.507745933532714844e+02 2.239634853601455688e+02 1.000000000000000000e+00
4.181660747528076172e+02 4.152895259857177734e+02 4.189521217346191406e+02 4.131645584106445312e+02 4.198260498046875000e+02 4.100548124313354492e+02 3.000000000000000000e+00
3.767498159408569336e+02 3.776140451431274414e+02 3.774207448959350586e+02 3.754953432083129883e+02 3.784453439712524414e+02 3.724266672134399414e+02 3.000000000000000000e+00
4.371304321289062500e+02 3.613854789733886719e+02 4.378647136688232422e+02 3.593242549896240234e+02 4.387973976135253906e+02 3.561654138565063477e+02 3.000000000000000000e+00
1.083465003967285156e+02 3.230099201202392578e+02 1.090997505187988281e+02 3.210370516777038574e+02 1.102353477478027344e+02 3.176989173889160156e+02 3.000000000000000000e+00
9.793905258178710938e+01 2.742385268211364746e+02 9.863241195678710938e+01 2.724210834503173828e+02 9.972393035888671875e+01 2.691149604320526123e+02 3.000000000000000000e+00
4.852397537231445312e+02 3.853454732894897461e+02 4.859408950805664062e+02 3.832077455520629883e+02 4.867963600158691406e+02 3.801749324798583984e+02 3.000000000000000000e+00
3.856481647491455078e+02 4.310196876525878906e+02 3.864663076400756836e+02 4.288809585571289062e+02 3.873674917221069336e+02 4.256540250778198242e+02 3.000000000000000000e+00
9.655588150024414062e+01 3.932808923721313477e+02 9.729934692382812500e+01 3.913295316696166992e+02 9.846681594848632812e+01 3.880776071548461914e+02 3.000000000000000000e+00
4.750712299346923828e+02 3.920615243911743164e+02 4.757349300384521484e+02 3.898815679550170898e+02 4.766122722625732422e+02 3.868299007415771484e+02 3.000000000000000000e+00
3.335858154296875000e+02 3.701190519332885742e+02 3.343769538402557373e+02 3.681035184860229492e+02 3.352594602108001709e+02 3.648555707931518555e+02 3.000000000000000000e+00
5.622264480590820312e+02 2.300518637895584106e+02 5.589721107482910156e+02 2.271414023637771606e+02 5.556530761718750000e+02 2.231472766399383545e+02 1.000000000000000000e+00
3.630160856246948242e+02 3.763744640350341797e+02 3.636050748825073242e+02 3.742624568939208984e+02 3.645977783203125000e+02 3.710406017303466797e+02 3.000000000000000000e+00
4.204923439025878906e+02 4.326461935043334961e+02 4.212590312957763672e+02 4.305707216262817383e+02 4.220923519134521484e+02 4.274069309234619141e+02 3.000000000000000000e+00
1.095116043090820312e+02 2.675273752212524414e+02 1.101988410949707031e+02 2.657500630617141724e+02 1.112982749938964844e+02 2.624355787038803101e+02 3.000000000000000000e+00
5.197661209106445312e+02 1.133078956604003906e+02 5.202294349670410156e+02 1.110062026977539062e+02 5.214176750183105469e+02 1.078572463989257812e+02 3.000000000000000000e+00
1.148480796813964844e+02 2.862386190891265869e+02 1.156676292419433594e+02 2.843378019332885742e+02 1.165740585327148438e+02 2.810703134536743164e+02 3.000000000000000000e+00
3.136000669002532959e+02 3.863497638702392578e+02 3.143760681152343750e+02 3.844336080551147461e+02 3.152119138836860657e+02 3.812117671966552734e+02 3.000000000000000000e+00
4.063945960998535156e+02 3.154446172714233398e+02 4.070742511749267578e+02 3.132973694801330566e+02 4.080589962005615234e+02 3.102673101425170898e+02 2.000000000000000000e+00
3.817792987823486328e+02 3.818063735961914062e+02 3.824284982681274414e+02 3.796618080139160156e+02 3.834454965591430664e+02 3.765879249572753906e+02 3.000000000000000000e+00
4.286102008819580078e+02 4.045049858093261719e+02 4.293410968780517578e+02 4.024409580230712891e+02 4.302846431732177734e+02 3.992798852920532227e+02 3.000000000000000000e+00
3.516110539436340332e+02 3.836056852340698242e+02 3.522777104377746582e+02 3.816109943389892578e+02 3.532874155044555664e+02 3.783844327926635742e+02 3.000000000000000000e+00
3.429138803482055664e+02 3.815495395660400391e+02 3.437804269790649414e+02 3.794993734359741211e+02 3.446507883071899414e+02 3.762981605529785156e+02 3.000000000000000000e+00
3.290484011173248291e+02 3.890477085113525391e+02 3.298135679960250854e+02 3.869359159469604492e+02 3.307518005371093750e+02 3.837099123001098633e+02 3.000000000000000000e+00
5.844556999206542969e+02 2.181009203195571899e+02 5.814853477478027344e+02 2.151387315988540649e+02 5.782763099670410156e+02 2.110422813892364502e+02 1.000000000000000000e+00
1.093401145935058594e+02 2.971212780475616455e+02 1.101771926879882812e+02 2.951781642436981201e+02 1.111000061035156250e+02 2.919012773036956787e+02 3.000000000000000000e+00
3.927954101562500000e+02 3.531012010574340820e+02 3.934798002243041992e+02 3.510112023353576660e+02 3.944001770019531250e+02 3.477456736564636230e+02 3.000000000000000000e+00
3.388254094123840332e+02 4.068299961090087891e+02 3.396006476879119873e+02 4.047897148132324219e+02 3.405657052993774414e+02 4.016312885284423828e+02 3.000000000000000000e+00
6.041670036315917969e+02 2.481744995713233948e+02 6.014607620239257812e+02 2.453160099685192108e+02 5.981862258911132812e+02 2.413465729728341103e+02 1.000000000000000000e+00
8.489116668701171875e+01 2.698545545339584351e+02 8.554702758789062500e+01 2.680264610052108765e+02 8.672655105590820312e+01 2.646822524070739746e+02 3.000000000000000000e+00
5.231307983398437500e+02 2.179159229993820190e+02 5.199412345886230469e+02 2.150904375314712524e+02 5.167570304870605469e+02 2.110989671945571899e+02 1.000000000000000000e+00
4.461475849151611328e+02 3.617313337326049805e+02 4.468732643127441406e+02 3.596291899681091309e+02 4.477452373504638672e+02 3.564589905738830566e+02 3.000000000000000000e+00
5.255757522583007812e+02 2.301983785629272461e+02 5.223379516601562500e+02 2.273892357945442200e+02 5.191422080993652344e+02 2.234370875358581543e+02 1.000000000000000000e+00
4.728277015686035156e+02 3.978584718704223633e+02 4.735272884368896484e+02 3.957680511474609375e+02 4.744630718231201172e+02 3.925767660140991211e+02 3.000000000000000000e+00
5.090909385681152344e+02 3.207609629631042480e+02 5.097711563110351562e+02 3.186016559600830078e+02 5.106708335876464844e+02 3.155067801475524902e+02 2.000000000000000000e+00
4.084472942352294922e+02 4.176924562454223633e+02 4.092455196380615234e+02 4.155734395980834961e+02 4.101357173919677734e+02 4.124756813049316406e+02 3.000000000000000000e+00
5.075868797302246094e+02 3.160342454910278320e+02 5.083143997192382812e+02 3.138154935836791992e+02 5.092167472839355469e+02 3.107423472404479980e+02 2.000000000000000000e+00
4.070527362823486328e+02 4.263913679122924805e+02 4.078250789642333984e+02 4.243175697326660156e+02 4.086762714385986328e+02 4.211560106277465820e+02 3.000000000000000000e+00
1.097856903076171875e+02 3.382376432418823242e+02 1.106047058105468750e+02 3.362290120124816895e+02 1.117107200622558594e+02 3.328661870956420898e+02 3.000000000000000000e+00
4.213993835449218750e+02 4.084221839904785156e+02 4.221691322326660156e+02 4.063390302658081055e+02 4.231425762176513672e+02 4.031689596176147461e+02 3.000000000000000000e+00
1.111923027038574219e+02 3.047425246238708496e+02 1.120553588867187500e+02 3.028372550010681152e+02 1.129737281799316406e+02 2.995877408981323242e+02 3.000000000000000000e+00
3.437787175178527832e+02 3.875616502761840820e+02 3.446403813362121582e+02 3.855148029327392578e+02 3.455431532859802246e+02 3.823145198822021484e+02 3.000000000000000000e+00
3.285566103458404541e+02 4.101084136962890625e+02 3.294708251953125000e+02 4.080261611938476562e+02 3.303134763240814209e+02 4.048353624343872070e+02 3.000000000000000000e+00
4.645777893066406250e+02 1.277935123443603516e+02 4.652868652343750000e+02 1.256114816665649414e+02 4.664629554748535156e+02 1.225504517555236816e+02 3.000000000000000000e+00
3.209923096001148224e+02 3.599770259857177734e+02 3.217431946098804474e+02 3.579851746559143066e+02 3.226274719834327698e+02 3.547301673889160156e+02 3.000000000000000000e+00
3.255402529239654541e+02 3.818029832839965820e+02 3.263424682617187500e+02 3.797808551788330078e+02 3.272569888830184937e+02 3.765677261352539062e+02 3.000000000000000000e+00
4.292833900451660156e+02 3.965220165252685547e+02 4.300133037567138672e+02 3.945151805877685547e+02 4.309287452697753906e+02 3.912794923782348633e+02 3.000000000000000000e+00
4.152302265167236328e+02 3.007000780105590820e+02 4.159299659729003906e+02 2.986157548427581787e+02 4.168337154388427734e+02 2.955409276485443115e+02 2.000000000000000000e+00
1.078377723693847656e+02 3.883508348464965820e+02 1.087527084350585938e+02 3.863563013076782227e+02 1.097771644592285156e+02 3.831363344192504883e+02 3.000000000000000000e+00
2.890666794776916504e+02 3.426894879341125488e+02 2.899123215675354004e+02 3.406672739982604980e+02 2.909012436866760254e+02 3.374741578102111816e+02 3.000000000000000000e+00
4.140346717834472656e+02 3.086563181877136230e+02 4.147250366210937500e+02 3.065284466743469238e+02 4.156725788116455078e+02 3.035576820373535156e+02 2.000000000000000000e+00
3.833197927474975586e+02 3.441548180580139160e+02 3.840036010742187500e+02 3.421197223663330078e+02 3.848949003219604492e+02 3.387310266494750977e+02 3.000000000000000000e+00
3.137970882654190063e+02 3.647882080078125000e+02 3.145384520292282104e+02 3.627985239028930664e+02 3.154957884550094604e+02 3.595256423950195312e+02 3.000000000000000000e+00
4.046484661102294922e+02 3.185227990150451660e+02 4.053260803222656250e+02 3.163589787483215332e+02 4.063601398468017578e+02 3.133495831489562988e+02 2.000000000000000000e+00
3.645779132843017578e+02 3.675228309631347656e+02 3.652605009078979492e+02 3.653707695007324219e+02 3.661937856674194336e+02 3.620949411392211914e+02 3.000000000000000000e+00
3.943041992187500000e+02 4.302401876449584961e+02 3.951182889938354492e+02 4.281743860244750977e+02 3.960128784179687500e+02 4.249494695663452148e+02 3.000000000000000000e+00
5.041806602478027344e+02 3.252459740638732910e+02 5.048854064941406250e+02 3.230481290817260742e+02 5.057760429382324219e+02 3.199397635459899902e+02 2.000000000000000000e+00
4.350775432586669922e+02 3.691939401626586914e+02 4.358514690399169922e+02 3.670929050445556641e+02 4.367075824737548828e+02 3.639024782180786133e+02 3.000000000000000000e+00
2.631415700912475586e+02 3.510098290443420410e+02 2.638029766082763672e+02 3.490231060981750488e+02 2.647380352020263672e+02 3.458884978294372559e+02 3.000000000000000000e+00
6.200560951232910156e+02 2.318005827069282532e+02 6.172562217712402344e+02 2.288090506196022034e+02 6.141265296936035156e+02 2.247477722167968750e+02 1.000000000000000000e+00
1.002430343627929688e+02 3.444493746757507324e+02 1.009603500366210938e+02 3.425723648071289062e+02 1.021266365051269531e+02 3.390990972518920898e+02 3.000000000000000000e+00
1.162979125976562500e+02 2.802233898639678955e+02 1.170423698425292969e+02 2.782945275306701660e+02 1.180688476562500000e+02 2.751091039180755615e+02 3.000000000000000000e+00
6.172728347778320312e+02 2.468459782004356384e+02 6.146775627136230469e+02 2.440100862085819244e+02 6.116279983520507812e+02 2.400149993912782520e+02 1.000000000000000000e+00
6.194640541076660156e+02 2.528157815337181091e+02 6.169476890563964844e+02 2.499982461333274841e+02 6.137984657287597656e+02 2.459846958518028259e+02 1.000000000000000000e+00
4.999392127990722656e+02 2.985269486904144287e+02 5.006550407409667969e+02 2.964578890800476074e+02 5.015404319763183594e+02 2.933200085163116455e+02 2.000000000000000000e+00
5.638003540039062500e+02 2.275812220573425293e+02 5.606679725646972656e+02 2.246086120605468750e+02 5.573060989379882812e+02 2.206853020191192627e+02 1.000000000000000000e+00
3.953077411651611328e+02 4.079270696640014648e+02 3.960918569564819336e+02 4.058062505722045898e+02 3.970289945602416992e+02 4.024880504608154297e+02 3.000000000000000000e+00
4.237422180175781250e+02 4.248559999465942383e+02 4.245180702209472656e+02 4.227272701263427734e+02 4.253828144073486328e+02 4.196195840835571289e+02 3.000000000000000000e+00
3.063654172420501709e+02 3.982615756988525391e+02 3.071688234806060791e+02 3.963443756103515625e+02 3.080116271972656250e+02 3.930366325378417969e+02 3.000000000000000000e+00
4.333366680145263672e+02 4.094650411605834961e+02 4.342396831512451172e+02 4.074142599105834961e+02 4.350486183166503906e+02 4.043038129806518555e+02 3.000000000000000000e+00
3.530760812759399414e+02 4.033210802078247070e+02 3.537488412857055664e+02 4.012283134460449219e+02 3.547202754020690918e+02 3.980289030075073242e+02 3.000000000000000000e+00
3.300138556957244873e+02 3.386428284645080566e+02 3.306846928596496582e+02 3.366016316413879395e+02 3.318211674690246582e+02 3.335137367248535156e+02 3.000000000000000000e+00
4.144439125061035156e+02 4.305163908004760742e+02 4.152548503875732422e+02 4.284333944320678711e+02 4.160920429229736328e+02 4.252679586410522461e+02 3.000000000000000000e+00
4.549337196350097656e+02 3.587732291221618652e+02 4.555776405334472656e+02 3.565846323966979980e+02 4.565074443817138672e+02 3.535083031654357910e+02 3.000000000000000000e+00
4.972516441345214844e+02 2.998981046676635742e+02 4.979157447814941406e+02 2.978108847141265869e+02 4.989066123962402344e+02 2.946793556213378906e+02 2.000000000000000000e+00
2.678993511199951172e+02 3.312124371528625488e+02 2.686800241470336914e+02 3.291889715194702148e+02 2.696238088607788086e+02 3.260010409355163574e+02 3.000000000000000000e+00
4.411945533752441406e+02 4.043800449371337891e+02 4.420234680175781250e+02 4.023058605194091797e+02 4.427622985839843750e+02 3.991803359985351562e+02 3.000000000000000000e+00
1.363753700256347656e+02 2.624664312601089478e+02 1.371357917785644531e+02 2.605930799245834351e+02 1.381428718566894531e+02 2.573474746942520142e+02 3.000000000000000000e+00
4.946201896667480469e+02 4.187797021865844727e+02 4.953420829772949219e+02 4.166620016098022461e+02 4.962535667419433594e+02 4.134789276123046875e+02 3.000000000000000000e+00
4.094309997558593750e+02 4.038945722579956055e+02 4.101409053802490234e+02 4.018234634399414062e+02 4.110201168060302734e+02 3.986365985870361328e+02 3.000000000000000000e+00
1.582977676391601562e+02 2.784587717056274414e+02 1.589129638671875000e+02 2.764898693561553955e+02 1.600311565399169922e+02 2.732307744026184082e+02 3.000000000000000000e+00
3.076293945312500000e+02 3.614420270919799805e+02 3.082575988769531250e+02 3.594353413581848145e+02 3.093448173999786377e+02 3.561581754684448242e+02 3.000000000000000000e+00
5.009367179870605469e+02 4.006475973129272461e+02 5.020004844665527344e+02 3.983416557312011719e+02 5.032601737976074219e+02 3.949968910217285156e+02 3.000000000000000000e+00
5.033560752868652344e+02 3.224873399734497070e+02 5.040439224243164062e+02 3.203313016891479492e+02 5.049258804321289062e+02 3.172304749488830566e+02 2.000000000000000000e+00
3.891228342056274414e+02 3.926301956176757812e+02 3.898083829879760742e+02 3.905158138275146484e+02 3.907253122329711914e+02 3.874052238464355469e+02 3.000000000000000000e+00
4.473293495178222656e+02 3.022699928283691406e+02 4.480771160125732422e+02 3.002195763587951660e+02 4.490782165527343750e+02 2.970333266258239746e+02 2.000000000000000000e+00
4.119437599182128906e+02 2.984095788002014160e+02 4.126692867279052734e+02 2.963504040241241455e+02 4.135191059112548828e+02 2.932145118713378906e+02 2.000000000000000000e+00
9.861253738403320312e+01 3.852677679061889648e+02 9.937372207641601562e+01 3.833302688598632812e+02 1.005178260803222656e+02 3.800710201263427734e+02 3.000000000000000000e+00
