3.750327444076538086e+02 2.438040621578693390e+02 3.870386648178100586e+02 2.410333709791302681e+02 3.976251840591430664e+02 2.414338379725813866e+02 1.000000000000000000e+00
3.840119314193725586e+02 2.436441193521022797e+02 3.960148334503173828e+02 2.409902801737189293e+02 4.065982055664062500e+02 2.413084107264876366e+02 1.000000000000000000e+00
3.779970693588256836e+02 2.832666635513305664e+02 3.898534536361694336e+02 2.799714088439941406e+02 4.003528118133544922e+02 2.796745920181274414e+02 1.000000000000000000e+00
3.283717650175094604e+02 2.508066719770431519e+02 3.408058166503906250e+02 2.479194036126136780e+02 3.517605590820312500e+02 2.482570955157279968e+02 1.000000000000000000e+00
4.695247173309326172e+02 2.961725485324859619e+02 4.800984764099121094e+02 2.928388381004333496e+02 4.890715599060058594e+02 2.926210033893585205e+02 1.000000000000000000e+00
4.354396343231201172e+02 2.425492706894874573e+02 4.466703510284423828e+02 2.399877166745136492e+02 4.566987895965576172e+02 2.402751007117331028e+02 1.000000000000000000e+00
4.717922115325927734e+02 2.951564955711364746e+02 4.823878288269042969e+02 2.917985558509826660e+02 4.914241409301757812e+02 2.915854203701019287e+02 1.000000000000000000e+00
3.870045804977416992e+02 2.832799994945526123e+02 3.988692045211791992e+02 2.799956381320953369e+02 4.093726825714111328e+02 2.797238802909851074e+02 1.000000000000000000e+00
3.293635559082031250e+02 2.544642037153244019e+02 3.417723393440246582e+02 2.515753027796745300e+02 3.527085566520690918e+02 2.516936954855918884e+02 1.000000000000000000e+00
4.294935894012451172e+02 2.435402680188417435e+02 4.407285785675048828e+02 2.409986267611384392e+02 4.507783794403076172e+02 2.412670899555087090e+02 1.000000000000000000e+00
3.849619150161743164e+02 2.129590290784835815e+02 3.967538785934448242e+02 2.106219470500946045e+02 4.073378944396972656e+02 2.116141337156295776e+02 1.000000000000000000e+00
4.365495967864990234e+02 2.872605621814727783e+02 4.478962993621826172e+02 2.839995431900024414e+02 4.578809547424316406e+02 2.838121676445007324e+02 1.000000000000000000e+00
4.663000488281250000e+02 2.991835355758666992e+02 4.768868160247802734e+02 2.960357701778411865e+02 4.804979324340820312e+02 2.958028578758239746e+02 1.000000000000000000e+00
3.413718271255493164e+02 2.102852153778076172e+02 3.536914992332458496e+02 2.078991079330444336e+02 3.644777250289916992e+02 2.087056553363800049e+02 1.000000000000000000e+00
3.512953805923461914e+02 2.142916238307952881e+02 3.635464191436767578e+02 2.118694746494293213e+02 3.743598651885986328e+02 2.124838542938232422e+02 1.000000000000000000e+00
3.948685932159423828e+02 2.179400467872619629e+02 4.067140483856201172e+02 2.155649703741073608e+02 4.171505737304687500e+02 2.163993215560913086e+02 1.000000000000000000e+00
3.355433964729309082e+02 2.271310418844223022e+02 3.479541945457458496e+02 2.246054381132125854e+02 3.589700007438659668e+02 2.251745599508285522e+02 1.000000000000000000e+00
5.025951004028320312e+02 2.840767550468444824e+02 5.122750282287597656e+02 2.807202172279357910e+02 5.206755447387695312e+02 2.805769658088684082e+02 1.000000000000000000e+00
4.284752178192138672e+02 2.566977238655090332e+02 4.397590923309326172e+02 2.537459573149681091e+02 4.497215938568115234e+02 2.540645456314086914e+02 1.000000000000000000e+00
4.285943031311035156e+02 2.080146467685699463e+02 4.400746154785156250e+02 2.057632291316986084e+02 4.499598693847656250e+02 2.067330014705657959e+02 1.000000000000000000e+00
3.849281930923461914e+02 2.258491051197052002e+02 3.967466115951538086e+02 2.234293967485427856e+02 4.073712825775146484e+02 2.240434563159942627e+02 1.000000000000000000e+00
3.849995756149291992e+02 2.612626969814300537e+02 3.968328571319580078e+02 2.580674439668655396e+02 4.074457740783691406e+02 2.579537057876586914e+02 1.000000000000000000e+00
3.474253249168395996e+02 2.369933927804231644e+02 3.595012521743774414e+02 2.340096129477024078e+02 3.704763507843017578e+02 2.345844724774360657e+02 1.000000000000000000e+00
3.700201129913330078e+02 2.641483175754547119e+02 3.818771362304687500e+02 2.609229129552841187e+02 3.924989938735961914e+02 2.606773084402084351e+02 1.000000000000000000e+00
4.354495525360107422e+02 2.547829288244247437e+02 4.467139625549316406e+02 2.518503275513648987e+02 4.566599464416503906e+02 2.522241523861885071e+02 1.000000000000000000e+00
3.760021686553955078e+02 2.611540228128433228e+02 3.878498220443725586e+02 2.579821175336837769e+02 3.984540414810180664e+02 2.577503371238708496e+02 1.000000000000000000e+00
4.812928771972656250e+02 2.721883857250213623e+02 4.915406608581542969e+02 2.689063739776611328e+02 5.006186866760253906e+02 2.688412803411483765e+02 1.000000000000000000e+00
4.354653072357177734e+02 2.505664220452308655e+02 4.467033386230468750e+02 2.479386448860168457e+02 4.566676616668701172e+02 2.482336127758026123e+02 1.000000000000000000e+00
5.113735389709472656e+02 2.713207125663757324e+02 5.208723258972167969e+02 2.681808489561080933e+02 5.292363929748535156e+02 2.683112508058547974e+02 1.000000000000000000e+00
4.452854061126708984e+02 2.425634613633155823e+02 4.564778804779052734e+02 2.399820098862983286e+02 4.663685035705566406e+02 2.403092956636101007e+02 1.000000000000000000e+00
3.385078740119934082e+02 2.300628653168678284e+02 3.509011840820312500e+02 2.275521540641784668e+02 3.619066190719604492e+02 2.280803677439689636e+02 1.000000000000000000e+00
5.064020729064941406e+02 2.751349210739135742e+02 5.159163856506347656e+02 2.717291879653930664e+02 5.241303062438964844e+02 2.716962897777557373e+02 1.000000000000000000e+00
4.657333087921142578e+02 2.634738475084304810e+02 4.764790344238281250e+02 2.603840947151184082e+02 4.857103538513183594e+02 2.604662793874740601e+02 1.000000000000000000e+00
4.715742206573486328e+02 2.694943249225616455e+02 4.821490478515625000e+02 2.664183980226516724e+02 4.913960075378417969e+02 2.664830034971237183e+02 1.000000000000000000e+00
3.464577341079711914e+02 2.271970054507255554e+02 3.587786269187927246e+02 2.246689903736114502e+02 3.697332143783569336e+02 2.251401668787002563e+02 1.000000000000000000e+00
4.646447181701660156e+02 2.810287499427795410e+02 4.752623653411865234e+02 2.776855480670928955e+02 4.845726394653320312e+02 2.774848330020904541e+02 1.000000000000000000e+00
3.472760009765625000e+02 2.133113390207290649e+02 3.595377802848815918e+02 2.109142130613327026e+02 3.703081083297729492e+02 2.116322761774063110e+02 1.000000000000000000e+00
4.567766094207763672e+02 2.780170011520385742e+02 4.674816036224365234e+02 2.745339989662170410e+02 4.768861103057861328e+02 2.743704235553741455e+02 1.000000000000000000e+00
3.504693007469177246e+02 2.262179249525070190e+02 3.627023315429687500e+02 2.236922746896743774e+02 3.735768461227416992e+02 2.241492605209350586e+02 1.000000000000000000e+00
3.730523061752319336e+02 2.261008599400520325e+02 3.849319791793823242e+02 2.235008990764617920e+02 3.956043720245361328e+02 2.240810072422027588e+02 1.000000000000000000e+00
3.909494924545288086e+02 2.583329164981842041e+02 4.027504634857177734e+02 2.551475375890731812e+02 4.133257770538330078e+02 2.550690311193466187e+02 1.000000000000000000e+00
3.503215336799621582e+02 2.672209793329238892e+02 3.622224426269531250e+02 2.635699170827865601e+02 3.730950641632080078e+02 2.631818550825119019e+02 1.000000000000000000e+00
3.552770996093750000e+02 2.153020155429840088e+02 3.675368356704711914e+02 2.128408956527709961e+02 3.783882141113281250e+02 2.134367966651916504e+02 1.000000000000000000e+00
3.573889470100402832e+02 2.262297356128692627e+02 3.695755004882812500e+02 2.236921226978302002e+02 3.803998708724975586e+02 2.241830438375473022e+02 1.000000000000000000e+00
4.394993877410888672e+02 2.843063056468963623e+02 4.508126831054687500e+02 2.809623134136199951e+02 4.607753658294677734e+02 2.807722806930541992e+02 1.000000000000000000e+00
3.311123657226562500e+02 2.062956368923187256e+02 3.432790541648864746e+02 2.039448666572570801e+02 3.542401123046875000e+02 2.049069964885711670e+02 1.000000000000000000e+00
4.414150142669677734e+02 2.529217538237571716e+02 4.526473999023437500e+02 2.500627291202545166e+02 4.626016235351562500e+02 2.505319985747337341e+02 1.000000000000000000e+00
4.285308837890625000e+02 2.822774076461791992e+02 4.399021053314208984e+02 2.790465402603149414e+02 4.498470211029052734e+02 2.788887977600097656e+02 1.000000000000000000e+00
4.852256584167480469e+02 2.760336327552795410e+02 4.953398704528808594e+02 2.726730072498321533e+02 5.043757057189941406e+02 2.726801776885986328e+02 1.000000000000000000e+00
3.541268920898437500e+02 2.682340711355209351e+02 3.658877563476562500e+02 2.646976339817047119e+02 3.766090726852416992e+02 2.643780827522277832e+02 1.000000000000000000e+00
3.919667053222656250e+02 2.534711158275604248e+02 4.037872982025146484e+02 2.503894659876823425e+02 4.143772315979003906e+02 2.506119999289512634e+02 1.000000000000000000e+00
4.018049049377441406e+02 2.199939572811126709e+02 4.135470294952392578e+02 2.175974106788635254e+02 4.238821411132812500e+02 2.184367060661315918e+02 1.000000000000000000e+00
5.097540855407714844e+02 2.609420782327651978e+02 5.192550659179687500e+02 2.575861519575119019e+02 5.271709632873535156e+02 2.573724675178527832e+02 1.000000000000000000e+00
3.503765559196472168e+02 2.182804244756698608e+02 3.626269245147705078e+02 2.158226144313812256e+02 3.734708881378173828e+02 2.164544659852981567e+02 1.000000000000000000e+00
3.948734426498413086e+02 2.228710466623306274e+02 4.067251873016357422e+02 2.204758894443511963e+02 4.170724487304687500e+02 2.211330395936965942e+02 1.000000000000000000e+00
3.648719167709350586e+02 2.732483232021331787e+02 3.764989948272705078e+02 2.699788534641265869e+02 3.869699430465698242e+02 2.697351390123367310e+02 1.000000000000000000e+00
3.415330815315246582e+02 2.349968715012073517e+02 3.537862563133239746e+02 2.320785972476005554e+02 3.647990417480468750e+02 2.326648405194282532e+02 1.000000000000000000e+00
3.642721891403198242e+02 2.291919851303100586e+02 3.764037799835205078e+02 2.265864095091819763e+02 3.872164916992187500e+02 2.271115413308143616e+02 1.000000000000000000e+00
3.582526564598083496e+02 2.359302824735641479e+02 3.702417898178100586e+02 2.330285489559173584e+02 3.810214567184448242e+02 2.335117793083190918e+02 1.000000000000000000e+00
3.543440866470336914e+02 2.291015464067459106e+02 3.665593862533569336e+02 2.265695795416831970e+02 3.773754596710205078e+02 2.270013874769210815e+02 1.000000000000000000e+00
3.415116572380065918e+02 2.261490163207054138e+02 3.538650822639465332e+02 2.236258685588836670e+02 3.648561716079711914e+02 2.241627180576324463e+02 1.000000000000000000e+00
4.675345134735107422e+02 2.840401339530944824e+02 4.782661724090576172e+02 2.807885456085205078e+02 4.875716972351074219e+02 2.805785536766052246e+02 1.000000000000000000e+00
4.235471248626708984e+02 2.772651994228363037e+02 4.349284362792968750e+02 2.740984833240509033e+02 4.448458290100097656e+02 2.739761996269226074e+02 1.000000000000000000e+00
3.682093191146850586e+02 2.291384267807006836e+02 3.803287076950073242e+02 2.265336906909942627e+02 3.910817575454711914e+02 2.270864099264144897e+02 1.000000000000000000e+00
3.414493417739868164e+02 2.773551356792449951e+02 3.536765456199645996e+02 2.740853583812713623e+02 3.646080017089843750e+02 2.738684105873107910e+02 1.000000000000000000e+00
5.116604042053222656e+02 2.493664097785949707e+02 5.213814163208007812e+02 2.464688265323638916e+02 5.295225906372070312e+02 2.465603032708168030e+02 1.000000000000000000e+00
4.155466651916503906e+02 2.290094903111457825e+02 4.270707130432128906e+02 2.265631708502769470e+02 4.371650123596191406e+02 2.270155781507492065e+02 1.000000000000000000e+00
4.881823158264160156e+02 2.702208566665649414e+02 4.982208824157714844e+02 2.670982378721237183e+02 5.068480491638183594e+02 2.671324485540390015e+02 1.000000000000000000e+00
5.108241271972656250e+02 2.563186651468276978e+02 5.204987907409667969e+02 2.532886970043182373e+02 5.285090446472167969e+02 2.532801219820976257e+02 1.000000000000000000e+00
4.667612361907958984e+02 2.714424455165863037e+02 4.774720764160156250e+02 2.682668781280517578e+02 4.867686462402343750e+02 2.682581502199172974e+02 1.000000000000000000e+00
3.520074462890625000e+02 2.772539985179901123e+02 3.638308095932006836e+02 2.739470851421356201e+02 3.746166992187500000e+02 2.737184464931488037e+02 1.000000000000000000e+00
3.650971698760986328e+02 2.358630672097206116e+02 3.771419668197631836e+02 2.330601038038730621e+02 3.878233957290649414e+02 2.334981228411197662e+02 1.000000000000000000e+00
4.712853431701660156e+02 2.871716630458831787e+02 4.818484306335449219e+02 2.838212299346923828e+02 4.910870933532714844e+02 2.836073935031890869e+02 1.000000000000000000e+00
4.822292518615722656e+02 2.800483417510986328e+02 4.923703956604003906e+02 2.766970217227935791e+02 5.014348411560058594e+02 2.765884101390838623e+02 1.000000000000000000e+00
3.748079299926757812e+01 3.172262191772460938e+01 4.112756729125976562e+01 2.756093502044677734e+01 4.321678161621093750e+01 2.649893760681152344e+01 2.000000000000000000e+00
1.006302833557128906e+02 4.495478582382202148e+02 1.041182327270507812e+02 4.456002330780029297e+02 1.060424232482910156e+02 4.445986175537109375e+02 2.000000000000000000e+00
2.055000591278076172e+02 4.486074972152709961e+02 2.087245750427246094e+02 4.447441148757934570e+02 2.106838989257812500e+02 4.438582563400268555e+02 2.000000000000000000e+00
2.415815591812133789e+02 4.566036558151245117e+02 2.448418712615966797e+02 4.527122640609741211e+02 2.468213939666748047e+02 4.519118213653564453e+02 2.000000000000000000e+00
2.095010375976562500e+02 4.466346788406372070e+02 2.127245044708251953e+02 4.427390527725219727e+02 2.147094440460205078e+02 4.419051074981689453e+02 2.000000000000000000e+00
2.425916910171508789e+02 4.516087388992309570e+02 2.459218740463256836e+02 4.477206230163574219e+02 2.478371286392211914e+02 4.469191646575927734e+02 2.000000000000000000e+00
2.444421529769897461e+02 4.236558866500854492e+02 2.478274059295654297e+02 4.197409200668334961e+02 2.497174215316772461e+02 4.188945150375366211e+02 2.000000000000000000e+00
2.284428119659423828e+02 3.257077217102050781e+01 2.319119358062744141e+02 2.863529205322265625e+01 2.342460727691650391e+02 2.780033111572265625e+01 2.000000000000000000e+00
2.036330699920654297e+02 4.305962562561035156e+02 2.068610954284667969e+02 4.267400979995727539e+02 2.087506103515625000e+02 4.258316373825073242e+02 2.000000000000000000e+00
4.564705562591552734e+02 1.539835596084594727e+02 4.598812007904052734e+02 1.504778409004211426e+02 4.621022033691406250e+02 1.502018523216247559e+02 2.000000000000000000e+00
2.804765915870666504e+02 4.326961469650268555e+02 2.837401723861694336e+02 4.287910795211791992e+02 2.856794118881225586e+02 4.281892490386962891e+02 2.000000000000000000e+00
1.935440158843994141e+02 4.385389566421508789e+02 1.967401695251464844e+02 4.346897077560424805e+02 1.987557029724121094e+02 4.337792158126831055e+02 2.000000000000000000e+00
1.277011680603027344e+02 4.686524820327758789e+02 1.310750579833984375e+02 4.646043491363525391e+02 1.329743194580078125e+02 4.636757612228393555e+02 2.000000000000000000e+00
2.435854625701904297e+02 3.197306585311889648e+02 2.470016002655029297e+02 3.157768607139587402e+02 2.489346313476562500e+02 3.151448678970336914e+02 2.000000000000000000e+00
1.146655845642089844e+02 4.737167787551879883e+02 1.180024337768554688e+02 4.695699548721313477e+02 1.199178886413574219e+02 4.686991739273071289e+02 2.000000000000000000e+00
2.404260253906250000e+02 4.236600065231323242e+02 2.437669229507446289e+02 4.197254419326782227e+02 2.457328319549560547e+02 4.189039707183837891e+02 2.000000000000000000e+00
1.277120018005371094e+02 4.736622762680053711e+02 1.310879325866699219e+02 4.696197366714477539e+02 1.329607009887695312e+02 4.686930084228515625e+02 2.000000000000000000e+00
5.735346794128417969e+02 1.467230200767517090e+02 5.771193885803222656e+02 1.432204699516296387e+02 5.793530845642089844e+02 1.427010011672973633e+02 2.000000000000000000e+00
3.045026242733001709e+02 4.515712738037109375e+02 3.078003847599029541e+02 4.477992725372314453e+02 3.097075498104095459e+02 4.471088075637817383e+02 2.000000000000000000e+00
2.794529724121093750e+02 4.276211071014404297e+02 2.826532578468322754e+02 4.237431764602661133e+02 2.846859431266784668e+02 4.230999612808227539e+02 2.000000000000000000e+00
2.173838138580322266e+02 4.176972484588623047e+02 2.207460117340087891e+02 4.138571548461914062e+02 2.228374767303466797e+02 4.129288959503173828e+02 2.000000000000000000e+00
5.435742759704589844e+02 1.406899809837341309e+02 5.471613883972167969e+02 1.371565961837768555e+02 5.493242835998535156e+02 1.366002631187438965e+02 2.000000000000000000e+00
1.646092033386230469e+02 4.716364288330078125e+02 1.679588127136230469e+02 4.675768518447875977e+02 1.698766422271728516e+02 4.667377424240112305e+02 2.000000000000000000e+00
2.525696706771850586e+02 4.446101760864257812e+02 2.558281230926513672e+02 4.407576656341552734e+02 2.577181100845336914e+02 4.399797534942626953e+02 2.000000000000000000e+00
5.275869178771972656e+02 7.165583610534667969e+01 5.311621665954589844e+02 6.803057670593261719e+01 5.334803581237792969e+02 6.751195907592773438e+01 2.000000000000000000e+00
2.305245780944824219e+02 4.565966892242431641e+02 2.337964916229248047e+02 4.526828098297119141e+02 2.358264255523681641e+02 4.518726968765258789e+02 2.000000000000000000e+00
5.244435501098632812e+02 1.426854515075683594e+02 5.279929924011230469e+02 1.390355801582336426e+02 5.302266311645507812e+02 1.385532045364379883e+02 2.000000000000000000e+00
1.013934135437011719e+02 4.563880920410156250e+01 1.050270652770996094e+02 4.148085594177246094e+01 1.072590065002441406e+02 4.065221786499023438e+01 2.000000000000000000e+00
2.644858694076538086e+02 4.486691093444824219e+02 2.677715730667114258e+02 4.447838830947875977e+02 2.697243928909301758e+02 4.441067361831665039e+02 2.000000000000000000e+00
2.933879685401916504e+02 4.456674957275390625e+02 2.966888737678527832e+02 4.418137979507446289e+02 2.986514282226562500e+02 4.411657190322875977e+02 2.000000000000000000e+00
2.574512004852294922e+02 4.325939369201660156e+02 2.607536935806274414e+02 4.287911796569824219e+02 2.627174663543701172e+02 4.279614400863647461e+02 2.000000000000000000e+00
2.602953481674194336e+02 4.116239118576049805e+02 2.636988496780395508e+02 4.078071069717407227e+02 2.656170940399169922e+02 4.070355606079101562e+02 2.000000000000000000e+00
2.365721225738525391e+02 4.565901231765747070e+02 2.398421573638916016e+02 4.526937103271484375e+02 2.418197298049926758e+02 4.518839263916015625e+02 2.000000000000000000e+00
2.825140380859375000e+02 4.236818933486938477e+02 2.856878042221069336e+02 4.198115873336791992e+02 2.877417588233947754e+02 4.191689586639404297e+02 2.000000000000000000e+00
4.795399188995361328e+02 9.372256278991699219e+01 4.831630897521972656e+02 9.003600597381591797e+01 4.854208374023437500e+02 8.951784610748291016e+01 2.000000000000000000e+00
3.954030179977416992e+02 4.576565980911254883e+02 3.985305500030517578e+02 4.539638757705688477e+02 4.004866981506347656e+02 4.533727169036865234e+02 2.000000000000000000e+00
8.536861419677734375e+01 7.165915489196777344e+01 8.891784667968750000e+01 6.751586437225341797e+01 9.126804351806640625e+01 6.658103942871093750e+01 2.000000000000000000e+00
3.443788766860961914e+02 4.616460084915161133e+02 3.476233839988708496e+02 4.578050279617309570e+02 3.496049809455871582e+02 4.572012090682983398e+02 2.000000000000000000e+00
2.874570012092590332e+02 4.506714963912963867e+02 2.907153320312500000e+02 4.467473888397216797e+02 2.926863098144531250e+02 4.461267185211181641e+02 2.000000000000000000e+00
2.613434123992919922e+02 4.066504955291748047e+02 2.647528982162475586e+02 4.028439474105834961e+02 2.666892099380493164e+02 4.020643043518066406e+02 2.000000000000000000e+00
3.463723158836364746e+02 4.576366424560546875e+02 3.496302795410156250e+02 4.538425111770629883e+02 3.516404414176940918e+02 4.532344150543212891e+02 2.000000000000000000e+00
2.574979829788208008e+02 4.426274871826171875e+02 2.607658672332763672e+02 4.387633752822875977e+02 2.627266216278076172e+02 4.380066633224487305e+02 2.000000000000000000e+00
3.065058290958404541e+02 4.465812206268310547e+02 3.097898554801940918e+02 4.428155565261840820e+02 3.117086178064346313e+02 4.421148777008056641e+02 2.000000000000000000e+00
4.163337993621826172e+02 4.686334705352783203e+02 4.194733619689941406e+02 4.649451398849487305e+02 4.214670085906982422e+02 4.644325304031372070e+02 2.000000000000000000e+00
5.895081901550292969e+02 1.567024326324462891e+02 5.933142662048339844e+02 1.531667304039001465e+02 5.954083251953125000e+02 1.527303385734558105e+02 2.000000000000000000e+00
2.465031290054321289e+02 4.406105089187622070e+02 2.498156261444091797e+02 4.367481851577758789e+02 2.516903829574584961e+02 4.359597587585449219e+02 2.000000000000000000e+00
2.854528808593750000e+02 4.467028284072875977e+02 2.887219548225402832e+02 4.427920961380004883e+02 2.906678771972656250e+02 4.421709108352661133e+02 2.000000000000000000e+00
2.774087524414062500e+02 4.196638584136962891e+02 2.806440734863281250e+02 4.158019781112670898e+02 2.826756596565246582e+02 4.151428985595703125e+02 2.000000000000000000e+00
3.845069599151611328e+02 4.526625823974609375e+02 3.876654052734375000e+02 4.489124250411987305e+02 3.895780658721923828e+02 4.483162021636962891e+02 2.000000000000000000e+00
2.713945007324218750e+02 4.236291646957397461e+02 2.746311950683593750e+02 4.197858095169067383e+02 2.766664409637451172e+02 4.190948295593261719e+02 2.000000000000000000e+00
3.974177551269531250e+02 4.636557054519653320e+02 4.005418109893798828e+02 4.599657726287841797e+02 4.024801921844482422e+02 4.593628978729248047e+02 2.000000000000000000e+00
2.535109996795654297e+02 4.395960760116577148e+02 2.568044137954711914e+02 4.357698154449462891e+02 2.587292146682739258e+02 4.349392461776733398e+02 2.000000000000000000e+00
2.526973581314086914e+02 3.207337975502014160e+02 2.560714101791381836e+02 3.167969727516174316e+02 2.580345773696899414e+02 3.161592435836791992e+02 2.000000000000000000e+00
5.834609413146972656e+02 2.008565640449523926e+02 5.869719314575195312e+02 1.973210728168487549e+02 5.892414665222167969e+02 1.968831932544708252e+02 2.000000000000000000e+00
2.764729928970336914e+02 4.496896505355834961e+02 2.797619295120239258e+02 4.458167266845703125e+02 2.817161560058593750e+02 4.451612377166748047e+02 2.000000000000000000e+00
1.606172275543212891e+02 4.726196479797363281e+02 1.639894104003906250e+02 4.685478258132934570e+02 1.658780956268310547e+02 4.677184009552001953e+02 2.000000000000000000e+00
2.983867478370666504e+02 4.466152095794677734e+02 3.017195737361907959e+02 4.428181314468383789e+02 3.036558222770690918e+02 4.421510410308837891e+02 2.000000000000000000e+00
5.874685096740722656e+02 1.517084455490112305e+02 5.912467765808105469e+02 1.481615424156188965e+02 5.933624267578125000e+02 1.477060675621032715e+02 2.000000000000000000e+00
3.135527646541595459e+02 4.545632743835449219e+02 3.167684021592140198e+02 4.508076524734497070e+02 3.187317503988742828e+02 4.501106357574462891e+02 2.000000000000000000e+00
1.675269317626953125e+02 4.436164712905883789e+02 1.709775543212890625e+02 4.395679092407226562e+02 1.729566287994384766e+02 4.387803697586059570e+02 2.000000000000000000e+00
2.005563640594482422e+02 4.726127815246582031e+02 2.038127613067626953e+02 4.685906839370727539e+02 2.057037162780761719e+02 4.677843189239501953e+02 2.000000000000000000e+00
1.965669059753417969e+02 4.706265020370483398e+02 1.998322010040283203e+02 4.666055059432983398e+02 2.017095756530761719e+02 4.657987546920776367e+02 2.000000000000000000e+00
2.612966299057006836e+02 4.165906763076782227e+02 2.646797466278076172e+02 4.127747297286987305e+02 2.665850496292114258e+02 4.119766330718994141e+02 2.000000000000000000e+00
2.794681072235107422e+02 4.467186069488525391e+02 2.827472233772277832e+02 4.428093910217285156e+02 2.846892690658569336e+02 4.422022247314453125e+02 2.000000000000000000e+00
2.464371013641357422e+02 4.296480131149291992e+02 2.498068380355834961e+02 4.257729291915893555e+02 2.517078828811645508e+02 4.249282264709472656e+02 2.000000000000000000e+00
4.870300292968750000e+01 4.395605850219726562e+02 5.217939376831054688e+01 4.353875255584716797e+02 5.414371490478515625e+01 4.344201135635375977e+02 2.000000000000000000e+00
4.796762084960937500e+02 1.607351016998291016e+02 4.831154441833496094e+02 1.572307705879211426e+02 4.853416442871093750e+02 1.566556048393249512e+02 2.000000000000000000e+00
3.494798588752746582e+02 4.706721639633178711e+02 3.526630854606628418e+02 4.668791341781616211e+02 3.546415710449218750e+02 4.662879180908203125e+02 2.000000000000000000e+00
2.953690481185913086e+02 4.526393795013427734e+02 2.986955571174621582e+02 4.488146495819091797e+02 3.006206965446472168e+02 4.481512928009033203e+02 2.000000000000000000e+00
2.364281940460205078e+02 4.226617813110351562e+02 2.397608947753906250e+02 4.187215375900268555e+02 2.417436504364013672e+02 4.178959751129150391e+02 2.000000000000000000e+00
5.440340042114257812e+01 5.461279392242431641e+01 5.803131103515625000e+01 5.043924808502197266e+01 6.033950805664062500e+01 4.956097126007080078e+01 2.000000000000000000e+00
4.806067848205566406e+02 1.537289714813232422e+02 4.840697288513183594e+02 1.502350258827209473e+02 4.862740898132324219e+02 1.496564126014709473e+02 2.000000000000000000e+00
2.645097970962524414e+02 4.396387481689453125e+02 2.677486848831176758e+02 4.357808017730712891e+02 2.697489309310913086e+02 4.350467920303344727e+02 2.000000000000000000e+00
2.526162385940551758e+02 3.028298664093017578e+02 2.559640026092529297e+02 2.989390289783477783e+02 2.580386018753051758e+02 2.982419764995574951e+02 2.000000000000000000e+00
4.785415077209472656e+02 8.468898296356201172e+01 4.821867370605468750e+02 8.103858947753906250e+01 4.844406700134277344e+02 8.044389724731445312e+01 2.000000000000000000e+00
3.614833688735961914e+02 4.677025938034057617e+02 3.645995187759399414e+02 4.639821338653564453e+02 3.665925931930541992e+02 4.633637809753417969e+02 2.000000000000000000e+00
5.707054519653320312e+02 2.087546539306640625e+02 5.740415763854980469e+02 2.053400552272796631e+02 5.762597656250000000e+02 2.048697638511657715e+02 2.000000000000000000e+00
2.305419731140136719e+02 4.605926370620727539e+02 2.337986278533935547e+02 4.566771984100341797e+02 2.358330631256103516e+02 4.558713197708129883e+02 2.000000000000000000e+00
2.854574894905090332e+02 4.546379756927490234e+02 2.887267136573791504e+02 4.507384157180786133e+02 2.906782841682434082e+02 4.501138973236083984e+02 2.000000000000000000e+00
5.486771965026855469e+02 1.557174611091613770e+02 5.522557449340820312e+02 1.522202539443969727e+02 5.544135856628417969e+02 1.517320632934570312e+02 2.000000000000000000e+00
2.774887990951538086e+02 4.426815032958984375e+02 2.808118891716003418e+02 4.387976217269897461e+02 2.827270817756652832e+02 4.381619739532470703e+02 2.000000000000000000e+00
3.044903862476348877e+02 4.565632724761962891e+02 3.077532958984375000e+02 4.527974939346313477e+02 3.096994316577911377e+02 4.520905923843383789e+02 2.000000000000000000e+00
2.075785636901855469e+02 4.306769227981567383e+02 2.107594108581542969e+02 4.267788505554199219e+02 2.127577304840087891e+02 4.259246349334716797e+02 2.000000000000000000e+00
5.504791259765625000e+02 1.346554827690124512e+02 5.541214561462402344e+02 1.311188435554504395e+02 5.562453651428222656e+02 1.305526185035705566e+02 2.000000000000000000e+00
2.304343986511230469e+02 4.226813507080078125e+02 2.338072299957275391e+02 4.187606048583984375e+02 2.357752323150634766e+02 4.179789876937866211e+02 2.000000000000000000e+00
3.484157109260559082e+02 4.636745166778564453e+02 3.516388559341430664e+02 4.598434495925903320e+02 3.536185908317565918e+02 4.592523050308227539e+02 2.000000000000000000e+00
2.705224275588989258e+02 4.477345991134643555e+02 2.737993144989013672e+02 4.438571834564208984e+02 2.757406616210937500e+02 4.431984615325927734e+02 2.000000000000000000e+00
1.436079788208007812e+02 4.696034717559814453e+02 1.469287490844726562e+02 4.655341243743896484e+02 1.489083290100097656e+02 4.646731138229370117e+02 2.000000000000000000e+00
2.564888286590576172e+02 4.466365528106689453e+02 2.597758483886718750e+02 4.427385377883911133e+02 2.617040681838989258e+02 4.420157289505004883e+02 2.000000000000000000e+00
2.424464702606201172e+02 4.286654520034790039e+02 2.458238506317138672e+02 4.247481107711791992e+02 2.477295351028442383e+02 4.239333629608154297e+02 2.000000000000000000e+00
2.116498088836669922e+02 4.316734457015991211e+02 2.148778629302978516e+02 4.277869033813476562e+02 2.168272876739501953e+02 4.269573497772216797e+02 2.000000000000000000e+00
2.304751873016357422e+02 4.276924467086791992e+02 2.338396930694580078e+02 4.237322187423706055e+02 2.358089256286621094e+02 4.229808425903320312e+02 2.000000000000000000e+00
2.643639802932739258e+02 4.295896053314208984e+02 2.676066589355468750e+02 4.257698822021484375e+02 2.696119689941406250e+02 4.249935150146484375e+02 2.000000000000000000e+00
5.224039268493652344e+02 1.527714657783508301e+02 5.260122680664062500e+02 1.492520427703857422e+02 5.282094192504882812e+02 1.487100648880004883e+02 2.000000000000000000e+00
2.435452270507812500e+02 3.018220281600952148e+02 2.469409179687500000e+02 2.979470872879028320e+02 2.489757823944091797e+02 2.972266566753387451e+02 2.000000000000000000e+00
4.565140056610107422e+02 9.967642307281494141e+01 4.600424480438232422e+02 9.599015235900878906e+01 4.624015808105468750e+02 9.541841983795166016e+01 2.000000000000000000e+00
4.906129455566406250e+02 1.548001670837402344e+02 4.939835166931152344e+02 1.512622189521789551e+02 4.962706375122070312e+02 1.505673766136169434e+02 2.000000000000000000e+00
4.043786621093750000e+02 4.646532440185546875e+02 4.074826335906982422e+02 4.609437417984008789e+02 4.094410705566406250e+02 4.603627395629882812e+02 2.000000000000000000e+00
5.294549560546875000e+02 1.396754407882690430e+02 5.329658889770507812e+02 1.360383725166320801e+02 5.352020835876464844e+02 1.355481791496276855e+02 2.000000000000000000e+00
5.685061073303222656e+02 1.917930257320404053e+02 5.719987297058105469e+02 1.882283771038055420e+02 5.742461013793945312e+02 1.877063870429992676e+02 2.000000000000000000e+00
2.734457397460937500e+02 4.356517696380615234e+02 2.767154836654663086e+02 4.317876434326171875e+02 2.787143564224243164e+02 4.311484479904174805e+02 2.000000000000000000e+00
4.905767250061035156e+02 1.597938323020935059e+02 4.939788246154785156e+02 1.562613916397094727e+02 4.962687110900878906e+02 1.555668783187866211e+02 2.000000000000000000e+00
2.543813943862915039e+02 4.216115856170654297e+02 2.577166748046875000e+02 4.177921915054321289e+02 2.596555471420288086e+02 4.169327545166015625e+02 2.000000000000000000e+00
2.682937288284301758e+02 4.136256122589111328e+02 2.715914297103881836e+02 4.097983503341674805e+02 2.736339426040649414e+02 4.090677022933959961e+02 2.000000000000000000e+00
5.486285400390625000e+02 1.456896901130676270e+02 5.522038078308105469e+02 1.421931838989257812e+02 5.543845176696777344e+02 1.416116452217102051e+02 2.000000000000000000e+00
2.395823478698730469e+02 4.625889158248901367e+02 2.428663301467895508e+02 4.586980104446411133e+02 2.448391246795654297e+02 4.578760814666748047e+02 2.000000000000000000e+00
3.544177865982055664e+02 4.666487789154052734e+02 3.576243901252746582e+02 4.628665637969970703e+02 3.596221327781677246e+02 4.622411584854125977e+02 2.000000000000000000e+00
6.346666336059570312e+01 3.464784622192382812e+01 6.708461761474609375e+01 3.054312229156494141e+01 6.932563781738281250e+01 2.955093383789062500e+01 2.000000000000000000e+00
2.603895854949951172e+02 4.275774049758911133e+02 2.636750793457031250e+02 4.237699413299560547e+02 2.656355285644531250e+02 4.229591703414916992e+02 2.000000000000000000e+00
2.633372497558593750e+02 4.226071500778198242e+02 2.666343688964843750e+02 4.187876701354980469e+02 2.686259460449218750e+02 4.179970836639404297e+02 2.000000000000000000e+00
3.285074770450592041e+02 4.606816577911376953e+02 3.315463864803314209e+02 4.569274377822875977e+02 3.337936401367187500e+02 4.562715911865234375e+02 2.000000000000000000e+00
2.394247436523437500e+02 2.760506629943847656e+01 2.432264566421508789e+02 2.356830596923828125e+01 2.454552888870239258e+02 2.279284000396728516e+01 2.000000000000000000e+00
2.385023021697998047e+02 4.336835145950317383e+02 2.418475961685180664e+02 4.297700929641723633e+02 2.437571239471435547e+02 4.289798069000244141e+02 2.000000000000000000e+00
3.197724914550781250e+02 4.556188774108886719e+02 3.227510070800781250e+02 4.518800783157348633e+02 3.248560181260108948e+02 4.511623334884643555e+02 2.000000000000000000e+00
2.693532705307006836e+02 4.176077413558959961e+02 2.726228332519531250e+02 4.137771749496459961e+02 2.746573781967163086e+02 4.130536222457885742e+02 2.000000000000000000e+00
4.367944717407226562e+01 4.385555505752563477e+02 4.717363357543945312e+01 4.343719339370727539e+02 4.909883499145507812e+01 4.334005880355834961e+02 2.000000000000000000e+00
2.695076608657836914e+02 4.517542791366577148e+02 2.728081369400024414e+02 4.478689098358154297e+02 2.747237253189086914e+02 4.472138500213623047e+02 2.000000000000000000e+00
2.133736515045166016e+02 4.186858034133911133e+02 2.166806793212890625e+02 4.148411321640014648e+02 2.187992095947265625e+02 4.139281082153320312e+02 2.000000000000000000e+00
2.805095815658569336e+02 4.397171974182128906e+02 2.838267207145690918e+02 4.357665252685546875e+02 2.857551574707031250e+02 4.351841497421264648e+02 2.000000000000000000e+00
2.405848360061645508e+02 4.705814266204833984e+02 2.437792968750000000e+02 4.666574764251708984e+02 2.457621431350708008e+02 4.658922815322875977e+02 2.000000000000000000e+00
2.253761291503906250e+02 4.267587375640869141e+02 2.287187290191650391e+02 4.228081512451171875e+02 2.307554340362548828e+02 4.220491075515747070e+02 2.000000000000000000e+00
4.647268295288085938e+01 3.868230342864990234e+01 5.010393142700195312e+01 3.453670978546142578e+01 5.222852706909179688e+01 3.351440906524658203e+01 2.000000000000000000e+00
2.714057588577270508e+02 4.276069450378417969e+02 2.745918273925781250e+02 4.237431478500366211e+02 2.766712617874145508e+02 4.230763292312622070e+02 2.000000000000000000e+00
4.784564208984375000e+02 4.407594108581542969e+02 4.817298316955566406e+02 4.372096395492553711e+02 4.835649108886718750e+02 4.366416406631469727e+02 2.000000000000000000e+00
2.674774456024169922e+02 4.446927022933959961e+02 2.707734680175781250e+02 4.408394336700439453e+02 2.727226543426513672e+02 4.401564788818359375e+02 2.000000000000000000e+00
5.834528160095214844e+02 4.063653945922851562e+01 5.873171424865722656e+02 3.703888893127441406e+01 5.896144485473632812e+02 3.659643173217773438e+01 2.000000000000000000e+00
2.734850740432739258e+02 4.416874122619628906e+02 2.768200063705444336e+02 4.378196525573730469e+02 2.787631225585937500e+02 4.371600437164306641e+02 2.000000000000000000e+00
2.475588226318359375e+02 4.556091070175170898e+02 2.508240509033203125e+02 4.517063140869140625e+02 2.527532339096069336e+02 4.509310054779052734e+02 2.000000000000000000e+00
4.234024047851562500e+02 4.197208070755004883e+02 4.265676879882812500e+02 4.159557294845581055e+02 4.284694576263427734e+02 4.154623746871948242e+02 2.000000000000000000e+00
1.336725044250488281e+02 4.706422519683837891e+02 1.370559501647949219e+02 4.666136312484741211e+02 1.389739608764648438e+02 4.656825399398803711e+02 2.000000000000000000e+00
2.733835458755493164e+02 4.176235771179199219e+02 2.766195344924926758e+02 4.137928819656372070e+02 2.786513662338256836e+02 4.130918025970458984e+02 2.000000000000000000e+00
5.314401245117187500e+02 1.527618813514709473e+02 5.349647903442382812e+02 1.492227101325988770e+02 5.371538734436035156e+02 1.486779141426086426e+02 2.000000000000000000e+00
2.545039796829223633e+02 4.566999292373657227e+02 2.578110933303833008e+02 4.527981376647949219e+02 2.597353792190551758e+02 4.520463323593139648e+02 2.000000000000000000e+00
5.204202842712402344e+02 1.477489256858825684e+02 5.240026283264160156e+02 1.441129374504089355e+02 5.262226676940917969e+02 1.436425852775573730e+02 2.000000000000000000e+00
1.846867847442626953e+02 4.305564022064208984e+02 1.878266620635986328e+02 4.266925191879272461e+02 1.898972320556640625e+02 4.257716131210327148e+02 2.000000000000000000e+00
1.064583778381347656e+02 3.560372829437255859e+01 1.100462341308593750e+02 3.152584075927734375e+01 1.123077964782714844e+02 3.062576293945312500e+01 2.000000000000000000e+00
5.875462150573730469e+02 1.847629988193511963e+02 5.913591957092285156e+02 1.812716960906982422e+02 5.933448600769042969e+02 1.808931076526641846e+02 2.000000000000000000e+00
4.113236713409423828e+02 4.686293792724609375e+02 4.144648170471191406e+02 4.649684572219848633e+02 4.164659404754638672e+02 4.644274663925170898e+02 2.000000000000000000e+00
5.395965003967285156e+02 5.051067352294921875e+01 5.432573890686035156e+02 4.697274684906005859e+01 5.455161857604980469e+02 4.649617195129394531e+01 2.000000000000000000e+00
5.768146324157714844e+02 2.136854696273803711e+02 5.800175285339355469e+02 2.102662950754165649e+02 5.823214721679687500e+02 2.097689652442932129e+02 2.000000000000000000e+00
1.017214965820312500e+02 4.726746654510498047e+02 1.050802612304687500e+02 4.685844898223876953e+02 1.068836021423339844e+02 4.675987100601196289e+02 2.000000000000000000e+00
4.855438613891601562e+02 4.317471742630004883e+02 4.887338066101074219e+02 4.282113504409790039e+02 4.906178283691406250e+02 4.276344108581542969e+02 2.000000000000000000e+00
5.783802604675292969e+02 4.177775430679321289e+02 5.816187858581542969e+02 4.143076515197753906e+02 5.835950279235839844e+02 4.139634847640991211e+02 2.000000000000000000e+00
3.914421415328979492e+02 3.736753892898559570e+02 3.947403860092163086e+02 3.700272274017333984e+02 3.967970275878906250e+02 3.693871879577636719e+02 2.000000000000000000e+00
4.975578880310058594e+02 5.771696090698242188e+01 5.012914085388183594e+02 5.402687072753906250e+01 5.035694885253906250e+02 5.351437568664550781e+01 2.000000000000000000e+00
4.345046138763427734e+02 4.357318210601806641e+02 4.376513385772705078e+02 4.321542835235595703e+02 4.396227741241455078e+02 4.316379547119140625e+02 2.000000000000000000e+00
2.634894990921020508e+02 4.346240615844726562e+02 2.667231750488281250e+02 4.308003902435302734e+02 2.687367868423461914e+02 4.300260400772094727e+02 2.000000000000000000e+00
3.994506216049194336e+02 4.357294464111328125e+02 4.026036071777343750e+02 4.320870494842529297e+02 4.046381568908691406e+02 4.314871072769165039e+02 2.000000000000000000e+00
2.744812297821044922e+02 4.456823587417602539e+02 2.777819490432739258e+02 4.418140983581542969e+02 2.797449922561645508e+02 4.411558341979980469e+02 2.000000000000000000e+00
3.743995380401611328e+02 4.677170562744140625e+02 3.776090097427368164e+02 4.639759683609008789e+02 3.795575571060180664e+02 4.633928060531616211e+02 2.000000000000000000e+00
3.003934323787689209e+02 4.536103963851928711e+02 3.037189018726348877e+02 4.498379373550415039e+02 3.056510317325592041e+02 4.491402339935302734e+02 2.000000000000000000e+00
5.794510459899902344e+02 3.262928009033203125e+01 5.832869338989257812e+02 2.901965618133544922e+01 5.856058311462402344e+02 2.857910156250000000e+01 2.000000000000000000e+00
4.865098953247070312e+02 4.357549810409545898e+02 4.897212791442871094e+02 4.322207450866699219e+02 4.916094398498535156e+02 4.316449356079101562e+02 2.000000000000000000e+00
2.745029878616333008e+02 4.536507081985473633e+02 2.778117036819458008e+02 4.497478437423706055e+02 2.797772502899169922e+02 4.491072177886962891e+02 2.000000000000000000e+00
2.583706951141357422e+02 4.206141185760498047e+02 2.616969299316406250e+02 4.167985296249389648e+02 2.636415386199951172e+02 4.159980297088623047e+02 2.000000000000000000e+00
2.444895935058593750e+02 4.336468362808227539e+02 2.478379487991333008e+02 4.297820806503295898e+02 2.497324371337890625e+02 4.289698648452758789e+02 2.000000000000000000e+00
2.485059976577758789e+02 4.336153650283813477e+02 2.518231058120727539e+02 4.297701215744018555e+02 2.537380361557006836e+02 4.289311552047729492e+02 2.000000000000000000e+00
5.184034538269042969e+02 1.597567105293273926e+02 5.220574951171875000e+02 1.562102293968200684e+02 5.242192459106445312e+02 1.556814694404602051e+02 2.000000000000000000e+00
3.924511718750000000e+02 4.606532335281372070e+02 3.955718994140625000e+02 4.569687938690185547e+02 3.975197172164916992e+02 4.563726854324340820e+02 2.000000000000000000e+00
4.935305595397949219e+02 5.471424579620361328e+01 4.972276115417480469e+02 5.105159282684326172e+01 4.995778846740722656e+02 5.050249099731445312e+01 2.000000000000000000e+00
1.305265617370605469e+02 4.160801410675048828e+01 1.339437675476074219e+02 3.750739574432373047e+01 1.364352989196777344e+02 3.670679569244384766e+01 2.000000000000000000e+00
4.724285316467285156e+02 5.669288635253906250e+01 4.759656715393066406e+02 5.302691459655761719e+01 4.784110736846923828e+02 5.256268501281738281e+01 2.000000000000000000e+00
2.135156726837158203e+02 4.506379508972167969e+02 2.167279529571533203e+02 4.467441558837890625e+02 2.187283039093017578e+02 4.459049749374389648e+02 2.000000000000000000e+00
5.245391845703125000e+02 6.166635990142822266e+01 5.280871582031250000e+02 5.801427841186523438e+01 5.304689407348632812e+02 5.747941017150878906e+01 2.000000000000000000e+00
7.561794281005859375e+01 4.545629453659057617e+02 7.901010513305664062e+01 4.503718614578247070e+02 8.104667663574218750e+01 4.494597530364990234e+02 2.000000000000000000e+00
4.644052791595458984e+02 3.987797355651855469e+02 4.677408504486083984e+02 3.951865339279174805e+02 4.697369384765625000e+02 3.946152162551879883e+02 2.000000000000000000e+00
5.643650054931640625e+01 4.961545944213867188e+01 6.006189346313476562e+01 4.543127059936523438e+01 6.234678268432617188e+01 4.455307960510253906e+01 2.000000000000000000e+00
2.325183582305908203e+02 4.337025547027587891e+02 2.358251762390136719e+02 4.297493076324462891e+02 2.377915763854980469e+02 4.290017795562744141e+02 2.000000000000000000e+00
4.224631023406982422e+02 4.506929111480712891e+02 4.256072998046875000e+02 4.469757556915283203e+02 4.275187683105468750e+02 4.464425468444824219e+02 2.000000000000000000e+00
5.395836257934570312e+02 2.664284706115722656e+01 5.433078002929687500e+02 2.308124542236328125e+01 5.456098747253417969e+02 2.251932621002197266e+01 2.000000000000000000e+00
5.416575431823730469e+02 1.537194442749023438e+02 5.452025222778320312e+02 1.502266216278076172e+02 5.473780632019042969e+02 1.496876192092895508e+02 2.000000000000000000e+00
5.106046485900878906e+02 1.336985850334167480e+02 5.141064453125000000e+02 1.299865651130676270e+02 5.163611412048339844e+02 1.295288515090942383e+02 2.000000000000000000e+00
4.384717082977294922e+02 3.867555284500122070e+02 4.418307781219482422e+02 3.831242179870605469e+02 4.437301349639892578e+02 3.825789928436279297e+02 2.000000000000000000e+00
4.383933734893798828e+02 4.166614723205566406e+02 4.415994262695312500e+02 4.130223798751831055e+02 4.435721111297607422e+02 4.125078535079956055e+02 2.000000000000000000e+00
5.894627761840820312e+02 1.477002954483032227e+02 5.932600784301757812e+02 1.441762018203735352e+02 5.953603553771972656e+02 1.437321710586547852e+02 2.000000000000000000e+00
4.044670391082763672e+02 3.546832323074340820e+02 4.078868103027343750e+02 3.511146283149719238e+02 4.098131752014160156e+02 3.504534673690795898e+02 2.000000000000000000e+00
5.496282386779785156e+02 1.875786852836608887e+02 5.531492424011230469e+02 1.842197835445404053e+02 5.553048133850097656e+02 1.838050067424774170e+02 2.000000000000000000e+00
5.396071243286132812e+02 5.754233837127685547e+01 5.432935905456542969e+02 5.398761749267578125e+01 5.455512046813964844e+02 5.350806713104248047e+01 2.000000000000000000e+00
4.584593868255615234e+02 3.726670646667480469e+02 4.617986202239990234e+02 3.690488004684448242e+02 4.637455463409423828e+02 3.685546588897705078e+02 2.000000000000000000e+00
5.345131874084472656e+02 1.386529827117919922e+02 5.380529785156250000e+02 1.350863456726074219e+02 5.402954673767089844e+02 1.345559620857238770e+02 2.000000000000000000e+00
4.284390926361083984e+02 3.867650270462036133e+02 4.318235492706298828e+02 3.831306266784667969e+02 4.338321590423583984e+02 3.826112508773803711e+02 2.000000000000000000e+00
4.014221191406250000e+02 3.207372450828552246e+02 4.098941993713378906e+02 3.258501935005187988e+02 4.119358539581298828e+02 3.253058838844299316e+02 2.000000000000000000e+00
4.645368099212646484e+02 1.717791581153869629e+02 4.680245399475097656e+02 1.680502009391784668e+02 4.702424335479736328e+02 1.676117849349975586e+02 2.000000000000000000e+00
2.514842653274536133e+02 4.306143951416015625e+02 2.548330354690551758e+02 4.267885208129882812e+02 2.567311716079711914e+02 4.259311008453369141e+02 2.000000000000000000e+00
4.494492530822753906e+02 3.596712112426757812e+02 4.527973937988281250e+02 3.561214041709899902e+02 4.547149944305419922e+02 3.555011057853698730e+02 2.000000000000000000e+00
5.755068397521972656e+02 1.517256546020507812e+02 5.791410636901855469e+02 1.481705904006958008e+02 5.813529014587402344e+02 1.476837873458862305e+02 2.000000000000000000e+00
1.975592517852783203e+02 4.325695896148681641e+02 2.007793712615966797e+02 4.287273931503295898e+02 2.027094078063964844e+02 4.278125381469726562e+02 2.000000000000000000e+00
4.584124755859375000e+02 4.577174520492553711e+02 4.615524959564208984e+02 4.541561651229858398e+02 4.635123634338378906e+02 4.535991954803466797e+02 2.000000000000000000e+00
1.114817237854003906e+02 2.662063121795654297e+01 1.150147438049316406e+02 2.254021167755126953e+01 1.172946357727050781e+02 2.162565708160400391e+01 2.000000000000000000e+00
5.805963134765625000e+02 1.717120313644409180e+02 5.842066001892089844e+02 1.681480193138122559e+02 5.864352989196777344e+02 1.677569532394409180e+02 2.000000000000000000e+00
5.366384506225585938e+01 4.685810708999633789e+02 5.720291137695312500e+01 4.644441032409667969e+02 5.914800643920898438e+01 4.634228038787841797e+02 2.000000000000000000e+00
2.375543022155761719e+02 4.676147603988647461e+02 2.407741832733154297e+02 4.637025260925292969e+02 2.427958679199218750e+02 4.628891372680664062e+02 2.000000000000000000e+00
4.354829406738281250e+02 3.777128362655639648e+02 4.388060283660888672e+02 3.741758537292480469e+02 4.407582759857177734e+02 3.735932350158691406e+02 2.000000000000000000e+00
5.115463829040527344e+02 4.406919622421264648e+02 5.147372436523437500e+02 4.371796131134033203e+02 5.166817092895507812e+02 4.366860151290893555e+02 2.000000000000000000e+00
2.462041854858398438e+01 4.624842596054077148e+02 2.821052551269531250e+01 4.582527923583984375e+02 3.024820327758789062e+01 4.572849798202514648e+02 2.000000000000000000e+00
5.346516799926757812e+02 1.707504057884216309e+02 5.381315994262695312e+02 1.671652364730834961e+02 5.404050254821777344e+02 1.666375851631164551e+02 2.000000000000000000e+00
2.515608835220336914e+02 3.077941346168518066e+02 2.549456310272216797e+02 3.038916993141174316e+02 2.569474792480468750e+02 3.032109403610229492e+02 2.000000000000000000e+00
5.304575920104980469e+02 1.487579154968261719e+02 5.339654541015625000e+02 1.451505088806152344e+02 5.361790275573730469e+02 1.446786618232727051e+02 2.000000000000000000e+00
4.044475078582763672e+02 3.347832655906677246e+02 4.077526855468750000e+02 3.310971093177795410e+02 4.097700500488281250e+02 3.305032110214233398e+02 2.000000000000000000e+00
4.595090389251708984e+02 8.072246074676513672e+01 4.631416606903076172e+02 7.696918487548828125e+01 4.654217815399169922e+02 7.656894207000732422e+01 2.000000000000000000e+00
5.835935783386230469e+02 1.847884190082550049e+02 5.873276329040527344e+02 1.811802184581756592e+02 5.893717002868652344e+02 1.808468127250671387e+02 2.000000000000000000e+00
5.565687942504882812e+02 1.957918524742126465e+02 5.600475502014160156e+02 1.923074769973754883e+02 5.622499465942382812e+02 1.918944525718688965e+02 2.000000000000000000e+00
4.544047546386718750e+02 4.656777763366699219e+02 4.575433063507080078e+02 4.620970630645751953e+02 4.595186805725097656e+02 4.615836954116821289e+02 2.000000000000000000e+00
5.416092491149902344e+02 1.456977510452270508e+02 5.451645469665527344e+02 1.421479725837707520e+02 5.473471069335937500e+02 1.416120386123657227e+02 2.000000000000000000e+00
2.343993473052978516e+02 2.759179115295410156e+01 2.379615116119384766e+02 2.360401153564453125e+01 2.402475118637084961e+02 2.281293869018554688e+01 2.000000000000000000e+00
4.895307922363281250e+02 1.737445807456970215e+02 4.930085563659667969e+02 1.701365947723388672e+02 4.952873802185058594e+02 1.695039153099060059e+02 2.000000000000000000e+00
3.654634094238281250e+02 4.667025232315063477e+02 3.685849332809448242e+02 4.629843521118164062e+02 3.706224966049194336e+02 4.623676300048828125e+02 2.000000000000000000e+00
5.795082473754882812e+02 2.038235306739807129e+02 5.829605102539062500e+02 2.003031742572784424e+02 5.852082633972167969e+02 1.998468589782714844e+02 2.000000000000000000e+00
1.797558689117431641e+02 3.957538604736328125e+01 1.834445762634277344e+02 3.554429054260253906e+01 1.856593799591064453e+02 3.467803001403808594e+01 2.000000000000000000e+00
4.434086036682128906e+02 3.746533584594726562e+02 4.466867733001708984e+02 3.711270761489868164e+02 4.486698913574218750e+02 3.705660438537597656e+02 2.000000000000000000e+00
2.257419681549072266e+02 4.736277294158935547e+02 2.290532016754150391e+02 4.697063112258911133e+02 2.309659099578857422e+02 4.689406299591064453e+02 2.000000000000000000e+00
5.457022666931152344e+02 1.885832476615905762e+02 5.492312622070312500e+02 1.852384757995605469e+02 5.513690185546875000e+02 1.848525524139404297e+02 2.000000000000000000e+00
4.493918132781982422e+02 3.927775382995605469e+02 4.527560138702392578e+02 3.890630292892456055e+02 4.546701717376708984e+02 3.885995578765869141e+02 2.000000000000000000e+00
1.734882068634033203e+02 4.456252527236938477e+02 1.769871330261230469e+02 4.415504837036132812e+02 1.789158630371093750e+02 4.407638311386108398e+02 2.000000000000000000e+00
5.154917716979980469e+02 4.336675214767456055e+02 5.186707878112792969e+02 4.301689481735229492e+02 5.206372642517089844e+02 4.296876955032348633e+02 2.000000000000000000e+00
4.084442806243896484e+02 3.886767911911010742e+02 4.117359638214111328e+02 3.851155185699462891e+02 4.136849117279052734e+02 3.845287513732910156e+02 2.000000000000000000e+00
5.605290603637695312e+02 1.958017265796661377e+02 5.640633583068847656e+02 1.923127555847167969e+02 5.662857055664062500e+02 1.919116938114166260e+02 2.000000000000000000e+00
5.144919395446777344e+02 9.860186576843261719e+01 5.179871940612792969e+02 9.500723361968994141e+01 5.202983474731445312e+02 9.456685066223144531e+01 2.000000000000000000e+00
4.104724407196044922e+02 3.437386536598205566e+02 4.138113689422607422e+02 3.400406885147094727e+02 4.157782268524169922e+02 3.394936895370483398e+02 2.000000000000000000e+00
2.673908662796020508e+02 4.246137428283691406e+02 2.706480407714843750e+02 4.207851362228393555e+02 2.726660776138305664e+02 4.200470638275146484e+02 2.000000000000000000e+00
4.225531005859375000e+02 3.637746620178222656e+02 4.259313678741455078e+02 3.602406120300292969e+02 4.279247760772705078e+02 3.595621061325073242e+02 2.000000000000000000e+00
5.575965690612792969e+02 1.896758866310119629e+02 5.610738563537597656e+02 1.862657296657562256e+02 5.632216262817382812e+02 1.857140457630157471e+02 2.000000000000000000e+00
5.264201736450195312e+02 1.517794275283813477e+02 5.300067710876464844e+02 1.482488179206848145e+02 5.322094154357910156e+02 1.476947450637817383e+02 2.000000000000000000e+00
2.363292407989501953e+02 4.136737489700317383e+02 2.396797275543212891e+02 4.096787738800048828e+02 2.417547893524169922e+02 4.088984441757202148e+02 2.000000000000000000e+00
5.526432609558105469e+02 2.088799417018890381e+02 5.559642410278320312e+02 2.052391040325164795e+02 5.581023025512695312e+02 2.047743201255798340e+02 2.000000000000000000e+00
4.694159221649169922e+02 4.057433509826660156e+02 4.727094459533691406e+02 4.021816492080688477e+02 4.747479915618896484e+02 4.016532325744628906e+02 2.000000000000000000e+00
5.517098999023437500e+02 1.597143173217773438e+02 5.552487182617187500e+02 1.561858177185058594e+02 5.574609947204589844e+02 1.557066321372985840e+02 2.000000000000000000e+00
5.375107383728027344e+02 1.497593307495117188e+02 5.410159873962402344e+02 1.462480115890502930e+02 5.432969474792480469e+02 1.456962704658508301e+02 2.000000000000000000e+00
2.884633779525756836e+02 4.436788702011108398e+02 2.917308950424194336e+02 4.397639322280883789e+02 2.936930847167968750e+02 4.391394424438476562e+02 2.000000000000000000e+00
1.376695442199707031e+02 4.736304473876953125e+02 1.410027503967285156e+02 4.695746040344238281e+02 1.429198074340820312e+02 4.686405801773071289e+02 2.000000000000000000e+00
5.404710769653320312e+02 3.597184538841247559e+02 5.438352012634277344e+02 3.562678885459899902e+02 5.458599281311035156e+02 3.557680106163024902e+02 2.000000000000000000e+00
4.014631652832031250e+02 4.276995992660522461e+02 4.045845031738281250e+02 4.241029214859008789e+02 4.065895748138427734e+02 4.234927797317504883e+02 2.000000000000000000e+00
5.204986000061035156e+02 8.366053104400634766e+01 5.241695022583007812e+02 8.003790378570556641e+01 5.263927650451660156e+02 7.954946994781494141e+01 2.000000000000000000e+00
4.474589538574218750e+02 3.666246414184570312e+02 4.507327938079833984e+02 3.630774021148681641e+02 4.527347755432128906e+02 3.624968290328979492e+02 2.000000000000000000e+00
5.854893875122070312e+02 3.461588859558105469e+01 5.892578697204589844e+02 3.101022720336914062e+01 5.915796470642089844e+02 3.057017326354980469e+01 2.000000000000000000e+00
5.414729118347167969e+02 3.647360658645629883e+02 5.448422241210937500e+02 3.612759447097778320e+02 5.468280029296875000e+02 3.607871103286743164e+02 2.000000000000000000e+00
4.404165935516357422e+02 4.226772308349609375e+02 4.436177349090576172e+02 4.190388822555541992e+02 4.456011676788330078e+02 4.185320806503295898e+02 2.000000000000000000e+00
8.264211654663085938e+01 4.716054868698120117e+02 8.612226486206054688e+01 4.675011348724365234e+02 8.803440093994140625e+01 4.665212202072143555e+02 2.000000000000000000e+00
5.694696617126464844e+02 1.059302330017089844e+01 5.731774330139160156e+02 6.925520896911621094e+00 5.755148315429687500e+02 6.484494209289550781e+00 2.000000000000000000e+00
4.553420162200927734e+02 1.350873041152954102e+02 4.587009334564208984e+02 1.315572023391723633e+02 4.609299945831298828e+02 1.310207462310791016e+02 2.000000000000000000e+00
4.024461650848388672e+02 3.397636771202087402e+02 4.058052062988281250e+02 3.360748672485351562e+02 4.077696895599365234e+02 3.354980206489562988e+02 2.000000000000000000e+00
4.115488624572753906e+02 3.537291312217712402e+02 4.149660682678222656e+02 3.501627588272094727e+02 4.169144344329833984e+02 3.494962191581726074e+02 2.000000000000000000e+00
4.034092998504638672e+02 4.427048206329345703e+02 4.065862464904785156e+02 4.390574455261230469e+02 4.086368751525878906e+02 4.384847259521484375e+02 2.000000000000000000e+00
4.064373779296875000e+02 3.427339196205139160e+02 4.097869300842285156e+02 3.390734338760375977e+02 4.117483234405517578e+02 3.384974384307861328e+02 2.000000000000000000e+00
1.066167640686035156e+02 4.565616559982299805e+02 1.101577568054199219e+02 4.526400232315063477e+02 1.120200729370117188e+02 4.516032886505126953e+02 2.000000000000000000e+00
2.355945873260498047e+02 4.386329412460327148e+02 2.389679813385009766e+02 4.346800947189331055e+02 2.407740020751953125e+02 4.339889287948608398e+02 2.000000000000000000e+00
4.175418758392333984e+02 3.617854642868041992e+02 4.208821773529052734e+02 3.582318162918090820e+02 4.229177570343017578e+02 3.575704121589660645e+02 2.000000000000000000e+00
4.674230670928955078e+02 6.870069980621337891e+01 4.709832763671875000e+02 6.512580871582031250e+01 4.733884334564208984e+02 6.451974391937255859e+01 2.000000000000000000e+00
4.553734111785888672e+02 1.176786518096923828e+02 4.589517211914062500e+02 1.139870882034301758e+02 4.611874103546142578e+02 1.133784914016723633e+02 2.000000000000000000e+00
5.103904724121093750e+02 4.616836309432983398e+02 5.135210609436035156e+02 4.581602954864501953e+02 5.155360221862792969e+02 4.577161645889282227e+02 2.000000000000000000e+00
4.324045467376708984e+02 2.064095020294189453e+01 4.361022949218750000e+02 1.685824871063232422e+01 4.383141231536865234e+02 1.626884937286376953e+01 2.000000000000000000e+00
2.514411926269531250e+02 4.266058444976806641e+02 2.547971773147583008e+02 4.227689266204833984e+02 2.566976594924926758e+02 4.219033670425415039e+02 2.000000000000000000e+00
3.894511747360229492e+02 4.636618137359619141e+02 3.925724506378173828e+02 4.599827957153320312e+02 3.945198392868041992e+02 4.593640565872192383e+02 2.000000000000000000e+00
4.925352478027343750e+02 4.287236738204956055e+02 4.956741142272949219e+02 4.251948308944702148e+02 4.975626564025878906e+02 4.246246719360351562e+02 2.000000000000000000e+00
5.205405998229980469e+02 7.964651584625244141e+01 5.241682243347167969e+02 7.602579116821289062e+01 5.264210319519042969e+02 7.553164958953857422e+01 2.000000000000000000e+00
6.440458297729492188e+01 2.963892459869384766e+01 6.803712844848632812e+01 2.552501678466796875e+01 7.031354904174804688e+01 2.455335617065429688e+01 2.000000000000000000e+00
1.636093235015869141e+02 4.646349620819091797e+02 1.668425750732421875e+02 4.605926370620727539e+02 1.688755130767822266e+02 4.597615814208984375e+02 2.000000000000000000e+00
4.104482460021972656e+02 3.347938585281372070e+02 4.137541198730468750e+02 3.311034893989562988e+02 4.157442951202392578e+02 3.305309772491455078e+02 2.000000000000000000e+00
5.084485244750976562e+02 4.267047214508056641e+02 5.116407203674316406e+02 4.232041454315185547e+02 5.135880851745605469e+02 4.227377986907958984e+02 2.000000000000000000e+00
2.475812387466430664e+02 3.177272415161132812e+02 2.509823751449584961e+02 3.138145780563354492e+02 2.529258108139038086e+02 3.131390118598937988e+02 2.000000000000000000e+00
5.135503578186035156e+02 4.069427490234375000e+01 5.172573852539062500e+02 3.708661079406738281e+01 5.195535850524902344e+02 3.657794952392578125e+01 2.000000000000000000e+00
3.969337463378906250e+01 4.695588827133178711e+02 4.325796127319335938e+01 4.653401041030883789e+02 4.517599105834960938e+01 4.643316793441772461e+02 2.000000000000000000e+00
4.564672851562500000e+02 1.066711521148681641e+02 4.599840068817138672e+02 1.029886150360107422e+02 4.623170757293701172e+02 1.023898887634277344e+02 2.000000000000000000e+00
8.049879074096679688e+01 4.335783863067626953e+02 8.397199630737304688e+01 4.294439220428466797e+02 8.600006103515625000e+01 4.284893274307250977e+02 2.000000000000000000e+00
4.404736995697021484e+02 3.646598911285400391e+02 4.437919616699218750e+02 3.611335802078247070e+02 4.457415771484375000e+02 3.605368423461914062e+02 2.000000000000000000e+00
2.304234790802001953e+02 4.157160472869873047e+02 2.338015747070312500e+02 4.117866325378417969e+02 2.357538127899169922e+02 4.110098934173583984e+02 2.000000000000000000e+00
4.044402790069580078e+02 3.288163805007934570e+02 4.077222919464111328e+02 3.251168560981750488e+02 4.097908973693847656e+02 3.245198106765747070e+02 2.000000000000000000e+00
2.055313110351562500e+02 4.176722145080566406e+02 2.087660217285156250e+02 4.137974309921264648e+02 2.107947635650634766e+02 4.128816890716552734e+02 2.000000000000000000e+00
4.054331684112548828e+02 4.236783885955810547e+02 4.086127662658691406e+02 4.200969028472900391e+02 4.105703449249267578e+02 4.194780921936035156e+02 2.000000000000000000e+00
3.974474191665649414e+02 3.746876335144042969e+02 4.007255268096923828e+02 3.710337638854980469e+02 4.027813148498535156e+02 3.703858995437622070e+02 2.000000000000000000e+00
4.644077777862548828e+02 3.816734361648559570e+02 4.677334594726562500e+02 3.780182933807373047e+02 4.696877193450927734e+02 3.775839328765869141e+02 2.000000000000000000e+00
5.105161476135253906e+02 3.548461031913757324e+02 5.138679885864257812e+02 3.511892151832580566e+02 5.158931922912597656e+02 3.508694815635681152e+02 2.000000000000000000e+00
4.604575824737548828e+02 1.538707351684570312e+02 4.638535213470458984e+02 1.503020095825195312e+02 4.660491943359375000e+02 1.498799729347229004e+02 2.000000000000000000e+00
2.244572162628173828e+02 4.556285476684570312e+02 2.277067089080810547e+02 4.517051553726196289e+02 2.297666454315185547e+02 4.508984756469726562e+02 2.000000000000000000e+00
4.464770221710205078e+02 4.477288341522216797e+02 4.497033691406250000e+02 4.441600799560546875e+02 4.516244792938232422e+02 4.436227798461914062e+02 2.000000000000000000e+00
5.413500404357910156e+02 4.546990156173706055e+02 5.445220947265625000e+02 4.512627696990966797e+02 5.465180778503417969e+02 4.508530139923095703e+02 2.000000000000000000e+00
5.646572303771972656e+02 2.118439471721649170e+02 5.678960609436035156e+02 2.083247065544128418e+02 5.701392936706542969e+02 2.079027986526489258e+02 2.000000000000000000e+00
3.024723815917968750e+02 4.445874166488647461e+02 3.057799375057220459e+02 4.408037853240966797e+02 3.077034294605255127e+02 4.401218318939208984e+02 2.000000000000000000e+00
4.313454627990722656e+02 4.057509613037109375e+02 4.344782161712646484e+02 4.020841741561889648e+02 4.365615844726562500e+02 4.015206098556518555e+02 2.000000000000000000e+00
4.524258422851562500e+02 1.462007546424865723e+02 4.558028602600097656e+02 1.428674840927124023e+02 4.580646419525146484e+02 1.429219794273376465e+02 2.000000000000000000e+00
4.413753700256347656e+02 1.366055488586425781e+01 4.450548458099365234e+02 9.837670326232910156e+00 4.473121929168701172e+02 9.291071891784667969e+00 2.000000000000000000e+00
1.475924110412597656e+02 4.635482597351074219e+02 1.509831047058105469e+02 4.594374847412109375e+02 1.529168319702148438e+02 4.586081027984619141e+02 2.000000000000000000e+00
7.566431045532226562e+01 4.706175327301025391e+02 7.912164688110351562e+01 4.664893627166748047e+02 8.102844238281250000e+01 4.655286741256713867e+02 2.000000000000000000e+00
5.494806480407714844e+02 9.967595100402832031e+01 5.530953979492187500e+02 9.621534347534179688e+01 5.553458976745605469e+02 9.562361240386962891e+01 2.000000000000000000e+00
4.244202899932861328e+02 3.967329454421997070e+02 4.276235675811767578e+02 3.931121921539306641e+02 4.296949481964111328e+02 3.925748920440673828e+02 2.000000000000000000e+00
4.324259948730468750e+02 3.687181520462036133e+02 4.357252216339111328e+02 3.651515293121337891e+02 4.377115821838378906e+02 3.645880508422851562e+02 2.000000000000000000e+00
3.894538593292236328e+02 3.327654433250427246e+02 3.927742338180541992e+02 3.290728497505187988e+02 3.947402334213256836e+02 3.284857535362243652e+02 2.000000000000000000e+00
4.814164543151855469e+02 3.867890453338623047e+02 4.847566223144531250e+02 3.831134748458862305e+02 4.867425346374511719e+02 3.826916027069091797e+02 2.000000000000000000e+00
5.375417709350585938e+01 4.325622081756591797e+02 5.718635559082031250e+01 4.283654308319091797e+02 5.915065765380859375e+01 4.274285316467285156e+02 2.000000000000000000e+00
4.346715927124023438e+01 3.370154857635498047e+01 4.711486816406250000e+01 2.954343795776367188e+01 4.922164916992187500e+01 2.849833488464355469e+01 2.000000000000000000e+00
4.113629150390625000e+02 4.546171045303344727e+02 4.145548152923583984e+02 4.509784984588623047e+02 4.165428447723388672e+02 4.504205989837646484e+02 2.000000000000000000e+00
4.945070838928222656e+02 4.470940589904785156e+01 4.982802391052246094e+02 4.115804672241210938e+01 5.005746269226074219e+02 4.054730415344238281e+01 2.000000000000000000e+00
5.194832801818847656e+02 4.317154026031494141e+02 5.226421546936035156e+02 4.281933116912841797e+02 5.246351432800292969e+02 4.276935768127441406e+02 2.000000000000000000e+00
2.784971904754638672e+02 4.566336822509765625e+02 2.817715764045715332e+02 4.527436637878417969e+02 2.837144160270690918e+02 4.520954990386962891e+02 2.000000000000000000e+00
4.494094562530517578e+02 4.617298650741577148e+02 4.525511169433593750e+02 4.581207418441772461e+02 4.545165157318115234e+02 4.575918674468994141e+02 2.000000000000000000e+00
4.847272109985351562e+02 1.365679121017456055e+02 4.881565856933593750e+02 1.331860899925231934e+02 4.903230857849121094e+02 1.326486897468566895e+02 2.000000000000000000e+00
5.015964698791503906e+02 1.638055086135864258e+02 5.049893188476562500e+02 1.601409244537353516e+02 5.072998619079589844e+02 1.596336650848388672e+02 2.000000000000000000e+00
1.525953865051269531e+02 4.726394748687744141e+02 1.559688758850097656e+02 4.685573816299438477e+02 1.579043006896972656e+02 4.677313613891601562e+02 2.000000000000000000e+00
5.795032310485839844e+02 2.061704635620117188e+01 5.832146072387695312e+02 1.696427822113037109e+01 5.855513381958007812e+02 1.652968883514404297e+01 2.000000000000000000e+00
3.874987792968750000e+02 2.765283107757568359e+01 3.914796161651611328e+02 2.396565914154052734e+01 3.934528493881225586e+02 2.327216148376464844e+01 2.000000000000000000e+00
1.635223674774169922e+02 4.506146335601806641e+02 1.670296478271484375e+02 4.465517377853393555e+02 1.689411449432373047e+02 4.457509231567382812e+02 2.000000000000000000e+00
5.735396766662597656e+02 1.998340415954589844e+02 5.770643424987792969e+02 1.963111388683319092e+02 5.792279052734375000e+02 1.959200870990753174e+02 2.000000000000000000e+00
5.794401359558105469e+02 3.763226509094238281e+01 5.833154296875000000e+02 3.403976440429687500e+01 5.856327629089355469e+02 3.359683513641357422e+01 2.000000000000000000e+00
4.094593524932861328e+02 4.206412124633789062e+02 4.126612854003906250e+02 4.169931793212890625e+02 4.145616149902343750e+02 4.164283275604248047e+02 2.000000000000000000e+00
4.144534969329833984e+02 3.846356248855590820e+02 4.177244281768798828e+02 3.811142921447753906e+02 4.197386837005615234e+02 3.805542325973510742e+02 2.000000000000000000e+00
3.165422669053077698e+02 6.552343368530273438e+00 3.203450012207031250e+02 2.492423057556152344e+00 3.224752807617187500e+02 1.868262290954589844e+00 2.000000000000000000e+00
3.764962148666381836e+02 3.707281494140625000e+02 3.798263549804687500e+02 3.670851230621337891e+02 3.818270254135131836e+02 3.664815473556518555e+02 2.000000000000000000e+00
4.794575786590576172e+02 6.665027618408203125e+01 4.829678726196289062e+02 6.309615612030029297e+01 4.854157829284667969e+02 6.249896049499511719e+01 2.000000000000000000e+00
5.244249916076660156e+02 4.867881774902343750e+01 5.280786705017089844e+02 4.506309986114501953e+01 5.303983116149902344e+02 4.450255393981933594e+01 2.000000000000000000e+00
4.624855995178222656e+02 6.869999885559082031e+01 4.660266399383544922e+02 6.509794235229492188e+01 4.684794902801513672e+02 6.451932907104492188e+01 2.000000000000000000e+00
4.114649391174316406e+02 3.927039241790771484e+02 4.147367000579833984e+02 3.890919828414916992e+02 4.166976928710937500e+02 3.885489606857299805e+02 2.000000000000000000e+00
5.459104537963867188e+01 3.626352310180664062e+02 5.800577163696289062e+01 3.585758113861083984e+02 6.014146804809570312e+01 3.575834083557128906e+02 2.000000000000000000e+00
5.715453529357910156e+02 1.767120838165283203e+01 5.752368164062500000e+02 1.401334762573242188e+01 5.776083374023437500e+02 1.356378078460693359e+01 2.000000000000000000e+00
1.834139823913574219e+02 9.578847885131835938e+00 1.870438194274902344e+02 5.544533729553222656e+00 1.893507194519042969e+02 4.722919464111328125e+00 2.000000000000000000e+00
5.774392700195312500e+02 4.265544891357421875e+01 5.813550376892089844e+02 3.906098842620849609e+01 5.837154579162597656e+02 3.863662719726562500e+01 2.000000000000000000e+00
4.625279521942138672e+02 7.568691730499267578e+01 4.661202716827392578e+02 7.202390670776367188e+01 4.683998107910156250e+02 7.154285430908203125e+01 2.000000000000000000e+00
4.245263099670410156e+02 3.727387762069702148e+02 4.278848934173583984e+02 3.692228221893310547e+02 4.298660945892333984e+02 3.685681200027465820e+02 2.000000000000000000e+00
4.423768329620361328e+02 2.165452480316162109e+01 4.460600280761718750e+02 1.783184051513671875e+01 4.482752704620361328e+02 1.726166725158691406e+01 2.000000000000000000e+00
4.294738769531250000e+02 3.817017316818237305e+02 4.328494548797607422e+02 3.781094741821289062e+02 4.348090839385986328e+02 3.775496292114257812e+02 2.000000000000000000e+00
4.203497028350830078e+02 4.666112852096557617e+02 4.234948158264160156e+02 4.629639387130737305e+02 4.254919719696044922e+02 4.624274396896362305e+02 2.000000000000000000e+00
5.035753440856933594e+02 5.376102447509765625e+01 5.074184989929199219e+02 5.007934570312500000e+01 5.096758079528808594e+02 4.954603672027587891e+01 2.000000000000000000e+00
2.515665102005004883e+02 3.147176527976989746e+02 2.549614095687866211e+02 3.107847619056701660e+02 2.569351816177368164e+02 3.101265907287597656e+02 2.000000000000000000e+00
5.123140907287597656e+02 1.387472820281982422e+02 5.158934974670410156e+02 1.350539374351501465e+02 5.181226921081542969e+02 1.345917892456054688e+02 2.000000000000000000e+00
3.585419917106628418e+02 3.998891973495483398e+02 3.618471670150756836e+02 3.961716699600219727e+02 3.637062978744506836e+02 3.955086708068847656e+02 2.000000000000000000e+00
5.285426712036132812e+02 7.962863445281982422e+01 5.321819496154785156e+02 7.602075576782226562e+01 5.344305992126464844e+02 7.551848888397216797e+01 2.000000000000000000e+00
2.564785432815551758e+02 3.207928204536437988e+02 2.598601388931274414e+02 3.168528771400451660e+02 2.618182373046875000e+02 3.161841773986816406e+02 2.000000000000000000e+00
4.765083599090576172e+02 1.737785124778747559e+02 4.800158119201660156e+02 1.701008749008178711e+02 4.820234107971191406e+02 1.695041012763977051e+02 2.000000000000000000e+00
3.823768329620361328e+02 4.667030811309814453e+02 3.854843139648437500e+02 4.630489969253540039e+02 3.875101041793823242e+02 4.624296140670776367e+02 2.000000000000000000e+00
4.814696121215820312e+02 4.457013416290283203e+02 4.847624588012695312e+02 4.422515630722045898e+02 4.866547012329101562e+02 4.416736221313476562e+02 2.000000000000000000e+00
5.765250968933105469e+02 1.908005046844482422e+02 5.801333618164062500e+02 1.871571457386016846e+02 5.822322463989257812e+02 1.867947363853454590e+02 2.000000000000000000e+00
4.125500488281250000e+02 3.577650547027587891e+02 4.159653663635253906e+02 3.541979742050170898e+02 4.179197978973388672e+02 3.535248756408691406e+02 2.000000000000000000e+00
5.644932365417480469e+02 9.603037834167480469e+00 5.680644035339355469e+02 5.894236564636230469e+00 5.705058670043945312e+02 5.470018386840820312e+00 2.000000000000000000e+00
5.685492515563964844e+02 1.998120081424713135e+02 5.720233154296875000e+02 1.963023662567138672e+02 5.742256546020507812e+02 1.959013187885284424e+02 2.000000000000000000e+00
4.644254207611083984e+02 4.057561683654785156e+02 4.677436828613281250e+02 4.021851539611816406e+02 4.697609615325927734e+02 4.016254949569702148e+02 2.000000000000000000e+00
5.436431884765625000e+02 5.151832580566406250e+01 5.473220252990722656e+02 4.798507690429687500e+01 5.495524978637695312e+02 4.747389793395996094e+01 2.000000000000000000e+00
4.163859558105468750e+02 3.927167701721191406e+02 4.196778297424316406e+02 3.890673637390136719e+02 4.217235088348388672e+02 3.885557270050048828e+02 2.000000000000000000e+00
5.044750022888183594e+02 3.561192512512207031e+01 5.081859397888183594e+02 3.206172466278076172e+01 5.106173706054687500e+02 3.152931690216064453e+01 2.000000000000000000e+00
7.058622360229492188e+01 3.596604967117309570e+02 7.396657943725585938e+01 3.555844187736511230e+02 7.616641998291015625e+01 3.546169781684875488e+02 2.000000000000000000e+00
4.044173336029052734e+02 3.916802501678466797e+02 4.077252864837646484e+02 3.881130409240722656e+02 4.097197914123535156e+02 3.874851751327514648e+02 2.000000000000000000e+00
2.153661632537841797e+02 4.096739244461059570e+02 2.187001037597656250e+02 4.058309984207153320e+02 2.208025360107421875e+02 4.049184894561767578e+02 2.000000000000000000e+00
2.474667644500732422e+02 1.162329196929931641e+01 2.509601593017578125e+02 7.546977996826171875e+00 2.532775115966796875e+02 6.749639511108398438e+00 2.000000000000000000e+00
2.654233407974243164e+02 3.467071580886840820e+02 2.687031555175781250e+02 3.429736375808715820e+02 2.707575082778930664e+02 3.422100305557250977e+02 2.000000000000000000e+00
4.193846797943115234e+02 3.997189092636108398e+02 4.225379371643066406e+02 3.960665988922119141e+02 4.246295833587646484e+02 3.955695533752441406e+02 2.000000000000000000e+00
4.905560302734375000e+02 4.407644462585449219e+02 4.937239646911621094e+02 4.372254753112792969e+02 4.955995750427246094e+02 4.366674041748046875e+02 2.000000000000000000e+00
5.396812820434570312e+02 1.587579631805419922e+02 5.432178306579589844e+02 1.552064037322998047e+02 5.453799438476562500e+02 1.547149586677551270e+02 2.000000000000000000e+00
2.545595693588256836e+02 4.506557750701904297e+02 2.578448152542114258e+02 4.467559003829956055e+02 2.597591543197631836e+02 4.460281419754028320e+02 2.000000000000000000e+00
5.073710632324218750e+02 3.707707643508911133e+02 5.106981277465820312e+02 3.671457338333129883e+02 5.127981567382812500e+02 3.667561054229736328e+02 2.000000000000000000e+00
4.254148292541503906e+02 4.695430183410644531e+02 4.285712909698486328e+02 4.658938407897949219e+02 4.305283832550048828e+02 4.653551387786865234e+02 2.000000000000000000e+00
7.253166198730468750e+01 4.385553073883056641e+02 7.597412109375000000e+01 4.344112586975097656e+02 7.807760238647460938e+01 4.334817981719970703e+02 2.000000000000000000e+00
3.994365549087524414e+02 4.536695051193237305e+02 4.025500202178955078e+02 4.499577713012695312e+02 4.045003986358642578e+02 4.493734788894653320e+02 2.000000000000000000e+00
1.894624614715576172e+02 3.264734745025634766e+01 1.932669162750244141e+02 2.852052211761474609e+01 1.953819084167480469e+02 2.774149417877197266e+01 2.000000000000000000e+00
4.364559078216552734e+02 4.577118301391601562e+02 4.396540260314941406e+02 4.541003894805908203e+02 4.414941406250000000e+02 4.535608577728271484e+02 2.000000000000000000e+00
4.683822917938232422e+02 4.477039575576782227e+02 4.715813350677490234e+02 4.441474342346191406e+02 4.735366249084472656e+02 4.436501026153564453e+02 2.000000000000000000e+00
1.216934013366699219e+02 4.737070083618164062e+02 1.250748252868652344e+02 4.695674800872802734e+02 1.269621467590332031e+02 4.686795759201049805e+02 2.000000000000000000e+00
5.446480751037597656e+02 1.497396469116210938e+02 5.482110023498535156e+02 1.462411308288574219e+02 5.503923416137695312e+02 1.457017493247985840e+02 2.000000000000000000e+00
1.394993782043457031e+02 4.336254644393920898e+02 1.429633522033691406e+02 4.296123504638671875e+02 1.448652076721191406e+02 4.286855936050415039e+02 2.000000000000000000e+00
4.284169006347656250e+02 3.907287311553955078e+02 4.317278480529785156e+02 3.871084356307983398e+02 4.338032245635986328e+02 3.865891170501708984e+02 2.000000000000000000e+00
4.524421119689941406e+02 1.416294479370117188e+02 4.559280681610107422e+02 1.388536190986633301e+02 4.581899166107177734e+02 1.391959333419799805e+02 2.000000000000000000e+00
5.494351196289062500e+02 3.627668237686157227e+02 5.527796745300292969e+02 3.592584586143493652e+02 5.547845458984375000e+02 3.588582229614257812e+02 2.000000000000000000e+00
3.961208343505859375e+01 1.951108932495117188e+01 4.311077117919921875e+01 1.548707485198974609e+01 4.560438156127929688e+01 1.448528766632080078e+01 2.000000000000000000e+00
2.213496112823486328e+02 4.177062177658081055e+02 2.246689701080322266e+02 4.138279867172241211e+02 2.267680454254150391e+02 4.129536867141723633e+02 2.000000000000000000e+00
5.354615592956542969e+02 3.607205629348754883e+02 5.388262367248535156e+02 3.573353362083435059e+02 5.408405876159667969e+02 3.567609000205993652e+02 2.000000000000000000e+00
4.615704345703125000e+02 1.657959437370300293e+02 4.650384521484375000e+02 1.621085500717163086e+02 4.673245906829833984e+02 1.616649127006530762e+02 2.000000000000000000e+00
5.606539344787597656e+02 2.098751342296600342e+02 5.639638710021972656e+02 2.063074636459350586e+02 5.662415885925292969e+02 2.058893108367919922e+02 2.000000000000000000e+00
5.663126945495605469e+02 4.167564153671264648e+02 5.695985794067382812e+02 4.132743072509765625e+02 5.715267944335937500e+02 4.129026031494140625e+02 2.000000000000000000e+00
5.406029701232910156e+02 4.555410861968994141e+01 5.442645835876464844e+02 4.199938774108886719e+01 5.465255165100097656e+02 4.150307178497314453e+01 2.000000000000000000e+00
4.544435405731201172e+02 3.686362981796264648e+02 4.577754878997802734e+02 3.650670576095581055e+02 4.596931743621826172e+02 3.644785165786743164e+02 2.000000000000000000e+00
5.223958206176757812e+02 4.477275753021240234e+02 5.256025505065917969e+02 4.441908931732177734e+02 5.275490760803222656e+02 4.437298679351806641e+02 2.000000000000000000e+00
2.463197708129882812e+01 4.544787740707397461e+02 2.819629669189453125e+01 4.502299976348876953e+02 3.023902893066406250e+01 4.492873334884643555e+02 2.000000000000000000e+00
5.694594192504882812e+02 5.368590831756591797e+01 5.733112907409667969e+02 5.000525951385498047e+01 5.755269813537597656e+02 4.957623481750488281e+01 2.000000000000000000e+00
4.294715881347656250e+02 4.396687459945678711e+02 4.326362323760986328e+02 4.360503101348876953e+02 4.345763301849365234e+02 4.355020809173583984e+02 2.000000000000000000e+00
4.384723186492919922e+02 3.736636447906494141e+02 4.417552471160888672e+02 3.701447582244873047e+02 4.437087440490722656e+02 3.695513677597045898e+02 2.000000000000000000e+00
4.454400062561035156e+02 3.606880903244018555e+02 4.487721252441406250e+02 3.571107530593872070e+02 4.507260131835937500e+02 3.565426397323608398e+02 2.000000000000000000e+00
5.284534263610839844e+02 1.336756539344787598e+02 5.319805335998535156e+02 1.300415897369384766e+02 5.341898918151855469e+02 1.295543646812438965e+02 2.000000000000000000e+00
5.945089340209960938e+01 4.265364646911621094e+01 6.309167861938476562e+01 3.850045680999755859e+01 6.534208297729492188e+01 3.755803585052490234e+01 2.000000000000000000e+00
4.685761451721191406e+02 1.728358268737792969e+02 4.720626258850097656e+02 1.690923714637756348e+02 4.742724609375000000e+02 1.686313605308532715e+02 2.000000000000000000e+00
4.294467163085937500e+02 5.869953632354736328e+01 4.330419921875000000e+02 5.496306896209716797e+01 4.354287147521972656e+02 5.442622661590576172e+01 2.000000000000000000e+00
4.441505432128906250e+01 6.564638614654541016e+01 4.797700881958007812e+01 6.147637367248535156e+01 5.035892486572265625e+01 6.049088001251220703e+01 2.000000000000000000e+00
1.366874122619628906e+02 4.666316986083984375e+02 1.400071525573730469e+02 4.625636100769042969e+02 1.419558143615722656e+02 4.616731309890747070e+02 2.000000000000000000e+00
5.469806671142578125e+01 4.375695562362670898e+02 5.811794281005859375e+01 4.333761405944824219e+02 6.008195877075195312e+01 4.324123907089233398e+02 2.000000000000000000e+00
2.445757436752319336e+02 3.097787547111511230e+02 2.479571533203125000e+02 3.058807396888732910e+02 2.499540376663208008e+02 3.051955318450927734e+02 2.000000000000000000e+00
1.614648532867431641e+02 3.216735863685607910e+02 1.649842929840087891e+02 3.177707290649414062e+02 1.670128726959228516e+02 3.169723248481750488e+02 2.000000000000000000e+00
5.348177528381347656e+02 1.898054337501525879e+02 5.384332275390625000e+02 1.864148211479187012e+02 5.407670974731445312e+02 1.858592212200164795e+02 2.000000000000000000e+00
4.594352722167968750e+02 4.487232112884521484e+02 4.625817584991455078e+02 4.451770448684692383e+02 4.645041561126708984e+02 4.446216773986816406e+02 2.000000000000000000e+00
3.024421381950378418e+02 3.666433238983154297e+02 3.057266533374786377e+02 3.628822660446166992e+02 3.076808774471282959e+02 3.622532987594604492e+02 2.000000000000000000e+00
4.363476848602294922e+02 5.469398975372314453e+01 4.400946998596191406e+02 5.094054222106933594e+01 4.423993873596191406e+02 5.043993473052978516e+01 2.000000000000000000e+00
4.835376548767089844e+02 9.270668506622314453e+01 4.871569252014160156e+02 8.904134273529052734e+01 4.894086647033691406e+02 8.849697589874267578e+01 2.000000000000000000e+00
5.564353752136230469e+02 3.773078441619873047e+01 5.603192710876464844e+02 3.405299663543701172e+01 5.624033164978027344e+02 3.364348411560058594e+01 2.000000000000000000e+00
1.165066528320312500e+02 4.326213169097900391e+02 1.199174690246582031e+02 4.285988187789916992e+02 1.219301986694335938e+02 4.276077032089233398e+02 2.000000000000000000e+00
7.160623550415039062e+01 4.725933408737182617e+02 7.508243560791015625e+01 4.684811782836914062e+02 7.699846267700195312e+01 4.675223779678344727e+02 2.000000000000000000e+00
4.414564228057861328e+02 3.606923532485961914e+02 4.447579669952392578e+02 3.571537256240844727e+02 4.467312622070312500e+02 3.565437412261962891e+02 2.000000000000000000e+00
1.037275886535644531e+02 4.676629400253295898e+02 1.070675468444824219e+02 4.635784721374511719e+02 1.089442253112792969e+02 4.625924491882324219e+02 2.000000000000000000e+00
5.784392166137695312e+02 4.665628910064697266e+01 5.822202110290527344e+02 4.303522109985351562e+01 5.845877647399902344e+02 4.260046005249023438e+01 2.000000000000000000e+00
3.664985036849975586e+02 3.556859779357910156e+02 3.698642873764038086e+02 3.520684862136840820e+02 3.719148874282836914e+02 3.514099788665771484e+02 2.000000000000000000e+00
5.460523605346679688e+01 3.676289749145507812e+02 5.795427322387695312e+01 3.635597276687622070e+02 6.014755249023437500e+01 3.625703430175781250e+02 2.000000000000000000e+00
5.404491615295410156e+02 3.887447547912597656e+02 5.436773109436035156e+02 3.852795839309692383e+02 5.457305908203125000e+02 3.848542928695678711e+02 2.000000000000000000e+00
1.694425201416015625e+02 4.096407508850097656e+02 1.728682041168212891e+02 4.056122589111328125e+02 1.749265289306640625e+02 4.048231887817382812e+02 2.000000000000000000e+00
3.167585372924804688e+01 3.846003198623657227e+02 3.511220932006835938e+01 3.804761981964111328e+02 3.726423263549804688e+01 3.794758701324462891e+02 2.000000000000000000e+00
1.733845043182373047e+02 3.006237816810607910e+02 1.768053722381591797e+02 2.967278766632080078e+02 1.788925743103027344e+02 2.959831881523132324e+02 2.000000000000000000e+00
5.234386634826660156e+02 1.567724275588989258e+02 5.270594596862792969e+02 1.532216477394104004e+02 5.292541503906250000e+02 1.526761722564697266e+02 2.000000000000000000e+00
4.523620891571044922e+02 4.167348432540893555e+02 4.556306457519531250e+02 4.131806659698486328e+02 4.575829792022705078e+02 4.125968170166015625e+02 2.000000000000000000e+00
4.764586830139160156e+02 3.958129978179931641e+02 4.798010253906250000e+02 3.921746921539306641e+02 4.818095397949218750e+02 3.917165565490722656e+02 2.000000000000000000e+00
5.205407142639160156e+02 6.167219638824462891e+01 5.240789794921875000e+02 5.801211833953857422e+01 5.264666175842285156e+02 5.748298645019531250e+01 2.000000000000000000e+00
5.476436233520507812e+02 5.152420520782470703e+01 5.513273429870605469e+02 4.798450469970703125e+01 5.535689735412597656e+02 4.747934818267822266e+01 2.000000000000000000e+00
4.924693870544433594e+02 4.217573404312133789e+02 4.956590270996093750e+02 4.181931495666503906e+02 4.975489234924316406e+02 4.176014184951782227e+02 2.000000000000000000e+00
8.758594512939453125e+01 4.455478906631469727e+02 9.099534988403320312e+01 4.414319801330566406e+02 9.301177978515625000e+01 4.405209732055664062e+02 2.000000000000000000e+00
4.874724769592285156e+02 4.077170133590698242e+02 4.907245826721191406e+02 4.041601610183715820e+02 4.925954627990722656e+02 4.036257362365722656e+02 2.000000000000000000e+00
4.423911190032958984e+02 4.156715154647827148e+02 4.456022644042968750e+02 4.120106220245361328e+02 4.475946044921875000e+02 4.114845657348632812e+02 2.000000000000000000e+00
5.024661827087402344e+02 4.070780754089355469e+01 5.061447715759277344e+02 3.713752269744873047e+01 5.084967613220214844e+02 3.657182693481445312e+01 2.000000000000000000e+00
9.268995285034179688e+01 3.336496353149414062e+02 9.605566024780273438e+01 3.296355915069580078e+02 9.823423385620117188e+01 3.286507344245910645e+02 2.000000000000000000e+00
2.585329580307006836e+02 3.986351680755615234e+02 2.618532085418701172e+02 3.948148870468139648e+02 2.638365173339843750e+02 3.940553426742553711e+02 2.000000000000000000e+00
4.914716911315917969e+02 4.027152442932128906e+02 4.947371864318847656e+02 3.991314411163330078e+02 4.965549659729003906e+02 3.986146259307861328e+02 2.000000000000000000e+00
5.144622230529785156e+02 1.126485443115234375e+02 5.180920982360839844e+02 1.091015052795410156e+02 5.202496337890625000e+02 1.086109113693237305e+02 2.000000000000000000e+00
4.054725933074951172e+02 4.357027673721313477e+02 4.086275672912597656e+02 4.320758485794067383e+02 4.106785297393798828e+02 4.314717864990234375e+02 2.000000000000000000e+00
1.575679969787597656e+02 4.486341047286987305e+02 1.610153007507324219e+02 4.445991325378417969e+02 1.630206394195556641e+02 4.437621259689331055e+02 2.000000000000000000e+00
4.014375305175781250e+02 3.887032842636108398e+02 4.047590065002441406e+02 3.851128292083740234e+02 4.067458820343017578e+02 3.845108127593994141e+02 2.000000000000000000e+00
4.215617084503173828e+02 3.577757906913757324e+02 4.249693012237548828e+02 3.542264485359191895e+02 4.269437599182128906e+02 3.535620474815368652e+02 2.000000000000000000e+00
3.568519592285156250e+01 4.525972080230712891e+02 3.927125930786132812e+01 4.483658838272094727e+02 4.124330520629882812e+01 4.473471164703369141e+02 2.000000000000000000e+00
5.004189872741699219e+02 4.677157115936279297e+02 5.035089492797851562e+02 4.641510486602783203e+02 5.055444717407226562e+02 4.636850738525390625e+02 2.000000000000000000e+00
6.838888168334960938e+01 1.660853862762451172e+01 7.206701278686523438e+01 1.250977993011474609e+01 7.436658859252929688e+01 1.155358314514160156e+01 2.000000000000000000e+00
2.435717630386352539e+02 3.147101783752441406e+02 2.469867086410522461e+02 3.107656002044677734e+02 2.489476156234741211e+02 3.101126718521118164e+02 2.000000000000000000e+00
5.254989051818847656e+02 1.086996603012084961e+02 5.291357421875000000e+02 1.050936555862426758e+02 5.313784790039062500e+02 1.046100997924804688e+02 2.000000000000000000e+00
4.885430717468261719e+02 5.569414615631103516e+01 4.922055435180664062e+02 5.207143306732177734e+01 4.945623207092285156e+02 5.148867130279541016e+01 2.000000000000000000e+00
8.667238235473632812e+01 4.706166172027587891e+02 9.013769149780273438e+01 4.665311050415039062e+02 9.203464508056640625e+01 4.655307054519653320e+02 2.000000000000000000e+00
2.044599151611328125e+02 1.661155700683593750e+01 2.080817508697509766e+02 1.262143135070800781e+01 2.103597831726074219e+02 1.175036430358886719e+01 2.000000000000000000e+00
9.509603500366210938e+01 4.724755954742431641e+02 9.844625473022460938e+01 4.683948755264282227e+02 1.003346061706542969e+02 4.674152898788452148e+02 2.000000000000000000e+00
4.084590435028076172e+02 4.327007246017456055e+02 4.116203308105468750e+02 4.290709018707275391e+02 4.136320209503173828e+02 4.284756517410278320e+02 2.000000000000000000e+00
3.074648129940032959e+02 3.656391620635986328e+02 3.107243651151657104e+02 3.618317699432373047e+02 3.126770019531250000e+02 3.612172651290893555e+02 2.000000000000000000e+00
5.254982948303222656e+02 4.178299283981323242e+02 5.286170768737792969e+02 4.143116855621337891e+02 5.306292724609375000e+02 4.138762950897216797e+02 2.000000000000000000e+00
4.553511333465576172e+02 4.397555637359619141e+02 4.585570716857910156e+02 4.361344957351684570e+02 4.604920387268066406e+02 4.356256198883056641e+02 2.000000000000000000e+00
3.944825458526611328e+02 3.247507667541503906e+02 3.977575683593750000e+02 3.210953092575073242e+02 3.997656583786010742e+02 3.205385470390319824e+02 2.000000000000000000e+00
4.364606666564941406e+02 4.256781721115112305e+02 4.396863460540771484e+02 4.220710229873657227e+02 4.416248798370361328e+02 4.215109634399414062e+02 2.000000000000000000e+00
4.284647274017333984e+02 4.436538791656494141e+02 4.316276264190673828e+02 4.400172901153564453e+02 4.335785579681396484e+02 4.394769430160522461e+02 2.000000000000000000e+00
4.814581871032714844e+02 5.965683460235595703e+01 4.849713134765625000e+02 5.607633590698242188e+01 4.873527336120605469e+02 5.549507617950439453e+01 2.000000000000000000e+00
8.562915802001953125e+01 3.676647949218750000e+02 8.921869277954101562e+01 3.636541271209716797e+02 9.120441436767578125e+01 3.626879596710205078e+02 2.000000000000000000e+00
5.724350547790527344e+02 4.657740354537963867e+02 5.755812454223632812e+02 4.622735452651977539e+02 5.774693107604980469e+02 4.618595409393310547e+02 2.000000000000000000e+00
2.545730113983154297e+02 3.976324796676635742e+02 2.578852224349975586e+02 3.938178777694702148e+02 2.598171091079711914e+02 3.930501222610473633e+02 2.000000000000000000e+00
