3.923946380615234375e+01 4.089836883544921875e+02 3.454954147338867188e+01 4.095638179779052734e+02 2.693658828735351562e+01 4.070083665847778320e+02 3.000000000000000000e+00
5.072526931762695312e+01 4.185886287689208984e+02 4.609321594238281250e+01 4.192181539535522461e+02 3.856588363647460938e+01 4.165458154678344727e+02 3.000000000000000000e+00
3.210878906399011612e+02 2.590664076805114746e+02 3.165864256024360657e+02 2.594535541534423828e+02 3.092167663574218750e+02 2.566154175996780396e+02 3.000000000000000000e+00
3.160743102431297302e+02 2.590976876020431519e+02 3.115722042322158813e+02 2.594721686840057373e+02 3.042037355899810791e+02 2.566334545612335205e+02 3.000000000000000000e+00
5.580991744995117188e+01 4.165710783004760742e+02 5.116630554199218750e+01 4.171969699859619141e+02 4.364368438720703125e+01 4.145211267471313477e+02 3.000000000000000000e+00
1.238692665100097656e+02 3.929237794876098633e+02 1.192024993896484375e+02 3.934214544296264648e+02 1.117501258850097656e+02 3.906834125518798828e+02 3.000000000000000000e+00
8.717805862426757812e+01 3.947327327728271484e+02 8.252048492431640625e+01 3.953225469589233398e+02 7.509624481201171875e+01 3.925888681411743164e+02 3.000000000000000000e+00
2.342000865936279297e+02 1.927505922317504883e+02 2.311028003692626953e+02 1.936522972583770752e+02 2.251027011871337891e+02 1.913814818859100342e+02 1.000000000000000000e+00
6.246294021606445312e+01 3.863282203674316406e+02 5.776437759399414062e+01 3.868017339706420898e+02 5.018505096435546875e+01 3.841596078872680664e+02 3.000000000000000000e+00
1.269200515747070312e+02 4.017930078506469727e+02 1.223267173767089844e+02 4.023443984985351562e+02 1.148677825927734375e+02 3.996008062362670898e+02 3.000000000000000000e+00
1.074952125549316406e+02 3.743161725997924805e+02 1.028283309936523438e+02 3.747566270828247070e+02 9.537582397460937500e+01 3.721065473556518555e+02 3.000000000000000000e+00
1.619104480743408203e+02 1.682822227478027344e+02 1.597217559814453125e+02 1.693086504936218262e+02 1.543785285949707031e+02 1.669102263450622559e+02 1.000000000000000000e+00
1.064784431457519531e+02 3.802582740783691406e+02 1.018555450439453125e+02 3.807724714279174805e+02 9.437658309936523438e+01 3.780702638626098633e+02 3.000000000000000000e+00
1.535000038146972656e+02 4.142056989669799805e+02 1.489220046997070312e+02 4.146593427658081055e+02 1.414590263366699219e+02 4.119584083557128906e+02 3.000000000000000000e+00
3.748827838897705078e+02 2.821337914466857910e+02 3.704063129425048828e+02 2.824843454360961914e+02 3.629848957061767578e+02 2.795556950569152832e+02 3.000000000000000000e+00
4.686685466766357422e+02 1.488204574584960938e+02 4.640533161163330078e+02 1.492986559867858887e+02 4.564297485351562500e+02 1.463850474357604980e+02 3.000000000000000000e+00
4.467650794982910156e+02 1.418689656257629395e+02 4.422121620178222656e+02 1.423737287521362305e+02 4.345889568328857422e+02 1.393914556503295898e+02 3.000000000000000000e+00
3.648575735092163086e+02 3.467762947082519531e+01 3.601541137695312500e+02 3.516338825225830078e+01 3.525412917137145996e+02 3.221755027770996094e+01 3.000000000000000000e+00
1.108669853210449219e+02 4.171466732025146484e+02 1.062279701232910156e+02 4.177612066268920898e+02 9.872850418090820312e+01 4.150607156753540039e+02 3.000000000000000000e+00
3.209106750786304474e+02 5.716238021850585938e+01 3.163895872235298157e+02 5.757815837860107422e+01 3.086451411247253418e+02 5.464387893676757812e+01 3.000000000000000000e+00
3.211279296875000000e+02 2.630543839931488037e+02 3.166111755371093750e+02 2.634467482566833496e+02 3.092519831657409668e+02 2.606074529886245728e+02 3.000000000000000000e+00
8.753084182739257812e+01 2.871393764019012451e+02 8.285232543945312500e+01 2.876390719413757324e+02 7.521846771240234375e+01 2.849182140827178955e+02 3.000000000000000000e+00
1.048298835754394531e+02 4.103153800964355469e+02 1.002105522155761719e+02 4.108908176422119141e+02 9.270544052124023438e+01 4.081878805160522461e+02 3.000000000000000000e+00
2.118908786773681641e+02 2.094055938720703125e+02 2.091396617889404297e+02 2.101777946949005127e+02 2.033759593963623047e+02 2.076004028320312500e+02 1.000000000000000000e+00
9.334501266479492188e+01 3.976296186447143555e+02 8.871334075927734375e+01 3.982185745239257812e+02 8.125272750854492188e+01 3.954740095138549805e+02 3.000000000000000000e+00
1.248622131347656250e+02 3.869837665557861328e+02 1.201223754882812500e+02 3.874866771697998047e+02 1.127221870422363281e+02 3.847402381896972656e+02 3.000000000000000000e+00
1.342811012268066406e+02 4.156718587875366211e+02 1.296612358093261719e+02 4.161847257614135742e+02 1.222179603576660156e+02 4.134992408752441406e+02 3.000000000000000000e+00
3.621076679229736328e+02 1.047366714477539062e+02 3.575399780273437500e+02 1.052431440353393555e+02 3.498365473747253418e+02 1.023021125793457031e+02 3.000000000000000000e+00
3.709165668487548828e+02 2.821649479866027832e+02 3.664400625228881836e+02 2.825218534469604492e+02 3.590231013298034668e+02 2.795904242992401123e+02 3.000000000000000000e+00
3.927127695083618164e+02 2.115268242359161377e+02 3.946491098403930664e+02 2.126923513412475586e+02 3.935694599151611328e+02 2.103438860177993774e+02 2.000000000000000000e+00
1.177839469909667969e+02 3.950614643096923828e+02 1.131277847290039062e+02 3.955442047119140625e+02 1.056963920593261719e+02 3.927977371215820312e+02 3.000000000000000000e+00
4.279515075683593750e+02 1.132853651046752930e+02 4.233660602569580078e+02 1.137253046035766602e+02 4.156969356536865234e+02 1.107426595687866211e+02 3.000000000000000000e+00
4.247171974182128906e+02 1.621369457244873047e+02 4.200254535675048828e+02 1.625481820106506348e+02 4.126243877410888672e+02 1.595676255226135254e+02 3.000000000000000000e+00
9.647642135620117188e+01 2.699819970130920410e+02 9.180652618408203125e+01 2.704900825023651123e+02 8.425174713134765625e+01 2.677174079418182373e+02 3.000000000000000000e+00
7.607282638549804688e+01 3.920267772674560547e+02 7.142139434814453125e+01 3.925899124145507812e+02 6.399749755859375000e+01 3.898800086975097656e+02 3.000000000000000000e+00
4.141952514648437500e+02 1.083565807342529297e+02 4.095513916015625000e+02 1.087556505203247070e+02 4.020002460479736328e+02 1.057936048507690430e+02 3.000000000000000000e+00
9.667922973632812500e+01 4.074977445602416992e+02 9.211828231811523438e+01 4.080544281005859375e+02 8.458522796630859375e+01 4.053499889373779297e+02 3.000000000000000000e+00
9.868734359741210938e+01 4.125235748291015625e+02 9.407501220703125000e+01 4.131107854843139648e+02 8.654661178588867188e+01 4.103893232345581055e+02 3.000000000000000000e+00
3.161238709092140198e+02 2.631001603603363037e+02 3.116051942110061646e+02 2.634730839729309082e+02 3.042466425895690918e+02 2.606326907873153687e+02 3.000000000000000000e+00
3.220563660562038422e+02 1.230189299583435059e+02 3.173677977919578552e+02 1.234952974319458008e+02 3.098811638355255127e+02 1.205376505851745605e+02 3.000000000000000000e+00
9.555347442626953125e+01 2.881210362911224365e+02 9.087881088256835938e+01 2.886175882816314697e+02 8.325830459594726562e+01 2.858933115005493164e+02 3.000000000000000000e+00
4.299517822265625000e+02 1.182770490646362305e+02 4.253528118133544922e+02 1.187107944488525391e+02 4.176794719696044922e+02 1.157221126556396484e+02 3.000000000000000000e+00
2.277189445495605469e+02 1.923947131633758545e+02 2.248251152038574219e+02 1.933339834213256836e+02 2.189654827117919922e+02 1.909865069389343262e+02 1.000000000000000000e+00
2.182362079620361328e+02 1.900209939479827881e+02 2.155870628356933594e+02 1.907982015609741211e+02 2.099212646484375000e+02 1.883646976947784424e+02 1.000000000000000000e+00
8.851482391357421875e+01 4.198979616165161133e+02 8.380983352661132812e+01 4.204492521286010742e+02 7.627958297729492188e+01 4.178079557418823242e+02 3.000000000000000000e+00
1.085034751892089844e+02 3.842461252212524414e+02 1.038966178894042969e+02 3.847394800186157227e+02 9.641408920288085938e+01 3.820642232894897461e+02 3.000000000000000000e+00
1.403666305541992188e+02 4.144909429550170898e+02 1.357487869262695312e+02 4.150192022323608398e+02 1.283027839660644531e+02 4.123278951644897461e+02 3.000000000000000000e+00
1.145654106140136719e+02 3.812161302566528320e+02 1.098384666442871094e+02 3.816739225387573242e+02 1.024250221252441406e+02 3.789912128448486328e+02 3.000000000000000000e+00
4.513674068450927734e+02 2.333093869686126709e+02 4.526348018646240234e+02 2.338424831628799438e+02 4.510204505920410156e+02 2.312716367840766907e+02 2.000000000000000000e+00
1.252347946166992188e+02 4.157796764373779297e+02 1.205431175231933594e+02 4.163683605194091797e+02 1.131441688537597656e+02 4.136205768585205078e+02 3.000000000000000000e+00
3.828306913375854492e+02 1.015710783004760742e+02 3.782104206085205078e+02 1.020295572280883789e+02 3.705885934829711914e+02 9.913716316223144531e+01 3.000000000000000000e+00
1.028198432922363281e+02 4.154026651382446289e+02 9.818332672119140625e+01 4.160565948486328125e+02 9.067205429077148438e+01 4.133026456832885742e+02 3.000000000000000000e+00
3.188714294135570526e+02 4.705026626586914062e+01 3.143605345487594604e+02 4.745750427246093750e+01 3.066108095645904541e+02 4.451936244964599609e+01 3.000000000000000000e+00
1.157278251647949219e+02 3.851927804946899414e+02 1.109818649291992188e+02 3.856386423110961914e+02 1.036048698425292969e+02 3.829616832733154297e+02 3.000000000000000000e+00
1.075501632690429688e+02 3.952597761154174805e+02 1.030052947998046875e+02 3.957487249374389648e+02 9.541723251342773438e+01 3.930554580688476562e+02 3.000000000000000000e+00
9.933755874633789062e+01 3.884206867218017578e+02 9.471200942993164062e+01 3.889094352722167969e+02 8.717853546142578125e+01 3.862592554092407227e+02 3.000000000000000000e+00
8.627733230590820312e+01 4.016764354705810547e+02 8.160806655883789062e+01 4.022893810272216797e+02 7.416683197021484375e+01 3.995397663116455078e+02 3.000000000000000000e+00
1.118738365173339844e+02 4.052518701553344727e+02 1.072961616516113281e+02 4.057714033126831055e+02 9.976116180419921875e+01 4.030751466751098633e+02 3.000000000000000000e+00
3.192881164699792862e+02 2.788772892951965332e+02 3.147140502929687500e+02 2.791788661479949951e+02 3.073636782169342041e+02 2.764502263069152832e+02 3.000000000000000000e+00
4.593906593322753906e+02 2.322668758034706116e+02 4.605733966827392578e+02 2.328695520758628845e+02 4.589255046844482422e+02 2.302496480941772461e+02 2.000000000000000000e+00
3.652357816696166992e+02 1.118022108078002930e+02 3.606497812271118164e+02 1.122872829437255859e+02 3.529918837547302246e+02 1.093545913696289062e+02 3.000000000000000000e+00
9.033193588256835938e+01 4.015985441207885742e+02 8.567481994628906250e+01 4.022127771377563477e+02 7.822595596313476562e+01 3.994556951522827148e+02 3.000000000000000000e+00
3.623152780532836914e+02 1.148118782043457031e+02 3.577246403694152832e+02 1.153219127655029297e+02 3.500975966453552246e+02 1.123800230026245117e+02 3.000000000000000000e+00
3.318687748908996582e+02 1.167446994781494141e+02 3.272461241483688354e+02 1.171868562698364258e+02 3.197302246093750000e+02 1.144069862365722656e+02 3.000000000000000000e+00
4.336347579956054688e+01 4.079032659530639648e+02 3.866851806640625000e+01 4.084806919097900391e+02 3.115825653076171875e+01 4.058527278900146484e+02 3.000000000000000000e+00
4.684784889221191406e+02 1.805032789707183838e+02 4.639662837982177734e+02 1.808458364009857178e+02 4.564073467254638672e+02 1.779867553710937500e+02 3.000000000000000000e+00
4.412756633758544922e+02 1.759613800048828125e+02 4.366538429260253906e+02 1.764468955993652344e+02 4.291103553771972656e+02 1.735915946960449219e+02 3.000000000000000000e+00
1.137380218505859375e+02 3.922347736358642578e+02 1.090818595886230469e+02 3.926741981506347656e+02 1.016070938110351562e+02 3.900077962875366211e+02 3.000000000000000000e+00
4.107708740234375000e+02 1.533029580116271973e+02 4.061847591400146484e+02 1.537330412864685059e+02 3.986508798599243164e+02 1.507835626602172852e+02 3.000000000000000000e+00
4.528020000457763672e+02 2.275139003992080688e+02 4.541691875457763672e+02 2.281467130780220032e+02 4.525668621063232422e+02 2.255679005384445190e+02 2.000000000000000000e+00
4.632214069366455078e+02 2.321119531989097595e+02 4.644001770019531250e+02 2.328144223988056183e+02 4.627537822723388672e+02 2.301656332612037659e+02 2.000000000000000000e+00
1.035492134094238281e+02 4.003461456298828125e+02 9.895706176757812500e+01 4.008721446990966797e+02 9.142848968505859375e+01 3.981845426559448242e+02 3.000000000000000000e+00
1.116436004638671875e+02 3.982920885086059570e+02 1.070089912414550781e+02 3.987687778472900391e+02 9.950565338134765625e+01 3.960889005661010742e+02 3.000000000000000000e+00
3.375428164005279541e+02 1.991804122924804688e+01 3.328868103027343750e+02 2.034344673156738281e+01 3.251819461584091187e+02 1.741969585418701172e+01 3.000000000000000000e+00
1.188157653808593750e+02 3.880930280685424805e+02 1.140936851501464844e+02 3.885684299468994141e+02 1.066885566711425781e+02 3.858211469650268555e+02 3.000000000000000000e+00
4.579859066009521484e+02 1.594124579429626465e+02 4.534221553802490234e+02 1.597818374633789062e+02 4.458576107025146484e+02 1.567718625068664551e+02 3.000000000000000000e+00
1.810764789581298828e+02 1.681595706939697266e+02 1.785122394561767578e+02 1.692109823226928711e+02 1.732643604278564453e+02 1.667866158485412598e+02 1.000000000000000000e+00
4.118993282318115234e+02 1.702240276336669922e+02 4.072591876983642578e+02 1.706107020378112793e+02 3.997591257095336914e+02 1.677166843414306641e+02 3.000000000000000000e+00
7.707046508789062500e+01 3.959595966339111328e+02 7.243623733520507812e+01 3.965339756011962891e+02 6.499608993530273438e+01 3.938031435012817383e+02 3.000000000000000000e+00
4.178413391113281250e+02 2.089877772331237793e+02 4.193014240264892578e+02 2.098414599895477295e+02 4.180799865722656250e+02 2.074751400947570801e+02 2.000000000000000000e+00
2.705944204330444336e+02 3.834751939773559570e+02 2.660935640335083008e+02 3.839360189437866211e+02 2.587489318847656250e+02 3.810474014282226562e+02 3.000000000000000000e+00
1.170876502990722656e+02 4.159269475936889648e+02 1.123717689514160156e+02 4.166009902954101562e+02 1.049106407165527344e+02 4.138326787948608398e+02 3.000000000000000000e+00
3.819558429718017578e+02 1.065353536605834961e+02 3.773358488082885742e+02 1.069935894012451172e+02 3.697269010543823242e+02 1.040863323211669922e+02 3.000000000000000000e+00
4.230423927307128906e+02 3.797807979583740234e+02 4.185130596160888672e+02 3.801632165908813477e+02 4.111781978607177734e+02 3.771682834625244141e+02 3.000000000000000000e+00
2.157412242889404297e+02 2.117371040582656860e+02 2.129507160186767578e+02 2.125091850757598877e+02 2.071717643737792969e+02 2.099208354949951172e+02 1.000000000000000000e+00
3.882710886001586914e+02 1.555022048950195312e+02 3.835460805892944336e+02 1.557271528244018555e+02 3.762056875228881836e+02 1.530017209053039551e+02 3.000000000000000000e+00
1.219663810729980469e+02 4.099098873138427734e+02 1.172941780090332031e+02 4.104922628402709961e+02 1.098281288146972656e+02 4.077155828475952148e+02 3.000000000000000000e+00
2.167346763610839844e+02 2.087803173065185547e+02 2.139582538604736328e+02 2.095330166816711426e+02 2.082358837127685547e+02 2.069879150390625000e+02 1.000000000000000000e+00
4.396646785736083984e+02 1.340209293365478516e+02 4.350786781311035156e+02 1.344558835029602051e+02 4.274551677703857422e+02 1.315241646766662598e+02 3.000000000000000000e+00
4.278297424316406250e+02 1.462185144424438477e+02 4.233184528350830078e+02 1.466159605979919434e+02 4.156566143035888672e+02 1.437281870841979980e+02 3.000000000000000000e+00
3.679776620864868164e+02 9.872614860534667969e+01 3.633897399902343750e+02 9.923021793365478516e+01 3.557047438621520996e+02 9.629675388336181641e+01 3.000000000000000000e+00
4.483355140686035156e+02 2.124618369340896606e+02 4.496881771087646484e+02 2.133462506532669067e+02 4.481841182708740234e+02 2.107814919948577881e+02 2.000000000000000000e+00
5.138418197631835938e+01 3.875199079513549805e+02 4.671421051025390625e+01 3.880309867858886719e+02 3.909383773803710938e+01 3.854128789901733398e+02 3.000000000000000000e+00
8.737165451049804688e+01 2.690058606863021851e+02 8.269237518310546875e+01 2.695180374383926392e+02 7.508729934692382812e+01 2.667326062917709351e+02 3.000000000000000000e+00
4.350146770477294922e+02 1.659430360794067383e+02 4.304274940490722656e+02 1.663986039161682129e+02 4.228651714324951172e+02 1.634509706497192383e+02 3.000000000000000000e+00
3.319289553165435791e+02 1.217468905448913574e+02 3.273173826932907104e+02 1.221903920173645020e+02 3.197767333872616291e+02 1.194044637680053711e+02 3.000000000000000000e+00
1.150597763061523438e+02 4.120326948165893555e+02 1.103677558898925781e+02 4.126609611511230469e+02 1.028776359558105469e+02 4.099074840545654297e+02 3.000000000000000000e+00
3.896687030792236328e+02 9.660033702850341797e+01 3.850241994857788086e+02 9.704084873199462891e+01 3.774072265625000000e+02 9.418566226959228516e+01 3.000000000000000000e+00
2.367112731933593750e+02 1.899211871623992920e+02 2.335937976837158203e+02 1.907830953598022461e+02 2.275166606903076172e+02 1.884970843791961670e+02 1.000000000000000000e+00
1.293535232543945312e+02 4.187389326095581055e+02 1.246687126159667969e+02 4.192919111251831055e+02 1.172525978088378906e+02 4.165840244293212891e+02 3.000000000000000000e+00
4.157079219818115234e+02 2.089600503444671631e+02 4.163154888153076172e+02 2.098296332359313965e+02 4.150517940521240234e+02 2.074748218059539795e+02 2.000000000000000000e+00
2.111694335937500000e+02 2.042423379421234131e+02 2.084009552001953125e+02 2.049358963966369629e+02 2.026497650146484375e+02 2.024254739284515381e+02 1.000000000000000000e+00
2.285135459899902344e+02 1.961808586120605469e+02 2.255782127380371094e+02 1.970998513698577881e+02 2.196918487548828125e+02 1.947282385826110840e+02 1.000000000000000000e+00
1.288772583007812500e+02 3.908653306961059570e+02 1.242080116271972656e+02 3.913793134689331055e+02 1.167996215820312500e+02 3.886423444747924805e+02 3.000000000000000000e+00
4.312332439422607422e+02 2.233013606071472168e+02 4.326171875000000000e+02 2.240163266658782959e+02 4.312993812561035156e+02 2.214384913444519043e+02 2.000000000000000000e+00
4.178169536590576172e+02 1.750705504417419434e+02 4.132147216796875000e+02 1.755065417289733887e+02 4.056524658203125000e+02 1.725665402412414551e+02 3.000000000000000000e+00
4.486102294921875000e+02 2.247635489702224731e+02 4.500196838378906250e+02 2.254046621918678284e+02 4.484962463378906250e+02 2.228159326314926147e+02 2.000000000000000000e+00
3.890771198272705078e+02 1.075167989730834961e+02 3.844484281539916992e+02 1.079715299606323242e+02 3.768529653549194336e+02 1.050708818435668945e+02 3.000000000000000000e+00
3.995449209213256836e+02 2.255819088220596313e+02 4.013522338867187500e+02 2.264552298188209534e+02 4.001938152313232422e+02 2.238525688648223877e+02 2.000000000000000000e+00
2.296078968048095703e+02 1.918198513984680176e+02 2.266259860992431641e+02 1.927632558345794678e+02 2.206965923309326172e+02 1.904608440399169922e+02 1.000000000000000000e+00
4.667104244232177734e+02 1.537079715728759766e+02 4.621271419525146484e+02 1.541678237915039062e+02 4.545766925811767578e+02 1.511961793899536133e+02 3.000000000000000000e+00
1.454250144958496094e+02 4.143445587158203125e+02 1.407558631896972656e+02 4.148330211639404297e+02 1.333614349365234375e+02 4.121495819091796875e+02 3.000000000000000000e+00
5.643270492553710938e+01 3.874308586120605469e+02 5.171171188354492188e+01 3.879453134536743164e+02 4.408378601074218750e+01 3.853020143508911133e+02 3.000000000000000000e+00
3.213175049424171448e+02 1.161221981048583984e+02 3.165725708007812500e+02 1.165629243850708008e+02 3.090768730640411377e+02 1.136134386062622070e+02 3.000000000000000000e+00
4.635932922363281250e+02 1.449376487731933594e+02 4.589781856536865234e+02 1.454802775382995605e+02 4.514471435546875000e+02 1.424766969680786133e+02 3.000000000000000000e+00
2.392648887634277344e+02 3.384746146202087402e+02 2.346945762634277344e+02 3.388420128822326660e+02 2.272330760955810547e+02 3.360835289955139160e+02 3.000000000000000000e+00
3.627476215362548828e+02 2.375647544860839844e+01 3.580302119255065918e+02 2.422562599182128906e+01 3.504595947265625000e+02 2.125990390777587891e+01 3.000000000000000000e+00
2.970204162597656250e+02 6.321051120758056641e+01 2.924843144416809082e+02 6.365278244018554688e+01 2.847478318214416504e+02 6.073112010955810547e+01 3.000000000000000000e+00
1.628115940093994141e+02 1.757640051841735840e+02 1.606095600128173828e+02 1.768715786933898926e+02 1.552917480468750000e+02 1.745081448554992676e+02 1.000000000000000000e+00
4.464812374114990234e+02 2.174249410629272461e+02 4.478125286102294922e+02 2.182424765825271606e+02 4.462834167480468750e+02 2.157931351661682129e+02 2.000000000000000000e+00
3.892377328872680664e+02 1.175938796997070312e+02 3.845787382125854492e+02 1.180402708053588867e+02 3.770744037628173828e+02 1.151302099227905273e+02 3.000000000000000000e+00
9.228925704956054688e+01 3.936432266235351562e+02 8.765825271606445312e+01 3.942298364639282227e+02 8.020540237426757812e+01 3.914998483657836914e+02 3.000000000000000000e+00
4.716040039062500000e+02 1.833538806438446045e+02 4.670862102508544922e+02 1.836703312397003174e+02 4.595887184143066406e+02 1.808073556423187256e+02 3.000000000000000000e+00
3.291671144962310791e+02 2.659462898969650269e+02 3.246441957354545593e+02 2.663508617877960205e+02 3.173182982206344604e+02 2.635132759809494019e+02 3.000000000000000000e+00
1.013956260681152344e+02 3.953478813171386719e+02 9.686208724975585938e+01 3.958401918411254883e+02 8.933279037475585938e+01 3.931557369232177734e+02 3.000000000000000000e+00
2.871271657943725586e+02 3.295531368255615234e+02 2.825366520881652832e+02 3.299605178833007812e+02 2.751638174057006836e+02 3.271617794036865234e+02 3.000000000000000000e+00
2.297068309783935547e+02 1.993016946315765381e+02 2.267653179168701172e+02 2.002550482749938965e+02 2.209097385406494141e+02 1.979063236713409424e+02 1.000000000000000000e+00
3.700309467315673828e+02 1.137314414978027344e+02 3.654110431671142578e+02 1.142162990570068359e+02 3.577471923828125000e+02 1.112608623504638672e+02 3.000000000000000000e+00
4.240212154388427734e+02 1.462859416007995605e+02 4.194961261749267578e+02 1.466787672042846680e+02 4.118614482879638672e+02 1.437621545791625977e+02 3.000000000000000000e+00
4.396509075164794922e+02 2.207892590761184692e+02 4.410515785217285156e+02 2.215027606487274170e+02 4.394660377502441406e+02 2.189997088909149170e+02 2.000000000000000000e+00
4.390877056121826172e+02 1.658810377120971680e+02 4.344928264617919922e+02 1.663529133796691895e+02 4.269421100616455078e+02 1.634116959571838379e+02 3.000000000000000000e+00
2.509954071044921875e+02 3.988353967666625977e+02 2.464516878128051758e+02 3.993535566329956055e+02 2.391349792480468750e+02 3.964985132217407227e+02 3.000000000000000000e+00
3.820996093750000000e+02 1.136250543594360352e+02 3.774608755111694336e+02 1.140669107437133789e+02 3.699189472198486328e+02 1.111722850799560547e+02 3.000000000000000000e+00
4.549510860443115234e+02 2.234875631332397461e+02 4.563080120086669922e+02 2.242247307300567627e+02 4.547200298309326172e+02 2.216815781593322754e+02 2.000000000000000000e+00
3.595604252815246582e+02 1.218324136734008789e+02 3.550341200828552246e+02 1.223464322090148926e+02 3.473905348777770996e+02 1.193919754028320312e+02 3.000000000000000000e+00
1.208232879638671875e+02 4.028731727600097656e+02 1.162156867980957031e+02 4.034659481048583984e+02 1.087419319152832031e+02 4.006904983520507812e+02 3.000000000000000000e+00
2.987461853027343750e+02 1.187119102478027344e+02 2.941242980957031250e+02 1.191681575775146484e+02 2.865282893180847168e+02 1.162924575805664062e+02 3.000000000000000000e+00
3.343963325023651123e+02 3.926977586746215820e+02 3.298265379667282104e+02 3.930664730072021484e+02 3.224971924722194672e+02 3.901785421371459961e+02 3.000000000000000000e+00
3.873719501495361328e+02 2.142794018983840942e+02 3.894132995605468750e+02 2.154961538314819336e+02 3.883147907257080078e+02 2.130737435817718506e+02 2.000000000000000000e+00
4.594400310516357422e+02 1.756100893020629883e+02 4.548208618164062500e+02 1.760687971115112305e+02 4.472651672363281250e+02 1.731409692764282227e+02 3.000000000000000000e+00
5.753608703613281250e+01 4.005721235275268555e+02 5.282018661499023438e+01 4.011445713043212891e+02 4.527788162231445312e+01 3.984730339050292969e+02 3.000000000000000000e+00
2.327254772186279297e+02 1.974203789234161377e+02 2.297155475616455078e+02 1.982638514041900635e+02 2.237084960937500000e+02 1.958625769615173340e+02 1.000000000000000000e+00
4.209487915039062500e+01 4.019571590423583984e+02 3.744859695434570312e+01 4.025162458419799805e+02 2.982397079467773438e+01 3.999166345596313477e+02 3.000000000000000000e+00
1.210283851623535156e+02 4.138917875289916992e+02 1.162788391113281250e+02 4.145112991333007812e+02 1.088352394104003906e+02 4.117426586151123047e+02 3.000000000000000000e+00
2.324547386169433594e+02 1.904568457603454590e+02 2.294792747497558594e+02 1.913931548595428467e+02 2.235224246978759766e+02 1.890938687324523926e+02 1.000000000000000000e+00
4.018745708465576172e+02 1.583881187438964844e+02 3.973218107223510742e+02 1.587897920608520508e+02 3.897807931900024414e+02 1.559798240661621094e+02 3.000000000000000000e+00
9.154014587402343750e+01 4.075908851623535156e+02 8.689418792724609375e+01 4.082211399078369141e+02 7.945804595947265625e+01 4.054697656631469727e+02 3.000000000000000000e+00
4.927280426025390625e+01 4.008505010604858398e+02 4.457862854003906250e+01 4.014486122131347656e+02 3.697072982788085938e+01 3.988150405883789062e+02 3.000000000000000000e+00
2.115574455261230469e+02 2.005485069751739502e+02 2.088108062744140625e+02 2.014655756950378418e+02 2.031290149688720703e+02 1.989755845069885254e+02 1.000000000000000000e+00
1.495167732238769531e+02 4.113007593154907227e+02 1.448806190490722656e+02 4.117737579345703125e+02 1.374676704406738281e+02 4.090923213958740234e+02 3.000000000000000000e+00
3.778141164779663086e+02 1.473485469818115234e+01 3.732829618453979492e+02 1.514782905578613281e+01 3.655446767807006836e+02 1.225529193878173828e+01 3.000000000000000000e+00
2.970437932014465332e+02 3.233758592605590820e+02 2.924904179573059082e+02 3.237460970878601074e+02 2.850246882438659668e+02 3.209152293205261230e+02 3.000000000000000000e+00
4.423242473602294922e+02 7.434940338134765625e+00 4.376719951629638672e+02 7.915449142456054688e+00 4.300766658782958984e+02 4.887170791625976562e+00 3.000000000000000000e+00
2.393595600128173828e+02 1.894242846965789795e+02 2.362542819976806641e+02 1.903156864643096924e+02 2.301805973052978516e+02 1.879778409004211426e+02 1.000000000000000000e+00
3.755786466598510742e+02 1.327253651618957520e+02 3.710793781280517578e+02 1.331928062438964844e+02 3.634423208236694336e+02 1.302691626548767090e+02 3.000000000000000000e+00
8.084737777709960938e+01 3.809334468841552734e+02 7.619165420532226562e+01 3.815275382995605469e+02 6.868528366088867188e+01 3.788008546829223633e+02 3.000000000000000000e+00
1.352842140197753906e+02 4.076603507995605469e+02 1.306630897521972656e+02 4.081909561157226562e+02 1.231807136535644531e+02 4.054734849929809570e+02 3.000000000000000000e+00
2.698677062988281250e+02 4.142985677719116211e+02 2.654001140594482422e+02 4.147298383712768555e+02 2.580133676528930664e+02 4.118995428085327148e+02 3.000000000000000000e+00
3.524120783805847168e+02 6.191893100738525391e+01 3.476461195945739746e+02 6.238912582397460938e+01 3.400434875488281250e+02 5.945762157440185547e+01 3.000000000000000000e+00
4.641987037658691406e+02 1.695204591751098633e+02 4.596194744110107422e+02 1.698965263366699219e+02 4.520518779754638672e+02 1.669760584831237793e+02 3.000000000000000000e+00
2.762584209442138672e+02 3.497043800354003906e+02 2.717263793945312500e+02 3.502444195747375488e+02 2.643143892288208008e+02 3.474030232429504395e+02 3.000000000000000000e+00
4.498262023925781250e+02 1.815034139156341553e+02 4.451402950286865234e+02 1.821687734127044678e+02 4.375817298889160156e+02 1.794118738174438477e+02 3.000000000000000000e+00
2.475582885742187500e+02 2.854592299461364746e+02 2.430021810531616211e+02 2.858551061153411865e+02 2.356028270721435547e+02 2.831097435951232910e+02 3.000000000000000000e+00
3.406637883186340332e+02 2.510339668393135071e+02 3.362278139591217041e+02 2.515208896994590759e+02 3.286434024572372437e+02 2.485814514756202698e+02 3.000000000000000000e+00
4.457444190979003906e+02 1.799331951141357422e+02 4.410752582550048828e+02 1.804876220226287842e+02 4.335351562500000000e+02 1.777383255958557129e+02 3.000000000000000000e+00
3.060005486011505127e+02 3.351668429374694824e+02 3.014881289005279541e+02 3.355678153038024902e+02 2.940417480468750000e+02 3.326468825340270996e+02 3.000000000000000000e+00
7.191659927368164062e+01 3.951206159591674805e+02 6.726495742797851562e+01 3.956948947906494141e+02 5.972681045532226562e+01 3.929630756378173828e+02 3.000000000000000000e+00
3.863257741928100586e+02 3.216622352600097656e+02 3.816295194625854492e+02 3.219310069084167480e+02 3.743654775619506836e+02 3.191511297225952148e+02 3.000000000000000000e+00
1.065657043457031250e+02 3.902879762649536133e+02 1.020008087158203125e+02 3.907799148559570312e+02 9.443790435791015625e+01 3.880997371673583984e+02 3.000000000000000000e+00
3.519332885742187500e+02 9.685049057006835938e+01 3.472926330566406250e+02 9.733614921569824219e+01 3.396731269359588623e+02 9.438114166259765625e+01 3.000000000000000000e+00
4.000738811492919922e+02 1.524883961677551270e+02 3.954802274703979492e+02 1.529105615615844727e+02 3.879792499542236328e+02 1.500043129920959473e+02 3.000000000000000000e+00
3.872340393066406250e+02 1.505654239654541016e+02 3.825206613540649414e+02 1.508313846588134766e+02 3.752022123336791992e+02 1.480835509300231934e+02 3.000000000000000000e+00
1.369368934631347656e+02 1.852308619022369385e+02 1.345668220520019531e+02 1.857927525043487549e+02 1.293860054016113281e+02 1.832540416717529297e+02 1.000000000000000000e+00
4.128515338897705078e+02 1.602929806709289551e+02 4.082134437561035156e+02 1.606939673423767090e+02 4.007317829132080078e+02 1.578055858612060547e+02 3.000000000000000000e+00
2.557258892059326172e+02 3.085821247100830078e+02 2.511725616455078125e+02 3.091365694999694824e+02 2.437404298782348633e+02 3.061918044090270996e+02 3.000000000000000000e+00
4.161214923858642578e+02 1.133475780487060547e+02 4.114864826202392578e+02 1.137549591064453125e+02 4.039257812500000000e+02 1.107577514648437500e+02 3.000000000000000000e+00
4.447321510314941406e+02 1.319474601745605469e+02 4.401495075225830078e+02 1.323957467079162598e+02 4.325413513183593750e+02 1.294518041610717773e+02 3.000000000000000000e+00
2.319182586669921875e+02 2.006313765048980713e+02 2.288519382476806641e+02 2.014759504795074463e+02 2.229064750671386719e+02 1.990139436721801758e+02 1.000000000000000000e+00
2.469934082031250000e+02 3.988708877563476562e+02 2.424528503417968750e+02 3.993988752365112305e+02 2.351361179351806641e+02 3.965350484848022461e+02 3.000000000000000000e+00
1.300045204162597656e+02 1.793494677543640137e+02 1.275177574157714844e+02 1.797328162193298340e+02 1.223370552062988281e+02 1.771733522415161133e+02 1.000000000000000000e+00
3.738082599639892578e+02 9.956893444061279297e+01 3.692360544204711914e+02 1.000455665588378906e+02 3.615384244918823242e+02 9.712502002716064453e+01 3.000000000000000000e+00
4.371096515655517578e+02 2.208064574003219604e+02 4.384115886688232422e+02 2.215588974952697754e+02 4.369623470306396484e+02 2.190515881776809692e+02 2.000000000000000000e+00
2.275685691833496094e+02 1.995543479919433594e+02 2.246750640869140625e+02 2.004931318759918213e+02 2.188585662841796875e+02 1.982148563861846924e+02 1.000000000000000000e+00
3.113270568847656250e+02 3.607480287551879883e+02 3.067867732048034668e+02 3.612191820144653320e+02 2.993662095069885254e+02 3.583033847808837891e+02 3.000000000000000000e+00
4.288555335998535156e+02 1.082922792434692383e+02 4.242795753479003906e+02 1.087203168869018555e+02 4.165801715850830078e+02 1.057490873336791992e+02 3.000000000000000000e+00
3.953590393066406250e+02 1.703906965255737305e+02 3.908047199249267578e+02 1.708871698379516602e+02 3.832638883590698242e+02 1.678934597969055176e+02 3.000000000000000000e+00
2.563351440429687500e+02 3.550572252273559570e+02 2.517877960205078125e+02 3.555119991302490234e+02 2.443266439437866211e+02 3.527064585685729980e+02 3.000000000000000000e+00
3.309690558910369873e+02 1.362400746345520020e+02 3.264215087890625000e+02 1.365955424308776855e+02 3.188383483886718750e+02 1.338240623474121094e+02 3.000000000000000000e+00
4.212190532684326172e+02 1.331820130348205566e+02 4.165968990325927734e+02 1.336453771591186523e+02 4.090800762176513672e+02 1.306541848182678223e+02 3.000000000000000000e+00
4.523359966278076172e+02 1.935746669769287109e+01 4.476386451721191406e+02 1.982050895690917969e+01 4.401055049896240234e+02 1.676420688629150391e+01 3.000000000000000000e+00
3.162732848525047302e+02 3.686776828765869141e+02 3.116760861873626709e+02 3.691634845733642578e+02 3.043526303768157959e+02 3.662516212463378906e+02 3.000000000000000000e+00
2.818232417106628418e+02 3.990687704086303711e+02 2.773272371292114258e+02 3.995087957382202148e+02 2.699762248992919922e+02 3.966366720199584961e+02 3.000000000000000000e+00
2.342615318298339844e+02 1.898670637607574463e+02 2.311411380767822266e+02 1.907347226142883301e+02 2.251581668853759766e+02 1.884659242630004883e+02 1.000000000000000000e+00
1.053406715393066406e+02 3.672772264480590820e+02 1.007165718078613281e+02 3.677045345306396484e+02 9.325769424438476562e+01 3.650637531280517578e+02 3.000000000000000000e+00
4.654063701629638672e+02 1.744935607910156250e+02 4.608291912078857422e+02 1.748655366897583008e+02 4.532611370086669922e+02 1.719179177284240723e+02 3.000000000000000000e+00
2.866730046272277832e+02 3.803116178512573242e+02 2.821868896484375000e+02 3.807210731506347656e+02 2.747877168655395508e+02 3.779018640518188477e+02 3.000000000000000000e+00
3.953795480728149414e+02 3.233123230934143066e+02 3.906709623336791992e+02 3.236290311813354492e+02 3.834344196319580078e+02 3.207397484779357910e+02 3.000000000000000000e+00
4.180545043945312500e+02 2.234718471765518188e+02 4.198229980468750000e+02 2.243052363395690918e+02 4.186027240753173828e+02 2.217757093906402588e+02 2.000000000000000000e+00
1.802214050292968750e+02 2.000061786174774170e+02 1.774039268493652344e+02 2.009111917018890381e+02 1.715797519683837891e+02 1.984469139575958252e+02 1.000000000000000000e+00
3.789938068389892578e+02 1.106312370300292969e+02 3.743801259994506836e+02 1.111049222946166992e+02 3.667136526107788086e+02 1.081805992126464844e+02 3.000000000000000000e+00
4.607536983489990234e+02 1.536771225929260254e+02 4.561660766601562500e+02 1.541709423065185547e+02 4.486172199249267578e+02 1.511541080474853516e+02 3.000000000000000000e+00
3.631685209274291992e+02 3.940695333480834961e+02 3.586189270019531250e+02 3.945452928543090820e+02 3.512936401367187500e+02 3.915726327896118164e+02 3.000000000000000000e+00
2.441322946548461914e+02 3.383915448188781738e+02 2.395931816101074219e+02 3.387706661224365234e+02 2.321254062652587891e+02 3.359586811065673828e+02 3.000000000000000000e+00
2.060629272460937500e+02 1.803678846359252930e+02 2.037429523468017578e+02 1.811656773090362549e+02 1.981520366668701172e+02 1.786621069908142090e+02 1.000000000000000000e+00
7.920658111572265625e+01 4.018110466003417969e+02 7.449550628662109375e+01 4.023657274246215820e+02 6.710681915283203125e+01 3.996522045135498047e+02 3.000000000000000000e+00
1.613976573944091797e+02 2.003369593620300293e+02 1.586969947814941406e+02 2.013500332832336426e+02 1.531631851196289062e+02 1.987683677673339844e+02 1.000000000000000000e+00
2.901413869857788086e+02 3.375261282920837402e+02 2.855829167366027832e+02 3.379037189483642578e+02 2.782184457778930664e+02 3.351009893417358398e+02 3.000000000000000000e+00
3.077840578556060791e+02 4.113492822647094727e+02 3.031960141658782959e+02 4.117755174636840820e+02 2.959324955940246582e+02 4.088655853271484375e+02 3.000000000000000000e+00
3.801139211654663086e+02 1.206903719902038574e+02 3.754420804977416992e+02 1.211499595642089844e+02 3.678423786163330078e+02 1.182395839691162109e+02 3.000000000000000000e+00
8.846338272094726562e+01 2.749840092658996582e+02 8.378152847290039062e+01 2.754788231849670410e+02 7.616662979125976562e+01 2.727100539207458496e+02 3.000000000000000000e+00
3.580242609977722168e+02 4.061290740966796875e+01 3.533073115348815918e+02 4.107916831970214844e+01 3.456747126579284668e+02 3.815762042999267578e+01 3.000000000000000000e+00
1.957568359375000000e+02 1.941401660442352295e+02 1.931939792633056641e+02 1.951011943817138672e+02 1.872883605957031250e+02 1.926533496379852295e+02 1.000000000000000000e+00
4.621321105957031250e+02 2.267992696166038513e+02 4.634237670898437500e+02 2.276640772819519043e+02 4.618404293060302734e+02 2.252140036225318909e+02 2.000000000000000000e+00
9.252788543701171875e+01 2.850657355785369873e+02 8.785783767700195312e+01 2.855925321578979492e+02 8.022771835327148438e+01 2.828432035446166992e+02 3.000000000000000000e+00
1.807737827301025391e+02 1.758824157714843750e+02 1.782154846191406250e+02 1.768860912322998047e+02 1.729150104522705078e+02 1.744823741912841797e+02 1.000000000000000000e+00
2.821876835823059082e+02 3.416380691528320312e+02 2.776647329330444336e+02 3.420914053916931152e+02 2.702916574478149414e+02 3.393002343177795410e+02 3.000000000000000000e+00
2.487549734115600586e+02 3.045833444595336914e+02 2.441762685775756836e+02 3.051406288146972656e+02 2.367504596710205078e+02 3.022082233428955078e+02 3.000000000000000000e+00
2.556010866165161133e+02 2.995783710479736328e+02 2.510346078872680664e+02 3.001592445373535156e+02 2.435960245132446289e+02 2.972129559516906738e+02 3.000000000000000000e+00
3.553784799575805664e+02 3.882037496566772461e+02 3.507468867301940918e+02 3.887137842178344727e+02 3.435054016113281250e+02 3.857141733169555664e+02 3.000000000000000000e+00
2.155888366699218750e+02 1.703466439247131348e+02 2.127209568023681641e+02 1.708260798454284668e+02 2.072213554382324219e+02 1.684079861640930176e+02 1.000000000000000000e+00
3.671855497360229492e+02 4.077666091918945312e+02 3.625967741012573242e+02 4.082482337951660156e+02 3.552806091308593750e+02 4.052549457550048828e+02 3.000000000000000000e+00
4.325915813446044922e+02 2.192060530185699463e+02 4.339875793457031250e+02 2.200524741411209106e+02 4.326483440399169922e+02 2.175826710462570190e+02 2.000000000000000000e+00
2.671203613281250000e+02 3.272450280189514160e+02 2.625567913055419922e+02 3.276179838180541992e+02 2.551925945281982422e+02 3.247993826866149902e+02 3.000000000000000000e+00
4.473735713958740234e+02 1.936710834503173828e+01 4.426542377471923828e+02 1.982485771179199219e+01 4.351438331604003906e+02 1.678444862365722656e+01 3.000000000000000000e+00
2.841870117187500000e+02 3.496267461776733398e+02 2.796957063674926758e+02 3.501217103004455566e+02 2.722911357879638672e+02 3.472779607772827148e+02 3.000000000000000000e+00
4.008739948272705078e+02 2.183754873275756836e+02 4.027254390716552734e+02 2.193099510669708252e+02 4.016881465911865234e+02 2.168931877613067627e+02 2.000000000000000000e+00
2.964167475700378418e+02 9.850816726684570312e+01 2.917749619483947754e+02 9.898704528808593750e+01 2.841624140739440918e+02 9.606688499450683594e+01 3.000000000000000000e+00
4.068754863739013672e+02 1.613781237602233887e+02 4.022665119171142578e+02 1.617897748947143555e+02 3.947561979293823242e+02 1.589162278175354004e+02 3.000000000000000000e+00
3.245211791992187500e+02 4.028272533416748047e+02 3.199610290513373911e+02 4.032984638214111328e+02 3.127005308866500854e+02 4.003614521026611328e+02 3.000000000000000000e+00
2.471895456314086914e+02 4.108467435836791992e+02 2.426067972183227539e+02 4.113213872909545898e+02 2.353644847869873047e+02 4.085375118255615234e+02 3.000000000000000000e+00
2.792322969436645508e+02 2.619630450010299683e+02 2.746973848342895508e+02 2.624600529670715332e+02 2.672643709182739258e+02 2.595421153306961060e+02 3.000000000000000000e+00
3.361224365234375000e+02 2.608191543817520142e+02 3.315944218635559082e+02 2.613275152444839478e+02 3.241107177734375000e+02 2.584434825181961060e+02 3.000000000000000000e+00
3.157271727919578552e+02 4.131579065322875977e+02 3.111478573083877563e+02 4.136009645462036133e+02 3.039059448242187500e+02 4.106404495239257812e+02 3.000000000000000000e+00
2.568736267089843750e+02 3.203994154930114746e+02 2.523268413543701172e+02 3.208229398727416992e+02 2.448874950408935547e+02 3.179317975044250488e+02 3.000000000000000000e+00
2.771110200881958008e+02 3.327086234092712402e+02 2.725706768035888672e+02 3.331316256523132324e+02 2.652184724807739258e+02 3.303345394134521484e+02 3.000000000000000000e+00
1.281085395812988281e+02 4.077520895004272461e+02 1.235155296325683594e+02 4.083036231994628906e+02 1.160465240478515625e+02 4.055631780624389648e+02 3.000000000000000000e+00
3.921786212921142578e+02 1.545337057113647461e+02 3.875288391113281250e+02 1.548633670806884766e+02 3.801123046875000000e+02 1.520435571670532227e+02 3.000000000000000000e+00
1.328331947326660156e+02 1.832470214366912842e+02 1.304496002197265625e+02 1.837414062023162842e+02 1.252889442443847656e+02 1.812251257896423340e+02 1.000000000000000000e+00
2.567608308792114258e+02 3.838753366470336914e+02 2.522616243362426758e+02 3.844150400161743164e+02 2.448256063461303711e+02 3.814869117736816406e+02 3.000000000000000000e+00
3.292359316349029541e+02 2.699186718463897705e+02 3.246893921494483948e+02 2.703186357021331787e+02 3.173410034179687500e+02 2.674463814496994019e+02 3.000000000000000000e+00
4.374691200256347656e+02 1.345360279083251953e+01 4.327906513214111328e+02 1.387979507446289062e+01 4.251712989807128906e+02 1.089424610137939453e+01 3.000000000000000000e+00
2.711822509765625000e+02 3.357938003540039062e+02 2.666019296646118164e+02 3.362506127357482910e+02 2.592541790008544922e+02 3.334147667884826660e+02 3.000000000000000000e+00
4.030818843841552734e+02 1.713521718978881836e+02 3.983822345733642578e+02 1.717555332183837891e+02 3.909445190429687500e+02 1.688641047477722168e+02 3.000000000000000000e+00
2.968900132179260254e+02 4.421812534332275391e+01 2.923385000228881836e+02 4.452504158020019531e+01 2.847308039665222168e+02 4.166852474212646484e+01 3.000000000000000000e+00
2.940747666358947754e+02 3.294639301300048828e+02 2.895136713981628418e+02 3.298346900939941406e+02 2.820810842514038086e+02 3.270383977890014648e+02 3.000000000000000000e+00
4.719179058074951172e+02 1.234164476394653320e+02 4.672725200653076172e+02 1.238577175140380859e+02 4.596988201141357422e+02 1.209400749206542969e+02 3.000000000000000000e+00
3.982261037826538086e+02 1.565310645103454590e+02 3.936189889907836914e+02 1.569590592384338379e+02 3.861649179458618164e+02 1.540737891197204590e+02 3.000000000000000000e+00
2.305982494354248047e+02 1.574763107299804688e+02 2.277844238281250000e+02 1.585399603843688965e+02 2.221701812744140625e+02 1.562849807739257812e+02 1.000000000000000000e+00
4.437265968322753906e+02 2.192790216207504272e+02 4.450904273986816406e+02 2.200772541761398315e+02 4.434593868255615234e+02 2.176153850555419922e+02 2.000000000000000000e+00
5.940776824951171875e+01 3.813767194747924805e+02 5.468271255493164062e+01 3.818743658065795898e+02 4.707332611083984375e+01 3.792416524887084961e+02 3.000000000000000000e+00
3.576097726821899414e+02 3.171310472488403320e+02 3.530292057991027832e+02 3.175555729866027832e+02 3.455672311782836914e+02 3.145959520339965820e+02 3.000000000000000000e+00
2.837382507324218750e+02 3.881775283813476562e+02 2.792436504364013672e+02 3.886017465591430664e+02 2.718664216995239258e+02 3.857248306274414062e+02 3.000000000000000000e+00
1.524244880676269531e+02 3.322649860382080078e+02 1.477349853515625000e+02 3.326533555984497070e+02 1.403077697753906250e+02 3.299578571319580078e+02 3.000000000000000000e+00
9.549692153930664062e+01 2.801382780075073242e+02 9.081836700439453125e+01 2.806353771686553955e+02 8.320957183837890625e+01 2.779055178165435791e+02 3.000000000000000000e+00
1.811323642730712891e+02 1.986092054843902588e+02 1.782146930694580078e+02 1.993418705463409424e+02 1.724194812774658203e+02 1.968173360824584961e+02 1.000000000000000000e+00
5.454505920410156250e+01 4.036976766586303711e+02 4.978744506835937500e+01 4.043154144287109375e+02 4.226593017578125000e+01 4.016063976287841797e+02 3.000000000000000000e+00
3.142362976074218750e+02 2.759593212604522705e+02 3.096679377555847168e+02 2.762383747100830078e+02 3.023406374454498291e+02 2.735022282600402832e+02 3.000000000000000000e+00
4.065474605560302734e+02 2.219688409566879272e+02 4.083368587493896484e+02 2.228659200668334961e+02 4.073273372650146484e+02 2.204106134176254272e+02 2.000000000000000000e+00
9.545705795288085938e+01 2.749492800235748291e+02 9.077486038208007812e+01 2.754599618911743164e+02 8.316347122192382812e+01 2.726846337318420410e+02 3.000000000000000000e+00
3.298657840490341187e+02 5.510594844818115234e+01 3.255608826875686646e+02 5.552354335784912109e+01 3.179354858398437500e+02 5.260366916656494141e+01 3.000000000000000000e+00
1.485081672668457031e+02 3.333331060409545898e+02 1.437797927856445312e+02 3.337145447731018066e+02 1.363264656066894531e+02 3.310396456718444824e+02 3.000000000000000000e+00
2.521550607681274414e+02 4.087891387939453125e+02 2.475186300277709961e+02 4.092712211608886719e+02 2.402903270721435547e+02 4.064737701416015625e+02 3.000000000000000000e+00
2.752711772918701172e+02 2.630096143484115601e+02 2.707922649383544922e+02 2.634900212287902832e+02 2.633824157714843750e+02 2.605674755573272705e+02 3.000000000000000000e+00
4.424004554748535156e+02 1.541260242462158203e+01 4.376947975158691406e+02 1.588388442993164062e+01 4.301210021972656250e+02 1.284569263458251953e+01 3.000000000000000000e+00
3.434059762954711914e+02 1.589617252349853516e+01 3.388601076602935791e+02 1.632698535919189453e+01 3.311000978946685791e+02 1.342802524566650391e+01 3.000000000000000000e+00
2.143804168701171875e+02 1.922089970111846924e+02 2.116997528076171875e+02 1.930211448669433594e+02 2.060215854644775391e+02 1.905542278289794922e+02 1.000000000000000000e+00
3.330526125431060791e+02 5.885710716247558594e+00 3.285514527559280396e+02 6.306538581848144531e+00 3.208124694973230362e+02 3.376865386962890625e+00 3.000000000000000000e+00
4.308652973175048828e+02 1.952931404113769531e+01 4.262966060638427734e+02 1.996109962463378906e+01 4.185841369628906250e+02 1.696557998657226562e+01 3.000000000000000000e+00
4.157662391662597656e+02 3.644084930419921875e+00 4.110567665100097656e+02 4.166364669799804688e+00 4.035980892181396484e+02 1.113338470458984375e+00 3.000000000000000000e+00
2.095456218719482422e+02 1.697249722480773926e+02 2.066464233398437500e+02 1.703630161285400391e+02 2.011328601837158203e+02 1.678993034362792969e+02 1.000000000000000000e+00
2.960349726676940918e+02 8.032795429229736328e+01 2.913900446891784668e+02 8.074903964996337891e+01 2.837366628646850586e+02 7.784395694732666016e+01 3.000000000000000000e+00
4.331010723114013672e+02 2.276817619800567627e+02 4.344449806213378906e+02 2.283643332123756409e+02 4.331114196777343750e+02 2.257358086109161377e+02 2.000000000000000000e+00
4.437068462371826172e+02 2.247344648838043213e+02 4.450170326232910156e+02 2.253281548619270325e+02 4.433974647521972656e+02 2.227191764116287231e+02 2.000000000000000000e+00
4.264862728118896484e+02 5.605158805847167969e+00 4.218809223175048828e+02 6.021137237548828125e+00 4.141425514221191406e+02 3.063583374023437500e+00 3.000000000000000000e+00
4.267654705047607422e+02 1.954572200775146484e+01 4.221967792510986328e+02 2.000753402709960938e+01 4.144911479949951172e+02 1.698679447174072266e+01 3.000000000000000000e+00
1.013433647155761719e+02 3.652770423889160156e+02 9.674383163452148438e+01 3.657127761840820312e+02 8.927379608154296875e+01 3.630717802047729492e+02 3.000000000000000000e+00
1.735887241363525391e+02 1.950544881820678711e+02 1.707272911071777344e+02 1.957554745674133301e+02 1.651357746124267578e+02 1.933680403232574463e+02 1.000000000000000000e+00
3.422454237937927246e+02 1.647224092483520508e+02 3.376056218147277832e+02 1.651954793930053711e+02 3.301806342601776123e+02 1.622694683074951172e+02 3.000000000000000000e+00
3.523957228660583496e+02 5.684027194976806641e+01 3.476362609863281250e+02 5.730454444885253906e+01 3.400340890884399414e+02 5.438800334930419922e+01 3.000000000000000000e+00
3.582361149787902832e+02 4.010106039047241211e+02 3.536789560317993164e+02 4.014728736877441406e+02 3.463159489631652832e+02 3.985146903991699219e+02 3.000000000000000000e+00
3.529111933708190918e+02 2.864727973937988281e+00 3.483121657371520996e+02 3.341302871704101562e+00 3.404812312126159668e+02 3.847074508666992188e-01 3.000000000000000000e+00
3.533708810806274414e+02 7.593167781829833984e+01 3.487213444709777832e+02 7.641287326812744141e+01 3.411290287971496582e+02 7.346457481384277344e+01 3.000000000000000000e+00
1.145013046264648438e+02 3.672126531600952148e+02 1.098825836181640625e+02 3.676382160186767578e+02 1.024282455444335938e+02 3.649863910675048828e+02 3.000000000000000000e+00
2.755285024642944336e+02 1.832287788391113281e+01 2.708542490005493164e+02 1.873033046722412109e+01 2.631116008758544922e+02 1.575263500213623047e+01 3.000000000000000000e+00
3.864135742187500000e+02 3.266190862655639648e+02 3.817182302474975586e+02 3.268574881553649902e+02 3.744493722915649414e+02 3.240744066238403320e+02 3.000000000000000000e+00
2.498462533950805664e+02 3.948967409133911133e+02 2.453230428695678711e+02 3.953840160369873047e+02 2.379328632354736328e+02 3.925260686874389648e+02 3.000000000000000000e+00
4.421072101593017578e+02 1.617610573768615723e+02 4.375126361846923828e+02 1.622967767715454102e+02 4.299796485900878906e+02 1.592948269844055176e+02 3.000000000000000000e+00
3.010272824764251709e+02 3.323105835914611816e+02 2.964857792854309082e+02 3.327253460884094238e+02 2.890394282341003418e+02 3.298089623451232910e+02 3.000000000000000000e+00
1.023707771301269531e+02 3.803119039535522461e+02 9.776947021484375000e+01 3.808132123947143555e+02 9.025648117065429688e+01 3.781209754943847656e+02 3.000000000000000000e+00
8.989023208618164062e+01 2.517996981739997864e+02 8.520112991333007812e+01 2.523311617970466614e+02 7.758823394775390625e+01 2.495493623614311218e+02 3.000000000000000000e+00
4.690638732910156250e+02 1.883996093273162842e+02 4.645387554168701172e+02 1.887884652614593506e+02 4.571416950225830078e+02 1.859290730953216553e+02 3.000000000000000000e+00
2.232349395751953125e+02 3.358336544036865234e+02 2.185857200622558594e+02 3.363643884658813477e+02 2.112783813476562500e+02 3.335176777839660645e+02 3.000000000000000000e+00
5.986915588378906250e+01 4.205176162719726562e+02 5.524551391601562500e+01 4.211467123031616211e+02 4.775316238403320312e+01 4.184650611877441406e+02 3.000000000000000000e+00
3.649598407745361328e+02 3.961458206176757812e+01 3.602543020248413086e+02 4.008354663848876953e+01 3.526234126091003418e+02 3.715584754943847656e+01 3.000000000000000000e+00
6.663728713989257812e+01 3.862189722061157227e+02 6.199066162109375000e+01 3.867031288146972656e+02 5.439340591430664062e+01 3.840316200256347656e+02 3.000000000000000000e+00
3.597575378417968750e+02 2.676040649414062500e+01 3.550387263298034668e+02 2.722424983978271484e+01 3.474731755256652832e+02 2.426352024078369141e+01 3.000000000000000000e+00
1.088282203674316406e+02 4.102604770660400391e+02 1.042255592346191406e+02 4.108448839187622070e+02 9.673753738403320312e+01 4.081475543975830078e+02 3.000000000000000000e+00
3.119860839843750000e+02 3.439945435523986816e+02 3.075304567813873291e+02 3.444937777519226074e+02 3.001259148120880127e+02 3.415347933769226074e+02 3.000000000000000000e+00
1.257998275756835938e+02 1.648704457283020020e+02 1.236934471130371094e+02 1.658150911331176758e+02 1.185407829284667969e+02 1.635001015663146973e+02 1.000000000000000000e+00
2.393250083923339844e+02 1.860338866710662842e+02 2.361686038970947266e+02 1.869001901149749756e+02 2.301375579833984375e+02 1.846724689006805420e+02 1.000000000000000000e+00
3.073089289665222168e+02 3.589509344100952148e+02 3.027906489372253418e+02 3.594054007530212402e+02 2.953446960449218750e+02 3.565320181846618652e+02 3.000000000000000000e+00
2.405094289779663086e+02 2.895773649215698242e+02 2.359676837921142578e+02 2.900256979465484619e+02 2.285364246368408203e+02 2.872640419006347656e+02 3.000000000000000000e+00
3.075446474552154541e+02 3.110924720764160156e+01 3.029297792911529541e+02 3.155695438385009766e+01 2.953104543685913086e+02 2.854989051818847656e+01 3.000000000000000000e+00
3.582447218894958496e+02 4.561371803283691406e+01 3.535581064224243164e+02 4.607542991638183594e+01 3.458891606330871582e+02 4.319296360015869141e+01 3.000000000000000000e+00
2.867542099952697754e+02 3.852025222778320312e+02 2.822277832031250000e+02 3.856419181823730469e+02 2.748713064193725586e+02 3.827826547622680664e+02 3.000000000000000000e+00
3.291345828771591187e+02 3.481964778900146484e+02 3.245783996582031250e+02 3.486390709877014160e+02 3.172241821885108948e+02 3.457273650169372559e+02 3.000000000000000000e+00
3.817658376693725586e+02 1.373531341552734375e+01 3.772592496871948242e+02 1.414269447326660156e+01 3.695045804977416992e+02 1.125612258911132812e+01 3.000000000000000000e+00
3.857570219039916992e+02 1.374033451080322266e+01 3.812611722946166992e+02 1.415376663208007812e+01 3.735116910934448242e+02 1.126276016235351562e+01 3.000000000000000000e+00
4.625329589843750000e+02 2.202438497543334961e+02 4.637993144989013672e+02 2.212411344051361084e+02 4.622658443450927734e+02 2.188999933004379272e+02 2.000000000000000000e+00
3.769267892837524414e+02 1.974848270416259766e+01 3.723784494400024414e+02 2.015263080596923828e+01 3.646429443359375000e+02 1.725796222686767578e+01 3.000000000000000000e+00
4.240166950225830078e+02 1.162712860107421875e+02 4.194169616699218750e+02 1.167153310775756836e+02 4.117947673797607422e+02 1.137220716476440430e+02 3.000000000000000000e+00
4.217422771453857422e+02 1.651483082771301270e+02 4.170394325256347656e+02 1.655777406692504883e+02 4.096247863769531250e+02 1.626214098930358887e+02 3.000000000000000000e+00
2.633611726760864258e+02 3.569900608062744141e+02 2.588251924514770508e+02 3.575015330314636230e+02 2.513353109359741211e+02 3.546933674812316895e+02 3.000000000000000000e+00
1.731588268280029297e+02 1.724142265319824219e+02 1.706464862823486328e+02 1.734717679023742676e+02 1.654071044921875000e+02 1.710872125625610352e+02 1.000000000000000000e+00
2.338080310821533203e+02 1.734774756431579590e+02 2.308217716217041016e+02 1.744709587097167969e+02 2.248634338378906250e+02 1.723076605796813965e+02 1.000000000000000000e+00
4.069075965881347656e+02 1.723347759246826172e+02 4.022545146942138672e+02 1.727012586593627930e+02 3.947382831573486328e+02 1.698436546325683594e+02 3.000000000000000000e+00
1.715260791778564453e+02 1.724246978759765625e+02 1.694431781768798828e+02 1.734930396080017090e+02 1.639346313476562500e+02 1.711169099807739258e+02 1.000000000000000000e+00
3.755000925064086914e+02 2.484506231546401978e+02 3.710356473922729492e+02 2.488018959760665894e+02 3.636386728286743164e+02 2.458176273107528687e+02 3.000000000000000000e+00
2.223088359832763672e+02 1.684508013725280762e+02 2.184972095489501953e+02 1.690605425834655762e+02 2.124136066436767578e+02 1.666756081581115723e+02 1.000000000000000000e+00
9.840215682983398438e+01 3.994542074203491211e+02 9.378553390502929688e+01 3.999890470504760742e+02 8.628374099731445312e+01 3.972954797744750977e+02 3.000000000000000000e+00
2.970556640625000000e+02 6.923604011535644531e+01 2.924852299690246582e+02 6.967361927032470703e+01 2.847543644905090332e+02 6.676928043365478516e+01 3.000000000000000000e+00
1.899828338623046875e+02 1.982323265075683594e+02 1.871873188018798828e+02 1.990368318557739258e+02 1.810756397247314453e+02 1.966025984287261963e+02 1.000000000000000000e+00
2.664020681381225586e+02 2.762412428855895996e+02 2.618561697006225586e+02 2.766393435001373291e+02 2.544563579559326172e+02 2.737302267551422119e+02 3.000000000000000000e+00
3.124618226289749146e+02 1.699965476989746094e+01 3.078456723690032959e+02 1.743754863739013672e+01 3.002068483829498291e+02 1.447058200836181641e+01 3.000000000000000000e+00
2.929084777832031250e+02 4.220004558563232422e+01 2.883206486701965332e+02 4.252964973449707031e+01 2.807525944709777832e+02 3.964779853820800781e+01 3.000000000000000000e+00
3.196655578538775444e+02 2.899529457092285156e+01 3.149807125329971313e+02 2.944878101348876953e+01 3.073394775390625000e+02 2.644978523254394531e+01 3.000000000000000000e+00
3.103084564208984375e+01 4.021780729293823242e+02 2.636358261108398438e+01 4.026802396774291992e+02 1.870332717895507812e+01 4.001876878738403320e+02 3.000000000000000000e+00
4.086613750457763672e+02 1.562702178955078125e+01 4.039393043518066406e+02 1.614582538604736328e+01 3.964746999740600586e+02 1.313900470733642578e+01 3.000000000000000000e+00
2.175071525573730469e+02 1.561491036415100098e+02 2.149232482910156250e+02 1.572578215599060059e+02 2.094017601013183594e+02 1.549411153793334961e+02 1.000000000000000000e+00
3.334145200252532959e+02 1.693024635314941406e+01 3.287954711914062500e+02 1.733134746551513672e+01 3.211143188923597336e+02 1.439359188079833984e+01 3.000000000000000000e+00
2.298585319519042969e+02 1.868950009346008301e+02 2.268789386749267578e+02 1.878359198570251465e+02 2.209507751464843750e+02 1.855574905872344971e+02 1.000000000000000000e+00
3.666222238540649414e+02 2.593944096565246582e+02 3.621795034408569336e+02 2.596913462877273560e+02 3.547535395622253418e+02 2.568266612291336060e+02 3.000000000000000000e+00
3.694782114028930664e+02 2.673542493581771851e+02 3.650890827178955078e+02 2.676480424404144287e+02 3.576470041275024414e+02 2.647724622488021851e+02 3.000000000000000000e+00
4.121985530853271484e+02 3.759006071090698242e+02 4.076581096649169922e+02 3.762647438049316406e+02 4.003597450256347656e+02 3.733075332641601562e+02 3.000000000000000000e+00
2.960118412971496582e+02 4.105948305130004883e+02 2.914370417594909668e+02 4.110459709167480469e+02 2.841317439079284668e+02 4.081710004806518555e+02 3.000000000000000000e+00
2.558587789535522461e+02 3.957864761352539062e+02 2.513145446777343750e+02 3.962790870666503906e+02 2.439369487762451172e+02 3.934326267242431641e+02 3.000000000000000000e+00
2.505996084213256836e+02 2.996004974842071533e+02 2.460298013687133789e+02 3.001679134368896484e+02 2.385869884490966797e+02 2.972440838813781738e+02 3.000000000000000000e+00
3.695294809341430664e+02 2.454637299478054047e+02 3.650650024414062500e+02 2.458500981330871582e+02 3.576932382583618164e+02 2.428822633624076843e+02 3.000000000000000000e+00
2.518027782440185547e+02 3.889007663726806641e+02 2.472607421875000000e+02 3.893849515914916992e+02 2.398540782928466797e+02 3.865053176879882812e+02 3.000000000000000000e+00
3.156782835721969604e+02 4.091357231140136719e+02 3.111079710721969604e+02 4.095801115036010742e+02 3.038468015193939209e+02 4.066257047653198242e+02 3.000000000000000000e+00
4.725255107879638672e+02 1.873608827590942383e+02 4.679991149902343750e+02 1.877193582057952881e+02 4.605359172821044922e+02 1.848490869998931885e+02 3.000000000000000000e+00
3.719323110580444336e+02 3.801300144195556641e+02 3.673387479782104492e+02 3.805883216857910156e+02 3.600490140914916992e+02 3.776164627075195312e+02 3.000000000000000000e+00
1.208185005187988281e+02 3.979981184005737305e+02 1.162318992614746094e+02 3.985401678085327148e+02 1.087281990051269531e+02 3.957673072814941406e+02 3.000000000000000000e+00
3.703023672103881836e+02 1.217877960205078125e+02 3.656693410873413086e+02 1.222802782058715820e+02 3.580555129051208496e+02 1.193232107162475586e+02 3.000000000000000000e+00
3.393751227855682373e+02 3.956426525115966797e+02 3.348225712776184082e+02 3.959942722320556641e+02 3.274729311466217041e+02 3.931434059143066406e+02 3.000000000000000000e+00
2.128589344024658203e+02 3.211026048660278320e+02 2.082472038269042969e+02 3.215533804893493652e+02 2.009221363067626953e+02 3.187008404731750488e+02 3.000000000000000000e+00
4.343786048889160156e+02 7.492003440856933594e+00 4.297425842285156250e+02 7.907109260559082031e+00 4.220762634277343750e+02 4.918828010559082031e+00 3.000000000000000000e+00
1.298718833923339844e+02 1.751649713516235352e+02 1.275188446044921875e+02 1.756116628646850586e+02 1.223758888244628906e+02 1.731294393539428711e+02 1.000000000000000000e+00
2.345740509033203125e+02 2.976449632644653320e+02 2.300409793853759766e+02 2.980452597141265869e+02 2.225784111022949219e+02 2.952966034412384033e+02 3.000000000000000000e+00
2.836531662940979004e+02 2.629948139190673828e+01 2.789108896255493164e+02 2.662952899932861328e+01 2.712592458724975586e+02 2.374392986297607422e+01 3.000000000000000000e+00
8.850238800048828125e+01 2.811454796791076660e+02 8.382898330688476562e+01 2.816375148296356201e+02 7.621164321899414062e+01 2.789063429832458496e+02 3.000000000000000000e+00
1.337026214599609375e+02 1.685160183906555176e+02 1.315463447570800781e+02 1.693339347839355469e+02 1.263738059997558594e+02 1.669839119911193848e+02 1.000000000000000000e+00
2.512917757034301758e+02 3.561279988288879395e+02 2.467968750000000000e+02 3.565911626815795898e+02 2.393171787261962891e+02 3.537544298171997070e+02 3.000000000000000000e+00
3.678856229782104492e+02 1.477546048164367676e+02 3.639638662338256836e+02 1.484058451652526855e+02 3.559646296501159668e+02 1.452672100067138672e+02 3.000000000000000000e+00
3.097915947437286377e+02 1.105799102783203125e+02 3.052015376091003418e+02 1.110076618194580078e+02 2.976379394531250000e+02 1.080578470230102539e+02 3.000000000000000000e+00
2.871865534782409668e+02 3.425318670272827148e+02 2.826607060432434082e+02 3.429606056213378906e+02 2.753067636489868164e+02 3.401472830772399902e+02 3.000000000000000000e+00
3.354804992675781250e+02 3.966367292404174805e+02 3.309286808967590332e+02 3.970156288146972656e+02 3.235939025878906250e+02 3.941453647613525391e+02 3.000000000000000000e+00
4.561505126953125000e+02 1.633849883079528809e+02 4.515654945373535156e+02 1.637112879753112793e+02 4.440221881866455078e+02 1.607588911056518555e+02 3.000000000000000000e+00
3.851387643814086914e+02 1.105701828002929688e+02 3.804869699478149414e+02 1.110510349273681641e+02 3.729101276397705078e+02 1.081200742721557617e+02 3.000000000000000000e+00
1.331520271301269531e+02 1.788532090187072754e+02 1.307018470764160156e+02 1.794159507751464844e+02 1.255138969421386719e+02 1.768118691444396973e+02 1.000000000000000000e+00
4.026414775848388672e+02 2.127646923065185547e+02 4.043932819366455078e+02 2.137207317352294922e+02 4.033210468292236328e+02 2.113947129249572754e+02 2.000000000000000000e+00
4.185950946807861328e+02 1.522664451599121094e+02 4.139233112335205078e+02 1.526708149909973145e+02 4.065054035186767578e+02 1.497311067581176758e+02 3.000000000000000000e+00
3.029129636287689209e+02 4.024848461151123047e+02 2.983374619483947754e+02 4.028546190261840820e+02 2.910419011116027832e+02 4.000144386291503906e+02 3.000000000000000000e+00
2.483117818832397461e+02 3.531028819084167480e+02 2.437914705276489258e+02 3.535265851020812988e+02 2.363422489166259766e+02 3.507172608375549316e+02 3.000000000000000000e+00
3.153187561035156250e+02 1.371246099472045898e+02 3.105435180664062500e+02 1.374470472335815430e+02 3.032038879394531250e+02 1.347024321556091309e+02 3.000000000000000000e+00
6.398990631103515625e+01 4.094615936279296875e+02 5.930803298950195312e+01 4.100474023818969727e+02 5.179260253906250000e+01 4.073740053176879883e+02 3.000000000000000000e+00
1.331891059875488281e+02 1.735556173324584961e+02 1.309285545349121094e+02 1.742542862892150879e+02 1.257634925842285156e+02 1.717116522789001465e+02 1.000000000000000000e+00
3.921532917022705078e+02 1.495277523994445801e+02 3.875021362304687500e+02 1.498637509346008301e+02 3.800931406021118164e+02 1.470441055297851562e+02 3.000000000000000000e+00
2.357469558715820312e+01 4.153545570373535156e+02 1.867109298706054688e+01 4.158718729019165039e+02 1.117214202880859375e+01 4.132696866989135742e+02 3.000000000000000000e+00
2.753333711624145508e+02 3.646746253967285156e+02 2.707639169692993164e+02 3.651155519485473633e+02 2.633092355728149414e+02 3.623509597778320312e+02 3.000000000000000000e+00
3.709559011459350586e+02 4.086329126358032227e+02 3.664538908004760742e+02 4.091128063201904297e+02 3.591549372673034668e+02 4.061214923858642578e+02 3.000000000000000000e+00
3.765268564224243164e+02 1.526334929466247559e+02 3.719748830795288086e+02 1.530857634544372559e+02 3.644559955596923828e+02 1.502000713348388672e+02 3.000000000000000000e+00
4.583469867706298828e+02 1.863578152656555176e+02 4.537237548828125000e+02 1.868656575679779053e+02 4.462930583953857422e+02 1.839776122570037842e+02 3.000000000000000000e+00
3.180332946777343750e+02 2.550444799661636353e+02 3.135384827852249146e+02 2.554396069049835205e+02 3.061518549919128418e+02 2.526023107767105103e+02 3.000000000000000000e+00
1.104390144348144531e+02 3.672353267669677734e+02 1.058083724975585938e+02 3.676591014862060547e+02 9.834257125854492188e+01 3.650058317184448242e+02 3.000000000000000000e+00
3.522661447525024414e+02 1.586804151535034180e+02 3.476372981071472168e+02 1.591538214683532715e+02 3.402039194107055664e+02 1.562302780151367188e+02 3.000000000000000000e+00
3.622548818588256836e+02 4.862221240997314453e+01 3.575689387321472168e+02 4.908411026000976562e+01 3.498959040641784668e+02 4.621792316436767578e+01 3.000000000000000000e+00
4.136971759796142578e+02 2.225010985136032104e+02 4.154828834533691406e+02 2.233738553524017334e+02 4.143546199798583984e+02 2.208609759807586670e+02 2.000000000000000000e+00
2.513093090057373047e+02 4.129455614089965820e+02 2.466474008560180664e+02 4.133624410629272461e+02 2.394498729705810547e+02 4.106059312820434570e+02 3.000000000000000000e+00
4.276572608947753906e+02 1.352379798889160156e+01 4.230825233459472656e+02 1.396399497985839844e+01 4.153145122528076172e+02 1.096940517425537109e+01 3.000000000000000000e+00
3.276280826330184937e+02 1.797700881958007812e+01 3.230129089951515198e+02 1.837463378906250000e+01 3.153240051865577698e+02 1.540519237518310547e+01 3.000000000000000000e+00
2.485807180404663086e+02 2.955519139766693115e+02 2.440300893783569336e+02 2.961322045326232910e+02 2.365478801727294922e+02 2.931904935836791992e+02 3.000000000000000000e+00
2.764223337173461914e+02 3.705699205398559570e+02 2.718978881835937500e+02 3.709900617599487305e+02 2.644733285903930664e+02 3.682316923141479492e+02 3.000000000000000000e+00
3.511685800552368164e+02 1.008102464675903320e+02 3.465338134765625000e+02 1.012973213195800781e+02 3.389826047420501709e+02 9.834752082824707031e+01 3.000000000000000000e+00
4.068469238281250000e+02 1.543859338760375977e+02 4.023113441467285156e+02 1.547820997238159180e+02 3.947619009017944336e+02 1.518853425979614258e+02 3.000000000000000000e+00
2.742380380630493164e+02 3.417342567443847656e+02 2.696879577636718750e+02 3.422096014022827148e+02 2.623192119598388672e+02 3.393777823448181152e+02 3.000000000000000000e+00
4.457110881805419922e+02 1.369026160240173340e+02 4.411452388763427734e+02 1.373835682868957520e+02 4.335248088836669922e+02 1.344112372398376465e+02 3.000000000000000000e+00
2.743532705307006836e+02 3.538080811500549316e+02 2.697993469238281250e+02 3.543031382560729980e+02 2.623550701141357422e+02 3.515174889564514160e+02 3.000000000000000000e+00
2.118936443328857422e+02 3.279866695404052734e+02 2.073253631591796875e+02 3.284923768043518066e+02 2.000073528289794922e+02 3.256240868568420410e+02 3.000000000000000000e+00
3.037554621696472168e+02 3.822109794616699219e+02 2.992114567756652832e+02 3.826413917541503906e+02 2.918830251693725586e+02 3.797677659988403320e+02 3.000000000000000000e+00
2.702967214584350586e+02 3.647571802139282227e+02 2.656883239746093750e+02 3.652135705947875977e+02 2.582543325424194336e+02 3.624425697326660156e+02 3.000000000000000000e+00
7.849039077758789062e+01 2.388597412034869194e+02 7.371480941772460938e+01 2.393602752126753330e+02 6.605329513549804688e+01 2.365721129626035690e+02 3.000000000000000000e+00
2.709137248992919922e+02 3.201978492736816406e+02 2.663850402832031250e+02 3.205982995033264160e+02 2.589879465103149414e+02 3.177866220474243164e+02 3.000000000000000000e+00
2.881115412712097168e+02 3.235295176506042480e+02 2.835422968864440918e+02 3.239102840423583984e+02 2.761334514617919922e+02 3.211176824569702148e+02 3.000000000000000000e+00
2.176194858551025391e+02 1.725239253044128418e+02 2.147715091705322266e+02 1.730226588249206543e+02 2.092318058013916016e+02 1.705768275260925293e+02 1.000000000000000000e+00
2.568603801727294922e+02 3.908351182937622070e+02 2.523182821273803711e+02 3.913363409042358398e+02 2.449349069595336914e+02 3.884591817855834961e+02 3.000000000000000000e+00
3.212289428710937500e+02 3.605329084396362305e+02 3.166647642850875854e+02 3.609883832931518555e+02 3.093493342399597168e+02 3.580594825744628906e+02 3.000000000000000000e+00
3.183024291694164276e+02 3.776498794555664062e+02 3.137845456600189209e+02 3.781068563461303711e+02 3.064354860782623291e+02 3.752066087722778320e+02 3.000000000000000000e+00
3.257809448242187500e+02 9.912466049194335938e+01 3.211676025390625000e+02 9.965736865997314453e+01 3.135811764001846313e+02 9.656251430511474609e+01 3.000000000000000000e+00
1.299136352539062500e+02 3.236745357513427734e+02 1.252531051635742188e+02 3.241875958442687988e+02 1.177676582336425781e+02 3.214139413833618164e+02 3.000000000000000000e+00
2.113370227813720703e+02 1.987229883670806885e+02 2.086503887176513672e+02 1.995979607105255127e+02 2.029226779937744141e+02 1.971293771266937256e+02 1.000000000000000000e+00
3.623930978775024414e+02 1.188393402099609375e+02 3.578224802017211914e+02 1.193395328521728516e+02 3.501774907112121582e+02 1.163960266113281250e+02 3.000000000000000000e+00
3.759789133071899414e+02 1.136741924285888672e+02 3.713861417770385742e+02 1.141328573226928711e+02 3.636962270736694336e+02 1.112321662902832031e+02 3.000000000000000000e+00
3.164090269804000854e+02 1.804378509521484375e+01 3.117580562829971313e+02 1.843271255493164062e+01 3.041549682617187500e+02 1.545830726623535156e+01 3.000000000000000000e+00
3.037151789665222168e+02 1.116327810287475586e+02 2.991423034667968750e+02 1.120443534851074219e+02 2.914755845069885254e+02 1.091801548004150391e+02 3.000000000000000000e+00
3.028142392635345459e+02 3.820827484130859375e+01 2.982301020622253418e+02 3.852952480316162109e+01 2.906142258644104004e+02 3.561967849731445312e+01 3.000000000000000000e+00
2.561442852020263672e+02 4.107505846023559570e+02 2.515449380874633789e+02 4.111731719970703125e+02 2.442628622055053711e+02 4.084157466888427734e+02 3.000000000000000000e+00
2.594197082519531250e+02 2.742688322067260742e+02 2.548782205581665039e+02 2.746376681327819824e+02 2.474727296829223633e+02 2.717482316493988037e+02 3.000000000000000000e+00
4.442815589904785156e+02 2.138645303249359131e+02 4.455291748046875000e+02 2.148665606975555420e+02 4.438831233978271484e+02 2.125325918197631836e+02 2.000000000000000000e+00
4.353136348724365234e+02 2.163918900489807129e+02 4.366459369659423828e+02 2.172774034738540649e+02 4.353178691864013672e+02 2.148267656564712524e+02 2.000000000000000000e+00
3.872929096221923828e+02 6.162511825561523438e+01 3.826087665557861328e+02 6.223093986511230469e+01 3.750772714614868164e+02 5.917452335357666016e+01 3.000000000000000000e+00
3.137175595760345459e+02 4.014118194580078125e+02 3.091651606559753418e+02 4.018037223815917969e+02 3.019143676757812500e+02 3.989039325714111328e+02 3.000000000000000000e+00
1.103726768493652344e+02 3.139185833930969238e+02 1.057555198669433594e+02 3.144494390487670898e+02 9.822198867797851562e+01 3.116466736793518066e+02 3.000000000000000000e+00
2.539737224578857422e+02 3.233952069282531738e+02 2.493921661376953125e+02 3.238355112075805664e+02 2.419786691665649414e+02 3.209232187271118164e+02 3.000000000000000000e+00
4.533335876464843750e+02 1.070803070068359375e+02 4.487064838409423828e+02 1.075547075271606445e+02 4.410779094696044922e+02 1.046797370910644531e+02 3.000000000000000000e+00
3.232978820800781250e+02 3.755164861679077148e+02 3.187771911174058914e+02 3.760316848754882812e+02 3.114211118221282959e+02 3.730831718444824219e+02 3.000000000000000000e+00
2.673308086395263672e+02 3.378519058227539062e+02 2.627408742904663086e+02 3.383194971084594727e+02 2.553919363021850586e+02 3.354715347290039062e+02 3.000000000000000000e+00
2.831402897834777832e+02 3.326027584075927734e+02 2.785778808593750000e+02 3.330211257934570312e+02 2.712358379364013672e+02 3.302342891693115234e+02 3.000000000000000000e+00
4.181268024444580078e+02 3.768066501617431641e+02 4.136020851135253906e+02 3.772046613693237305e+02 4.062676143646240234e+02 3.742115592956542969e+02 3.000000000000000000e+00
2.082357311248779297e+02 1.953967094421386719e+02 2.056742382049560547e+02 1.962883293628692627e+02 1.999777698516845703e+02 1.938055229187011719e+02 1.000000000000000000e+00
3.117467647790908813e+02 4.113133335113525391e+02 3.071499025821685791e+02 4.117461061477661133e+02 2.998978257179260254e+02 4.088170909881591797e+02 3.000000000000000000e+00
2.837874150276184082e+02 3.921634340286254883e+02 2.792441082000732422e+02 3.925815868377685547e+02 2.718983125686645508e+02 3.896836996078491211e+02 3.000000000000000000e+00
2.768694734573364258e+02 4.071253108978271484e+02 2.723343801498413086e+02 4.075498723983764648e+02 2.649865102767944336e+02 4.046670913696289062e+02 3.000000000000000000e+00
3.413196730613708496e+02 3.907358121871948242e+02 3.367490851879119873e+02 3.910839271545410156e+02 3.294175112247467041e+02 3.882504987716674805e+02 3.000000000000000000e+00
3.372143864631652832e+02 3.509037566184997559e+02 3.326963508129119873e+02 3.514035987854003906e+02 3.252684938907623291e+02 3.485430049896240234e+02 3.000000000000000000e+00
2.433009338378906250e+02 3.483214759826660156e+02 2.387355041503906250e+02 3.487063336372375488e+02 2.313084125518798828e+02 3.458963656425476074e+02 3.000000000000000000e+00
1.891201782226562500e+02 1.973588705062866211e+02 1.863712406158447266e+02 1.982024359703063965e+02 1.801930046081542969e+02 1.957522702217102051e+02 1.000000000000000000e+00
2.385387229919433594e+02 2.955994606018066406e+02 2.340627098083496094e+02 2.960623490810394287e+02 2.265346336364746094e+02 2.932452106475830078e+02 3.000000000000000000e+00
2.008207225799560547e+02 1.979478585720062256e+02 1.982668018341064453e+02 1.989636504650115967e+02 1.924818992614746094e+02 1.965434861183166504e+02 1.000000000000000000e+00
2.031451988220214844e+02 6.290731430053710938e+00 1.986725616455078125e+02 6.767449378967285156e+00 1.907595634460449219e+02 3.736596107482910156e+00 3.000000000000000000e+00
2.722943115234375000e+02 3.598327088356018066e+02 2.677364492416381836e+02 3.603096628189086914e+02 2.603018474578857422e+02 3.575295782089233398e+02 3.000000000000000000e+00
3.352686154842376709e+02 3.690292167663574219e+02 3.307275998592376709e+02 3.694453811645507812e+02 3.234333801269531250e+02 3.665479516983032227e+02 3.000000000000000000e+00
1.868752288818359375e+02 4.102463436126708984e+02 1.822842502593994141e+02 4.107470798492431641e+02 1.749185466766357422e+02 4.079414176940917969e+02 3.000000000000000000e+00
1.691518688201904297e+02 3.836829900741577148e+02 1.645403861999511719e+02 3.842301464080810547e+02 1.571188354492187500e+02 3.814063167572021484e+02 3.000000000000000000e+00
2.502214813232421875e+02 3.403125357627868652e+02 2.456629323959350586e+02 3.407084727287292480e+02 2.382098484039306641e+02 3.378833341598510742e+02 3.000000000000000000e+00
2.593134164810180664e+02 3.499974703788757324e+02 2.547483491897583008e+02 3.504942083358764648e+02 2.473072957992553711e+02 3.476792049407958984e+02 3.000000000000000000e+00
4.126057434082031250e+02 1.492930269241333008e+02 4.079514789581298828e+02 1.497439098358154297e+02 4.005080890655517578e+02 1.467812132835388184e+02 3.000000000000000000e+00
4.533074951171875000e+02 3.456760311126708984e+02 4.486822223663330078e+02 3.460652804374694824e+02 4.414876079559326172e+02 3.431287264823913574e+02 3.000000000000000000e+00
1.802536487579345703e+02 2.024240863323211670e+02 1.774816226959228516e+02 2.032354867458343506e+02 1.717279624938964844e+02 2.007395303249359131e+02 1.000000000000000000e+00
2.609256267547607422e+02 3.252474117279052734e+02 2.564046621322631836e+02 3.256722450256347656e+02 2.489441204071044922e+02 3.228031682968139648e+02 3.000000000000000000e+00
2.498345041275024414e+02 3.095888400077819824e+02 2.452350282669067383e+02 3.101048898696899414e+02 2.378310966491699219e+02 3.071721553802490234e+02 3.000000000000000000e+00
3.026433408260345459e+02 3.217476367950439453e+01 2.980283498764038086e+02 3.254137516021728516e+01 2.904237675666809082e+02 2.960087299346923828e+01 3.000000000000000000e+00
2.557862377166748047e+02 3.125133705139160156e+02 2.511763620376586914e+02 3.129928636550903320e+02 2.437821626663208008e+02 3.101316905021667480e+02 3.000000000000000000e+00
4.438317298889160156e+02 1.458172130584716797e+02 4.392811870574951172e+02 1.463681888580322266e+02 4.316811275482177734e+02 1.433511757850646973e+02 3.000000000000000000e+00
4.349114418029785156e+02 1.871099960803985596e+02 4.303201961517333984e+02 1.876953864097595215e+02 4.226945781707763672e+02 1.848593258857727051e+02 3.000000000000000000e+00
2.939474487304687500e+02 5.230349063873291016e+01 2.894392991065979004e+02 5.249187469482421875e+01 2.817413640022277832e+02 4.971552371978759766e+01 3.000000000000000000e+00
3.653744220733642578e+02 6.558523178100585938e+01 3.608219623565673828e+02 6.611371994018554688e+01 3.531187129020690918e+02 6.319832324981689453e+01 3.000000000000000000e+00
3.384262084960937500e+02 4.026083421707153320e+02 3.338687133789062500e+02 4.029713201522827148e+02 3.265300291776657104e+02 4.000989103317260742e+02 3.000000000000000000e+00
2.669364309310913086e+02 3.203101873397827148e+02 2.624071359634399414e+02 3.207180833816528320e+02 2.550114870071411133e+02 3.178848910331726074e+02 3.000000000000000000e+00
3.785889005661010742e+02 1.286953210830688477e+02 3.739829397201538086e+02 1.291558599472045898e+02 3.664526367187500000e+02 1.262380671501159668e+02 3.000000000000000000e+00
2.818242478370666504e+02 4.039869832992553711e+02 2.773360872268676758e+02 4.044373798370361328e+02 2.699724721908569336e+02 4.015607357025146484e+02 3.000000000000000000e+00
4.526373291015625000e+02 1.784820699691772461e+02 4.479550457000732422e+02 1.791503906250000000e+02 4.403552246093750000e+02 1.763803982734680176e+02 3.000000000000000000e+00
3.214252625405788422e+02 2.209638118743896484e+01 3.166828918457031250e+02 2.247423648834228516e+01 3.091110837459564209e+02 1.947921752929687500e+01 3.000000000000000000e+00
4.509350585937500000e+02 2.195654743909835815e+02 4.523421001434326172e+02 2.203916913270950317e+02 4.507740783691406250e+02 2.179733115434646606e+02 2.000000000000000000e+00
2.702304077148437500e+02 3.418556571006774902e+02 2.656302785873413086e+02 3.423980140686035156e+02 2.582800579071044922e+02 3.395326566696166992e+02 3.000000000000000000e+00
3.725375366210937500e+02 1.287700009346008301e+02 3.679182767868041992e+02 1.292409610748291016e+02 3.603890371322631836e+02 1.263074183464050293e+02 3.000000000000000000e+00
3.093791496753692627e+02 3.688317060470581055e+02 3.048327028751373291e+02 3.693567609786987305e+02 2.974405217170715332e+02 3.664195632934570312e+02 3.000000000000000000e+00
4.200652790069580078e+02 1.182422590255737305e+02 4.154450416564941406e+02 1.186987209320068359e+02 4.078377437591552734e+02 1.156734752655029297e+02 3.000000000000000000e+00
2.980851745605468750e+02 3.403047823905944824e+02 2.935166931152343750e+02 3.406947040557861328e+02 2.861514878273010254e+02 3.377896785736083984e+02 3.000000000000000000e+00
3.681002521514892578e+02 3.929394292831420898e+02 3.635414743423461914e+02 3.934259462356567383e+02 3.561864638328552246e+02 3.904864883422851562e+02 3.000000000000000000e+00
2.509943819046020508e+02 3.195093154907226562e+02 2.463673400878906250e+02 3.199272179603576660e+02 2.389679431915283203e+02 3.170612525939941406e+02 3.000000000000000000e+00
3.141287535429000854e+02 2.670481270551681519e+02 3.096030580997467041e+02 2.674408274888992310e+02 3.022512507438659668e+02 2.645821845531463623e+02 3.000000000000000000e+00
4.194372558593750000e+02 2.275230252742767334e+02 4.210929584503173828e+02 2.283161160349845886e+02 4.198385620117187500e+02 2.257080835103988647e+02 2.000000000000000000e+00
2.410423421859741211e+02 4.008852910995483398e+02 2.365001201629638672e+02 4.014326620101928711e+02 2.291207218170166016e+02 3.985505104064941406e+02 3.000000000000000000e+00
2.380553150177001953e+02 3.184747982025146484e+02 2.333934020996093750e+02 3.188499498367309570e+02 2.260193443298339844e+02 3.160087323188781738e+02 3.000000000000000000e+00
4.483392620086669922e+02 1.240180492401123047e+01 4.436017513275146484e+02 1.282330513000488281e+01 4.360986042022705078e+02 9.853963851928710938e+00 3.000000000000000000e+00
3.258665770292282104e+02 1.169719934463500977e+02 3.212297668308019638e+02 1.174414014816284180e+02 3.137014466524124146e+02 1.144961929321289062e+02 3.000000000000000000e+00
1.921979618072509766e+02 3.453482079505920410e+02 1.876420402526855469e+02 3.458666110038757324e+02 1.802021884918212891e+02 3.430525588989257812e+02 3.000000000000000000e+00
3.626405048370361328e+02 9.804196357727050781e+00 3.579459238052368164e+02 1.030115604400634766e+01 3.503767704963684082e+02 7.369394302368164062e+00 3.000000000000000000e+00
7.190481185913085938e+01 4.031908321380615234e+02 6.731760025024414062e+01 4.037678003311157227e+02 5.977647781372070312e+01 4.010694694519042969e+02 3.000000000000000000e+00
8.985963821411132812e+01 2.388290252164006233e+02 8.510215759277343750e+01 2.393241271376609802e+02 7.753400802612304688e+01 2.365567778795957565e+02 3.000000000000000000e+00
4.681259441375732422e+02 9.431180477142333984e+01 4.634511756896972656e+02 9.466906070709228516e+01 4.558764648437500000e+02 9.165593147277832031e+01 3.000000000000000000e+00
1.286995124816894531e+02 1.675035238265991211e+02 1.265532493591308594e+02 1.682670235633850098e+02 1.213888359069824219e+02 1.658911871910095215e+02 1.000000000000000000e+00
4.541636085510253906e+02 3.495736169815063477e+02 4.495443439483642578e+02 3.499063181877136230e+02 4.423363399505615234e+02 3.469910645484924316e+02 3.000000000000000000e+00
2.159133434295654297e+02 3.268724727630615234e+02 2.113408946990966797e+02 3.273796105384826660e+02 2.040299987792968750e+02 3.245205760002136230e+02 3.000000000000000000e+00
2.776707744598388672e+02 3.813643312454223633e+02 2.731966543197631836e+02 3.818012094497680664e+02 2.657869577407836914e+02 3.789506578445434570e+02 3.000000000000000000e+00
3.410765075683593750e+02 2.911491394042968750e+00 3.367084968090057373e+02 3.377265930175781250e+00 3.288801878690719604e+02 3.761529922485351562e-01 3.000000000000000000e+00
2.446146678924560547e+02 3.016288518905639648e+02 2.400177907943725586e+02 3.021945834159851074e+02 2.326148509979248047e+02 2.992543065547943115e+02 3.000000000000000000e+00
3.172768250107765198e+02 3.616517972946166992e+02 3.126983028650283813e+02 3.620893621444702148e+02 3.053583371639251709e+02 3.591859531402587891e+02 3.000000000000000000e+00
6.690097808837890625e+01 3.971956014633178711e+02 6.222328186035156250e+01 3.976991987228393555e+02 5.460096359252929688e+01 3.950520658493041992e+02 3.000000000000000000e+00
2.840400695800781250e+02 2.967278480529785156e+02 2.793130779266357422e+02 2.971832621097564697e+02 2.720859670639038086e+02 2.943660306930541992e+02 3.000000000000000000e+00
7.309820175170898438e+01 4.131941270828247070e+02 6.836839675903320312e+01 4.137133598327636719e+02 6.089260101318359375e+01 4.110953807830810547e+02 3.000000000000000000e+00
4.550091266632080078e+02 1.821522045135498047e+02 4.503546810150146484e+02 1.826881384849548340e+02 4.427899456024169922e+02 1.799844932556152344e+02 3.000000000000000000e+00
4.127842998504638672e+02 3.200542330741882324e+02 4.082062721252441406e+02 3.204367446899414062e+02 4.008306598663330078e+02 3.175218558311462402e+02 3.000000000000000000e+00
2.065955829620361328e+02 3.652139997482299805e+02 2.021049785614013672e+02 3.656494474411010742e+02 1.946199607849121094e+02 3.628871154785156250e+02 3.000000000000000000e+00
2.928622126579284668e+02 3.520063877105712891e+01 2.882357478141784668e+02 3.553575038909912109e+01 2.806192016601562500e+02 3.263428688049316406e+01 3.000000000000000000e+00
3.403886103630065918e+02 3.827880334854125977e+02 3.357468569278717041e+02 3.831827402114868164e+02 3.284831541776657104e+02 3.803117179870605469e+02 3.000000000000000000e+00
3.699483966827392578e+02 1.057247543334960938e+02 3.653562927246093750e+02 1.061975526809692383e+02 3.576584172248840332e+02 1.032796096801757812e+02 3.000000000000000000e+00
2.931142878532409668e+02 3.234784555435180664e+02 2.885391831398010254e+02 3.238418626785278320e+02 2.811265873908996582e+02 3.210567069053649902e+02 3.000000000000000000e+00
2.755330181121826172e+02 2.328557968139648438e+01 2.708510732650756836e+02 2.368545055389404297e+01 2.631129121780395508e+02 2.073127269744873047e+01 3.000000000000000000e+00
3.451715087890625000e+02 7.923746109008789062e+00 3.406457209587097168e+02 8.392381668090820312e+00 3.328093564510345459e+02 5.443325042724609375e+00 3.000000000000000000e+00
2.472429180145263672e+02 2.635383617877960205e+02 2.426171541213989258e+02 2.639497697353363037e+02 2.352335834503173828e+02 2.611636054515838623e+02 3.000000000000000000e+00
4.024428081512451172e+02 3.319578266143798828e+02 3.977770996093750000e+02 3.323497939109802246e+02 3.905392169952392578e+02 3.294166016578674316e+02 3.000000000000000000e+00
2.818434453010559082e+02 4.099293565750122070e+02 2.773619365692138672e+02 4.103757047653198242e+02 2.700154399871826172e+02 4.075151109695434570e+02 3.000000000000000000e+00
3.020810234546661377e+02 3.412334346771240234e+02 2.975366210937500000e+02 3.416157245635986328e+02 2.902169179916381836e+02 3.386934542655944824e+02 3.000000000000000000e+00
2.758166790008544922e+02 4.031347990036010742e+02 2.712936687469482422e+02 4.035526800155639648e+02 2.639284944534301758e+02 4.006785964965820312e+02 3.000000000000000000e+00
1.538539886474609375e+02 1.954740107059478760e+02 1.514342308044433594e+02 1.961799287796020508e+02 1.459078598022460938e+02 1.936266767978668213e+02 1.000000000000000000e+00
4.954317092895507812e+01 3.946274471282958984e+02 4.489484786987304688e+01 3.951959037780761719e+02 3.730173110961914062e+01 3.925281715393066406e+02 3.000000000000000000e+00
3.085243833065032959e+02 2.204461097717285156e+01 3.038717651367187500e+02 2.252530574798583984e+01 2.962931823730468750e+02 1.948908805847167969e+01 3.000000000000000000e+00
3.251522219181060791e+02 3.522800660133361816e+02 3.205504760891199112e+02 3.527096343040466309e+02 3.132608944177627563e+02 3.497941946983337402e+02 3.000000000000000000e+00
2.348552227020263672e+02 1.648370933532714844e+02 2.320298004150390625e+02 1.658954858779907227e+02 2.262415790557861328e+02 1.637523007392883301e+02 1.000000000000000000e+00
3.180730590224266052e+02 3.378875184059143066e+02 3.135296016931533813e+02 3.383183956146240234e+02 3.062519526481628418e+02 3.354207515716552734e+02 3.000000000000000000e+00
3.133291929960250854e+02 1.007019996643066406e+01 3.086196589469909668e+02 1.042551040649414062e+01 3.010070192813873291e+02 7.488141059875488281e+00 3.000000000000000000e+00
4.563595008850097656e+02 2.133822441101074219e+01 4.516147804260253906e+02 2.173300266265869141e+01 4.440916728973388672e+02 1.872370719909667969e+01 3.000000000000000000e+00
2.482869100570678711e+02 3.453122591972351074e+02 2.437445974349975586e+02 3.456923890113830566e+02 2.363057804107666016e+02 3.429007029533386230e+02 3.000000000000000000e+00
2.264162921905517578e+02 1.573680996894836426e+02 2.237438964843750000e+02 1.584695863723754883e+02 2.181596183776855469e+02 1.561835432052612305e+02 1.000000000000000000e+00
2.465644216537475586e+02 4.211204338073730469e+02 2.419815969467163086e+02 4.215348672866821289e+02 2.346356773376464844e+02 4.187190055847167969e+02 3.000000000000000000e+00
2.954755234718322754e+02 2.020651817321777344e+01 2.908524775505065918e+02 2.054647922515869141e+01 2.831907033920288086e+02 1.761689186096191406e+01 3.000000000000000000e+00
4.520782756805419922e+02 3.386814022064208984e+02 4.475203895568847656e+02 3.391058421134948730e+02 4.402881145477294922e+02 3.361727356910705566e+02 3.000000000000000000e+00
4.187655925750732422e+02 1.611968350410461426e+02 4.140600299835205078e+02 1.615924930572509766e+02 4.066373348236083984e+02 1.586882114410400391e+02 3.000000000000000000e+00
4.842555999755859375e+01 3.805533170700073242e+02 4.380830764770507812e+01 3.811001014709472656e+02 3.616819381713867188e+01 3.784547138214111328e+02 3.000000000000000000e+00
2.653507995605468750e+02 3.618675041198730469e+02 2.607835388183593750e+02 3.623779392242431641e+02 2.533107280731201172e+02 3.595663189888000488e+02 3.000000000000000000e+00
4.666193008422851562e+01 4.197245836257934570e+02 4.200296401977539062e+01 4.203133678436279297e+02 3.448503494262695312e+01 4.176537322998046875e+02 3.000000000000000000e+00
2.800126028060913086e+02 2.977410614490509033e+02 2.754338693618774414e+02 2.983205902576446533e+02 2.680940246582031250e+02 2.954059767723083496e+02 3.000000000000000000e+00
2.526239013671875000e+02 2.924768078327178955e+02 2.481183910369873047e+02 2.930360734462738037e+02 2.406125926971435547e+02 2.900770604610443115e+02 3.000000000000000000e+00
3.379425358772277832e+02 5.510704994201660156e+01 3.330918276309967041e+02 5.550697803497314453e+01 3.255975341796875000e+02 5.259148120880126953e+01 3.000000000000000000e+00
2.918033432960510254e+02 3.851591205596923828e+02 2.872678518295288086e+02 3.856038951873779297e+02 2.799189758300781250e+02 3.827481508255004883e+02 3.000000000000000000e+00
2.859893488883972168e+02 3.036961412429809570e+02 2.813323044776916504e+02 3.041692256927490234e+02 2.740199279785156250e+02 3.012964797019958496e+02 3.000000000000000000e+00
7.753904342651367188e+01 3.657761335372924805e+02 7.281049728393554688e+01 3.662637948989868164e+02 6.524362564086914062e+01 3.635770654678344727e+02 3.000000000000000000e+00
4.615558147430419922e+02 2.235754233598709106e+02 4.628396606445312500e+02 2.244722288846969604e+02 4.613303565979003906e+02 2.219901877641677856e+02 2.000000000000000000e+00
2.870897507667541504e+02 3.196005606651306152e+02 2.825323176383972168e+02 3.201142001152038574e+02 2.750365591049194336e+02 3.172040104866027832e+02 3.000000000000000000e+00
2.960454702377319336e+02 3.106004977226257324e+02 2.913273620605468750e+02 3.110354375839233398e+02 2.840310668945312500e+02 3.081960153579711914e+02 3.000000000000000000e+00
3.084237968921661377e+02 1.801880836486816406e+01 3.037972414493560791e+02 1.848509788513183594e+01 2.961753225326538086e+02 1.547859191894531250e+01 3.000000000000000000e+00
3.067720639705657959e+02 4.043645095825195312e+02 3.021345210075378418e+02 4.047700309753417969e+02 2.949071955680847168e+02 4.018920993804931641e+02 3.000000000000000000e+00
3.242757263779640198e+02 3.704982948303222656e+02 3.196951293945312500e+02 3.709751987457275391e+02 3.123910218477249146e+02 3.680494737625122070e+02 3.000000000000000000e+00
3.054938662052154541e+02 2.606706619262695312e+01 3.008076167106628418e+02 2.656019210815429688e+01 2.932315373420715332e+02 2.349130153656005859e+01 3.000000000000000000e+00
3.290272217988967896e+02 2.548996281623840332e+02 3.245430299639701843e+02 2.553524941205978394e+02 3.172702330350875854e+02 2.525133365392684937e+02 3.000000000000000000e+00
1.685928916931152344e+02 1.733020019531250000e+02 1.664312839508056641e+02 1.743858003616333008e+02 1.610448741912841797e+02 1.719822835922241211e+02 1.000000000000000000e+00
1.630200290679931641e+02 3.709180927276611328e+02 1.584697914123535156e+02 3.714157819747924805e+02 1.510025978088378906e+02 3.686149978637695312e+02 3.000000000000000000e+00
3.720779752731323242e+02 1.177650833129882812e+02 3.674647521972656250e+02 1.182471084594726562e+02 3.597659921646118164e+02 1.153017997741699219e+02 3.000000000000000000e+00
4.572975158691406250e+02 2.132286965847015381e+02 4.585447978973388672e+02 2.141954183578491211e+02 4.569132995605468750e+02 2.118294507265090942e+02 2.000000000000000000e+00
2.713612985610961914e+02 3.697178649902343750e+02 2.668017244338989258e+02 3.701244306564331055e+02 2.593784761428833008e+02 3.673778486251831055e+02 3.000000000000000000e+00
2.148447513580322266e+02 3.150707745552062988e+02 2.102394676208496094e+02 3.154613685607910156e+02 2.028824138641357422e+02 3.126207304000854492e+02 3.000000000000000000e+00
2.717842388153076172e+02 3.622954845428466797e+01 2.671215486526489258e+02 3.663064956665039062e+01 2.594667959213256836e+02 3.364265441894531250e+01 3.000000000000000000e+00
4.597298336029052734e+02 1.903246879577636719e+02 4.551084899902343750e+02 1.907969319820404053e+02 4.477094173431396484e+02 1.878883016109466553e+02 3.000000000000000000e+00
