4.331826782226562500e+02 3.806708478927612305e+02 4.339623451232910156e+02 3.813689374923706055e+02 4.364755535125732422e+02 3.831673622131347656e+02 3.000000000000000000e+00
2.949315786361694336e+02 3.836047410964965820e+02 2.955551457405090332e+02 3.842304182052612305e+02 2.977150273323059082e+02 3.858128070831298828e+02 3.000000000000000000e+00
3.425032973289489746e+02 3.195331192016601562e+02 3.432020878791809082e+02 3.202273607254028320e+02 3.455600285530090332e+02 3.218407630920410156e+02 2.000000000000000000e+00
4.384482479095458984e+02 4.148028945922851562e+02 4.391512775421142578e+02 4.155130147933959961e+02 4.413423442840576172e+02 4.172693252563476562e+02 3.000000000000000000e+00
4.374047565460205078e+02 4.031290912628173828e+02 4.382133197784423828e+02 4.038844728469848633e+02 4.403752422332763672e+02 4.055545806884765625e+02 3.000000000000000000e+00
4.303005695343017578e+02 4.282276439666748047e+02 4.308435344696044922e+02 4.288974666595458984e+02 4.330660152435302734e+02 4.306219339370727539e+02 3.000000000000000000e+00
4.155534076690673828e+02 4.306975221633911133e+02 4.163429260253906250e+02 4.314635038375854492e+02 4.183623981475830078e+02 4.331621503829956055e+02 3.000000000000000000e+00
4.161800861358642578e+02 3.237364554405212402e+02 4.168550109863281250e+02 3.244936251640319824e+02 4.193121337890625000e+02 3.261985516548156738e+02 2.000000000000000000e+00
4.215145587921142578e+02 4.317047166824340820e+02 4.222625732421875000e+02 4.324685525894165039e+02 4.243083190917968750e+02 4.341775989532470703e+02 3.000000000000000000e+00
4.141690731048583984e+02 3.929655790328979492e+02 4.147735881805419922e+02 3.936705636978149414e+02 4.170779418945312500e+02 3.954007387161254883e+02 3.000000000000000000e+00
4.458894348144531250e+02 2.933556532859802246e+02 4.466411781311035156e+02 2.941714489459991455e+02 4.489155578613281250e+02 2.957711505889892578e+02 2.000000000000000000e+00
2.617855072021484375e+00 3.999776744842529297e+02 3.308296203613281250e+00 4.007186651229858398e+02 5.550231933593750000e+00 4.016309022903442383e+02 3.000000000000000000e+00
4.110170936584472656e+02 3.558757066726684570e+02 4.116919612884521484e+02 3.565557646751403809e+02 4.139003944396972656e+02 3.582881212234497070e+02 3.000000000000000000e+00
3.374511718750000000e+02 3.893398189544677734e+02 3.381080329418182373e+02 3.901194906234741211e+02 3.403806471824645996e+02 3.916224145889282227e+02 3.000000000000000000e+00
3.330548095703125000e+02 2.966921103000640869e+02 3.337451481819152832e+02 2.974495267868041992e+02 3.361015319824218750e+02 2.989906632900238037e+02 2.000000000000000000e+00
3.008400881290435791e+02 3.895679998397827148e+02 3.015047609806060791e+02 3.902168369293212891e+02 3.036437070369720459e+02 3.918179655075073242e+02 3.000000000000000000e+00
4.109397888183593750e+02 3.782246732711791992e+02 4.115375423431396484e+02 3.790939664840698242e+02 4.137409400939941406e+02 3.806208515167236328e+02 3.000000000000000000e+00
4.314547729492187500e+02 4.194909524917602539e+02 4.321033000946044922e+02 4.201902580261230469e+02 4.343305969238281250e+02 4.219071435928344727e+02 3.000000000000000000e+00
4.385300922393798828e+02 3.602282238006591797e+02 4.392472839355468750e+02 3.609920167922973633e+02 4.414090919494628906e+02 3.626369047164916992e+02 3.000000000000000000e+00
5.761382484436035156e+02 2.306489405035972595e+02 5.758388137817382812e+02 2.311537161469459534e+02 5.774660682678222656e+02 2.326139675080776215e+02 1.000000000000000000e+00
5.408133506774902344e+02 2.326290585100650787e+02 5.404867553710937500e+02 2.330634914338588715e+02 5.417324829101562500e+02 2.344887386262416840e+02 1.000000000000000000e+00
4.262034606933593750e+02 3.893978691101074219e+02 4.268795490264892578e+02 3.901161861419677734e+02 4.290903663635253906e+02 3.919373846054077148e+02 3.000000000000000000e+00
3.085028684139251709e+02 3.969043350219726562e+02 3.091371452808380127e+02 3.975405120849609375e+02 3.112530517578125000e+02 3.991682481765747070e+02 3.000000000000000000e+00
4.671134948730468750e+00 4.141000699996948242e+02 5.358180999755859375e+00 4.146141815185546875e+02 7.522296905517578125e+00 4.156630325317382812e+02 3.000000000000000000e+00
4.203283405303955078e+02 3.015838336944580078e+02 4.209334468841552734e+02 3.022187519073486328e+02 4.234393024444580078e+02 3.040027213096618652e+02 2.000000000000000000e+00
4.972576904296875000e+02 2.518604895472526550e+02 4.971962928771972656e+02 2.522025302052497864e+02 4.984671401977539062e+02 2.537778478860855103e+02 1.000000000000000000e+00
4.398452758789062500e+02 2.986068141460418701e+02 4.406149959564208984e+02 2.993219625949859619e+02 4.429117774963378906e+02 3.010470628738403320e+02 2.000000000000000000e+00
4.217310810089111328e+02 2.931790494918823242e+02 4.223720455169677734e+02 2.937795424461364746e+02 4.248212623596191406e+02 2.955748629570007324e+02 2.000000000000000000e+00
4.140925598144531250e+02 2.950282001495361328e+02 4.146936702728271484e+02 2.955968964099884033e+02 4.171822261810302734e+02 2.974451923370361328e+02 2.000000000000000000e+00
4.323981952667236328e+02 3.969074249267578125e+02 4.331295490264892578e+02 3.976093482971191406e+02 4.354225444793701172e+02 3.995376348495483398e+02 3.000000000000000000e+00
4.126321697235107422e+02 3.849790763854980469e+02 4.132204627990722656e+02 3.857980442047119141e+02 4.154638671875000000e+02 3.874117183685302734e+02 3.000000000000000000e+00
3.848201751708984375e+01 3.251957774162292480e+02 3.905447006225585938e+01 3.257779884338378906e+02 4.143192291259765625e+01 3.270402288436889648e+02 3.000000000000000000e+00
3.650028371810913086e+02 3.780928659439086914e+02 3.656165790557861328e+02 3.787438774108886719e+02 3.677358722686767578e+02 3.804088497161865234e+02 3.000000000000000000e+00
5.607891273498535156e+02 2.465373386442661285e+02 5.605355262756347656e+02 2.470438237488269806e+02 5.620837974548339844e+02 2.485118865966796875e+02 1.000000000000000000e+00
4.317695045471191406e+02 3.012243962287902832e+02 4.325303363800048828e+02 3.019019794464111328e+02 4.348149776458740234e+02 3.036222839355468750e+02 2.000000000000000000e+00
5.005101966857910156e+02 2.202457416057586670e+02 5.003886413574218750e+02 2.206522965431213379e+02 5.017757606506347656e+02 2.220852506160736084e+02 1.000000000000000000e+00
4.112212848663330078e+02 3.703556299209594727e+02 4.117720985412597656e+02 3.712371826171875000e+02 4.139636898040771484e+02 3.727555274963378906e+02 3.000000000000000000e+00
3.821648883819580078e+02 2.962094771862030029e+02 3.827386808395385742e+02 2.969426000118255615e+02 3.853001737594604492e+02 2.985631120204925537e+02 2.000000000000000000e+00
3.502482295036315918e+02 3.161337018013000488e+02 3.509999394416809082e+02 3.168562388420104980e+02 3.533009028434753418e+02 3.184264898300170898e+02 2.000000000000000000e+00
3.871372699737548828e+02 4.061976385116577148e+02 3.877166128158569336e+02 4.069443798065185547e+02 3.900362539291381836e+02 4.086308383941650391e+02 3.000000000000000000e+00
5.697597122192382812e+02 2.487814942002296448e+02 5.694697952270507812e+02 2.492278602719306946e+02 5.709505081176757812e+02 2.507559514045715332e+02 1.000000000000000000e+00
5.737303543090820312e+02 2.482432866096496582e+02 5.735271072387695312e+02 2.486674502491950989e+02 5.749693679809570312e+02 2.502439883351325989e+02 1.000000000000000000e+00
4.219497108459472656e+02 3.242673397064208984e+02 4.226423931121826172e+02 3.250489568710327148e+02 4.250780391693115234e+02 3.266839313507080078e+02 2.000000000000000000e+00
4.320951557159423828e+02 3.881516504287719727e+02 4.329014873504638672e+02 3.887752819061279297e+02 4.352829265594482422e+02 3.906796646118164062e+02 3.000000000000000000e+00
4.299385356903076172e+02 3.268733882904052734e+02 4.306555843353271484e+02 3.276533246040344238e+02 4.331108760833740234e+02 3.293116164207458496e+02 2.000000000000000000e+00
2.811113357543945312e+01 3.190909194946289062e+02 2.881631851196289062e+01 3.195782804489135742e+02 3.127656936645507812e+01 3.208516860008239746e+02 3.000000000000000000e+00
2.166490554809570312e+01 4.165693187713623047e+02 2.231605529785156250e+01 4.171007537841796875e+02 2.458908081054687500e+01 4.183205938339233398e+02 3.000000000000000000e+00
4.194503498077392578e+02 3.889709901809692383e+02 4.200556945800781250e+02 3.896649599075317383e+02 4.223143959045410156e+02 3.914497518539428711e+02 3.000000000000000000e+00
5.620067787170410156e+02 2.531468966603279114e+02 5.617083168029785156e+02 2.535971072316169739e+02 5.633204460144042969e+02 2.551403671503067017e+02 1.000000000000000000e+00
5.266557693481445312e+02 2.803688371181488037e+02 5.266134643554687500e+02 2.809332597255706787e+02 5.281994628906250000e+02 2.825143146514892578e+02 1.000000000000000000e+00
8.013973236083984375e+00 2.876947045326232910e+02 8.782043457031250000e+00 2.884295976161956787e+02 1.133995056152343750e+01 2.895995521545410156e+02 3.000000000000000000e+00
5.300762367248535156e+02 2.340116728842258453e+02 5.298410034179687500e+02 2.344268488883972168e+02 5.312127113342285156e+02 2.359001921117305756e+02 1.000000000000000000e+00
4.416734695434570312e+01 2.513252878189086914e+02 4.489425659179687500e+01 2.519244539737701416e+02 4.735172271728515625e+01 2.532874765992164612e+02 3.000000000000000000e+00
4.889833641052246094e+02 2.349552762508392334e+02 4.888904380798339844e+02 2.354010768234729767e+02 4.901280593872070312e+02 2.368721464276313782e+02 1.000000000000000000e+00
5.299522781372070312e+02 2.455550234019756317e+02 5.291662597656250000e+02 2.459856417775154114e+02 5.306416130065917969e+02 2.476131749153137207e+02 1.000000000000000000e+00
2.393247604370117188e+01 2.371054532378911972e+02 2.471061706542968750e+01 2.377931669354438782e+02 2.729068756103515625e+01 2.391145934723317623e+02 3.000000000000000000e+00
5.241029739379882812e+02 2.336501920223236084e+02 5.238964271545410156e+02 2.341439053416252136e+02 5.252727699279785156e+02 2.355845488607883453e+02 1.000000000000000000e+00
4.258895874023437500e+01 2.869916117191314697e+02 4.342403411865234375e+01 2.876101112365722656e+02 4.576608657836914062e+01 2.888789105415344238e+02 3.000000000000000000e+00
4.910543632507324219e+02 2.286210930347442627e+02 4.909088516235351562e+02 2.290443107485771179e+02 4.922743225097656250e+02 2.305360561609268188e+02 1.000000000000000000e+00
3.171419677138328552e+02 2.704194974899291992e+02 3.178989562392234802e+02 2.712748718261718750e+02 3.202160339429974556e+02 2.726263439655303955e+02 2.000000000000000000e+00
3.385222172737121582e+02 3.824005508422851562e+02 3.392098391056060791e+02 3.831928825378417969e+02 3.414671325683593750e+02 3.846902561187744141e+02 3.000000000000000000e+00
3.770029020309448242e+02 4.055039405822753906e+02 3.776199340820312500e+02 4.062589502334594727e+02 3.799462604522705078e+02 4.080303668975830078e+02 3.000000000000000000e+00
5.881373405456542969e+02 2.380321501940488815e+02 5.877005577087402344e+02 2.384028319269418716e+02 5.894260215759277344e+02 2.399501495319418609e+02 1.000000000000000000e+00
5.039734268188476562e+02 2.292449641227722168e+02 5.039360046386718750e+02 2.296112966537475586e+02 5.052708816528320312e+02 2.310976561903953552e+02 1.000000000000000000e+00
3.255068057775497437e+02 3.555195093154907227e+02 3.261801147460937500e+02 3.562082862854003906e+02 3.284083253145217896e+02 3.577139353752136230e+02 3.000000000000000000e+00
5.078193664550781250e+02 2.441659699380397797e+02 5.076927185058593750e+02 2.444712375104427338e+02 5.088813781738281250e+02 2.460133820772171021e+02 1.000000000000000000e+00
5.080790138244628906e+02 2.498404848575592041e+02 5.079343986511230469e+02 2.502106332778930664e+02 5.091575050354003906e+02 2.517369389533996582e+02 1.000000000000000000e+00
2.425439834594726562e+01 3.068804025650024414e+02 2.490095138549804688e+01 3.073801302909851074e+02 2.738925933837890625e+01 3.086067867279052734e+02 3.000000000000000000e+00
3.067359614372253418e+02 3.886440467834472656e+02 3.073869931697845459e+02 3.893253278732299805e+02 3.095473635196685791e+02 3.908959722518920898e+02 3.000000000000000000e+00
5.326087760925292969e+02 2.321350854635238647e+02 5.324278068542480469e+02 2.325974267721176147e+02 5.338251304626464844e+02 2.339962153136730194e+02 1.000000000000000000e+00
5.272392082214355469e+02 2.321210932731628418e+02 5.270379066467285156e+02 2.325848078727722168e+02 5.284384727478027344e+02 2.340233762562274933e+02 1.000000000000000000e+00
4.294567871093750000e+02 3.629201745986938477e+02 4.299995708465576172e+02 3.636751127243041992e+02 4.322605323791503906e+02 3.653757047653198242e+02 3.000000000000000000e+00
4.327998638153076172e+02 2.955320477485656738e+02 4.335544490814208984e+02 2.962538802623748779e+02 4.358306884765625000e+02 2.979432713985443115e+02 2.000000000000000000e+00
4.368312358856201172e+02 4.303581619262695312e+02 4.374231910705566406e+02 4.310936021804809570e+02 4.396062660217285156e+02 4.327936792373657227e+02 3.000000000000000000e+00
4.264353084564208984e+02 3.044848680496215820e+02 4.270741558074951172e+02 3.051448416709899902e+02 4.295576190948486328e+02 3.068791508674621582e+02 2.000000000000000000e+00
5.687873649597167969e+02 2.386194456741213799e+02 5.686424064636230469e+02 2.391259765438735485e+02 5.701060295104980469e+02 2.405735016055405140e+02 1.000000000000000000e+00
4.056999492645263672e+02 4.236132287979125977e+02 4.064900207519531250e+02 4.244414806365966797e+02 4.085332012176513672e+02 4.260151720046997070e+02 3.000000000000000000e+00
8.648662567138671875e+00 3.085238099098205566e+02 9.374904632568359375e+00 3.089867591857910156e+02 1.183658599853515625e+01 3.102320909500122070e+02 3.000000000000000000e+00
5.771565055847167969e+02 2.488220527768135071e+02 5.769512939453125000e+02 2.493151402473449707e+02 5.782828330993652344e+02 2.508124396204948425e+02 1.000000000000000000e+00
5.767262649536132812e+02 2.524122476577758789e+02 5.765509605407714844e+02 2.528538671135902405e+02 5.778670120239257812e+02 2.544078227877616882e+02 1.000000000000000000e+00
5.654747962951660156e+02 2.272527766227722168e+02 5.651885414123535156e+02 2.276909780502319336e+02 5.667919921875000000e+02 2.291581267118453979e+02 1.000000000000000000e+00
2.605554485321044922e+02 3.606532287597656250e+02 2.611793518066406250e+02 3.613518476486206055e+02 2.634766530990600586e+02 3.628159904479980469e+02 3.000000000000000000e+00
2.740385055541992188e+01 2.482378238439559937e+02 2.812442779541015625e+01 2.488672488927841187e+02 3.073680877685546875e+01 2.501474305987358093e+02 3.000000000000000000e+00
4.416103839874267578e+02 4.090611362457275391e+02 4.423038959503173828e+02 4.097533321380615234e+02 4.444710063934326172e+02 4.114922904968261719e+02 3.000000000000000000e+00
2.514291667938232422e+02 3.676057147979736328e+02 2.521078014373779297e+02 3.683192539215087891e+02 2.543473339080810547e+02 3.697856855392456055e+02 3.000000000000000000e+00
5.708187866210937500e+02 2.477349248528480530e+02 5.704661941528320312e+02 2.481721651554107666e+02 5.719591140747070312e+02 2.496941077709197998e+02 1.000000000000000000e+00
3.480106353759765625e+01 4.105766630172729492e+02 3.547119140625000000e+01 4.114225530624389648e+02 3.793725967407226562e+01 4.125805807113647461e+02 3.000000000000000000e+00
3.755004596710205078e+02 3.794039440155029297e+02 3.762014770507812500e+02 3.801010751724243164e+02 3.783251953125000000e+02 3.816868972778320312e+02 3.000000000000000000e+00
3.879503250122070312e+01 3.120846319198608398e+02 3.940883636474609375e+01 3.128014540672302246e+02 4.179685592651367188e+01 3.139495611190795898e+02 3.000000000000000000e+00
2.559079122543334961e+02 3.843123006820678711e+02 2.565345764160156250e+02 3.850509738922119141e+02 2.587837839126586914e+02 3.864863348007202148e+02 3.000000000000000000e+00
5.802910804748535156e+02 2.574716198444366455e+02 5.802755165100097656e+02 2.579575806856155396e+02 5.815454673767089844e+02 2.595226442813873291e+02 1.000000000000000000e+00
3.773159503936767578e+02 4.183888006210327148e+02 3.779212951660156250e+02 4.191401481628417969e+02 3.800534057617187500e+02 4.209159708023071289e+02 3.000000000000000000e+00
4.119342708587646484e+02 4.227374124526977539e+02 4.126830196380615234e+02 4.234799337387084961e+02 4.147826576232910156e+02 4.251724576950073242e+02 3.000000000000000000e+00
5.043655776977539062e+02 2.189862817525863647e+02 5.042461967468261719e+02 2.194855642318725586e+02 5.056871414184570312e+02 2.208099818229675293e+02 1.000000000000000000e+00
5.438014030456542969e+02 2.347684630751609802e+02 5.435596275329589844e+02 2.353471067547798157e+02 5.449655723571777344e+02 2.367110594362020493e+02 1.000000000000000000e+00
2.576345443725585938e+01 2.922598886489868164e+02 2.644157409667968750e+01 2.930324435234069824e+02 2.893671035766601562e+01 2.941432213783264160e+02 3.000000000000000000e+00
4.393094158172607422e+02 3.671858024597167969e+02 4.400193500518798828e+02 3.678221797943115234e+02 4.421740722656250000e+02 3.695848703384399414e+02 3.000000000000000000e+00
5.874096679687500000e+02 2.523550119996070862e+02 5.873881340026855469e+02 2.528410041332244873e+02 5.889839553833007812e+02 2.544439861178398132e+02 1.000000000000000000e+00
5.557974815368652344e+02 2.276158288121223450e+02 5.551821327209472656e+02 2.280555716156959534e+02 5.568415641784667969e+02 2.295295554399490356e+02 1.000000000000000000e+00
3.309575498104095459e+02 3.675119733810424805e+02 3.316955268383026123e+02 3.683554744720458984e+02 3.338357245922088623e+02 3.698100900650024414e+02 3.000000000000000000e+00
1.564395904541015625e+01 4.084679317474365234e+02 1.639652252197265625e+01 4.089383983612060547e+02 1.861137390136718750e+01 4.101429891586303711e+02 3.000000000000000000e+00
2.675064992904663086e+02 3.829059219360351562e+02 2.681383037567138672e+02 3.836536645889282227e+02 2.704552316665649414e+02 3.851250028610229492e+02 3.000000000000000000e+00
2.545524740219116211e+02 3.431129479408264160e+02 2.552232503890991211e+02 3.437277245521545410e+02 2.574925231933593750e+02 3.451735568046569824e+02 3.000000000000000000e+00
3.535539245605468750e+02 3.868221473693847656e+02 3.540573120117187500e+02 3.875524091720581055e+02 3.563468623161315918e+02 3.891729784011840820e+02 3.000000000000000000e+00
4.124745845794677734e+02 3.636164903640747070e+02 4.131818294525146484e+02 3.643307304382324219e+02 4.153294086456298828e+02 3.660328388214111328e+02 3.000000000000000000e+00
2.705335617065429688e+01 2.822274792194366455e+02 2.767946243286132812e+01 2.829857504367828369e+02 3.026346206665039062e+01 2.841271376609802246e+02 3.000000000000000000e+00
2.090517902374267578e+02 3.302558040618896484e+02 2.096127891540527344e+02 3.309200763702392578e+02 2.120834064483642578e+02 3.324223065376281738e+02 3.000000000000000000e+00
2.867203664779663086e+02 3.925735616683959961e+02 2.874335026741027832e+02 3.931753635406494141e+02 2.895649409294128418e+02 3.948347568511962891e+02 3.000000000000000000e+00
2.604586172103881836e+02 3.707475042343139648e+02 2.610917663574218750e+02 3.714432191848754883e+02 2.633974885940551758e+02 3.728989934921264648e+02 3.000000000000000000e+00
4.975955581665039062e+02 2.478881531953811646e+02 4.975521659851074219e+02 2.482163545489311218e+02 4.987685203552246094e+02 2.497747805714607239e+02 1.000000000000000000e+00
4.153009033203125000e+02 2.875132763385772705e+02 4.159228515625000000e+02 2.880871903896331787e+02 4.183698463439941406e+02 2.899202299118041992e+02 2.000000000000000000e+00
4.244716167449951172e+02 4.056953573226928711e+02 4.251298809051513672e+02 4.064153194427490234e+02 4.273219299316406250e+02 4.080962276458740234e+02 3.000000000000000000e+00
4.196130371093750000e+02 4.190623855590820312e+02 4.203011512756347656e+02 4.198221874237060547e+02 4.224991512298583984e+02 4.214520978927612305e+02 3.000000000000000000e+00
4.489498138427734375e+00 3.844827604293823242e+02 5.124435424804687500e+00 3.853593492507934570e+02 7.671775817871093750e+00 3.866187143325805664e+02 3.000000000000000000e+00
3.284671324491500854e+02 3.892029190063476562e+02 3.291257631778717041e+02 3.898935270309448242e+02 3.313866579532623291e+02 3.915035533905029297e+02 3.000000000000000000e+00
5.290677452087402344e+02 2.751203942298889160e+02 5.289688682556152344e+02 2.756317448616027832e+02 5.305355834960937500e+02 2.772450292110443115e+02 1.000000000000000000e+00
4.272077655792236328e+02 3.794785881042480469e+02 4.278554439544677734e+02 3.803013753890991211e+02 4.302055072784423828e+02 3.819886922836303711e+02 3.000000000000000000e+00
4.299283123016357422e+02 3.697241878509521484e+02 4.302888488769531250e+02 3.705333566665649414e+02 4.326007080078125000e+02 3.721682167053222656e+02 3.000000000000000000e+00
4.187003517150878906e+02 3.626734113693237305e+02 4.194266414642333984e+02 3.633992958068847656e+02 4.214757061004638672e+02 3.651190280914306641e+02 3.000000000000000000e+00
1.446592330932617188e+01 2.818100309371948242e+02 1.519290924072265625e+01 2.825530707836151123e+02 1.774187088012695312e+01 2.837187838554382324e+02 3.000000000000000000e+00
5.673213005065917969e+02 2.324623408913612366e+02 5.670985794067382812e+02 2.329128719866275787e+02 5.686188316345214844e+02 2.343706203997135162e+02 1.000000000000000000e+00
2.778600454330444336e+02 4.031616640090942383e+02 2.785267925262451172e+02 4.038473653793334961e+02 2.807028198242187500e+02 4.052910518646240234e+02 3.000000000000000000e+00
5.358096885681152344e+02 2.353771358728408813e+02 5.356008338928222656e+02 2.358333890140056610e+02 5.369574546813964844e+02 2.373804625868797302e+02 1.000000000000000000e+00
3.219466553628444672e+02 3.682049274444580078e+02 3.226013794541358948e+02 3.689266490936279297e+02 3.248179322481155396e+02 3.704592704772949219e+02 3.000000000000000000e+00
2.800117492675781250e+01 3.251518893241882324e+02 2.872875213623046875e+01 3.257522606849670410e+02 3.116609573364257812e+01 3.269504714012145996e+02 3.000000000000000000e+00
4.131617736816406250e+02 3.499418663978576660e+02 4.138234901428222656e+02 3.506119465827941895e+02 4.160787391662597656e+02 3.523350548744201660e+02 3.000000000000000000e+00
2.543013620376586914e+02 3.492134428024291992e+02 2.549836111068725586e+02 3.497451853752136230e+02 2.572475290298461914e+02 3.512697529792785645e+02 3.000000000000000000e+00
3.304965817928314209e+02 3.813282537460327148e+02 3.311504518985748291e+02 3.820506334304809570e+02 3.334073185920715332e+02 3.836106634140014648e+02 3.000000000000000000e+00
4.062926006317138672e+02 3.317349600791931152e+02 4.070030212402343750e+02 3.325224065780639648e+02 4.093579101562500000e+02 3.341781377792358398e+02 2.000000000000000000e+00
4.182886409759521484e+02 3.694047546386718750e+02 4.188102722167968750e+02 3.702726173400878906e+02 4.209337520599365234e+02 3.718125629425048828e+02 3.000000000000000000e+00
3.525258493423461914e+02 2.955845654010772705e+02 3.531989741325378418e+02 2.963190650939941406e+02 3.556007695198059082e+02 2.978998446464538574e+02 2.000000000000000000e+00
3.185323791205883026e+02 3.809550905227661133e+02 3.191829834133386612e+02 3.817020893096923828e+02 3.214111328125000000e+02 3.832576704025268555e+02 3.000000000000000000e+00
5.284340858459472656e+02 2.359172970056533813e+02 5.281797599792480469e+02 2.363926389813423157e+02 5.294398307800292969e+02 2.379732207208871841e+02 1.000000000000000000e+00
3.507897949218750000e+02 4.093003892898559570e+02 3.514364624023437500e+02 4.100483751296997070e+02 3.536028742790222168e+02 4.116154289245605469e+02 3.000000000000000000e+00
3.092022705078125000e+02 3.721618652343750000e+02 3.097038269042968750e+02 3.727351427078247070e+02 3.120216065645217896e+02 3.743956089019775391e+02 3.000000000000000000e+00
3.692396879196166992e+02 3.557381629943847656e+02 3.699773550033569336e+02 3.564051890373229980e+02 3.722164916992187500e+02 3.580715990066528320e+02 3.000000000000000000e+00
3.643430709838867188e+01 3.181852483749389648e+02 3.703538894653320312e+01 3.188073134422302246e+02 3.943357467651367188e+01 3.200340342521667480e+02 3.000000000000000000e+00
2.595083236694335938e+01 2.691228353977203369e+02 2.660573959350585938e+01 2.697933661937713623e+02 2.924388885498046875e+01 2.710448920726776123e+02 3.000000000000000000e+00
4.169086647033691406e+02 3.792458295822143555e+02 4.174980449676513672e+02 3.800929641723632812e+02 4.197141456604003906e+02 3.816392898559570312e+02 3.000000000000000000e+00
3.179809570312500000e+02 4.257010316848754883e+02 3.185851745307445526e+02 4.264787149429321289e+02 3.207628174126148224e+02 4.279818534851074219e+02 3.000000000000000000e+00
2.418735504150390625e+01 3.891506767272949219e+02 2.495862960815429688e+01 3.897837352752685547e+02 2.726150512695312500e+01 3.911990404129028320e+02 3.000000000000000000e+00
4.066344642639160156e+02 3.858776378631591797e+02 4.072143268585205078e+02 3.867316961288452148e+02 4.094711589813232422e+02 3.883466005325317383e+02 3.000000000000000000e+00
2.655438518524169922e+02 3.648039007186889648e+02 2.662189912796020508e+02 3.655017185211181641e+02 2.684751272201538086e+02 3.670157575607299805e+02 3.000000000000000000e+00
5.326865959167480469e+02 2.353021846711635590e+02 5.324645996093750000e+02 2.357473598420619965e+02 5.337824058532714844e+02 2.373310545086860657e+02 1.000000000000000000e+00
2.954270625114440918e+02 3.709975290298461914e+02 2.960113215446472168e+02 3.715527105331420898e+02 2.982420349121093750e+02 3.731793308258056641e+02 3.000000000000000000e+00
3.528558969497680664e+02 4.266738367080688477e+02 3.534954237937927246e+02 4.274625921249389648e+02 3.556581735610961914e+02 4.290246105194091797e+02 3.000000000000000000e+00
3.768640518188476562e+01 2.622871416807174683e+02 3.842700958251953125e+01 2.628870248794555664e+02 4.088085174560546875e+01 2.642011731863021851e+02 3.000000000000000000e+00
4.485312557220458984e+02 1.084005832672119141e+02 4.492898845672607422e+02 1.091806983947753906e+02 4.519213008880615234e+02 1.108281469345092773e+02 3.000000000000000000e+00
4.309789657592773438e+01 2.810731208324432373e+02 4.390129089355468750e+01 2.816677272319793701e+02 4.629179000854492188e+01 2.829685091972351074e+02 3.000000000000000000e+00
2.457884073257446289e+02 3.812545824050903320e+02 2.465070486068725586e+02 3.819288682937622070e+02 2.487155437469482422e+02 3.834019231796264648e+02 3.000000000000000000e+00
3.374906623363494873e+02 3.099335074424743652e+02 3.381600654125213623e+02 3.105654001235961914e+02 3.404950881004333496e+02 3.121505498886108398e+02 2.000000000000000000e+00
3.140603941679000854e+02 3.762259340286254883e+02 3.146616512537002563e+02 3.768753719329833984e+02 3.168841856718063354e+02 3.784548139572143555e+02 3.000000000000000000e+00
3.610113525390625000e+02 3.984925889968872070e+02 3.616357755661010742e+02 3.992818021774291992e+02 3.638211965560913086e+02 4.008242511749267578e+02 3.000000000000000000e+00
2.839662170410156250e+02 3.781854057312011719e+02 2.846233201026916504e+02 3.788471746444702148e+02 2.867907714843750000e+02 3.803999090194702148e+02 3.000000000000000000e+00
2.753672456741333008e+02 3.761447238922119141e+02 2.761055612564086914e+02 3.768230724334716797e+02 2.783839702606201172e+02 3.783115911483764648e+02 3.000000000000000000e+00
2.612698984146118164e+02 3.837024021148681641e+02 2.618976116180419922e+02 3.844857931137084961e+02 2.642090129852294922e+02 3.858644771575927734e+02 3.000000000000000000e+00
5.536844444274902344e+02 2.244161063432693481e+02 5.529923057556152344e+02 2.247667533159255981e+02 5.546668815612792969e+02 2.263179007172584534e+02 1.000000000000000000e+00
3.745409011840820312e+01 2.919527935981750488e+02 3.823196411132812500e+01 2.925605785846710205e+02 4.065401077270507812e+01 2.937872028350830078e+02 3.000000000000000000e+00
3.248427733778953552e+02 3.474302101135253906e+02 3.255163878202438354e+02 3.481161546707153320e+02 3.277933043241500854e+02 3.496235132217407227e+02 3.000000000000000000e+00
2.708312654495239258e+02 4.008080291748046875e+02 2.715297555923461914e+02 4.015262889862060547e+02 2.737005901336669922e+02 4.029604625701904297e+02 3.000000000000000000e+00
5.713709831237792969e+02 2.528953099250793457e+02 5.710848999023437500e+02 2.533446970582008362e+02 5.725245475769042969e+02 2.548724681138992310e+02 1.000000000000000000e+00
1.260757446289062500e+01 2.644808667898178101e+02 1.329490661621093750e+01 2.652711188793182373e+02 1.581995010375976562e+01 2.664068001508712769e+02 3.000000000000000000e+00
4.918503189086914062e+02 2.234314262866973877e+02 4.917600059509277344e+02 2.238014209270477295e+02 4.931016921997070312e+02 2.253762352466583252e+02 1.000000000000000000e+00
3.782279968261718750e+02 3.560686111450195312e+02 3.788413381576538086e+02 3.566919279098510742e+02 3.811382150650024414e+02 3.583749175071716309e+02 3.000000000000000000e+00
4.961897659301757812e+02 2.355038908123970032e+02 4.961100769042968750e+02 2.358371123671531677e+02 4.973263549804687500e+02 2.374092862755060196e+02 1.000000000000000000e+00
4.043388080596923828e+02 3.916735267639160156e+02 4.049548053741455078e+02 3.924692487716674805e+02 4.072645854949951172e+02 3.940883874893188477e+02 3.000000000000000000e+00
4.396214580535888672e+02 3.146670269966125488e+02 4.403599834442138672e+02 3.154173302650451660e+02 4.427358150482177734e+02 3.169041752815246582e+02 2.000000000000000000e+00
3.411542057991027832e+02 4.117873048782348633e+02 3.417427682876586914e+02 4.126101207733154297e+02 3.439315199851989746e+02 4.141843700408935547e+02 3.000000000000000000e+00
4.379973506927490234e+02 3.102712726593017578e+02 4.387695598602294922e+02 3.109478473663330078e+02 4.410639381408691406e+02 3.126530528068542480e+02 2.000000000000000000e+00
3.397640383243560791e+02 4.204756021499633789e+02 3.404232192039489746e+02 4.213186168670654297e+02 3.425617074966430664e+02 4.228097391128540039e+02 3.000000000000000000e+00
3.809867858886718750e+01 3.332873296737670898e+02 3.884346008300781250e+01 3.338523316383361816e+02 4.106307983398437500e+01 3.351299214363098145e+02 3.000000000000000000e+00
3.540397644042968750e+02 4.023501634597778320e+02 3.546782541275024414e+02 4.031386184692382812e+02 3.568361830711364746e+02 4.046791219711303711e+02 3.000000000000000000e+00
3.937038421630859375e+01 2.996898543834686279e+02 4.012500762939453125e+01 3.003514409065246582e+02 4.251457214355468750e+01 3.014250826835632324e+02 3.000000000000000000e+00
2.761791992187500000e+02 3.821565914154052734e+02 2.768562602996826172e+02 3.828358554840087891e+02 2.791762971878051758e+02 3.843233728408813477e+02 3.000000000000000000e+00
2.610708618164062500e+02 4.039996147155761719e+02 2.617853403091430664e+02 4.046593666076660156e+02 2.639089632034301758e+02 4.062022447586059570e+02 3.000000000000000000e+00
3.939389944076538086e+02 1.225492286682128906e+02 3.947436523437500000e+02 1.232598352432250977e+02 3.974263000488281250e+02 1.249054098129272461e+02 3.000000000000000000e+00
2.529085683822631836e+02 3.547181797027587891e+02 2.535629129409790039e+02 3.554235005378723145e+02 2.558163881301879883e+02 3.568677735328674316e+02 3.000000000000000000e+00
2.575777292251586914e+02 3.765802431106567383e+02 2.582544231414794922e+02 3.773285865783691406e+02 2.605003643035888672e+02 3.787571525573730469e+02 3.000000000000000000e+00
3.614045095443725586e+02 3.907351112365722656e+02 3.620342397689819336e+02 3.914044332504272461e+02 3.642135953903198242e+02 3.931214046478271484e+02 3.000000000000000000e+00
3.461558532714843750e+02 2.951213085651397705e+02 3.467966318130493164e+02 2.958667016029357910e+02 3.491852116584777832e+02 2.974249291419982910e+02 2.000000000000000000e+00
3.587083816528320312e+01 3.841343164443969727e+02 3.660249710083007812e+01 3.850249671936035156e+02 3.905664443969726562e+01 3.860840892791748047e+02 3.000000000000000000e+00
2.208218193054199219e+02 3.375862169265747070e+02 2.214955711364746094e+02 3.383450675010681152e+02 2.237926483154296875e+02 3.397277283668518066e+02 3.000000000000000000e+00
3.451748061180114746e+02 3.032652282714843750e+02 3.457951045036315918e+02 3.038146376609802246e+02 3.482559204101562500e+02 3.055542612075805664e+02 2.000000000000000000e+00
3.154043272137641907e+02 3.386286377906799316e+02 3.159761047363281250e+02 3.393313050270080566e+02 3.183319701254367828e+02 3.408539772033691406e+02 3.000000000000000000e+00
2.455955505371093750e+02 3.595937848091125488e+02 2.462857198715209961e+02 3.602937698364257812e+02 2.484945344924926758e+02 3.617495727539062500e+02 3.000000000000000000e+00
3.358246457576751709e+02 3.130334830284118652e+02 3.365080571174621582e+02 3.137025189399719238e+02 3.388652956485748291e+02 3.153147912025451660e+02 2.000000000000000000e+00
2.969446396827697754e+02 3.621726751327514648e+02 2.976524353027343750e+02 3.628680181503295898e+02 2.998214411735534668e+02 3.644219112396240234e+02 3.000000000000000000e+00
3.267654114961624146e+02 4.245714139938354492e+02 3.273592835664749146e+02 4.254043006896972656e+02 3.294886475801467896e+02 4.268948793411254883e+02 3.000000000000000000e+00
4.346705627441406250e+02 3.192454862594604492e+02 4.353872966766357422e+02 3.200504493713378906e+02 4.377164363861083984e+02 3.216488099098205566e+02 2.000000000000000000e+00
3.673062467575073242e+02 3.634312248229980469e+02 3.679320096969604492e+02 3.641226911544799805e+02 3.702208852767944336e+02 3.657329463958740234e+02 3.000000000000000000e+00
1.946702098846435547e+02 3.461913800239562988e+02 1.954998016357421875e+02 3.470235371589660645e+02 1.980343627929687500e+02 3.486461234092712402e+02 3.000000000000000000e+00
5.864591789245605469e+02 2.376339872181415558e+02 5.861030960083007812e+02 2.380680540204048157e+02 5.876694297790527344e+02 2.395356597751379013e+02 1.000000000000000000e+00
2.804479598999023438e+01 3.398094820976257324e+02 2.874145507812500000e+01 3.404307031631469727e+02 3.117076873779296875e+01 3.414903903007507324e+02 3.000000000000000000e+00
4.453138351440429688e+01 2.750905179977416992e+02 4.529657363891601562e+01 2.756437397003173828e+02 4.767244338989257812e+01 2.769642055034637451e+02 3.000000000000000000e+00
5.829395103454589844e+02 2.517100989818572998e+02 5.827656936645507812e+02 2.522123417258262634e+02 5.842507362365722656e+02 2.537450721859931946e+02 1.000000000000000000e+00
5.849755859375000000e+02 2.575101935863494873e+02 5.849501991271972656e+02 2.579858708381652832e+02 5.864071083068847656e+02 2.596153271198272705e+02 1.000000000000000000e+00
4.305074214935302734e+02 2.928642904758453369e+02 4.311705970764160156e+02 2.935761129856109619e+02 4.335684871673583984e+02 2.953061556816101074e+02 2.000000000000000000e+00
5.337018394470214844e+02 2.333911737799644470e+02 5.335277175903320312e+02 2.338553921878337860e+02 5.348886680603027344e+02 2.352882841229438782e+02 1.000000000000000000e+00
3.278103941679000854e+02 4.022313880920410156e+02 3.284559935331344604e+02 4.030134344100952148e+02 3.306516420841217041e+02 4.045997428894042969e+02 3.000000000000000000e+00
3.562284541130065918e+02 4.189200496673583984e+02 3.569655156135559082e+02 4.196831703186035156e+02 3.589336848258972168e+02 4.212816524505615234e+02 3.000000000000000000e+00
2.383094310760498047e+02 3.929310750961303711e+02 2.389884662628173828e+02 3.937003612518310547e+02 2.412760162353515625e+02 3.951492977142333984e+02 3.000000000000000000e+00
3.657643127441406250e+02 4.034568500518798828e+02 3.665496206283569336e+02 4.041975545883178711e+02 3.686477375030517578e+02 4.057718610763549805e+02 3.000000000000000000e+00
2.851215195655822754e+02 3.975163078308105469e+02 2.857373356819152832e+02 3.982007789611816406e+02 2.879050898551940918e+02 3.996979093551635742e+02 3.000000000000000000e+00
2.619884634017944336e+02 3.335835599899291992e+02 2.625790071487426758e+02 3.341947388648986816e+02 2.647451782226562500e+02 3.356048941612243652e+02 3.000000000000000000e+00
3.469838881492614746e+02 4.245520734786987305e+02 3.476953744888305664e+02 4.253513860702514648e+02 3.498142409324645996e+02 4.268934059143066406e+02 3.000000000000000000e+00
3.867928457260131836e+02 3.529757165908813477e+02 3.875330209732055664e+02 3.536722183227539062e+02 3.897333669662475586e+02 3.553086948394775391e+02 3.000000000000000000e+00
4.278656673431396484e+02 2.943077731132507324e+02 4.285524940490722656e+02 2.949725353717803955e+02 4.309920692443847656e+02 2.966964447498321533e+02 2.000000000000000000e+00
1.994464206695556641e+02 3.261314463615417480e+02 1.999721622467041016e+02 3.268022203445434570e+02 2.025074577331542969e+02 3.282669997215270996e+02 3.000000000000000000e+00
3.735540771484375000e+02 3.982531213760375977e+02 3.743845510482788086e+02 3.989098834991455078e+02 3.764542865753173828e+02 4.006724309921264648e+02 3.000000000000000000e+00
6.547145843505859375e+01 2.570353406667709351e+02 6.607229232788085938e+01 2.576763617992401123e+02 6.854837417602539062e+01 2.589644175767898560e+02 3.000000000000000000e+00
4.265041255950927734e+02 4.125051927566528320e+02 4.271685504913330078e+02 4.132193040847778320e+02 4.293455219268798828e+02 4.149376630783081055e+02 3.000000000000000000e+00
3.418710947036743164e+02 3.982361841201782227e+02 3.424569702148437500e+02 3.989134597778320312e+02 3.447899484634399414e+02 4.005238723754882812e+02 3.000000000000000000e+00
8.759977340698242188e+01 2.731092238426208496e+02 8.830989837646484375e+01 2.737585151195526123e+02 9.075025558471679688e+01 2.751224684715270996e+02 3.000000000000000000e+00
2.393317413330078125e+02 3.564513015747070312e+02 2.401892089843750000e+02 3.571412086486816406e+02 2.422688579559326172e+02 3.585844516754150391e+02 3.000000000000000000e+00
4.306008338928222656e+02 3.950436830520629883e+02 4.312955951690673828e+02 3.957587099075317383e+02 4.334725093841552734e+02 3.976894283294677734e+02 3.000000000000000000e+00
4.338767719268798828e+02 3.163987755775451660e+02 4.345549297332763672e+02 3.172581553459167480e+02 4.369280433654785156e+02 3.188318824768066406e+02 2.000000000000000000e+00
3.213888244330883026e+02 3.869282054901123047e+02 3.220711670815944672e+02 3.877083206176757812e+02 3.242622986435890198e+02 3.892423152923583984e+02 3.000000000000000000e+00
3.781694364547729492e+02 2.965759313106536865e+02 3.786139535903930664e+02 2.973669147491455078e+02 3.812898254394531250e+02 2.989668917655944824e+02 2.000000000000000000e+00
3.431226515769958496e+02 2.928241288661956787e+02 3.437939453125000000e+02 2.935824000835418701e+02 3.461646723747253418e+02 2.951533234119415283e+02 2.000000000000000000e+00
2.629026412963867188e+01 3.811384963989257812e+02 2.698337554931640625e+01 3.817756748199462891e+02 2.936384201049804688e+01 3.831899499893188477e+02 3.000000000000000000e+00
