1.775060367584228516e+02 4.421822977066040039e+02 1.718598937988281250e+02 4.387681388854980469e+02 1.670774650573730469e+02 4.371654224395751953e+02 3.000000000000000000e+00
1.886588764190673828e+02 4.520231723785400391e+02 1.828946685791015625e+02 4.486427736282348633e+02 1.783040618896484375e+02 4.470682239532470703e+02 3.000000000000000000e+00
4.582235145568847656e+02 2.973877000808715820e+02 4.524307918548583984e+02 2.941219496726989746e+02 4.477845764160156250e+02 2.922822296619415283e+02 3.000000000000000000e+00
4.532214641571044922e+02 2.974042081832885742e+02 4.474283123016357422e+02 2.941353499889373779e+02 4.427823829650878906e+02 2.922848546504974365e+02 3.000000000000000000e+00
1.936675357818603516e+02 4.499793863296508789e+02 1.878772449493408203e+02 4.466205310821533203e+02 1.833152103424072266e+02 4.450772523880004883e+02 3.000000000000000000e+00
2.607454204559326172e+02 4.278443956375122070e+02 2.548716402053833008e+02 4.245146942138671875e+02 2.502602386474609375e+02 4.228398513793945312e+02 3.000000000000000000e+00
2.246580505371093750e+02 4.288678979873657227e+02 2.188391590118408203e+02 4.255054378509521484e+02 2.141823673248291016e+02 4.240011119842529297e+02 3.000000000000000000e+00
3.232663878798484802e+02 2.179668420553207397e+02 3.218597412109375000e+02 2.153677207231521606e+02 3.215071105957031250e+02 2.145941001176834106e+02 1.000000000000000000e+00
2.007241058349609375e+02 4.200981187820434570e+02 1.947334289550781250e+02 4.166215896606445312e+02 1.901457691192626953e+02 4.150872230529785156e+02 3.000000000000000000e+00
2.637162160873413086e+02 4.368465328216552734e+02 2.578823232650756836e+02 4.334626865386962891e+02 2.532994842529296875e+02 4.318090009689331055e+02 3.000000000000000000e+00
2.445964336395263672e+02 4.089872503280639648e+02 2.388255023956298828e+02 4.055884552001953125e+02 2.342075157165527344e+02 4.040131902694702148e+02 3.000000000000000000e+00
2.307456493377685547e+02 1.842378222942352295e+02 2.308700275421142578e+02 1.818997621536254883e+02 2.318209362030029297e+02 1.817877173423767090e+02 1.000000000000000000e+00
2.436261606216430664e+02 4.149525833129882812e+02 2.378691577911376953e+02 4.115643024444580078e+02 2.332090854644775391e+02 4.099253940582275391e+02 3.000000000000000000e+00
2.895828843116760254e+02 4.496460342407226562e+02 2.839472031593322754e+02 4.462331342697143555e+02 2.792777395248413086e+02 4.446553802490234375e+02 3.000000000000000000e+00
5.119619560241699219e+02 3.213859319686889648e+02 5.062521743774414062e+02 3.178825736045837402e+02 5.016382217407226562e+02 3.163181161880493164e+02 3.000000000000000000e+00
6.087760734558105469e+02 1.884415411949157715e+02 6.029242515563964844e+02 1.850565147399902344e+02 5.982838249206542969e+02 1.834126567840576172e+02 3.000000000000000000e+00
5.867058753967285156e+02 1.813083457946777344e+02 5.810490226745605469e+02 1.779526162147521973e+02 5.762767410278320312e+02 1.762516021728515625e+02 3.000000000000000000e+00
5.060933494567871094e+02 7.342881202697753906e+01 5.003674697875976562e+02 6.999104976654052734e+01 4.957295227050781250e+02 6.836414337158203125e+01 3.000000000000000000e+00
2.476346111297607422e+02 4.517990255355834961e+02 2.418432617187500000e+02 4.484886217117309570e+02 2.372276115417480469e+02 4.467685604095458984e+02 3.000000000000000000e+00
4.610612201690673828e+02 9.557257175445556641e+01 4.554083251953125000e+02 9.219208717346191406e+01 4.507048034667968750e+02 9.056656837463378906e+01 3.000000000000000000e+00
4.582562541961669922e+02 3.013847064971923828e+02 4.524271583557128906e+02 2.981187486648559570e+02 4.477898883819580078e+02 2.962737751007080078e+02 3.000000000000000000e+00
2.263690757751464844e+02 3.222077965736389160e+02 2.205767631530761719e+02 3.189087581634521484e+02 2.159305286407470703e+02 3.172883319854736328e+02 3.000000000000000000e+00
2.417030763626098633e+02 4.448060417175292969e+02 2.359294986724853516e+02 4.415194559097290039e+02 2.312811756134033203e+02 4.398283195495605469e+02 3.000000000000000000e+00
2.960528564453125000e+02 2.353754420578479767e+02 2.949411010742187500e+02 2.326809382438659668e+02 2.948171067237854004e+02 2.318554070591926575e+02 1.000000000000000000e+00
2.306809997558593750e+02 4.318715000152587891e+02 2.249030780792236328e+02 4.285304117202758789e+02 2.201983356475830078e+02 4.269784927368164062e+02 3.000000000000000000e+00
2.617524385452270508e+02 4.219367122650146484e+02 2.559049081802368164e+02 4.185795450210571289e+02 2.512741994857788086e+02 4.169084215164184570e+02 3.000000000000000000e+00
2.706919860839843750e+02 4.507738494873046875e+02 2.649366760253906250e+02 4.473443984985351562e+02 2.603298950195312500e+02 4.457736968994140625e+02 3.000000000000000000e+00
5.022776603698730469e+02 1.434699225425720215e+02 4.965001296997070312e+02 1.400801038742065430e+02 4.918505668640136719e+02 1.384117197990417480e+02 3.000000000000000000e+00
5.079684829711914062e+02 3.213926124572753906e+02 5.022778701782226562e+02 3.178876376152038574e+02 4.976587295532226562e+02 3.163205909729003906e+02 3.000000000000000000e+00
4.338870906829833984e+02 2.403677215799689293e+02 4.327039241790771484e+02 2.375207365304231644e+02 4.326413631439208984e+02 2.362667843699455261e+02 2.000000000000000000e+00
2.547457122802734375e+02 4.298730611801147461e+02 2.489110422134399414e+02 4.265662336349487305e+02 2.443288087844848633e+02 4.248654556274414062e+02 3.000000000000000000e+00
5.680100059509277344e+02 1.524474763870239258e+02 5.622606849670410156e+02 1.491086411476135254e+02 5.575014114379882812e+02 1.474915909767150879e+02 3.000000000000000000e+00
5.638287353515625000e+02 2.014669024944305420e+02 5.580386352539062500e+02 1.980011558532714844e+02 5.532318115234375000e+02 1.964477670192718506e+02 3.000000000000000000e+00
2.354629516601562500e+02 3.051434326171875000e+02 2.297025012969970703e+02 3.016724252700805664e+02 2.249770832061767578e+02 3.002070665359497070e+02 3.000000000000000000e+00
2.135915470123291016e+02 4.260031557083129883e+02 2.077292442321777344e+02 4.226096248626708984e+02 2.031512165069580078e+02 4.211462831497192383e+02 3.000000000000000000e+00
5.540066528320312500e+02 1.473460507392883301e+02 5.483117103576660156e+02 1.440140819549560547e+02 5.435349082946777344e+02 1.423883485794067383e+02 3.000000000000000000e+00
2.337436676025390625e+02 4.418061304092407227e+02 2.280258464813232422e+02 4.384871006011962891e+02 2.233170890808105469e+02 4.368276500701904297e+02 3.000000000000000000e+00
2.356374073028564453e+02 4.468592262268066406e+02 2.299084472656250000e+02 4.435159778594970703e+02 2.252539348602294922e+02 4.418483448028564453e+02 3.000000000000000000e+00
4.532588481903076172e+02 3.014028954505920410e+02 4.474279499053955078e+02 2.981353783607482910e+02 4.427911663055419922e+02 2.962824726104736328e+02 3.000000000000000000e+00
4.612766742706298828e+02 1.615716218948364258e+02 4.555646038055419922e+02 1.581128954887390137e+02 4.509327697753906250e+02 1.564703178405761719e+02 3.000000000000000000e+00
2.343755054473876953e+02 3.231995272636413574e+02 2.285795879364013672e+02 3.198843097686767578e+02 2.239266490936279297e+02 3.182717657089233398e+02 3.000000000000000000e+00
5.700005531311035156e+02 1.574808597564697266e+02 5.642956542968750000e+02 1.541060113906860352e+02 5.595284461975097656e+02 1.525064921379089355e+02 3.000000000000000000e+00
3.132318419218063354e+02 2.141812884807586670e+02 3.119686585664749146e+02 2.116415387392044067e+02 3.117256468534469604e+02 2.110775738954544067e+02 1.000000000000000000e+00
3.012847900390625000e+02 2.105001962184906006e+02 3.002978205680847168e+02 2.079849243164062500e+02 3.002448427677154541e+02 2.073461151123046875e+02 1.000000000000000000e+00
2.257295703887939453e+02 4.540990734100341797e+02 2.197595024108886719e+02 4.507468700408935547e+02 2.152222156524658203e+02 4.491085910797119141e+02 3.000000000000000000e+00
2.456260204315185547e+02 4.189027833938598633e+02 2.399322986602783203e+02 4.155440711975097656e+02 2.352325248718261719e+02 4.139040899276733398e+02 3.000000000000000000e+00
2.766649150848388672e+02 4.497424793243408203e+02 2.709292888641357422e+02 4.463152885437011719e+02 2.663020324707031250e+02 4.447286224365234375e+02 3.000000000000000000e+00
2.516415834426879883e+02 4.159158182144165039e+02 2.458477163314819336e+02 4.125660753250122070e+02 2.412024831771850586e+02 4.108858966827392578e+02 3.000000000000000000e+00
5.052464103698730469e+02 2.662094432115554810e+02 5.034177970886230469e+02 2.631015336513519287e+02 5.024170875549316406e+02 2.618774127960205078e+02 2.000000000000000000e+00
2.616961669921875000e+02 4.508057069778442383e+02 2.558978414535522461e+02 4.474302721023559570e+02 2.513155651092529297e+02 4.457369184494018555e+02 3.000000000000000000e+00
5.231454467773437500e+02 1.404264307022094727e+02 5.174240112304687500e+02 1.370779967308044434e+02 5.127512931823730469e+02 1.353998494148254395e+02 3.000000000000000000e+00
2.396515655517578125e+02 4.498717689514160156e+02 2.339118766784667969e+02 4.465297079086303711e+02 2.292815208435058594e+02 4.448563957214355469e+02 3.000000000000000000e+00
4.590594482421875000e+02 8.553790569305419922e+01 4.533776569366455078e+02 8.213705062866210938e+01 4.486912536621093750e+02 8.050144672393798828e+01 3.000000000000000000e+00
2.526866292953491211e+02 4.199091911315917969e+02 2.469232463836669922e+02 4.165770292282104492e+02 2.422731924057006836e+02 4.148987245559692383e+02 3.000000000000000000e+00
2.446155405044555664e+02 4.298241662979125977e+02 2.389547729492187500e+02 4.265299844741821289e+02 2.342352581024169922e+02 4.248358011245727539e+02 3.000000000000000000e+00
2.366160106658935547e+02 4.228397941589355469e+02 2.308771324157714844e+02 4.195061445236206055e+02 2.261679935455322266e+02 4.179083347320556641e+02 3.000000000000000000e+00
2.236793613433837891e+02 4.358970737457275391e+02 2.179210186004638672e+02 4.324839591979980469e+02 2.132482624053955078e+02 4.309255170822143555e+02 3.000000000000000000e+00
2.487179851531982422e+02 4.398170614242553711e+02 2.429345369338989258e+02 4.365206766128540039e+02 2.383100414276123047e+02 4.348141908645629883e+02 3.000000000000000000e+00
4.563194274902343750e+02 3.174193167686462402e+02 4.504332256317138672e+02 3.140580511093139648e+02 4.458152198791503906e+02 3.122120118141174316e+02 3.000000000000000000e+00
5.131756591796875000e+02 2.652697455883026123e+02 5.113485145568847656e+02 2.621497195959091187e+02 5.104082298278808594e+02 2.609068912267684937e+02 2.000000000000000000e+00
5.052785110473632812e+02 1.505477714538574219e+02 4.994927787780761719e+02 1.470951461791992188e+02 4.948468589782714844e+02 1.455107831954956055e+02 3.000000000000000000e+00
2.276495456695556641e+02 4.358740282058715820e+02 2.219141960144042969e+02 4.324874353408813477e+02 2.172117614746093750e+02 4.308845615386962891e+02 3.000000000000000000e+00
5.022793579101562500e+02 1.535691761970520020e+02 4.965058326721191406e+02 1.500952219963073730e+02 4.918493652343750000e+02 1.485102009773254395e+02 3.000000000000000000e+00
4.711821651458740234e+02 1.554372811317443848e+02 4.655284118652343750e+02 1.521052479743957520e+02 4.608614826202392578e+02 1.502594733238220215e+02 3.000000000000000000e+00
1.815662097930908203e+02 4.411662769317626953e+02 1.758883476257324219e+02 4.377304744720458984e+02 1.711426353454589844e+02 4.361624193191528320e+02 3.000000000000000000e+00
6.079082107543945312e+02 2.204014116525650024e+02 6.020058631896972656e+02 2.169589215517044067e+02 5.974036216735839844e+02 2.153329306840896606e+02 3.000000000000000000e+00
5.808878898620605469e+02 2.154423362016677856e+02 5.750064659118652344e+02 2.119544363021850586e+02 5.703569984436035156e+02 2.104035329818725586e+02 3.000000000000000000e+00
2.507040834426879883e+02 4.268488883972167969e+02 2.449742412567138672e+02 4.235448360443115234e+02 2.402908182144165039e+02 4.218405818939208984e+02 3.000000000000000000e+00
5.501231765747070312e+02 1.924350249767303467e+02 5.444342613220214844e+02 1.891358006000518799e+02 5.397326660156250000e+02 1.874614977836608887e+02 3.000000000000000000e+00
5.055494499206542969e+02 2.602233284711837769e+02 5.037531852722167969e+02 2.570954900979995728e+02 5.029957008361816406e+02 2.558778387308120728e+02 2.000000000000000000e+00
5.169373130798339844e+02 2.653304457664489746e+02 5.151486778259277344e+02 2.621458142995834351e+02 5.141679763793945312e+02 2.609451305866241455e+02 2.000000000000000000e+00
2.406175231933593750e+02 4.348243761062622070e+02 2.349278545379638672e+02 4.315156888961791992e+02 2.302118396759033203e+02 4.298576688766479492e+02 3.000000000000000000e+00
2.486823272705078125e+02 4.328821563720703125e+02 2.429980468750000000e+02 4.295433425903320312e+02 2.382473850250244141e+02 4.278726053237915039e+02 3.000000000000000000e+00
4.782312965393066406e+02 5.848670482635498047e+01 4.724438476562500000e+02 5.510071277618408203e+01 4.677714538574218750e+02 5.347063064575195312e+01 3.000000000000000000e+00
2.557218170166015625e+02 4.229188585281372070e+02 2.499314546585083008e+02 4.195639085769653320e+02 2.453117370605468750e+02 4.178864908218383789e+02 3.000000000000000000e+00
5.978859329223632812e+02 1.991991877555847168e+02 5.919493484497070312e+02 1.960305440425872803e+02 5.873463821411132812e+02 1.943496680259704590e+02 3.000000000000000000e+00
2.526048278808593750e+02 1.842062973976135254e+02 2.525932598114013672e+02 1.819119215011596680e+02 2.534837198257446289e+02 1.818185091018676758e+02 1.000000000000000000e+00
5.511632728576660156e+02 2.094361245632171631e+02 5.452587890625000000e+02 2.059660470485687256e+02 5.406580162048339844e+02 2.043931710720062256e+02 3.000000000000000000e+00
2.146323680877685547e+02 4.299703788757324219e+02 2.087690448760986328e+02 4.265836000442504883e+02 2.042196464538574219e+02 4.251287269592285156e+02 3.000000000000000000e+00
4.681127929687500000e+02 2.372202453017234802e+02 4.665266418457031250e+02 2.343120570480823517e+02 4.661402034759521484e+02 2.332549586892127991e+02 2.000000000000000000e+00
4.065114784240722656e+02 4.213435792922973633e+02 4.006385231018066406e+02 4.178735446929931641e+02 3.959811735153198242e+02 4.162143087387084961e+02 3.000000000000000000e+00
2.536802530288696289e+02 4.507935905456542969e+02 2.478607320785522461e+02 4.474842309951782227e+02 2.433048105239868164e+02 4.457179927825927734e+02 3.000000000000000000e+00
5.221621131896972656e+02 1.454143023490905762e+02 5.164171218872070312e+02 1.420686864852905273e+02 5.117681884765625000e+02 1.403871560096740723e+02 3.000000000000000000e+00
5.597155761718750000e+02 4.206925106048583984e+02 5.539599037170410156e+02 4.171834516525268555e+02 5.492784500122070312e+02 4.154558801651000977e+02 3.000000000000000000e+00
3.016329646110534668e+02 2.383616637066006660e+02 3.002627563476562500e+02 2.352569273114204407e+02 2.998838496208190918e+02 2.340946653485298157e+02 1.000000000000000000e+00
5.273333740234375000e+02 1.944866752624511719e+02 5.213546752929687500e+02 1.909760713577270508e+02 5.169179153442382812e+02 1.893841516971588135e+02 3.000000000000000000e+00
2.586535644531250000e+02 4.447985601425170898e+02 2.527843475341796875e+02 4.414177894592285156e+02 2.481986379623413086e+02 4.397396993637084961e+02 3.000000000000000000e+00
3.009984123706817627e+02 2.345137631893157959e+02 2.998895859718322754e+02 2.318628385663032532e+02 2.998125600814819336e+02 2.311250603199005127e+02 1.000000000000000000e+00
5.796613121032714844e+02 1.734092044830322266e+02 5.740913772583007812e+02 1.699445772171020508e+02 5.692762565612792969e+02 1.683553862571716309e+02 3.000000000000000000e+00
5.677739334106445312e+02 1.855214667320251465e+02 5.620260620117187500e+02 1.819980597496032715e+02 5.572433471679687500e+02 1.804649305343627930e+02 3.000000000000000000e+00
5.082849502563476562e+02 1.374576044082641602e+02 5.025016784667968750e+02 1.340603899955749512e+02 4.978513908386230469e+02 1.323847746849060059e+02 3.000000000000000000e+00
5.016987991333007812e+02 2.419626007229089737e+02 4.997962760925292969e+02 2.388195647299289703e+02 4.991467094421386719e+02 2.380765074491500854e+02 2.000000000000000000e+00
1.897071075439453125e+02 4.211320352554321289e+02 1.839320182800292969e+02 4.176142358779907227e+02 1.792210197448730469e+02 4.161088085174560547e+02 3.000000000000000000e+00
2.263817882537841797e+02 3.041151452064514160e+02 2.206251335144042969e+02 3.006638216972351074e+02 2.159242820739746094e+02 2.991677284240722656e+02 3.000000000000000000e+00
5.747266960144042969e+02 2.054195380210876465e+02 5.689134597778320312e+02 2.020313251018524170e+02 5.641915893554687500e+02 2.004196286201477051e+02 3.000000000000000000e+00
4.712096309661865234e+02 1.604411244392395020e+02 4.655177021026611328e+02 1.570987629890441895e+02 4.608818054199218750e+02 1.552611351013183594e+02 3.000000000000000000e+00
2.516975545883178711e+02 4.467833375930786133e+02 2.459055614471435547e+02 4.434715747833251953e+02 2.412935638427734375e+02 4.417152214050292969e+02 3.000000000000000000e+00
5.301753616333007812e+02 1.353981113433837891e+02 5.244417190551757812e+02 1.320784091949462891e+02 5.197453117370605469e+02 1.303859639167785645e+02 3.000000000000000000e+00
3.286275941133499146e+02 2.147486400604248047e+02 3.271163940429687500e+02 2.121271187067031860e+02 3.265462648868560791e+02 2.112247145175933838e+02 1.000000000000000000e+00
2.657489013671875000e+02 4.538106250762939453e+02 2.599838542938232422e+02 4.503941202163696289e+02 2.553733062744140625e+02 4.487537384033203125e+02 3.000000000000000000e+00
4.644761657714843750e+02 2.372545469552278519e+02 4.629026222229003906e+02 2.343489530682563782e+02 4.625736999511718750e+02 2.332434841990470886e+02 2.000000000000000000e+00
2.943141770362854004e+02 2.291743308305740356e+02 2.933243107795715332e+02 2.265314322710037231e+02 2.932535696029663086e+02 2.258256679773330688e+02 1.000000000000000000e+00
3.152530822157859802e+02 2.187319779396057129e+02 3.138598018884658813e+02 2.162807142734527588e+02 3.135716247558593750e+02 2.155872631072998047e+02 1.000000000000000000e+00
2.657838106155395508e+02 4.259028482437133789e+02 2.598765850067138672e+02 4.225594568252563477e+02 2.553335857391357422e+02 4.209295749664306641e+02 3.000000000000000000e+00
4.782024288177490234e+02 2.554373323917388916e+02 4.764838600158691406e+02 2.523028421401977539e+02 4.760848140716552734e+02 2.513011023402214050e+02 2.000000000000000000e+00
5.572669029235839844e+02 2.143175196647644043e+02 5.512763786315917969e+02 2.109464550018310547e+02 5.466726112365722656e+02 2.092809891700744629e+02 3.000000000000000000e+00
5.006967735290527344e+02 2.572011119127273560e+02 4.989398193359375000e+02 2.541405496001243591e+02 4.982378959655761719e+02 2.529577186703681946e+02 2.000000000000000000e+00
5.291513633728027344e+02 1.464047813415527344e+02 5.234090614318847656e+02 1.430585432052612305e+02 5.187662315368652344e+02 1.413813543319702148e+02 3.000000000000000000e+00
4.432121276855468750e+02 2.583856219053268433e+02 4.417958068847656250e+02 2.552038121223449707e+02 4.417288875579833984e+02 2.540003058314323425e+02 2.000000000000000000e+00
3.165557861328125000e+02 2.145022720098495483e+02 3.151680296659469604e+02 2.120059043169021606e+02 3.147459411621093750e+02 2.113906538486480713e+02 1.000000000000000000e+00
6.067664909362792969e+02 1.934646749496459961e+02 6.009231567382812500e+02 1.900471150875091553e+02 5.962760734558105469e+02 1.884440445899963379e+02 3.000000000000000000e+00
2.816096806526184082e+02 4.496894645690917969e+02 2.759277009963989258e+02 4.462736892700195312e+02 2.713221406936645508e+02 4.446748208999633789e+02 3.000000000000000000e+00
1.947233581542968750e+02 4.211350822448730469e+02 1.888341045379638672e+02 4.176250362396240234e+02 1.841509723663330078e+02 4.161309671401977539e+02 3.000000000000000000e+00
4.603761959075927734e+02 1.545849394798278809e+02 4.547679138183593750e+02 1.511102843284606934e+02 4.501409339904785156e+02 1.494972825050354004e+02 3.000000000000000000e+00
6.037341308593750000e+02 1.844479644298553467e+02 5.979030799865722656e+02 1.810659599304199219e+02 5.932430458068847656e+02 1.794455409049987793e+02 3.000000000000000000e+00
3.754535245895385742e+02 3.756353187561035156e+02 3.696712350845336914e+02 3.721809768676757812e+02 3.650635671615600586e+02 3.705678462982177734e+02 3.000000000000000000e+00
5.040543556213378906e+02 6.249143600463867188e+01 4.983322715759277344e+02 5.908440113067626953e+01 4.936697196960449219e+02 5.739738464355468750e+01 3.000000000000000000e+00
4.370059204101562500e+02 1.015878868103027344e+02 4.313889789581298828e+02 9.816194057464599609e+01 4.266711139678955078e+02 9.652855396270751953e+01 3.000000000000000000e+00
2.317028903961181641e+02 1.928179764747619629e+02 2.318197154998779297e+02 1.905484449863433838e+02 2.327809715270996094e+02 1.903536665439605713e+02 1.000000000000000000e+00
4.987423515319824219e+02 2.478904420137405396e+02 4.969699668884277344e+02 2.446085053682327271e+02 4.962973022460937500e+02 2.437894289195537567e+02 2.000000000000000000e+00
5.290976524353027344e+02 1.564816689491271973e+02 5.234091758728027344e+02 1.530714082717895508e+02 5.187748527526855469e+02 1.514421629905700684e+02 3.000000000000000000e+00
2.296583557128906250e+02 4.278672838211059570e+02 2.239035797119140625e+02 4.245167398452758789e+02 2.192046165466308594e+02 4.229796838760375977e+02 3.000000000000000000e+00
6.109129714965820312e+02 2.234309077262878418e+02 6.050365638732910156e+02 2.200325757265090942e+02 6.003485679626464844e+02 2.183663016557693481e+02 3.000000000000000000e+00
4.663046932220458984e+02 3.043773221969604492e+02 4.604558467864990234e+02 3.010763311386108398e+02 4.557690143585205078e+02 2.992728602886199951e+02 3.000000000000000000e+00
2.386574649810791016e+02 4.298187017440795898e+02 2.329776763916015625e+02 4.265111160278320312e+02 2.282176780700683594e+02 4.248556566238403320e+02 3.000000000000000000e+00
4.233862972259521484e+02 3.674774551391601562e+02 4.175134563446044922e+02 3.640726089477539062e+02 4.129449748992919922e+02 3.623999977111816406e+02 3.000000000000000000e+00
3.164780882000923157e+02 2.231932067871093750e+02 3.152067258954048157e+02 2.205593401193618774e+02 3.148736268281936646e+02 2.198052960634231567e+02 1.000000000000000000e+00
5.102852249145507812e+02 1.525271415710449219e+02 5.044721794128417969e+02 1.490843439102172852e+02 4.998447227478027344e+02 1.474945306777954102e+02 3.000000000000000000e+00
5.638206863403320312e+02 1.855450558662414551e+02 5.580485916137695312e+02 1.820881605148315430e+02 5.533105468750000000e+02 1.805343461036682129e+02 3.000000000000000000e+00
4.908757019042968750e+02 2.524206697940826416e+02 4.891310691833496094e+02 2.493902894854545593e+02 4.884747314453125000e+02 2.483424684405326843e+02 2.000000000000000000e+00
5.788422203063964844e+02 2.054200708866119385e+02 5.730455970764160156e+02 2.019670379161834717e+02 5.683392906188964844e+02 2.003936433792114258e+02 3.000000000000000000e+00
3.865447378158569336e+02 4.364098262786865234e+02 3.808067941665649414e+02 4.329584455490112305e+02 3.761888742446899414e+02 4.313900899887084961e+02 3.000000000000000000e+00
5.221091270446777344e+02 1.524696779251098633e+02 5.164083862304687500e+02 1.490908598899841309e+02 5.117816162109375000e+02 1.474356150627136230e+02 3.000000000000000000e+00
5.075528907775878906e+02 2.552069091796875000e+02 5.057159423828125000e+02 2.520783394575119019e+02 5.049586868286132812e+02 2.509293070435523987e+02 2.000000000000000000e+00
4.992441368103027344e+02 1.605732536315917969e+02 4.935022544860839844e+02 1.571288251876831055e+02 4.888303947448730469e+02 1.555187344551086426e+02 3.000000000000000000e+00
2.576840496063232422e+02 4.378221273422241211e+02 2.518174600601196289e+02 4.344722414016723633e+02 2.472592592239379883e+02 4.327941083908081055e+02 3.000000000000000000e+00
4.382702922821044922e+02 1.567790651321411133e+02 4.325040626525878906e+02 1.533969497680664062e+02 4.278318500518798828e+02 1.517672038078308105e+02 3.000000000000000000e+00
4.701595211029052734e+02 4.319970560073852539e+02 4.644101619720458984e+02 4.284379005432128906e+02 4.597695636749267578e+02 4.267214441299438477e+02 3.000000000000000000e+00
4.287342548370361328e+02 2.439222259819507599e+02 4.276158428192138672e+02 2.411625366657972336e+02 4.274926185607910156e+02 2.397750396654009819e+02 2.000000000000000000e+00
5.989036369323730469e+02 2.153135204315185547e+02 5.930057334899902344e+02 2.119722121953964233e+02 5.884097290039062500e+02 2.103208297491073608e+02 3.000000000000000000e+00
1.956000518798828125e+02 4.341434383392333984e+02 1.899112415313720703e+02 4.306695413589477539e+02 1.852773094177246094e+02 4.292203187942504883e+02 3.000000000000000000e+00
3.202403869666159153e+02 2.229927206039428711e+02 3.188534850627183914e+02 2.203808891773223877e+02 3.185700377821922302e+02 2.195518183708190918e+02 1.000000000000000000e+00
1.805268859863281250e+02 4.351920032501220703e+02 1.749724864959716797e+02 4.317467737197875977e+02 1.701151084899902344e+02 4.301807355880737305e+02 3.000000000000000000e+00
2.576620483398437500e+02 4.488113164901733398e+02 2.518003845214843750e+02 4.454455089569091797e+02 2.472364044189453125e+02 4.437421131134033203e+02 3.000000000000000000e+00
3.203590087965130806e+02 2.145955950021743774e+02 3.188508605957031250e+02 2.121302622556686401e+02 3.185010986030101776e+02 2.114814430475234985e+02 1.000000000000000000e+00
5.411421585083007812e+02 1.975155329704284668e+02 5.353715324401855469e+02 1.941086554527282715e+02 5.307072257995605469e+02 1.925035679340362549e+02 3.000000000000000000e+00
2.287596988677978516e+02 4.418781566619873047e+02 2.230561065673828125e+02 4.385216760635375977e+02 2.183135509490966797e+02 4.368891334533691406e+02 3.000000000000000000e+00
1.876223278045654297e+02 4.342003297805786133e+02 1.820485973358154297e+02 4.307339286804199219e+02 1.772421836853027344e+02 4.291862869262695312e+02 3.000000000000000000e+00
2.945451664924621582e+02 2.250204455852508545e+02 2.935410761833190918e+02 2.225434863567352295e+02 2.935175776481628418e+02 2.218189984560012817e+02 1.000000000000000000e+00
2.855778813362121582e+02 4.466494274139404297e+02 2.799486970901489258e+02 4.432144260406494141e+02 2.753241872787475586e+02 4.416620922088623047e+02 3.000000000000000000e+00
5.192203330993652344e+02 5.342534065246582031e+01 5.134594726562500000e+02 5.011399269104003906e+01 5.087955665588378906e+02 4.844985008239746094e+01 3.000000000000000000e+00
4.333949279785156250e+02 3.614748573303222656e+02 4.275240802764892578e+02 3.580886006355285645e+02 4.229497718811035156e+02 3.563430547714233398e+02 3.000000000000000000e+00
5.838025474548339844e+02 4.645048141479492188e+01 5.780781364440917969e+02 4.305703639984130859e+01 5.733950805664062500e+02 4.144321918487548828e+01 3.000000000000000000e+00
3.333475959300994873e+02 2.145925891399383545e+02 3.317346191406250000e+02 2.119115889072418213e+02 3.308702695369720459e+02 2.109066903591156006e+02 1.000000000000000000e+00
5.152091789245605469e+02 1.714547252655029297e+02 5.094457054138183594e+02 1.680946612358093262e+02 5.048463439941406250e+02 1.664574551582336426e+02 3.000000000000000000e+00
2.186771488189697266e+02 4.149959850311279297e+02 2.126998138427734375e+02 4.116672420501708984e+02 2.081288623809814453e+02 4.101859474182128906e+02 3.000000000000000000e+00
2.716600036621093750e+02 4.427694797515869141e+02 2.658999300003051758e+02 4.393103742599487305e+02 2.613267803192138672e+02 4.378024148941040039e+02 3.000000000000000000e+00
4.053872680664062500e+02 4.522774744033813477e+02 3.995302438735961914e+02 4.487767982482910156e+02 3.949559020996093750e+02 4.472132349014282227e+02 3.000000000000000000e+00
4.931735801696777344e+02 1.004195594787597656e+02 4.873491859436035156e+02 9.710062980651855469e+01 4.827777099609375000e+02 9.548428058624267578e+01 3.000000000000000000e+00
6.038638877868652344e+02 2.093630361557006836e+02 5.979597854614257812e+02 2.059904623031616211e+02 5.933571243286132812e+02 2.043788444995880127e+02 3.000000000000000000e+00
4.124155330657958984e+02 3.875780153274536133e+02 4.065418434143066406e+02 3.841918659210205078e+02 4.020126628875732422e+02 3.825476503372192383e+02 3.000000000000000000e+00
5.889286613464355469e+02 2.213792109489440918e+02 5.830294799804687500e+02 2.179183334112167358e+02 5.783943557739257812e+02 2.163285362720489502e+02 3.000000000000000000e+00
3.843121051788330078e+02 3.226756668090820312e+02 3.785309743881225586e+02 3.192862558364868164e+02 3.740035104751586914e+02 3.176026368141174316e+02 3.000000000000000000e+00
4.781315040588378906e+02 2.896096229553222656e+02 4.722537231445312500e+02 2.860061073303222656e+02 4.677369117736816406e+02 2.846185004711151123e+02 3.000000000000000000e+00
5.849376869201660156e+02 2.194540697336196899e+02 5.790413856506347656e+02 2.159589368104934692e+02 5.744075965881347656e+02 2.143438553810119629e+02 3.000000000000000000e+00
4.424017333984375000e+02 3.733736371994018555e+02 4.365074443817138672e+02 3.700111770629882812e+02 4.318674373626708984e+02 3.682998418807983398e+02 3.000000000000000000e+00
2.097023868560791016e+02 4.290710592269897461e+02 2.037948608398437500e+02 4.256388330459594727e+02 1.992277622222900391e+02 4.241392564773559570e+02 3.000000000000000000e+00
5.230959510803222656e+02 3.611731910705566406e+02 5.172453689575195312e+02 3.576194214820861816e+02 5.125746536254882812e+02 3.559824585914611816e+02 3.000000000000000000e+00
2.435996389389038086e+02 4.248595619201660156e+02 2.379711723327636719e+02 4.215373563766479492e+02 2.332352733612060547e+02 4.198776912689208984e+02 3.000000000000000000e+00
4.922749137878417969e+02 1.354962873458862305e+02 4.865111351013183594e+02 1.321301794052124023e+02 4.818793106079101562e+02 1.304339575767517090e+02 3.000000000000000000e+00
5.391867065429687500e+02 1.914306914806365967e+02 5.334789466857910156e+02 1.881910979747772217e+02 5.288209915161132812e+02 1.863646066188812256e+02 3.000000000000000000e+00
5.263089561462402344e+02 1.894695711135864258e+02 5.203829383850097656e+02 1.860294914245605469e+02 5.159735679626464844e+02 1.843503999710083008e+02 3.000000000000000000e+00
2.081192588806152344e+02 2.108227372169494629e+02 2.080541324615478516e+02 2.081346416473388672e+02 2.087431430816650391e+02 2.071473670005798340e+02 1.000000000000000000e+00
5.519974327087402344e+02 1.995365130901336670e+02 5.462682533264160156e+02 1.960622549057006836e+02 5.415722656250000000e+02 1.944821763038635254e+02 3.000000000000000000e+00
3.923169279098510742e+02 3.458608746528625488e+02 3.866085529327392578e+02 3.425362300872802734e+02 3.819513845443725586e+02 3.409068989753723145e+02 3.000000000000000000e+00
5.559579467773437500e+02 1.523742341995239258e+02 5.502569007873535156e+02 1.490716838836669922e+02 5.454853630065917969e+02 1.474010252952575684e+02 3.000000000000000000e+00
5.846799278259277344e+02 1.713412141799926758e+02 5.790717124938964844e+02 1.680038237571716309e+02 5.742512893676757812e+02 1.662926173210144043e+02 3.000000000000000000e+00
3.190367126464843750e+02 2.268387901782989502e+02 3.177717590332031250e+02 2.240715175867080688e+02 3.175336913764476776e+02 2.231465452909469604e+02 1.000000000000000000e+00
3.825102853775024414e+02 4.363970088958740234e+02 3.767894887924194336e+02 4.329604339599609375e+02 3.721520376205444336e+02 4.313805341720581055e+02 3.000000000000000000e+00
1.994060802459716797e+02 2.052844977378845215e+02 1.996764087677001953e+02 2.028095376491546631e+02 2.008995056152343750e+02 2.023482048511505127e+02 1.000000000000000000e+00
5.142984008789062500e+02 1.383921289443969727e+02 5.085217094421386719e+02 1.350224232673645020e+02 5.038676452636718750e+02 1.333094859123229980e+02 3.000000000000000000e+00
4.869026184082031250e+02 2.524889838695526123e+02 4.851951408386230469e+02 2.494739082455635071e+02 4.846631813049316406e+02 2.484403082728385925e+02 2.000000000000000000e+00
3.130979615449905396e+02 2.235592031478881836e+02 3.118511962890625000e+02 2.209292435646057129e+02 3.116372984647750854e+02 2.202108442783355713e+02 1.000000000000000000e+00
4.474117183685302734e+02 3.993419265747070312e+02 4.415673828125000000e+02 3.959467220306396484e+02 4.370045757293701172e+02 3.943048810958862305e+02 3.000000000000000000e+00
5.690082359313964844e+02 1.474547052383422852e+02 5.632414627075195312e+02 1.441164207458496094e+02 5.584742546081542969e+02 1.425037050247192383e+02 3.000000000000000000e+00
5.342497062683105469e+02 2.094646453857421875e+02 5.283644485473632812e+02 2.060679924488067627e+02 5.236922645568847656e+02 2.045391976833343506e+02 3.000000000000000000e+00
3.923821115493774414e+02 3.925835323333740234e+02 3.865942716598510742e+02 3.891519784927368164e+02 3.819946289062500000e+02 3.875355577468872070e+02 3.000000000000000000e+00
4.701801490783691406e+02 1.746473336219787598e+02 4.644278240203857422e+02 1.712711262702941895e+02 4.598568725585937500e+02 1.695065259933471680e+02 3.000000000000000000e+00
5.610798454284667969e+02 1.724694657325744629e+02 5.552447509765625000e+02 1.691067910194396973e+02 5.506262779235839844e+02 1.674609947204589844e+02 3.000000000000000000e+00
5.938491821289062500e+02 5.846458911895751953e+01 5.880546951293945312e+02 5.507122993469238281e+01 5.833433341979980469e+02 5.343154907226562500e+01 3.000000000000000000e+00
4.522934913635253906e+02 4.073526048660278320e+02 4.464840698242187500e+02 4.039002227783203125e+02 4.419141864776611328e+02 4.023145294189453125e+02 3.000000000000000000e+00
4.173250102996826172e+02 4.372744846343994141e+02 4.115824317932128906e+02 4.337788152694702148e+02 4.069595336914062500e+02 4.322308158874511719e+02 3.000000000000000000e+00
3.237356263399124146e+02 2.146187120676040649e+02 3.223232117295265198e+02 2.120347738265991211e+02 3.219331054389476776e+02 2.113268262147903442e+02 1.000000000000000000e+00
2.426382875442504883e+02 4.018739748001098633e+02 2.367057895660400391e+02 3.986079740524291992e+02 2.322457218170166016e+02 3.969482517242431641e+02 3.000000000000000000e+00
6.048853874206542969e+02 2.143492573499679565e+02 5.989822959899902344e+02 2.109546643495559692e+02 5.943771934509277344e+02 2.093600285053253174e+02 3.000000000000000000e+00
4.222910499572753906e+02 4.184213018417358398e+02 4.165481853485107422e+02 4.149429130554199219e+02 4.119483947753906250e+02 4.133452177047729492e+02 3.000000000000000000e+00
5.321096801757812500e+02 3.630660724639892578e+02 5.262457275390625000e+02 3.595332670211791992e+02 5.215671348571777344e+02 3.578548979759216309e+02 3.000000000000000000e+00
4.618973445892333984e+02 2.553606122732162476e+02 4.605153560638427734e+02 2.521451121568679810e+02 4.599925231933593750e+02 2.509204414486885071e+02 2.000000000000000000e+00
2.639758586883544922e+02 2.228899830579757690e+02 2.627553415298461914e+02 2.205731338262557983e+02 2.624438476562500000e+02 2.198490285873413086e+02 1.000000000000000000e+00
5.193118286132812500e+02 1.494911456108093262e+02 5.134735107421875000e+02 1.461013269424438477e+02 5.088509178161621094e+02 1.444624400138854980e+02 3.000000000000000000e+00
6.007975578308105469e+02 1.934113276004791260e+02 5.949547195434570312e+02 1.900103116035461426e+02 5.902998161315917969e+02 1.884203016757965088e+02 3.000000000000000000e+00
4.991518974304199219e+02 4.339130115509033203e+02 4.932417869567871094e+02 4.303859996795654297e+02 4.886466789245605469e+02 4.287199544906616211e+02 3.000000000000000000e+00
3.804020690917968750e+02 3.755776977539062500e+02 3.746183776855468750e+02 3.721315383911132812e+02 3.699739694595336914e+02 3.705336999893188477e+02 3.000000000000000000e+00
2.848970341682434082e+02 1.992659282684326172e+02 2.843249201774597168e+02 1.968930351734161377e+02 2.846956467628479004e+02 1.964086425304412842e+02 1.000000000000000000e+00
2.166697216033935547e+02 4.359073877334594727e+02 2.108359527587890625e+02 4.325065469741821289e+02 2.062492084503173828e+02 4.309908914566040039e+02 3.000000000000000000e+00
2.416435098648071289e+02 2.222358995676040649e+02 2.406571054458618164e+02 2.197558128833770752e+02 2.405025005340576172e+02 2.192113029956817627e+02 1.000000000000000000e+00
4.263880920410156250e+02 3.754412269592285156e+02 4.205326843261718750e+02 3.720676374435424805e+02 4.159692096710205078e+02 3.703965568542480469e+02 3.000000000000000000e+00
4.433068275451660156e+02 4.500690078735351562e+02 4.375044250488281250e+02 4.465778875350952148e+02 4.327922058105468750e+02 4.450227785110473633e+02 3.000000000000000000e+00
5.201449012756347656e+02 1.594971084594726562e+02 5.143804359436035156e+02 1.560805606842041016e+02 5.098520278930664062e+02 1.544803547859191895e+02 3.000000000000000000e+00
2.273985767364501953e+02 3.101278996467590332e+02 2.216127872467041016e+02 3.066618704795837402e+02 2.169242858886718750e+02 3.051692247390747070e+02 3.000000000000000000e+00
4.991438865661621094e+02 7.936750888824462891e+01 4.933975028991699219e+02 7.593522548675537109e+01 4.887846374511718750e+02 7.431273937225341797e+01 3.000000000000000000e+00
2.778749704360961914e+02 2.140934747457504272e+02 2.767552471160888672e+02 2.116943657398223877e+02 2.765540742874145508e+02 2.110901015996932983e+02 1.000000000000000000e+00
5.152841186523437500e+02 2.592652899026870728e+02 5.134737014770507812e+02 2.561180734634399414e+02 5.125895500183105469e+02 2.549143534898757935e+02 2.000000000000000000e+00
2.313743877410888672e+02 3.201522588729858398e+02 2.255884647369384766e+02 3.168387508392333984e+02 2.209338188171386719e+02 3.152232670783996582e+02 3.000000000000000000e+00
2.525765085220336914e+02 1.931469404697418213e+02 2.525368022918701172e+02 1.908872187137603760e+02 2.534304189682006836e+02 1.906587803363800049e+02 1.000000000000000000e+00
4.184310913085937500e+02 3.795099306106567383e+02 4.125899410247802734e+02 3.760851860046386719e+02 4.080396175384521484e+02 3.744911813735961914e+02 3.000000000000000000e+00
3.853913593292236328e+02 3.417665791511535645e+02 3.796123647689819336e+02 3.384699440002441406e+02 3.750531911849975586e+02 3.367918467521667480e+02 3.000000000000000000e+00
3.922638845443725586e+02 3.367966675758361816e+02 3.865154123306274414e+02 3.335171556472778320e+02 3.819209289550781250e+02 3.318558669090270996e+02 3.000000000000000000e+00
4.912171936035156250e+02 4.280006790161132812e+02 4.853762817382812500e+02 4.243928003311157227e+02 4.806893730163574219e+02 4.227824449539184570e+02 3.000000000000000000e+00
2.935048508644104004e+02 1.869459056854248047e+02 2.928419804573059082e+02 1.847705197334289551e+02 2.933226013183593750e+02 1.844834268093109131e+02 1.000000000000000000e+00
5.030102920532226562e+02 4.477180910110473633e+02 4.972261428833007812e+02 4.442487573623657227e+02 4.925389099121093750e+02 4.425387668609619141e+02 3.000000000000000000e+00
4.792510414123535156e+02 2.495689398050308228e+02 4.776212215423583984e+02 2.466261599957942963e+02 4.772387981414794922e+02 2.456250004470348358e+02 2.000000000000000000e+00
4.034064388275146484e+02 3.647080993652343750e+02 3.977059936523437500e+02 3.612783622741699219e+02 3.930995798110961914e+02 3.597059082984924316e+02 3.000000000000000000e+00
5.888580894470214844e+02 5.841493606567382812e+01 5.830596351623535156e+02 5.500207901000976562e+01 5.783631706237792969e+02 5.335804939270019531e+01 3.000000000000000000e+00
4.204237079620361328e+02 3.875383043289184570e+02 4.146078777313232422e+02 3.841307687759399414e+02 4.099962139129638672e+02 3.825141620635986328e+02 3.000000000000000000e+00
4.419341182708740234e+02 2.474126440286636353e+02 4.406869792938232422e+02 2.444595341384410858e+02 4.405892086029052734e+02 2.432134553790092468e+02 2.000000000000000000e+00
4.363017559051513672e+02 1.366616463661193848e+02 4.305178260803222656e+02 1.332051301002502441e+02 4.259013080596923828e+02 1.316002750396728516e+02 3.000000000000000000e+00
5.461695671081542969e+02 2.005232512950897217e+02 5.403890419006347656e+02 1.970777571201324463e+02 5.356769371032714844e+02 1.955139756202697754e+02 3.000000000000000000e+00
4.602568054199218750e+02 4.420349264144897461e+02 4.543724727630615234e+02 4.384853553771972656e+02 4.497624492645263672e+02 4.367178440093994141e+02 3.000000000000000000e+00
3.825433969497680664e+02 4.484308576583862305e+02 3.767529916763305664e+02 4.449617958068847656e+02 3.721211862564086914e+02 4.432997274398803711e+02 3.000000000000000000e+00
4.162868404388427734e+02 2.996419107913970947e+02 4.104519367218017578e+02 2.962746012210845947e+02 4.058340740203857422e+02 2.947088956832885742e+02 3.000000000000000000e+00
4.730957698822021484e+02 2.993807709217071533e+02 4.673881816864013672e+02 2.959118986129760742e+02 4.627346515655517578e+02 2.943500089645385742e+02 3.000000000000000000e+00
4.512336444854736328e+02 4.520493936538696289e+02 4.454284381866455078e+02 4.485050439834594727e+02 4.407273578643798828e+02 4.469249725341796875e+02 3.000000000000000000e+00
3.933127737045288086e+02 3.577884292602539062e+02 3.876128244400024414e+02 3.543502235412597656e+02 3.829667997360229492e+02 3.527636504173278809e+02 3.000000000000000000e+00
4.133914470672607422e+02 3.704954910278320312e+02 4.075590801239013672e+02 3.670912885665893555e+02 4.030191707611083984e+02 3.654466867446899414e+02 3.000000000000000000e+00
2.646681833267211914e+02 4.428052139282226562e+02 2.588363313674926758e+02 4.393706703186035156e+02 2.542670106887817383e+02 4.377649927139282227e+02 3.000000000000000000e+00
5.312772941589355469e+02 1.934766054153442383e+02 5.254764366149902344e+02 1.901122570037841797e+02 5.209053993225097656e+02 1.883124518394470215e+02 3.000000000000000000e+00
2.043229675292968750e+02 2.104487282037734985e+02 2.042510986328125000e+02 2.076148045063018799e+02 2.049552249908447266e+02 2.065363919734954834e+02 1.000000000000000000e+00
3.925006723403930664e+02 4.215440797805786133e+02 3.867059946060180664e+02 4.181282758712768555e+02 3.821518564224243164e+02 4.164792251586914062e+02 3.000000000000000000e+00
4.663108253479003906e+02 3.083772897720336914e+02 4.604618835449218750e+02 3.051127982139587402e+02 4.557895565032958984e+02 3.033406090736389160e+02 3.000000000000000000e+00
5.788342857360839844e+02 5.244715690612792969e+01 5.731110191345214844e+02 4.903813362121582031e+01 5.683739662170410156e+02 4.743209838867187500e+01 3.000000000000000000e+00
4.074081134796142578e+02 3.735328102111816406e+02 4.016082763671875000e+02 3.700915288925170898e+02 3.970411396026611328e+02 3.684952211380004883e+02 3.000000000000000000e+00
5.420361900329589844e+02 2.104908120632171631e+02 5.361403274536132812e+02 2.069963979721069336e+02 5.315344810485839844e+02 2.055250990390777588e+02 3.000000000000000000e+00
4.370626544952392578e+02 8.247894287109375000e+01 4.313932228088378906e+02 7.910662651062011719e+01 4.266669654846191406e+02 7.743704795837402344e+01 3.000000000000000000e+00
4.303934669494628906e+02 3.674756813049316406e+02 4.244967937469482422e+02 3.640816783905029297e+02 4.199075984954833984e+02 3.623594141006469727e+02 3.000000000000000000e+00
6.124941444396972656e+02 1.631048369407653809e+02 6.065723991394042969e+02 1.596818804740905762e+02 6.019440269470214844e+02 1.580312919616699219e+02 3.000000000000000000e+00
5.372849845886230469e+02 1.955936729907989502e+02 5.314726066589355469e+02 1.922206699848175049e+02 5.269436645507812500e+02 1.905996823310852051e+02 3.000000000000000000e+00
3.156995847821235657e+02 1.732394957542419434e+02 3.143184810876846313e+02 1.712449121475219727e+02 3.140461426973342896e+02 1.709480237960815430e+02 1.000000000000000000e+00
4.958175468444824219e+02 2.503975680470466614e+02 4.940614318847656250e+02 2.473569948971271515e+02 4.933686828613281250e+02 2.463354952633380890e+02 2.000000000000000000e+00
1.977209568023681641e+02 4.151225709915161133e+02 1.918131542205810547e+02 4.116149425506591797e+02 1.871285724639892578e+02 4.101118612289428711e+02 3.000000000000000000e+00
4.942790603637695312e+02 3.563145232200622559e+02 4.884055519104003906e+02 3.529104638099670410e+02 4.837349891662597656e+02 3.512521433830261230e+02 3.000000000000000000e+00
4.193128395080566406e+02 4.263338041305541992e+02 4.135646057128906250e+02 4.228434562683105469e+02 4.089527034759521484e+02 4.213178873062133789e+02 3.000000000000000000e+00
2.895747375488281250e+02 3.678626203536987305e+02 2.838424062728881836e+02 3.644381761550903320e+02 2.791896057128906250e+02 3.629271268844604492e+02 3.000000000000000000e+00
2.343857669830322266e+02 3.152211642265319824e+02 2.286056995391845703e+02 3.118779945373535156e+02 2.239318656921386719e+02 3.103085088729858398e+02 3.000000000000000000e+00
2.648265361785888672e+02 2.196398913860321045e+02 2.636430025100708008e+02 2.172375941276550293e+02 2.633982515335083008e+02 2.164416790008544922e+02 1.000000000000000000e+00
1.926010990142822266e+02 4.371492147445678711e+02 1.868696308135986328e+02 4.337295913696289062e+02 1.822202396392822266e+02 4.322266674041748047e+02 3.000000000000000000e+00
4.513035869598388672e+02 3.144365859031677246e+02 4.454415321350097656e+02 3.110797190666198730e+02 4.408458232879638672e+02 3.092510390281677246e+02 3.000000000000000000e+00
4.484238338470458984e+02 2.527653202414512634e+02 4.471437072753906250e+02 2.496905216574668884e+02 4.470954608917236328e+02 2.485782167315483093e+02 2.000000000000000000e+00
2.343911838531494141e+02 3.101318120956420898e+02 2.286065483093261719e+02 3.066548180580139160e+02 2.239106750488281250e+02 3.051713919639587402e+02 3.000000000000000000e+00
4.700019550323486328e+02 9.356334686279296875e+01 4.645449829101562500e+02 9.015742778778076172e+01 4.597326660156250000e+02 8.853851795196533203e+01 3.000000000000000000e+00
2.856004929542541504e+02 3.688605451583862305e+02 2.799082946777343750e+02 3.654488897323608398e+02 2.752343750000000000e+02 3.639144659042358398e+02 3.000000000000000000e+00
3.876011657714843750e+02 4.463725090026855469e+02 3.817933368682861328e+02 4.428887414932250977e+02 3.772018432617187500e+02 4.413197994232177734e+02 3.000000000000000000e+00
4.122726154327392578e+02 3.006908011436462402e+02 4.064205360412597656e+02 2.973000812530517578e+02 4.018473815917968750e+02 2.957227206230163574e+02 3.000000000000000000e+00
5.837899780273437500e+02 5.445078849792480469e+01 5.780351638793945312e+02 5.103299617767333984e+01 5.733394241333007812e+02 4.941867828369140625e+01 3.000000000000000000e+00
4.841634178161621094e+02 5.451427459716796875e+01 4.782962989807128906e+02 5.111804008483886719e+01 4.736585712432861328e+02 4.947612762451171875e+01 3.000000000000000000e+00
2.972478938102722168e+02 2.126033610105514526e+02 2.963292241096496582e+02 2.101457351446151733e+02 2.963124394416809082e+02 2.094897294044494629e+02 1.000000000000000000e+00
4.740804481506347656e+02 4.456109046936035156e+01 4.683384132385253906e+02 4.110056877136230469e+01 4.635741329193115234e+02 3.949683666229248047e+01 3.000000000000000000e+00
5.720093345642089844e+02 5.842656612396240234e+01 5.662539100646972656e+02 5.503957271575927734e+01 5.615573692321777344e+02 5.343246459960937500e+01 3.000000000000000000e+00
5.570082473754882812e+02 4.248587608337402344e+01 5.511998939514160156e+02 3.910254478454589844e+01 5.464303016662597656e+02 3.746852874755859375e+01 3.000000000000000000e+00
2.864954519271850586e+02 1.862210369110107422e+02 2.859021306037902832e+02 1.841106247901916504e+02 2.864789724349975586e+02 1.837897753715515137e+02 1.000000000000000000e+00
4.360643005371093750e+02 1.185425519943237305e+02 4.302477741241455078e+02 1.152344226837158203e+02 4.256849098205566406e+02 1.134875965118408203e+02 3.000000000000000000e+00
4.809411621093750000e+02 2.603260821104049683e+02 4.791865539550781250e+02 2.571922928094863892e+02 4.787486553192138672e+02 2.561247253417968750e+02 2.000000000000000000e+00
4.957568168640136719e+02 2.572488409280776978e+02 4.940152931213378906e+02 2.541914829611778259e+02 4.933263587951660156e+02 2.530416262149810791e+02 2.000000000000000000e+00
5.678139686584472656e+02 4.443493366241455078e+01 5.621170043945312500e+02 4.112953662872314453e+01 5.574005126953125000e+02 3.949037075042724609e+01 3.000000000000000000e+00
5.679381179809570312e+02 5.847172737121582031e+01 5.621760368347167969e+02 5.507326126098632812e+01 5.574746131896972656e+02 5.348741054534912109e+01 3.000000000000000000e+00
2.386598300933837891e+02 3.998673534393310547e+02 2.327603435516357422e+02 3.966179609298706055e+02 2.282607078552246094e+02 3.949563646316528320e+02 3.000000000000000000e+00
2.545577239990234375e+02 2.149897760152816772e+02 2.536167001724243164e+02 2.125802904367446899e+02 2.533086538314819336e+02 2.120948320627212524e+02 1.000000000000000000e+00
4.811867141723632812e+02 2.035412585735321045e+02 4.753890132904052734e+02 2.000839197635650635e+02 4.707656574249267578e+02 1.984789395332336426e+02 3.000000000000000000e+00
4.932095146179199219e+02 9.536883831024169922e+01 4.873763084411621094e+02 9.205475807189941406e+01 4.828140640258789062e+02 9.042862415313720703e+01 3.000000000000000000e+00
4.941368675231933594e+02 4.408155584335327148e+02 4.882354545593261719e+02 4.373386001586914062e+02 4.836491394042968750e+02 4.356433868408203125e+02 3.000000000000000000e+00
4.941596794128417969e+02 4.155162334442138672e+01 4.885205459594726562e+02 3.813915252685546875e+01 4.838060379028320312e+02 3.654582023620605469e+01 3.000000000000000000e+00
4.942142677307128906e+02 1.145752286911010742e+02 4.885041618347167969e+02 1.110546541213989258e+02 4.838481140136718750e+02 1.095167398452758789e+02 3.000000000000000000e+00
2.516714334487915039e+02 4.018861484527587891e+02 2.457710266113281250e+02 3.986004781723022461e+02 2.412811565399169922e+02 3.969398832321166992e+02 3.000000000000000000e+00
4.162959957122802734e+02 5.657351016998291016e+01 4.103995704650878906e+02 5.319070816040039062e+01 4.058150005340576172e+02 5.151263236999511719e+01 3.000000000000000000e+00
5.231362342834472656e+02 3.661600685119628906e+02 5.172510337829589844e+02 3.626134157180786133e+02 5.126127433776855469e+02 3.609497165679931641e+02 3.000000000000000000e+00
3.854800415039062500e+02 4.324418449401855469e+02 3.797319030761718750e+02 4.289762306213378906e+02 3.751423358917236328e+02 4.274099779129028320e+02 3.000000000000000000e+00
5.819012451171875000e+02 2.012526082992553711e+02 5.760734939575195312e+02 1.979605686664581299e+02 5.713673782348632812e+02 1.962961113452911377e+02 3.000000000000000000e+00
4.373563861846923828e+02 3.704442501068115234e+02 4.315254497528076172e+02 3.670965385437011719e+02 4.268787288665771484e+02 3.653464365005493164e+02 3.000000000000000000e+00
2.396350860595703125e+02 4.149274063110351562e+02 2.338539123535156250e+02 4.115649747848510742e+02 2.292461490631103516e+02 4.099147367477416992e+02 3.000000000000000000e+00
2.292405414581298828e+02 2.870811188220977783e+02 2.234315776824951172e+02 2.837202465534210205e+02 2.187891864776611328e+02 2.822123444080352783e+02 3.000000000000000000e+00
6.079552078247070312e+02 2.283895871043205261e+02 6.020269203186035156e+02 2.248944997787475586e+02 5.974146080017089844e+02 2.233844894170761108e+02 3.000000000000000000e+00
3.594720768928527832e+02 3.726500272750854492e+02 3.537058711051940918e+02 3.693017578125000000e+02 3.491008925437927246e+02 3.676860380172729492e+02 3.000000000000000000e+00
1.976918888092041016e+02 4.539473390579223633e+02 1.919061279296875000e+02 4.506019449234008789e+02 1.873470115661621094e+02 4.490512561798095703e+02 3.000000000000000000e+00
5.061237525939941406e+02 7.836905479431152344e+01 5.003798484802246094e+02 7.493381023406982422e+01 4.957579421997070312e+02 7.330521583557128906e+01 3.000000000000000000e+00
2.046959209442138672e+02 4.200564908981323242e+02 1.987664604187011719e+02 4.166222047805786133e+02 1.941458892822265625e+02 4.150834465026855469e+02 3.000000000000000000e+00
5.010386085510253906e+02 6.551434993743896484e+01 4.953331375122070312e+02 6.208681583404541016e+01 4.906657409667968750e+02 6.042946815490722656e+01 3.000000000000000000e+00
2.456971883773803711e+02 4.447902631759643555e+02 2.399230289459228516e+02 4.415120315551757812e+02 2.352765750885009766e+02 4.398002099990844727e+02 3.000000000000000000e+00
4.483457946777343750e+02 3.823747873306274414e+02 4.425738811492919922e+02 3.789249372482299805e+02 4.378152751922607422e+02 3.772768878936767578e+02 3.000000000000000000e+00
1.906133556365966797e+02 1.817582380771636963e+02 1.912259006500244141e+02 1.793951368331909180e+02 1.925728130340576172e+02 1.790437459945678711e+02 1.000000000000000000e+00
3.319938051700592041e+02 2.093327307701110840e+02 3.301954960823059082e+02 2.069460439682006836e+02 3.292279356718063354e+02 2.063136899471282959e+02 1.000000000000000000e+00
4.433792781829833984e+02 3.973564195632934570e+02 4.375463294982910156e+02 3.940284204483032227e+02 4.329821777343750000e+02 3.923351526260375977e+02 3.000000000000000000e+00
3.773530292510986328e+02 3.266915345191955566e+02 3.715216684341430664e+02 3.232966947555541992e+02 3.669979572296142578e+02 3.216030907630920410e+02 3.000000000000000000e+00
4.480045223236083984e+02 6.955538749694824219e+01 4.422003841400146484e+02 6.609545230865478516e+01 4.375706481933593750e+02 6.455158710479736328e+01 3.000000000000000000e+00
4.992387390136718750e+02 8.434776306152343750e+01 4.934665489196777344e+02 8.089070320129394531e+01 4.888521194458007812e+02 7.930282115936279297e+01 3.000000000000000000e+00
4.223079872131347656e+02 4.233848333358764648e+02 4.165586853027343750e+02 4.198885631561279297e+02 4.119640827178955078e+02 4.183310365676879883e+02 3.000000000000000000e+00
4.652778339385986328e+02 3.871006822586059570e+02 4.594309711456298828e+02 3.835533285140991211e+02 4.548434734344482422e+02 3.819096994400024414e+02 3.000000000000000000e+00
5.232147216796875000e+02 5.241065025329589844e+01 5.174372673034667969e+02 4.908895969390869141e+01 5.127942466735839844e+02 4.743681907653808594e+01 3.000000000000000000e+00
5.271883010864257812e+02 5.242754459381103516e+01 5.214526939392089844e+02 4.909306526184082031e+01 5.168196487426757812e+02 4.743796348571777344e+01 3.000000000000000000e+00
5.152413940429687500e+02 2.504860085248947144e+02 5.133498001098632812e+02 2.473952794075012207e+02 5.125368690490722656e+02 2.463468021154403687e+02 2.000000000000000000e+00
5.182634353637695312e+02 5.841919898986816406e+01 5.124763870239257812e+02 5.510075569152832031e+01 5.078532981872558594e+02 5.345304965972900391e+01 3.000000000000000000e+00
5.639721107482910156e+02 1.553902244567871094e+02 5.582451248168945312e+02 1.520812010765075684e+02 5.534770584106445312e+02 1.504541301727294922e+02 3.000000000000000000e+00
5.609110832214355469e+02 2.044365656375885010e+02 5.550954055786132812e+02 2.010158514976501465e+02 5.503289794921875000e+02 1.994364595413208008e+02 3.000000000000000000e+00
3.993927335739135742e+02 3.946111249923706055e+02 3.935585021972656250e+02 3.912452173233032227e+02 3.889995145797729492e+02 3.895925617218017578e+02 3.000000000000000000e+00
2.445745086669921875e+02 1.891488146781921387e+02 2.445539236068725586e+02 1.868367576599121094e+02 2.454831695556640625e+02 1.866856062412261963e+02 1.000000000000000000e+00
3.263460081815719604e+02 1.930568218231201172e+02 3.249453735351562500e+02 1.910846829414367676e+02 3.244003906846046448e+02 1.907759070396423340e+02 1.000000000000000000e+00
5.461318969726562500e+02 2.114647346735000610e+02 5.402474403381347656e+02 2.079776000976562500e+02 5.355543899536132812e+02 2.064917600154876709e+02 3.000000000000000000e+00
2.407732534408569336e+02 1.891094648838043213e+02 2.408203268051147461e+02 1.867981553077697754e+02 2.421609354019165039e+02 1.866356313228607178e+02 1.000000000000000000e+00
5.131159782409667969e+02 2.872558307647705078e+02 5.072044944763183594e+02 2.839332282543182373e+02 5.026451492309570312e+02 2.823125946521759033e+02 3.000000000000000000e+00
3.047631525993347168e+02 1.867907381057739258e+02 3.038481748104095459e+02 1.845002102851867676e+02 3.041712951660156250e+02 1.842033505439758301e+02 1.000000000000000000e+00
2.356334209442138672e+02 4.338161087036132812e+02 2.299230670928955078e+02 4.304694557189941406e+02 2.251731109619140625e+02 4.288632917404174805e+02 3.000000000000000000e+00
4.370247173309326172e+02 1.075670528411865234e+02 4.313566017150878906e+02 1.041656827926635742e+02 4.266851520538330078e+02 1.025171899795532227e+02 3.000000000000000000e+00
2.778631877899169922e+02 2.199933153390884399e+02 2.765509653091430664e+02 2.175062245130538940e+02 2.760448598861694336e+02 2.166806620359420776e+02 1.000000000000000000e+00
4.033505916595458984e+02 3.137112164497375488e+02 3.975477313995361328e+02 3.102759718894958496e+02 3.930507802963256836e+02 3.086627268791198730e+02 3.000000000000000000e+00
4.531253719329833984e+02 5.545608043670654297e+01 4.474313640594482422e+02 5.206214904785156250e+01 4.427912902832031250e+02 5.046146392822265625e+01 3.000000000000000000e+00
4.330926799774169922e+02 8.045844554901123047e+01 4.274076843261718750e+02 7.709502696990966797e+01 4.226810646057128906e+02 7.543018341064453125e+01 3.000000000000000000e+00
4.600950336456298828e+02 6.754662036895751953e+01 4.544165706634521484e+02 6.400597572326660156e+01 4.497059345245361328e+02 6.248069286346435547e+01 3.000000000000000000e+00
1.695810031890869141e+02 4.351924610137939453e+02 1.639553642272949219e+02 4.317474746704101562e+02 1.591173744201660156e+02 4.301775598526000977e+02 3.000000000000000000e+00
5.498715209960937500e+02 5.449546337127685547e+01 5.441070556640625000e+02 5.113122940063476562e+01 5.394338417053222656e+02 4.942701816558837891e+01 3.000000000000000000e+00
2.988646245002746582e+02 1.703481745719909668e+02 2.978677678108215332e+02 1.684676957130432129e+02 2.980686330795288086e+02 1.683459162712097168e+02 1.000000000000000000e+00
4.740936946868896484e+02 5.550159931182861328e+01 4.683346271514892578e+02 5.208857059478759766e+01 4.636652851104736328e+02 5.045740127563476562e+01 3.000000000000000000e+00
3.166362610459327698e+02 2.093164050579071045e+02 3.152232664823532104e+02 2.068906402587890625e+02 3.148154908418655396e+02 2.064085972309112549e+02 1.000000000000000000e+00
5.040325927734375000e+02 2.983040177822113037e+02 4.981437683105468750e+02 2.949016141891479492e+02 4.935377883911132812e+02 2.932519876956939697e+02 3.000000000000000000e+00
5.070042800903320312e+02 3.063629794120788574e+02 5.010281372070312500e+02 3.028941965103149414e+02 4.964791297912597656e+02 3.012598943710327148e+02 3.000000000000000000e+00
5.487923049926757812e+02 4.166919994354248047e+02 5.430781936645507812e+02 4.131999921798706055e+02 5.383657836914062500e+02 4.114592027664184570e+02 3.000000000000000000e+00
4.314704322814941406e+02 4.491446971893310547e+02 4.256763935089111328e+02 4.456552505493164062e+02 4.210030841827392578e+02 4.440582990646362305e+02 3.000000000000000000e+00
3.915083932876586914e+02 4.334571647644042969e+02 3.857056903839111328e+02 4.299821233749389648e+02 3.811390686035156250e+02 4.284027242660522461e+02 3.000000000000000000e+00
3.872908926010131836e+02 3.367483592033386230e+02 3.815227651596069336e+02 3.334502577781677246e+02 3.769091176986694336e+02 3.318007850646972656e+02 3.000000000000000000e+00
5.071689224243164062e+02 2.842883634567260742e+02 5.012209892272949219e+02 2.809855377674102783e+02 4.966940116882324219e+02 2.793286156654357910e+02 3.000000000000000000e+00
3.874905109405517578e+02 4.264857244491577148e+02 3.817597961425781250e+02 4.230737972259521484e+02 3.771507263183593750e+02 4.214550876617431641e+02 3.000000000000000000e+00
4.513173198699951172e+02 4.480484104156494141e+02 4.454487037658691406e+02 4.445239019393920898e+02 4.407683467864990234e+02 4.429204845428466797e+02 3.000000000000000000e+00
6.119374465942382812e+02 2.273944088816642761e+02 6.060162353515625000e+02 2.239315330982208252e+02 6.013780021667480469e+02 2.223793780803680420e+02 3.000000000000000000e+00
5.081040000915527344e+02 4.199275875091552734e+02 5.022411918640136719e+02 4.164394998550415039e+02 4.975040054321289062e+02 4.147630405426025391e+02 3.000000000000000000e+00
2.577675771713256836e+02 4.329140424728393555e+02 2.519030904769897461e+02 4.295471620559692383e+02 2.472908639907836914e+02 4.278918886184692383e+02 3.000000000000000000e+00
5.102533912658691406e+02 1.605649709701538086e+02 5.044339370727539062e+02 1.571147418022155762e+02 4.998880386352539062e+02 1.555344343185424805e+02 3.000000000000000000e+00
4.751575374603271484e+02 4.349791431427001953e+02 4.694097900390625000e+02 4.314196586608886719e+02 4.647564125061035156e+02 4.297182369232177734e+02 3.000000000000000000e+00
3.494338679313659668e+02 3.577479028701782227e+02 3.437597060203552246e+02 3.543378996849060059e+02 3.390246284008026123e+02 3.527792143821716309e+02 3.000000000000000000e+00
5.757859611511230469e+02 4.640419006347656250e+01 5.701235389709472656e+02 4.307046890258789062e+01 5.653819656372070312e+02 4.142246246337890625e+01 3.000000000000000000e+00
1.953148746490478516e+02 1.946958446502685547e+02 1.959299468994140625e+02 1.924343526363372803e+02 1.973082733154296875e+02 1.921654486656188965e+02 1.000000000000000000e+00
3.714671039581298828e+02 3.346541190147399902e+02 3.656375741958618164e+02 3.312155485153198242e+02 3.611109924316406250e+02 3.295916461944580078e+02 3.000000000000000000e+00
4.242372417449951172e+02 6.451695442199707031e+01 4.183718585968017578e+02 6.118537902832031250e+01 4.136858844757080078e+02 5.944890975952148438e+01 3.000000000000000000e+00
2.273846912384033203e+02 3.162025523185729980e+02 2.216066074371337891e+02 3.128712201118469238e+02 2.169458007812500000e+02 3.112901043891906738e+02 3.000000000000000000e+00
1.985903739929199219e+02 1.854884755611419678e+02 1.992682456970214844e+02 1.832279956340789795e+02 2.006142711639404297e+02 1.830056583881378174e+02 1.000000000000000000e+00
3.873543691635131836e+02 3.935755348205566406e+02 3.816340637207031250e+02 3.901034688949584961e+02 3.770277404785156250e+02 3.884941434860229492e+02 3.000000000000000000e+00
5.077513122558593750e+02 1.866703462600708008e+02 5.018310356140136719e+02 1.831460988521575928e+02 4.974084854125976562e+02 1.817043578624725342e+02 3.000000000000000000e+00
4.491298198699951172e+02 1.487692379951477051e+02 4.434955120086669922e+02 1.452817010879516602e+02 4.388558101654052734e+02 1.437695074081420898e+02 3.000000000000000000e+00
4.234116840362548828e+02 3.804697608947753906e+02 4.175873470306396484e+02 3.770482921600341797e+02 4.130424785614013672e+02 3.754536867141723633e+02 3.000000000000000000e+00
4.712180805206298828e+02 4.359792566299438477e+02 4.654197692871093750e+02 4.324287557601928711e+02 4.607796382904052734e+02 4.307165050506591797e+02 3.000000000000000000e+00
5.959747886657714844e+02 2.031731092929840088e+02 5.900848960876464844e+02 1.999033927917480469e+02 5.854395866394042969e+02 1.982934093475341797e+02 3.000000000000000000e+00
5.251607131958007812e+02 1.494977188110351562e+02 5.194104576110839844e+02 1.461129570007324219e+02 5.147843742370605469e+02 1.444512748718261719e+02 3.000000000000000000e+00
2.008195590972900391e+02 2.014165341854095459e+02 2.013446521759033203e+02 1.991150951385498047e+02 2.025812244415283203e+02 1.986705601215362549e+02 1.000000000000000000e+00
4.446412944793701172e+02 2.414671021699905396e+02 4.433674907684326172e+02 2.385297546163201332e+02 4.432702636718750000e+02 2.373046872764825821e+02 2.000000000000000000e+00
5.579863357543945312e+02 1.915057361125946045e+02 5.522244262695312500e+02 1.881283986568450928e+02 5.475112915039062500e+02 1.865037810802459717e+02 3.000000000000000000e+00
4.383850097656250000e+02 4.411108875274658203e+02 4.325883197784423828e+02 4.376399087905883789e+02 4.279211711883544922e+02 4.360034608840942383e+02 3.000000000000000000e+00
3.843762826919555664e+02 3.905452680587768555e+02 3.786594247817993164e+02 3.870929574966430664e+02 3.740203571319580078e+02 3.854489850997924805e+02 3.000000000000000000e+00
4.543902873992919922e+02 1.750963068008422852e+02 4.487448406219482422e+02 1.719267225265502930e+02 4.441079998016357422e+02 1.702869701385498047e+02 3.000000000000000000e+00
2.017925262451171875e+02 4.430257129669189453e+02 1.960049438476562500e+02 4.396227836608886719e+02 1.914870929718017578e+02 4.381005334854125977e+02 3.000000000000000000e+00
1.984385395050048828e+02 1.919593799114227295e+02 1.990787792205810547e+02 1.896559882164001465e+02 2.004364299774169922e+02 1.894309508800506592e+02 1.000000000000000000e+00
5.312451744079589844e+02 1.884545123577117920e+02 5.254531288146972656e+02 1.851104843616485596e+02 5.208937454223632812e+02 1.832972824573516846e+02 3.000000000000000000e+00
1.623348808288574219e+02 4.482304143905639648e+02 1.565863227844238281e+02 4.448060131072998047e+02 1.519986343383789062e+02 4.432607889175415039e+02 3.000000000000000000e+00
4.112239074707031250e+02 4.024611854553222656e+02 4.054801368713378906e+02 3.991350460052490234e+02 4.007295894622802734e+02 3.974194049835205078e+02 3.000000000000000000e+00
5.069119071960449219e+02 4.486828994750976562e+02 5.011734962463378906e+02 4.452131795883178711e+02 4.964348411560058594e+02 4.435075235366821289e+02 3.000000000000000000e+00
5.160988807678222656e+02 1.915186429023742676e+02 5.103846549987792969e+02 1.879772007465362549e+02 5.057135009765625000e+02 1.865510058403015137e+02 3.000000000000000000e+00
5.968728637695312500e+02 2.262855979800224304e+02 5.910941886901855469e+02 2.228223717212677002e+02 5.863580322265625000e+02 2.212562245130538940e+02 3.000000000000000000e+00
4.551849365234375000e+02 2.933749723434448242e+02 4.494257545471191406e+02 2.901089501380920410e+02 4.447559261322021484e+02 2.882562267780303955e+02 3.000000000000000000e+00
2.476531839370727539e+02 4.018933868408203125e+02 2.417626619338989258e+02 3.986037111282348633e+02 2.372528934478759766e+02 3.969517278671264648e+02 3.000000000000000000e+00
4.911837196350097656e+02 1.974966573715209961e+02 4.853929138183593750e+02 1.940823662281036377e+02 4.807390213012695312e+02 1.924311947822570801e+02 3.000000000000000000e+00
5.032350730895996094e+02 8.732957839965820312e+01 4.974505043029785156e+02 8.388722419738769531e+01 4.928471755981445312e+02 8.227751255035400391e+01 3.000000000000000000e+00
4.564320087432861328e+02 2.535961461067199707e+02 4.550431537628173828e+02 2.504959264397621155e+02 4.548111915588378906e+02 2.493692475557327271e+02 2.000000000000000000e+00
3.865859365463256836e+02 4.504633283615112305e+02 3.807230520248413086e+02 4.469495630264282227e+02 3.761513090133666992e+02 4.453385782241821289e+02 3.000000000000000000e+00
5.688704872131347656e+02 5.248063087463378906e+01 5.631541824340820312e+02 4.906411170959472656e+01 5.584370803833007812e+02 4.750516891479492188e+01 3.000000000000000000e+00
4.681837177276611328e+02 5.653605937957763672e+01 4.624656677246093750e+02 5.311238765716552734e+01 4.578041076660156250e+02 5.147578239440917969e+01 3.000000000000000000e+00
3.853501892089843750e+02 3.326952838897705078e+02 3.795835876464843750e+02 3.293833994865417480e+02 3.750047302246093750e+02 3.277045369148254395e+02 3.000000000000000000e+00
4.123523902893066406e+02 4.084449291229248047e+02 4.065632915496826172e+02 4.050584220886230469e+02 4.018183898925781250e+02 4.033369159698486328e+02 3.000000000000000000e+00
4.913011169433593750e+02 1.395109963417053223e+02 4.855031204223632812e+02 1.361367130279541016e+02 4.808439636230468750e+02 1.344498968124389648e+02 3.000000000000000000e+00
5.461760902404785156e+02 1.934752178192138672e+02 5.404808998107910156e+02 1.901364862918853760e+02 5.357468986511230469e+02 1.884564936161041260e+02 3.000000000000000000e+00
4.104686641693115234e+02 3.795162391662597656e+02 4.046348571777343750e+02 3.760835266113281250e+02 4.000950336456298828e+02 3.745337533950805664e+02 3.000000000000000000e+00
5.856699943542480469e+02 1.763314819335937500e+02 5.800856971740722656e+02 1.729538369178771973e+02 5.752838134765625000e+02 1.712658619880676270e+02 3.000000000000000000e+00
4.103784179687500000e+02 3.915951347351074219e+02 4.045442867279052734e+02 3.882383823394775391e+02 3.999275541305541992e+02 3.865843248367309570e+02 3.000000000000000000e+00
3.484515070915222168e+02 3.646718788146972656e+02 3.427728581428527832e+02 3.613282585144042969e+02 3.380579221248626709e+02 3.596962022781372070e+02 3.000000000000000000e+00
4.394503498077392578e+02 4.203733921051025391e+02 4.335950374603271484e+02 4.168630170822143555e+02 4.290953731536865234e+02 4.153455018997192383e+02 3.000000000000000000e+00
4.062758541107177734e+02 4.025228404998779297e+02 4.005220317840576172e+02 3.991948699951171875e+02 3.957810068130493164e+02 3.974622344970703125e+02 3.000000000000000000e+00
2.181729984283447266e+02 2.741090726852416992e+02 2.123702716827392578e+02 2.706771862506866455e+02 2.077065849304199219e+02 2.691321122646331787e+02 3.000000000000000000e+00
4.072994136810302734e+02 3.577240633964538574e+02 4.016130733489990234e+02 3.542811369895935059e+02 3.970279550552368164e+02 3.527204060554504395e+02 3.000000000000000000e+00
4.243619060516357422e+02 3.614851713180541992e+02 4.185343074798583984e+02 3.580958318710327148e+02 4.139477252960205078e+02 3.564022922515869141e+02 3.000000000000000000e+00
2.987760925292968750e+02 1.896564745903015137e+02 2.976770925521850586e+02 1.874560046195983887e+02 2.976189875602722168e+02 1.870679891109466553e+02 1.000000000000000000e+00
3.925133657455444336e+02 4.284933900833129883e+02 3.867689514160156250e+02 4.250245141983032227e+02 3.821777963638305664e+02 4.234450435638427734e+02 3.000000000000000000e+00
4.572972106933593750e+02 3.992687129974365234e+02 4.514621925354003906e+02 3.958389329910278320e+02 4.468247699737548828e+02 3.942026710510253906e+02 3.000000000000000000e+00
4.542577266693115234e+02 4.163361310958862305e+02 4.484656429290771484e+02 4.128386020660400391e+02 4.438784790039062500e+02 4.112908744812011719e+02 3.000000000000000000e+00
4.654196166992187500e+02 1.376187872886657715e+02 4.595530700683593750e+02 1.340841937065124512e+02 4.549445533752441406e+02 1.325978636741638184e+02 3.000000000000000000e+00
2.675139760971069336e+02 3.588561129570007324e+02 2.616979980468750000e+02 3.554783105850219727e+02 2.571698904037475586e+02 3.540162420272827148e+02 3.000000000000000000e+00
2.937615036964416504e+02 2.218128043413162231e+02 2.928087449073791504e+02 2.194117122888565063e+02 2.927935791015625000e+02 2.187509751319885254e+02 1.000000000000000000e+00
5.022947692871093750e+02 1.575628638267517090e+02 4.965074157714843750e+02 1.541337418556213379e+02 4.918532752990722656e+02 1.525229430198669434e+02 3.000000000000000000e+00
5.162915039062500000e+02 1.524774241447448730e+02 5.104987907409667969e+02 1.490510487556457520e+02 5.058552360534667969e+02 1.474621868133544922e+02 3.000000000000000000e+00
4.569991779327392578e+02 5.651268482208251953e+01 4.513410091400146484e+02 5.307417869567871094e+01 4.466998004913330078e+02 5.148782730102539062e+01 3.000000000000000000e+00
4.432886409759521484e+02 1.497495102882385254e+02 4.375148296356201172e+02 1.463039231300354004e+02 4.328526306152343750e+02 1.447512030601501465e+02 3.000000000000000000e+00
4.430314064025878906e+02 7.655094623565673828e+01 4.373677349090576172e+02 7.312743186950683594e+01 4.326043128967285156e+02 7.151726245880126953e+01 3.000000000000000000e+00
3.915711069107055664e+02 4.484336328506469727e+02 3.857152700424194336e+02 4.449365043640136719e+02 3.811217641830444336e+02 4.433683204650878906e+02 3.000000000000000000e+00
3.963737821578979492e+02 3.116627526283264160e+02 3.905791616439819336e+02 3.082832336425781250e+02 3.861006164550781250e+02 3.066364145278930664e+02 3.000000000000000000e+00
4.967358207702636719e+02 2.439476166665554047e+02 4.949711036682128906e+02 2.407074433006346226e+02 4.942852592468261719e+02 2.398921050969511271e+02 2.000000000000000000e+00
4.832921218872070312e+02 2.460486759245395660e+02 4.815727615356445312e+02 2.429140321165323257e+02 4.812105178833007812e+02 2.419911957532167435e+02 2.000000000000000000e+00
5.281112098693847656e+02 1.004437065124511719e+02 5.225802612304687500e+02 9.707460880279541016e+01 5.177310180664062500e+02 9.548739910125732422e+01 3.000000000000000000e+00
4.493415546417236328e+02 4.401952314376831055e+02 4.434969520568847656e+02 4.365992832183837891e+02 4.389783382415771484e+02 4.350383090972900391e+02 3.000000000000000000e+00
2.483795452117919922e+02 3.490092229843139648e+02 2.425804138183593750e+02 3.456506395339965820e+02 2.380190563201904297e+02 3.441071534156799316e+02 3.000000000000000000e+00
3.903075885772705078e+02 3.607614755630493164e+02 3.845970153808593750e+02 3.573175406455993652e+02 3.799559640884399414e+02 3.557454872131347656e+02 3.000000000000000000e+00
5.938372802734375000e+02 1.464133286476135254e+02 5.880678749084472656e+02 1.428993630409240723e+02 5.834375572204589844e+02 1.412003588676452637e+02 3.000000000000000000e+00
4.591514015197753906e+02 4.143258762359619141e+02 4.534658241271972656e+02 4.108199787139892578e+02 4.487629985809326172e+02 4.093004179000854492e+02 3.000000000000000000e+00
4.035124492645263672e+02 3.755092477798461914e+02 3.976899433135986328e+02 3.720676946640014648e+02 3.931322622299194336e+02 3.705034303665161133e+02 3.000000000000000000e+00
4.193607807159423828e+02 3.704518747329711914e+02 4.135324764251708984e+02 3.670413208007812500e+02 4.089874553680419922e+02 3.654257869720458984e+02 3.000000000000000000e+00
5.547848510742187500e+02 4.176902246475219727e+02 5.490034866333007812e+02 4.141903209686279297e+02 5.443084716796875000e+02 4.124693441390991211e+02 3.000000000000000000e+00
2.896920466423034668e+02 2.156639689207077026e+02 2.888776230812072754e+02 2.132830184698104858e+02 2.888569021224975586e+02 2.126987904310226440e+02 1.000000000000000000e+00
4.472965431213378906e+02 4.500938272476196289e+02 4.414760112762451172e+02 4.465667581558227539e+02 4.367539978027343750e+02 4.450294303894042969e+02 3.000000000000000000e+00
4.192805194854736328e+02 4.303013992309570312e+02 4.135439205169677734e+02 4.268031406402587891e+02 4.089360713958740234e+02 4.253172397613525391e+02 3.000000000000000000e+00
4.123509883880615234e+02 4.452319192886352539e+02 4.065777301788330078e+02 4.417852878570556641e+02 4.019647502899169922e+02 4.401791238784790039e+02 3.000000000000000000e+00
4.770661640167236328e+02 4.300702571868896484e+02 4.713510131835937500e+02 4.264663839340209961e+02 4.666480159759521484e+02 4.247915697097778320e+02 3.000000000000000000e+00
4.734515380859375000e+02 3.898359775543212891e+02 4.675160217285156250e+02 3.864075994491577148e+02 4.629851722717285156e+02 3.847242450714111328e+02 3.000000000000000000e+00
3.793952941894531250e+02 3.855684614181518555e+02 3.736565542221069336e+02 3.821254634857177734e+02 3.690126037597656250e+02 3.805047655105590820e+02 3.000000000000000000e+00
2.754434823989868164e+02 2.176616191864013672e+02 2.742552185058593750e+02 2.153042435646057129e+02 2.739018249511718750e+02 2.145435011386871338e+02 1.000000000000000000e+00
3.754576730728149414e+02 3.326611661911010742e+02 3.696403503417968750e+02 3.292763400077819824e+02 3.650885915756225586e+02 3.276108455657958984e+02 3.000000000000000000e+00
2.847901916503906250e+02 2.206236255168914795e+02 2.836543273925781250e+02 2.181585520505905151e+02 2.832462763786315918e+02 2.173406964540481567e+02 1.000000000000000000e+00
3.452141427993774414e+02 4.457572460174560547e+01 3.392739868164062500e+02 4.116046428680419922e+01 3.345879518985748291e+02 3.946685314178466797e+01 3.000000000000000000e+00
4.083753967285156250e+02 3.975932693481445312e+02 4.025084877014160156e+02 3.942374897003173828e+02 3.978480529785156250e+02 3.925518321990966797e+02 3.000000000000000000e+00
4.713479042053222656e+02 4.081470680236816406e+02 4.654797649383544922e+02 4.046649312973022461e+02 4.607368755340576172e+02 4.030926275253295898e+02 3.000000000000000000e+00
3.226238402724266052e+02 4.465350723266601562e+02 3.168132323026657104e+02 4.430842638015747070e+02 3.122469478845596313e+02 4.414814615249633789e+02 3.000000000000000000e+00
3.056866753101348877e+02 4.197509193420410156e+02 2.998543095588684082e+02 4.163301515579223633e+02 2.952308654785156250e+02 4.146915435791015625e+02 3.000000000000000000e+00
3.863954782485961914e+02 3.775696134567260742e+02 3.806434345245361328e+02 3.741130399703979492e+02 3.759985971450805664e+02 3.725388622283935547e+02 3.000000000000000000e+00
3.953879404067993164e+02 3.875743246078491211e+02 3.895924091339111328e+02 3.841215276718139648e+02 3.850096750259399414e+02 3.825188684463500977e+02 3.000000000000000000e+00
5.520827102661132812e+02 1.884191393852233887e+02 5.463455772399902344e+02 1.851261878013610840e+02 5.417021560668945312e+02 1.834522211551666260e+02 3.000000000000000000e+00
5.906964683532714844e+02 3.868103170394897461e+02 5.848084068298339844e+02 3.833538007736206055e+02 5.800825309753417969e+02 3.816193342208862305e+02 3.000000000000000000e+00
2.638936138153076172e+02 2.266004016995429993e+02 2.626712322235107422e+02 2.241174763441085815e+02 2.623785066604614258e+02 2.234368729591369629e+02 1.000000000000000000e+00
3.973033475875854492e+02 3.627292585372924805e+02 3.916159963607788086e+02 3.592845225334167480e+02 3.869637775421142578e+02 3.577192783355712891e+02 3.000000000000000000e+00
3.863888263702392578e+02 3.468365263938903809e+02 3.806317472457885742e+02 3.434711694717407227e+02 3.759972238540649414e+02 3.418470811843872070e+02 3.000000000000000000e+00
4.429687500000000000e+02 7.051880836486816406e+01 4.372453308105468750e+02 6.708928585052490234e+01 4.325847816467285156e+02 6.549932956695556641e+01 3.000000000000000000e+00
3.923673725128173828e+02 3.498738455772399902e+02 3.866071462631225586e+02 3.464957642555236816e+02 3.819646930694580078e+02 3.449043917655944824e+02 3.000000000000000000e+00
5.838007926940917969e+02 1.852878534793853760e+02 5.780927085876464844e+02 1.818883466720581055e+02 5.733378410339355469e+02 1.802008795738220215e+02 3.000000000000000000e+00
5.731101036071777344e+02 2.263795772194862366e+02 5.670678138732910156e+02 2.229480743408203125e+02 5.624905395507812500e+02 2.213849776983261108e+02 3.000000000000000000e+00
4.340359783172607422e+02 9.048346996307373047e+01 4.283963966369628906e+02 8.709583282470703125e+01 4.236743450164794922e+02 8.541586875915527344e+01 3.000000000000000000e+00
5.062984085083007812e+02 1.044818830490112305e+02 5.005305480957031250e+02 1.009924936294555664e+02 4.958766174316406250e+02 9.939106464385986328e+01 3.000000000000000000e+00
4.741092205047607422e+02 4.419248771667480469e+02 4.684082031250000000e+02 4.384220695495605469e+02 4.637636470794677734e+02 4.367062425613403320e+02 3.000000000000000000e+00
4.033312416076660156e+02 3.577640748023986816e+02 3.976503610610961914e+02 3.543389940261840820e+02 3.930570697784423828e+02 3.527530574798583984e+02 3.000000000000000000e+00
5.181088256835937500e+02 1.674954628944396973e+02 5.124265098571777344e+02 1.641090989112854004e+02 5.078320884704589844e+02 1.624841237068176270e+02 3.000000000000000000e+00
4.173365211486816406e+02 4.422694873809814453e+02 4.116057491302490234e+02 4.387835168838500977e+02 4.069650936126708984e+02 4.371613311767578125e+02 3.000000000000000000e+00
5.919458580017089844e+02 2.183202195167541504e+02 5.860276603698730469e+02 2.149123835563659668e+02 5.814202308654785156e+02 2.132718944549560547e+02 3.000000000000000000e+00
4.619900512695312500e+02 6.054332256317138672e+01 4.563387203216552734e+02 5.705373287200927734e+01 4.516221904754638672e+02 5.548131465911865234e+01 3.000000000000000000e+00
5.027784729003906250e+02 2.503247532248497009e+02 5.009718704223632812e+02 2.472557070851325989e+02 5.003122329711914062e+02 2.462487950921058655e+02 2.000000000000000000e+00
4.064477252960205078e+02 3.795624732971191406e+02 4.006123065948486328e+02 3.761060571670532227e+02 3.960495901107788086e+02 3.745695018768310547e+02 3.000000000000000000e+00
5.120900344848632812e+02 1.675124144554138184e+02 5.063995742797851562e+02 1.641249060630798340e+02 5.018255615234375000e+02 1.624947023391723633e+02 3.000000000000000000e+00
4.453320312500000000e+02 4.073389005661010742e+02 4.394949626922607422e+02 4.039002513885498047e+02 4.349522113800048828e+02 4.023202943801879883e+02 3.000000000000000000e+00
5.599896240234375000e+02 1.573498964309692383e+02 5.542470169067382812e+02 1.540663433074951172e+02 5.494790649414062500e+02 1.524125933647155762e+02 3.000000000000000000e+00
4.343379497528076172e+02 3.783752775192260742e+02 4.285168743133544922e+02 3.750202703475952148e+02 4.238670063018798828e+02 3.733176612854003906e+02 3.000000000000000000e+00
5.041478538513183594e+02 4.328461647033691406e+02 4.981921195983886719e+02 4.293555021286010742e+02 4.935776138305664062e+02 4.276906585693359375e+02 3.000000000000000000e+00
3.874192810058593750e+02 3.568565154075622559e+02 3.816640949249267578e+02 3.534291458129882812e+02 3.770369863510131836e+02 3.518129611015319824e+02 3.000000000000000000e+00
4.512571144104003906e+02 3.054039645195007324e+02 4.454265499114990234e+02 3.021237230300903320e+02 4.408037757873535156e+02 3.002817392349243164e+02 3.000000000000000000e+00
4.647061157226562500e+02 2.603156143426895142e+02 4.630481910705566406e+02 2.570466309785842896e+02 4.625190448760986328e+02 2.558679360151290894e+02 2.000000000000000000e+00
3.765061664581298828e+02 4.383582544326782227e+02 3.707205200195312500e+02 4.348769044876098633e+02 3.661725473403930664e+02 4.332772922515869141e+02 3.000000000000000000e+00
3.744617938995361328e+02 3.556891536712646484e+02 3.686606740951538086e+02 3.522867465019226074e+02 3.641218900680541992e+02 3.506326961517333984e+02 3.000000000000000000e+00
5.898144531250000000e+02 5.140776157379150391e+01 5.839998817443847656e+02 4.795782566070556641e+01 5.793163490295410156e+02 4.635722637176513672e+01 3.000000000000000000e+00
4.651943969726562500e+02 1.555519652366638184e+02 4.595163249969482422e+02 1.521208906173706055e+02 4.548426532745361328e+02 1.504221439361572266e+02 3.000000000000000000e+00
3.285462039709091187e+02 3.818593454360961914e+02 3.228423768281936646e+02 3.783597421646118164e+02 3.182364501059055328e+02 3.768037748336791992e+02 3.000000000000000000e+00
5.041204643249511719e+02 4.853884220123291016e+01 4.983656311035156250e+02 4.509930610656738281e+01 4.936229324340820312e+02 4.347247123718261719e+01 3.000000000000000000e+00
2.096650505065917969e+02 4.370760297775268555e+02 2.037270164489746094e+02 4.336482095718383789e+02 1.991979694366455078e+02 4.321930360794067383e+02 3.000000000000000000e+00
2.292649841308593750e+02 2.741113901138305664e+02 2.234135913848876953e+02 2.706951606273651123e+02 2.187828636169433594e+02 2.691254281997680664e+02 3.000000000000000000e+00
6.090444374084472656e+02 1.337996435165405273e+02 6.032002067565917969e+02 1.304272985458374023e+02 5.985503578186035156e+02 1.288644075393676758e+02 3.000000000000000000e+00
1.935561847686767578e+02 1.851143932342529297e+02 1.942354679107666016e+02 1.827550613880157471e+02 1.955836582183837891e+02 1.824851810932159424e+02 1.000000000000000000e+00
5.916448974609375000e+02 3.907590436935424805e+02 5.857769203186035156e+02 3.873115253448486328e+02 5.809939575195312500e+02 3.855691909790039062e+02 3.000000000000000000e+00
3.524453735351562500e+02 3.636490488052368164e+02 3.467354440689086914e+02 3.602856159210205078e+02 3.420749211311340332e+02 3.586671781539916992e+02 3.000000000000000000e+00
4.134206295013427734e+02 4.194068098068237305e+02 4.076112365722656250e+02 4.159220409393310547e+02 4.030133342742919922e+02 4.142911720275878906e+02 3.000000000000000000e+00
4.821382713317871094e+02 4.156763076782226562e+01 4.764606666564941406e+02 3.816677570343017578e+01 4.717419147491455078e+02 3.657194137573242188e+01 3.000000000000000000e+00
3.813595914840698242e+02 3.387205553054809570e+02 3.755558156967163086e+02 3.354236197471618652e+02 3.709973478317260742e+02 3.337176561355590820e+02 3.000000000000000000e+00
4.533195209503173828e+02 4.003436422348022461e+02 4.474739742279052734e+02 3.968837070465087891e+02 4.428832435607910156e+02 3.952753973007202148e+02 3.000000000000000000e+00
2.047360992431640625e+02 4.310551786422729492e+02 1.988600158691406250e+02 4.275807237625122070e+02 1.942316913604736328e+02 4.261278820037841797e+02 3.000000000000000000e+00
4.203966045379638672e+02 3.345416593551635742e+02 4.145408058166503906e+02 3.311459684371948242e+02 4.100486755371093750e+02 3.294956731796264648e+02 3.000000000000000000e+00
2.105514621734619141e+02 4.471335840225219727e+02 2.047740936279296875e+02 4.436479282379150391e+02 2.001992797851562500e+02 4.421181678771972656e+02 3.000000000000000000e+00
5.938584709167480469e+02 2.223864126205444336e+02 5.880062294006347656e+02 2.189351499080657959e+02 5.833587074279785156e+02 2.173768758773803711e+02 3.000000000000000000e+00
5.498965454101562500e+02 3.601715469360351562e+02 5.439796257019042969e+02 3.566373038291931152e+02 5.393359375000000000e+02 3.549177002906799316e+02 3.000000000000000000e+00
3.426014709472656250e+02 4.016659641265869141e+02 3.368649291992187500e+02 3.983166933059692383e+02 3.323040473461151123e+02 3.965707540512084961e+02 3.000000000000000000e+00
4.331113338470458984e+02 7.347696304321289062e+01 4.274180030822753906e+02 7.008687973022460938e+01 4.227386474609375000e+02 6.844180583953857422e+01 3.000000000000000000e+00
4.763577556610107422e+02 4.221733474731445312e+02 4.704053401947021484e+02 4.185444974899291992e+02 4.657894039154052734e+02 4.169186210632324219e+02 3.000000000000000000e+00
5.102906227111816406e+02 1.444728469848632812e+02 5.044804763793945312e+02 1.410767769813537598e+02 4.998408889770507812e+02 1.394109749794006348e+02 3.000000000000000000e+00
4.293934059143066406e+02 3.614859724044799805e+02 4.235357952117919922e+02 3.581234192848205566e+02 4.189535236358642578e+02 3.563779020309448242e+02 3.000000000000000000e+00
4.162644100189208984e+02 6.153845787048339844e+01 4.103863811492919922e+02 5.816019058227539062e+01 4.057879924774169922e+02 5.647328853607177734e+01 3.000000000000000000e+00
4.862713623046875000e+02 4.655280590057373047e+01 4.803778648376464844e+02 4.308189868927001953e+01 4.756843280792236328e+02 4.153847694396972656e+01 3.000000000000000000e+00
3.842430114746093750e+02 3.007938909530639648e+02 3.785068368911743164e+02 2.974450707435607910e+02 3.738956308364868164e+02 2.957688331604003906e+02 3.000000000000000000e+00
5.392211341857910156e+02 3.719931364059448242e+02 5.334091758728027344e+02 3.685212421417236328e+02 5.287342643737792969e+02 3.667832422256469727e+02 3.000000000000000000e+00
4.173632240295410156e+02 4.482382249832153320e+02 4.115912532806396484e+02 4.447577619552612305e+02 4.069726276397705078e+02 4.430971813201904297e+02 3.000000000000000000e+00
4.383547401428222656e+02 3.793652772903442383e+02 4.325615596771240234e+02 3.760149335861206055e+02 4.278736591339111328e+02 3.743349981307983398e+02 3.000000000000000000e+00
4.113191223144531250e+02 4.412661552429199219e+02 4.055828571319580078e+02 4.377963066101074219e+02 4.009655475616455078e+02 4.361999988555908203e+02 3.000000000000000000e+00
2.254386901855468750e+02 2.153707712888717651e+02 2.251666545867919922e+02 2.129734486341476440e+02 2.258611869812011719e+02 2.126719343662261963e+02 1.000000000000000000e+00
1.877716159820556641e+02 4.281979751586914062e+02 1.820969486236572266e+02 4.246936082839965820e+02 1.773748588562011719e+02 4.232006692886352539e+02 3.000000000000000000e+00
4.490491676330566406e+02 6.046566009521484375e+01 4.433216285705566406e+02 5.700077533721923828e+01 4.386666870117187500e+02 5.547851085662841797e+01 3.000000000000000000e+00
4.612668800354003906e+02 3.910618686676025391e+02 4.554301452636718750e+02 3.876049232482910156e+02 4.508201599121093750e+02 3.859652423858642578e+02 3.000000000000000000e+00
3.231524354219436646e+02 1.819828748703002930e+02 3.218163147568702698e+02 1.800113654136657715e+02 3.214287415146827698e+02 1.797413420677185059e+02 1.000000000000000000e+00
4.542778301239013672e+02 3.764013147354125977e+02 4.485059261322021484e+02 3.728926420211791992e+02 4.438141536712646484e+02 3.712428331375122070e+02 3.000000000000000000e+00
4.540362548828125000e+02 4.847312450408935547e+01 4.483966732025146484e+02 4.511760234832763672e+01 4.436850643157958984e+02 4.348238468170166016e+01 3.000000000000000000e+00
5.978403282165527344e+02 6.041052818298339844e+01 5.919783401489257812e+02 5.696043491363525391e+01 5.873464393615722656e+02 5.541975975036621094e+01 3.000000000000000000e+00
3.844066190719604492e+02 3.826035833358764648e+02 3.786714792251586914e+02 3.791188144683837891e+02 3.740318298339843750e+02 3.775184440612792969e+02 3.000000000000000000e+00
3.091268920898437500e+02 1.721081542968750000e+02 3.077375185489654541e+02 1.701373386383056641e+02 3.077552187442779541e+02 1.699469089508056641e+02 1.000000000000000000e+00
3.816785001754760742e+02 4.586559247970581055e+02 3.759292936325073242e+02 4.551498270034790039e+02 3.713187551498413086e+02 4.535032510757446289e+02 3.000000000000000000e+00
4.362853431701660156e+02 5.853571414947509766e+01 4.305412006378173828e+02 5.511998176574707031e+01 4.258459472656250000e+02 5.346868515014648438e+01 3.000000000000000000e+00
5.895458412170410156e+02 3.798295927047729492e+02 5.836864662170410156e+02 3.763525772094726562e+02 5.790180778503417969e+02 3.746178102493286133e+02 3.000000000000000000e+00
5.579164505004882812e+02 2.005102837085723877e+02 5.521397209167480469e+02 1.970200037956237793e+02 5.473892211914062500e+02 1.954772150516510010e+02 3.000000000000000000e+00
1.867973423004150391e+02 4.142061853408813477e+02 1.810318851470947266e+02 4.107455492019653320e+02 1.763243579864501953e+02 4.092068624496459961e+02 3.000000000000000000e+00
4.013553810119628906e+02 3.995722389221191406e+02 3.955622243881225586e+02 3.962306642532348633e+02 3.908988332748413086e+02 3.945225048065185547e+02 3.000000000000000000e+00
1.846503257751464844e+02 4.530646848678588867e+02 1.789406108856201172e+02 4.496450614929199219e+02 1.742357349395751953e+02 4.481120681762695312e+02 3.000000000000000000e+00
4.164274597167968750e+02 3.355670499801635742e+02 4.105352497100830078e+02 3.321732258796691895e+02 4.060144996643066406e+02 3.304528570175170898e+02 3.000000000000000000e+00
3.893601989746093750e+02 3.296563768386840820e+02 3.836069059371948242e+02 3.263315176963806152e+02 3.790410184860229492e+02 3.246597003936767578e+02 3.000000000000000000e+00
4.778521442413330078e+02 9.355201721191406250e+01 4.724195003509521484e+02 9.018174648284912109e+01 4.675390338897705078e+02 8.854074954986572266e+01 3.000000000000000000e+00
4.273476600646972656e+02 4.233849620819091797e+02 4.215925025939941406e+02 4.198728990554809570e+02 4.170419979095458984e+02 4.183353996276855469e+02 3.000000000000000000e+00
4.224165058135986328e+02 3.415440702438354492e+02 4.165596294403076172e+02 3.381739568710327148e+02 4.120491027832031250e+02 3.365057730674743652e+02 3.000000000000000000e+00
2.155010318756103516e+02 4.001265907287597656e+02 2.097101879119873047e+02 3.966713619232177734e+02 2.051049137115478516e+02 3.952277326583862305e+02 3.000000000000000000e+00
5.143483924865722656e+02 2.552783364057540894e+02 5.125133132934570312e+02 2.521577310562133789e+02 5.116546058654785156e+02 2.510031741857528687e+02 2.000000000000000000e+00
4.233973693847656250e+02 3.575589036941528320e+02 4.175639343261718750e+02 3.541669034957885742e+02 4.129274940490722656e+02 3.524259066581726074e+02 3.000000000000000000e+00
4.324599933624267578e+02 3.485604929924011230e+02 4.266051673889160156e+02 3.451560759544372559e+02 4.221928119659423828e+02 3.435538959503173828e+02 3.000000000000000000e+00
4.490645122528076172e+02 5.643266201019287109e+01 4.433965778350830078e+02 5.303714275360107422e+01 4.387471675872802734e+02 5.147791385650634766e+01 3.000000000000000000e+00
4.423070049285888672e+02 4.431064796447753906e+02 4.364734554290771484e+02 4.395799684524536133e+02 4.318071651458740234e+02 4.380026292800903320e+02 3.000000000000000000e+00
4.602038002014160156e+02 4.092818355560302734e+02 4.544947528839111328e+02 4.058189821243286133e+02 4.498089885711669922e+02 4.042686223983764648e+02 3.000000000000000000e+00
4.460327434539794922e+02 6.449398040771484375e+01 4.403004741668701172e+02 6.101311683654785156e+01 4.355867671966552734e+02 5.949995040893554688e+01 3.000000000000000000e+00
4.662588214874267578e+02 2.933769249916076660e+02 4.604766559600830078e+02 2.900318026542663574e+02 4.557500362396240234e+02 2.882822585105895996e+02 3.000000000000000000e+00
2.375861167907714844e+02 1.900301778316497803e+02 2.376943016052246094e+02 1.877205169200897217e+02 2.386628437042236328e+02 1.875785207748413086e+02 1.000000000000000000e+00
2.996069335937500000e+02 4.067711877822875977e+02 2.937768554687500000e+02 4.033804464340209961e+02 2.891784358024597168e+02 4.017682886123657227e+02 3.000000000000000000e+00
5.122975540161132812e+02 1.565355777740478516e+02 5.064831542968750000e+02 1.530983090400695801e+02 5.018936157226562500e+02 1.515222716331481934e+02 3.000000000000000000e+00
5.151917076110839844e+02 2.404954528994858265e+02 5.132285881042480469e+02 2.374177549034357071e+02 5.125006103515625000e+02 2.364160307496786118e+02 2.000000000000000000e+00
4.073094463348388672e+02 4.074774885177612305e+02 4.015629005432128906e+02 4.041278743743896484e+02 3.968015766143798828e+02 4.023927640914916992e+02 3.000000000000000000e+00
3.514656686782836914e+02 3.518182110786437988e+02 3.457394719123840332e+02 3.482977366447448730e+02 3.410189509391784668e+02 3.467403030395507812e+02 3.000000000000000000e+00
4.123676490783691406e+02 7.449637413024902344e+01 4.064948749542236328e+02 7.107672214508056641e+01 4.019063472747802734e+02 6.947313308715820312e+01 3.000000000000000000e+00
5.977708816528320312e+02 2.302421718835830688e+02 5.919540405273437500e+02 2.268276053667068481e+02 5.872404289245605469e+02 2.252192983031272888e+02 3.000000000000000000e+00
