4.450121784210205078e+02 3.846973085403442383e+02 4.477237892150878906e+02 3.842645072937011719e+02 4.554289913177490234e+02 3.851784181594848633e+02 3.000000000000000000e+00
3.055450439453125000e+02 3.872773504257202148e+02 3.078200984001159668e+02 3.870243358612060547e+02 3.146587216854095459e+02 3.878734874725341797e+02 3.000000000000000000e+00
3.536059880256652832e+02 3.233663034439086914e+02 3.559004831314086914e+02 3.230291175842285156e+02 3.628824472427368164e+02 3.241421270370483398e+02 2.000000000000000000e+00
4.490777015686035156e+02 4.190890359878540039e+02 4.512490272521972656e+02 4.188051795959472656e+02 4.580672645568847656e+02 4.199831628799438477e+02 3.000000000000000000e+00
4.488642597198486328e+02 4.074365329742431641e+02 4.512171936035156250e+02 4.071096324920654297e+02 4.582612323760986328e+02 4.082878446578979492e+02 3.000000000000000000e+00
4.407902526855468750e+02 4.323873424530029297e+02 4.429482460021972656e+02 4.321955108642578125e+02 4.497319316864013672e+02 4.334093427658081055e+02 3.000000000000000000e+00
4.261555194854736328e+02 4.349544525146484375e+02 4.283323669433593750e+02 4.346966314315795898e+02 4.351199340820312500e+02 4.358496809005737305e+02 3.000000000000000000e+00
4.273256206512451172e+02 3.277800679206848145e+02 4.297308635711669922e+02 3.275635457038879395e+02 4.367152118682861328e+02 3.287743592262268066e+02 2.000000000000000000e+00
4.321412086486816406e+02 4.359306192398071289e+02 4.342890357971191406e+02 4.356856727600097656e+02 4.410426998138427734e+02 4.368810224533081055e+02 3.000000000000000000e+00
4.249459838867187500e+02 3.972092056274414062e+02 4.271663856506347656e+02 3.968896007537841797e+02 4.340955543518066406e+02 3.980542373657226562e+02 3.000000000000000000e+00
4.572086524963378906e+02 2.976236307621002197e+02 4.594575214385986328e+02 2.973642611503601074e+02 4.665629863739013672e+02 2.984248387813568115e+02 2.000000000000000000e+00
1.398979187011718750e+01 4.024442195892333984e+02 1.648946762084960938e+01 4.022546195983886719e+02 2.384120941162109375e+01 4.024862194061279297e+02 3.000000000000000000e+00
4.218971538543701172e+02 3.600841999053955078e+02 4.241805171966552734e+02 3.598037195205688477e+02 4.310916805267333984e+02 3.608631992340087891e+02 3.000000000000000000e+00
3.481188368797302246e+02 3.932511949539184570e+02 3.502719116210937500e+02 3.929343366622924805e+02 3.571062636375427246e+02 3.938617944717407227e+02 3.000000000000000000e+00
3.442261672019958496e+02 3.005470633506774902e+02 3.465443420410156250e+02 3.002613544464111328e+02 3.535291743278503418e+02 3.012648653984069824e+02 2.000000000000000000e+00
3.114865416288375854e+02 3.933673524856567383e+02 3.137618714570999146e+02 3.931688976287841797e+02 3.206052856519818306e+02 3.939714145660400391e+02 3.000000000000000000e+00
4.216906738281250000e+02 3.823379230499267578e+02 4.239811420440673828e+02 3.820560693740844727e+02 4.307773494720458984e+02 3.832139396667480469e+02 3.000000000000000000e+00
4.420546245574951172e+02 4.236788749694824219e+02 4.441573810577392578e+02 4.235024213790893555e+02 4.509888648986816406e+02 4.246783876419067383e+02 3.000000000000000000e+00
4.493920040130615234e+02 3.644707345962524414e+02 4.516094970703125000e+02 3.642590761184692383e+02 4.585484981536865234e+02 3.653485822677612305e+02 3.000000000000000000e+00
5.808428382873535156e+02 2.327617795765399933e+02 5.818284416198730469e+02 2.320349577069282532e+02 5.874665641784667969e+02 2.327081143856048584e+02 1.000000000000000000e+00
5.450161743164062500e+02 2.345950010418891907e+02 5.459796714782714844e+02 2.338222651183605194e+02 5.513454055786132812e+02 2.345298613607883453e+02 1.000000000000000000e+00
4.369982910156250000e+02 3.937225484848022461e+02 4.393163490295410156e+02 3.934131002426147461e+02 4.461927223205566406e+02 3.946232700347900391e+02 3.000000000000000000e+00
3.190939025580883026e+02 4.007296514511108398e+02 3.213659058511257172e+02 4.005350732803344727e+02 3.282846683263778687e+02 4.014008903503417969e+02 3.000000000000000000e+00
1.599948883056640625e+01 4.165659570693969727e+02 1.844316482543945312e+01 4.162580680847167969e+02 2.585004806518554688e+01 4.165967845916748047e+02 3.000000000000000000e+00
4.315008831024169922e+02 3.056077909469604492e+02 4.338375854492187500e+02 3.053891301155090332e+02 4.409128475189208984e+02 3.065204787254333496e+02 2.000000000000000000e+00
5.015837478637695312e+02 2.540611124038696289e+02 5.024257278442382812e+02 2.533393254876136780e+02 5.077533340454101562e+02 2.540586858987808228e+02 1.000000000000000000e+00
4.511869525909423828e+02 3.027699279785156250e+02 4.534451007843017578e+02 3.025291442871093750e+02 4.605268573760986328e+02 3.035810279846191406e+02 2.000000000000000000e+00
4.329462909698486328e+02 2.972399032115936279e+02 4.352526283264160156e+02 2.970055568218231201e+02 4.423944091796875000e+02 2.981332111358642578e+02 2.000000000000000000e+00
4.252869606018066406e+02 2.989614272117614746e+02 4.275607299804687500e+02 2.987595534324645996e+02 4.346743202209472656e+02 2.999245333671569824e+02 2.000000000000000000e+00
4.441088294982910156e+02 4.012115621566772461e+02 4.466995906829833984e+02 4.007885885238647461e+02 4.539464473724365234e+02 4.020312881469726562e+02 3.000000000000000000e+00
4.233968257904052734e+02 3.891359281539916992e+02 4.256463623046875000e+02 3.888180685043334961e+02 4.325108337402343750e+02 3.900167369842529297e+02 3.000000000000000000e+00
4.998161315917968750e+01 3.278263878822326660e+02 5.236183166503906250e+01 3.275510573387145996e+02 5.969770431518554688e+01 3.280981492996215820e+02 3.000000000000000000e+00
3.755942106246948242e+02 3.820160865783691406e+02 3.777131652832031250e+02 3.816424369812011719e+02 3.847119140625000000e+02 3.827620983123779297e+02 3.000000000000000000e+00
5.654428672790527344e+02 2.488206329941749573e+02 5.663364219665527344e+02 2.480330049991607666e+02 5.718397331237792969e+02 2.488404393196105957e+02 1.000000000000000000e+00
4.430702877044677734e+02 3.054046368598937988e+02 4.453710079193115234e+02 3.051299500465393066e+02 4.524308204650878906e+02 3.062202215194702148e+02 2.000000000000000000e+00
5.051960754394531250e+02 2.221613001823425293e+02 5.059538078308105469e+02 2.213550245761871338e+02 5.114613342285156250e+02 2.220689839124679565e+02 1.000000000000000000e+00
4.219433021545410156e+02 3.744569492340087891e+02 4.242544555664062500e+02 3.742298698425292969e+02 4.310299968719482422e+02 3.753289890289306641e+02 3.000000000000000000e+00
3.933902311325073242e+02 3.001518273353576660e+02 3.956764221191406250e+02 2.998555040359497070e+02 4.028838253021240234e+02 3.009563040733337402e+02 2.000000000000000000e+00
3.613676452636718750e+02 3.200206375122070312e+02 3.637542438507080078e+02 3.197504639625549316e+02 3.706707763671875000e+02 3.207387113571166992e+02 2.000000000000000000e+00
3.979164123535156250e+02 4.103696393966674805e+02 4.001158142089843750e+02 4.101410293579101562e+02 4.069699382781982422e+02 4.112392044067382812e+02 3.000000000000000000e+00
5.743567466735839844e+02 2.511158609390258789e+02 5.754625892639160156e+02 2.504337161779403687e+02 5.807252311706542969e+02 2.511362162232398987e+02 1.000000000000000000e+00
5.782644653320312500e+02 2.505192571878433228e+02 5.795588493347167969e+02 2.498578038811683655e+02 5.847893142700195312e+02 2.505547794699668884e+02 1.000000000000000000e+00
4.331324195861816406e+02 3.284178185462951660e+02 4.355145263671875000e+02 3.281288194656372070e+02 4.425129985809326172e+02 3.293249559402465820e+02 2.000000000000000000e+00
4.440241432189941406e+02 3.921112203598022461e+02 4.466526508331298828e+02 3.916350460052490234e+02 4.541554927825927734e+02 3.925536918640136719e+02 3.000000000000000000e+00
4.411617183685302734e+02 3.310854220390319824e+02 4.435389709472656250e+02 3.307989549636840820e+02 4.505374145507812500e+02 3.319735479354858398e+02 2.000000000000000000e+00
3.980800628662109375e+01 3.216580224037170410e+02 4.230844497680664062e+01 3.214929270744323730e+02 4.956903457641601562e+01 3.219166016578674316e+02 3.000000000000000000e+00
3.298700332641601562e+01 4.192083549499511719e+02 3.543085098266601562e+01 4.184720277786254883e+02 4.275024414062500000e+01 4.193058586120605469e+02 3.000000000000000000e+00
4.301719379425048828e+02 3.931865358352661133e+02 4.324385070800781250e+02 3.928736686706542969e+02 4.393061828613281250e+02 3.940554857254028320e+02 3.000000000000000000e+00
5.665997886657714844e+02 2.554743969440460205e+02 5.675371170043945312e+02 2.546446537971496582e+02 5.729841423034667969e+02 2.555152595043182373e+02 1.000000000000000000e+00
5.320307731628417969e+02 2.832300746440887451e+02 5.331665611267089844e+02 2.826055920124053955e+02 5.389465904235839844e+02 2.834960961341857910e+02 1.000000000000000000e+00
1.980606079101562500e+01 2.903450953960418701e+02 2.250061035156250000e+01 2.900474560260772705e+02 2.984676361083984375e+01 2.907588207721710205e+02 3.000000000000000000e+00
5.343221473693847656e+02 2.361176146566867828e+02 5.350897789001464844e+02 2.353538207709789276e+02 5.405074501037597656e+02 2.360496519505977631e+02 1.000000000000000000e+00
5.602241516113281250e+01 2.541685035824775696e+02 5.839727401733398438e+01 2.538309788703918457e+02 6.581827163696289062e+01 2.545802316069602966e+02 3.000000000000000000e+00
4.932062149047851562e+02 2.369931332767009735e+02 4.940527915954589844e+02 2.362218014895915985e+02 4.994038772583007812e+02 2.369107054173946381e+02 1.000000000000000000e+00
5.339162063598632812e+02 2.478302156925201416e+02 5.341423416137695312e+02 2.471040196716785431e+02 5.395874023437500000e+02 2.478242039680480957e+02 1.000000000000000000e+00
3.611873626708984375e+01 2.400006408691842807e+02 3.850254058837890625e+01 2.396631927229464054e+02 4.588859558105468750e+01 2.403598938044160604e+02 3.000000000000000000e+00
5.283056640625000000e+02 2.357172694802284241e+02 5.290784263610839844e+02 2.349768519401550293e+02 5.344437217712402344e+02 2.356671752035617828e+02 1.000000000000000000e+00
5.443038940429687500e+01 2.897345924377441406e+02 5.677572250366210938e+01 2.894699442386627197e+02 6.411273956298828125e+01 2.901321423053741455e+02 3.000000000000000000e+00
4.955774879455566406e+02 2.306237939000129700e+02 4.963917922973632812e+02 2.298272395133972168e+02 5.018170166015625000e+02 2.305411675572395325e+02 1.000000000000000000e+00
3.283915710449218750e+02 2.742635822296142578e+02 3.306921386718750000e+02 2.740507507324218750e+02 3.376906132698059082e+02 2.748118615150451660e+02 2.000000000000000000e+00
3.492669081687927246e+02 3.863096666336059570e+02 3.513938593864440918e+02 3.859910631179809570e+02 3.582222914695739746e+02 3.869433975219726562e+02 3.000000000000000000e+00
3.876961994171142578e+02 4.095640897750854492e+02 3.898371267318725586e+02 4.094463586807250977e+02 3.967144155502319336e+02 4.104998874664306641e+02 3.000000000000000000e+00
5.929003906250000000e+02 2.402723694127053022e+02 5.938573074340820312e+02 2.394618987478315830e+02 5.996092605590820312e+02 2.402738494891673326e+02 1.000000000000000000e+00
5.086630821228027344e+02 2.311698451638221741e+02 5.094811820983886719e+02 2.303347313404083252e+02 5.148971557617187500e+02 2.310760644078254700e+02 1.000000000000000000e+00
3.362968146800994873e+02 3.593205928802490234e+02 3.385487067699432373e+02 3.589670777320861816e+02 3.454570627212524414e+02 3.598735713958740234e+02 3.000000000000000000e+00
5.121524620056152344e+02 2.462741701304912567e+02 5.129260253906250000e+02 2.455026707053184509e+02 5.183415603637695312e+02 2.462684176862239838e+02 1.000000000000000000e+00
5.123534584045410156e+02 2.520632180571556091e+02 5.131476402282714844e+02 2.513291636109352112e+02 5.185415077209472656e+02 2.520713201165199280e+02 1.000000000000000000e+00
3.597515106201171875e+01 3.093858361244201660e+02 3.842628479003906250e+01 3.092833900451660156e+02 4.577070236206054688e+01 3.096649503707885742e+02 3.000000000000000000e+00
3.174097898602485657e+02 3.924756002426147461e+02 3.196729125827550888e+02 3.922716379165649414e+02 3.265619510412216187e+02 3.931115484237670898e+02 3.000000000000000000e+00
5.369915199279785156e+02 2.341234128177165985e+02 5.378197669982910156e+02 2.333511351048946381e+02 5.433282470703125000e+02 2.340360407531261444e+02 1.000000000000000000e+00
5.314991569519042969e+02 2.341388086974620819e+02 5.323261070251464844e+02 2.333335568010807037e+02 5.376540565490722656e+02 2.340287473797798157e+02 1.000000000000000000e+00
4.403003883361816406e+02 3.672274875640869141e+02 4.423331642150878906e+02 3.669388818740844727e+02 4.493202209472656250e+02 3.680403184890747070e+02 3.000000000000000000e+00
4.441040325164794922e+02 2.997005653381347656e+02 4.463907146453857422e+02 2.994410133361816406e+02 4.534523010253906250e+02 3.005178880691528320e+02 2.000000000000000000e+00
4.473724079132080078e+02 4.346142625808715820e+02 4.495561218261718750e+02 4.344233179092407227e+02 4.563674354553222656e+02 4.356017303466796875e+02 3.000000000000000000e+00
4.376003742218017578e+02 3.086142039299011230e+02 4.399640560150146484e+02 3.083557176589965820e+02 4.470439147949218750e+02 3.094280719757080078e+02 2.000000000000000000e+00
5.736316490173339844e+02 2.407691803202033043e+02 5.745283317565917969e+02 2.400697937048971653e+02 5.800500488281250000e+02 2.407243042252957821e+02 1.000000000000000000e+00
4.164022541046142578e+02 4.279245042800903320e+02 4.186603069305419922e+02 4.276584005355834961e+02 4.255561542510986328e+02 4.286929750442504883e+02 3.000000000000000000e+00
2.046941757202148438e+01 3.109212398529052734e+02 2.293365478515625000e+01 3.108176279067993164e+02 3.027462005615234375e+01 3.112775588035583496e+02 3.000000000000000000e+00
5.816024780273437500e+02 2.511698001623153687e+02 5.828675651550292969e+02 2.504794925451278687e+02 5.882438468933105469e+02 2.512304994463920593e+02 1.000000000000000000e+00
5.810969352722167969e+02 2.547154086828231812e+02 5.824381828308105469e+02 2.540735480189323425e+02 5.877486610412597656e+02 2.547862860560417175e+02 1.000000000000000000e+00
5.701428794860839844e+02 2.292919912934303284e+02 5.709319496154785156e+02 2.285355833172798157e+02 5.766183471679687500e+02 2.292177727818489075e+02 1.000000000000000000e+00
2.714252328872680664e+02 3.642252588272094727e+02 2.735964345932006836e+02 3.639030504226684570e+02 2.805988764762878418e+02 3.647124052047729492e+02 3.000000000000000000e+00
3.941789627075195312e+01 2.510685127973556519e+02 4.181150436401367188e+01 2.507316139340400696e+02 4.924379348754882812e+01 2.514630746841430664e+02 3.000000000000000000e+00
4.522629070281982422e+02 4.133238887786865234e+02 4.544888019561767578e+02 4.129690361022949219e+02 4.613055706024169922e+02 4.142542219161987305e+02 3.000000000000000000e+00
2.622915935516357422e+02 3.711570453643798828e+02 2.644909048080444336e+02 3.708384418487548828e+02 2.714480876922607422e+02 3.716754770278930664e+02 3.000000000000000000e+00
5.752888298034667969e+02 2.500287938117980957e+02 5.765084838867187500e+02 2.493677222728729248e+02 5.817729568481445312e+02 2.500621649622917175e+02 1.000000000000000000e+00
4.621685028076171875e+01 4.131984901428222656e+02 4.866550445556640625e+01 4.125800514221191406e+02 5.583675384521484375e+01 4.134840774536132812e+02 3.000000000000000000e+00
3.860016775131225586e+02 3.833685922622680664e+02 3.881790494918823242e+02 3.830959796905517578e+02 3.951232910156250000e+02 3.840953493118286133e+02 3.000000000000000000e+00
5.036321640014648438e+01 3.148559331893920898e+02 5.275426864624023438e+01 3.144696664810180664e+02 6.021198272705078125e+01 3.150997638702392578e+02 3.000000000000000000e+00
2.666013765335083008e+02 3.877217245101928711e+02 2.686715984344482422e+02 3.874243211746215820e+02 2.756009817123413086e+02 3.883602333068847656e+02 3.000000000000000000e+00
5.847736167907714844e+02 2.598483592271804810e+02 5.859304237365722656e+02 2.592290049791336060e+02 5.914600944519042969e+02 2.599514472484588623e+02 1.000000000000000000e+00
3.877157592773437500e+02 4.225182867050170898e+02 3.901391935348510742e+02 4.221295022964477539e+02 3.967661142349243164e+02 4.234418678283691406e+02 3.000000000000000000e+00
4.225628376007080078e+02 4.269145345687866211e+02 4.247161293029785156e+02 4.267071962356567383e+02 4.316074848175048828e+02 4.278692436218261719e+02 3.000000000000000000e+00
5.091530799865722656e+02 2.208406662940979004e+02 5.099129104614257812e+02 2.200454860925674438e+02 5.154668617248535156e+02 2.207557368278503418e+02 1.000000000000000000e+00
5.482330894470214844e+02 2.368541716039180756e+02 5.492523765563964844e+02 2.362265624105930328e+02 5.545968627929687500e+02 2.367919005453586578e+02 1.000000000000000000e+00
3.755411148071289062e+01 2.949469006061553955e+02 3.995687484741210938e+01 2.946715414524078369e+02 4.741693496704101562e+01 2.954526686668395996e+02 3.000000000000000000e+00
4.501893901824951172e+02 3.713715648651123047e+02 4.524029541015625000e+02 3.710962629318237305e+02 4.594064617156982422e+02 3.722498846054077148e+02 3.000000000000000000e+00
5.924992179870605469e+02 2.547929996252059937e+02 5.938040733337402344e+02 2.542243355512619019e+02 5.993374633789062500e+02 2.548859417438507080e+02 1.000000000000000000e+00
5.603633499145507812e+02 2.296571347117424011e+02 5.607847976684570312e+02 2.288221889734268188e+02 5.665711784362792969e+02 2.295626977086067200e+02 1.000000000000000000e+00
3.417442941665649414e+02 3.714400434494018555e+02 3.440063476562500000e+02 3.711008691787719727e+02 3.508193373680114746e+02 3.720008897781372070e+02 3.000000000000000000e+00
2.714200973510742188e+01 4.110427093505859375e+02 2.952514648437500000e+01 4.104919195175170898e+02 3.692739486694335938e+01 4.111328458786010742e+02 3.000000000000000000e+00
2.781259441375732422e+02 3.864457511901855469e+02 2.803000783920288086e+02 3.861255025863647461e+02 2.871622014045715332e+02 3.869659137725830078e+02 3.000000000000000000e+00
2.654402446746826172e+02 3.464614605903625488e+02 2.677052593231201172e+02 3.462244319915771484e+02 2.746258211135864258e+02 3.471490502357482910e+02 3.000000000000000000e+00
3.641076040267944336e+02 3.907842779159545898e+02 3.662682819366455078e+02 3.904715394973754883e+02 3.731585693359375000e+02 3.915042543411254883e+02 3.000000000000000000e+00
4.233336544036865234e+02 3.678190040588378906e+02 4.256063842773437500e+02 3.675691223144531250e+02 4.324350261688232422e+02 3.686228656768798828e+02 3.000000000000000000e+00
3.882560729980468750e+01 2.849096381664276123e+02 4.132324218750000000e+01 2.846072709560394287e+02 4.866397857666015625e+01 2.853927648067474365e+02 3.000000000000000000e+00
2.203083038330078125e+02 3.337750911712646484e+02 2.226769065856933594e+02 3.334331417083740234e+02 2.295681571960449219e+02 3.343140006065368652e+02 3.000000000000000000e+00
2.973715209960937500e+02 3.962514066696166992e+02 2.996393418312072754e+02 3.959577083587646484e+02 3.064302670955657959e+02 3.967790937423706055e+02 3.000000000000000000e+00
2.712922048568725586e+02 3.742134475708007812e+02 2.734863901138305664e+02 3.739200782775878906e+02 2.804574584960937500e+02 3.747409772872924805e+02 3.000000000000000000e+00
5.018403053283691406e+02 2.500021523237228394e+02 5.026757621765136719e+02 2.493021851778030396e+02 5.080088233947753906e+02 2.500095981359481812e+02 1.000000000000000000e+00
4.264859008789062500e+02 2.914536452293395996e+02 4.287529945373535156e+02 2.912743556499481201e+02 4.359075069427490234e+02 2.924230062961578369e+02 2.000000000000000000e+00
4.352589416503906250e+02 4.098840665817260742e+02 4.375264263153076172e+02 4.096368169784545898e+02 4.444285869598388672e+02 4.107595252990722656e+02 3.000000000000000000e+00
4.303771686553955078e+02 4.232931947708129883e+02 4.323652076721191406e+02 4.231453371047973633e+02 4.393102169036865234e+02 4.243096733093261719e+02 3.000000000000000000e+00
1.605276107788085938e+01 3.872070407867431641e+02 1.852746963500976562e+01 3.868657922744750977e+02 2.589849472045898438e+01 3.873885583877563477e+02 3.000000000000000000e+00
3.391445624828338623e+02 3.929774522781372070e+02 3.413029170036315918e+02 3.926510095596313477e+02 3.482076430320739746e+02 3.936725521087646484e+02 3.000000000000000000e+00
5.344605064392089844e+02 2.778824186325073242e+02 5.355920410156250000e+02 2.773294401168823242e+02 5.414532470703125000e+02 2.781989157199859619e+02 1.000000000000000000e+00
4.381008052825927734e+02 3.837951421737670898e+02 4.404420185089111328e+02 3.834382724761962891e+02 4.473434162139892578e+02 3.846861076354980469e+02 3.000000000000000000e+00
4.404388141632080078e+02 3.740557622909545898e+02 4.425867652893066406e+02 3.736846446990966797e+02 4.497050476074218750e+02 3.748714971542358398e+02 3.000000000000000000e+00
4.295614051818847656e+02 3.669147348403930664e+02 4.318656349182128906e+02 3.666484737396240234e+02 4.385332965850830078e+02 3.677080106735229492e+02 3.000000000000000000e+00
2.619335174560546875e+01 2.844799840450286865e+02 2.884681701660156250e+01 2.842105436325073242e+02 3.626840591430664062e+01 2.849382054805755615e+02 3.000000000000000000e+00
5.719423866271972656e+02 2.345061184465885162e+02 5.729038047790527344e+02 2.337522429227828979e+02 5.784303092956542969e+02 2.344387967884540558e+02 1.000000000000000000e+00
2.885682678222656250e+02 4.067383146286010742e+02 2.907349538803100586e+02 4.063977098464965820e+02 2.974562382698059082e+02 4.073573112487792969e+02 3.000000000000000000e+00
5.400269889831542969e+02 2.375035245716571808e+02 5.410546302795410156e+02 2.368322751671075821e+02 5.464717483520507812e+02 2.374758908897638321e+02 1.000000000000000000e+00
3.326710820198059082e+02 3.718973493576049805e+02 3.349307250976562500e+02 3.716156959533691406e+02 3.418056654930114746e+02 3.725864696502685547e+02 3.000000000000000000e+00
3.969442367553710938e+01 3.277970623970031738e+02 4.223266601562500000e+01 3.274931073188781738e+02 4.946010589599609375e+01 3.280727291107177734e+02 3.000000000000000000e+00
4.240931701660156250e+02 3.541455745697021484e+02 4.263563823699951172e+02 3.538447022438049316e+02 4.332922649383544922e+02 3.549073576927185059e+02 3.000000000000000000e+00
2.652429819107055664e+02 3.524947857856750488e+02 2.674877309799194336e+02 3.521796298027038574e+02 2.744694519042968750e+02 3.531147551536560059e+02 3.000000000000000000e+00
3.411841130256652832e+02 3.851146602630615234e+02 3.433373713493347168e+02 3.847777462005615234e+02 3.502486586570739746e+02 3.858006620407104492e+02 3.000000000000000000e+00
4.172189044952392578e+02 3.357898020744323730e+02 4.195501708984375000e+02 3.355387330055236816e+02 4.266299152374267578e+02 3.367293119430541992e+02 2.000000000000000000e+00
4.289607524871826172e+02 3.735877990722656250e+02 4.313386535644531250e+02 3.733022546768188477e+02 4.379442501068115234e+02 3.744451618194580078e+02 3.000000000000000000e+00
3.635784006118774414e+02 2.994125711917877197e+02 3.658102416992187500e+02 2.990933561325073242e+02 3.730585336685180664e+02 3.002042913436889648e+02 2.000000000000000000e+00
3.292080080509185791e+02 3.847064638137817383e+02 3.314423835277557373e+02 3.844646358489990234e+02 3.383892214298248291e+02 3.854408884048461914e+02 3.000000000000000000e+00
5.325706863403320312e+02 2.382106016948819160e+02 5.333463096618652344e+02 2.374298246204853058e+02 5.386547851562500000e+02 2.381665800511837006e+02 1.000000000000000000e+00
3.614109802246093750e+02 4.132743644714355469e+02 3.635585021972656250e+02 4.129222440719604492e+02 3.703818655014038086e+02 4.139977455139160156e+02 3.000000000000000000e+00
3.197870178148150444e+02 3.757903146743774414e+02 3.220228576660156250e+02 3.755064439773559570e+02 3.288056945800781250e+02 3.764183092117309570e+02 3.000000000000000000e+00
3.800974130630493164e+02 3.596046781539916992e+02 3.823488187789916992e+02 3.593431448936462402e+02 3.892583322525024414e+02 3.604453182220458984e+02 3.000000000000000000e+00
4.798782348632812500e+01 3.208690237998962402e+02 5.042253494262695312e+01 3.205437684059143066e+02 5.776391983032226562e+01 3.211289119720458984e+02 3.000000000000000000e+00
3.776229858398437500e+01 2.717591571807861328e+02 4.026355743408203125e+01 2.714527595043182373e+02 4.755336761474609375e+01 2.721984279155731201e+02 3.000000000000000000e+00
4.276219177246093750e+02 3.833840703964233398e+02 4.299149513244628906e+02 3.830715036392211914e+02 4.367047119140625000e+02 3.842587423324584961e+02 3.000000000000000000e+00
3.282704776525497437e+02 4.294581985473632812e+02 3.306576848030090332e+02 4.290949773788452148e+02 3.373805546760559082e+02 4.300060844421386719e+02 3.000000000000000000e+00
3.567531585693359375e+01 3.916849994659423828e+02 3.812534332275390625e+01 3.913569402694702148e+02 4.537925720214843750e+01 3.918495798110961914e+02 3.000000000000000000e+00
4.173982524871826172e+02 3.899822473526000977e+02 4.196437740325927734e+02 3.897323083877563477e+02 4.265168190002441406e+02 3.908609104156494141e+02 3.000000000000000000e+00
2.763778352737426758e+02 3.683097839355468750e+02 2.785473632812500000e+02 3.680606460571289062e+02 2.855758666992187500e+02 3.688401889801025391e+02 3.000000000000000000e+00
5.368707847595214844e+02 2.374631345272064209e+02 5.377128410339355469e+02 2.367330168932676315e+02 5.431875610351562500e+02 2.374251401424407959e+02 1.000000000000000000e+00
3.059938347339630127e+02 3.744673204421997070e+02 3.082955932617187500e+02 3.741392040252685547e+02 3.150028380751609802e+02 3.750724267959594727e+02 3.000000000000000000e+00
3.633291339874267578e+02 4.306247949600219727e+02 3.655819702148437500e+02 4.303966712951660156e+02 3.724552631378173828e+02 4.313805055618286133e+02 3.000000000000000000e+00
4.952302932739257812e+01 2.651039743423461914e+02 5.190156936645507812e+01 2.648120123147964478e+02 5.936176300048828125e+01 2.653685009479522705e+02 3.000000000000000000e+00
4.607997131347656250e+02 1.125438308715820312e+02 4.632332515716552734e+02 1.123730850219726562e+02 4.704194641113281250e+02 1.132494163513183594e+02 3.000000000000000000e+00
5.487279891967773438e+01 2.837951695919036865e+02 5.731683731079101562e+01 2.835333573818206787e+02 6.459486007690429688e+01 2.842137765884399414e+02 3.000000000000000000e+00
2.565566396713256836e+02 3.846697139739990234e+02 2.587344360351562500e+02 3.843921232223510742e+02 2.655556917190551758e+02 3.853076791763305664e+02 3.000000000000000000e+00
3.485350966453552246e+02 3.135333895683288574e+02 3.508787536621093750e+02 3.133426880836486816e+02 3.578176569938659668e+02 3.143193984031677246e+02 2.000000000000000000e+00
3.246493837237358093e+02 3.798653984069824219e+02 3.269162905216217041e+02 3.795950460433959961e+02 3.338190007209777832e+02 3.805794095993041992e+02 3.000000000000000000e+00
3.715716552734375000e+02 4.025880575180053711e+02 3.738649892807006836e+02 4.022685384750366211e+02 3.806532621383666992e+02 4.033591747283935547e+02 3.000000000000000000e+00
2.944988393783569336e+02 3.817694520950317383e+02 2.968192434310913086e+02 3.815088272094726562e+02 3.035852348804473877e+02 3.823551750183105469e+02 3.000000000000000000e+00
2.861043691635131836e+02 3.796326112747192383e+02 2.883416748046875000e+02 3.793842601776123047e+02 2.951457214355468750e+02 3.802270603179931641e+02 3.000000000000000000e+00
2.719371032714843750e+02 3.871772575378417969e+02 2.741042470932006836e+02 3.867865133285522461e+02 2.809716796875000000e+02 3.877160739898681641e+02 3.000000000000000000e+00
5.579561805725097656e+02 2.264276272058486938e+02 5.588261222839355469e+02 2.256245112419128418e+02 5.641008377075195312e+02 2.263269039988517761e+02 1.000000000000000000e+00
4.928127288818359375e+01 2.946918046474456787e+02 5.163629531860351562e+01 2.944377458095550537e+02 5.896434783935546875e+01 2.950436425209045410e+02 3.000000000000000000e+00
3.357035219669342041e+02 3.512407279014587402e+02 3.379409790039062500e+02 3.508973121643066406e+02 3.448955988883972168e+02 3.518167448043823242e+02 3.000000000000000000e+00
2.815721726417541504e+02 4.044540739059448242e+02 2.837474370002746582e+02 4.041083765029907227e+02 2.904628586769104004e+02 4.050505399703979492e+02 3.000000000000000000e+00
5.757785034179687500e+02 2.552569127082824707e+02 5.770837974548339844e+02 2.545900127291679382e+02 5.823434448242187500e+02 2.553212749958038330e+02 1.000000000000000000e+00
2.449991226196289062e+01 2.672953498363494873e+02 2.694343566894531250e+01 2.669425982236862183e+02 3.436254501342773438e+01 2.675993353128433228e+02 3.000000000000000000e+00
4.965153884887695312e+02 2.254612720012664795e+02 4.973073768615722656e+02 2.246717834472656250e+02 5.028110313415527344e+02 2.253840628266334534e+02 1.000000000000000000e+00
3.889885854721069336e+02 3.598833990097045898e+02 3.912749958038330078e+02 3.596247911453247070e+02 3.981487131118774414e+02 3.607586431503295898e+02 3.000000000000000000e+00
5.003764152526855469e+02 2.375463408976793289e+02 5.012175941467285156e+02 2.367448729276657104e+02 5.065267372131347656e+02 2.374907530099153519e+02 1.000000000000000000e+00
4.151462078094482422e+02 3.958419513702392578e+02 4.173711585998535156e+02 3.956023406982421875e+02 4.243044471740722656e+02 3.966956520080566406e+02 3.000000000000000000e+00
4.508924293518066406e+02 3.187554073333740234e+02 4.532445716857910156e+02 3.183521461486816406e+02 4.602134704589843750e+02 3.196753263473510742e+02 2.000000000000000000e+00
3.517015075683593750e+02 4.156819009780883789e+02 3.538370060920715332e+02 4.154261255264282227e+02 3.606307077407836914e+02 4.164389991760253906e+02 3.000000000000000000e+00
4.493045043945312500e+02 3.143796730041503906e+02 4.516227436065673828e+02 3.139621639251708984e+02 4.586035442352294922e+02 3.152613258361816406e+02 2.000000000000000000e+00
3.502530217170715332e+02 4.243928861618041992e+02 3.524384474754333496e+02 4.241438341140747070e+02 3.592433786392211914e+02 4.251109743118286133e+02 3.000000000000000000e+00
4.967973709106445312e+01 3.358992075920104980e+02 5.192836761474609375e+01 3.356516432762145996e+02 5.929523468017578125e+01 3.362052369117736816e+02 3.000000000000000000e+00
3.645620727539062500e+02 4.064517259597778320e+02 3.667743825912475586e+02 4.060932683944702148e+02 3.735554218292236328e+02 4.072046899795532227e+02 3.000000000000000000e+00
5.113405227661132812e+01 3.024801349639892578e+02 5.349285125732421875e+01 3.022047758102416992e+02 6.085439682006835938e+01 3.027561092376708984e+02 3.000000000000000000e+00
2.868545842170715332e+02 3.856529331207275391e+02 2.890771174430847168e+02 3.854142808914184570e+02 2.958967590332031250e+02 3.862629461288452148e+02 3.000000000000000000e+00
2.714293527603149414e+02 4.077608442306518555e+02 2.736248779296875000e+02 4.074658298492431641e+02 2.802100825309753418e+02 4.084638404846191406e+02 3.000000000000000000e+00
4.060081195831298828e+02 1.264689016342163086e+02 4.080836486816406250e+02 1.261992430686950684e+02 4.156808185577392578e+02 1.273272657394409180e+02 3.000000000000000000e+00
2.637883901596069336e+02 3.582509493827819824e+02 2.660273122787475586e+02 3.579190135002136230e+02 2.729820537567138672e+02 3.587589812278747559e+02 3.000000000000000000e+00
2.683665466308593750e+02 3.800308942794799805e+02 2.704951143264770508e+02 3.796865987777709961e+02 2.774671030044555664e+02 3.805926561355590820e+02 3.000000000000000000e+00
3.720213031768798828e+02 3.947066688537597656e+02 3.742756652832031250e+02 3.944589900970458984e+02 3.810795593261718750e+02 3.955306148529052734e+02 3.000000000000000000e+00
3.573393559455871582e+02 2.989247775077819824e+02 3.596162104606628418e+02 2.986522865295410156e+02 3.667309904098510742e+02 2.996836280822753906e+02 2.000000000000000000e+00
4.734609603881835938e+01 3.867568731307983398e+02 4.983900070190429688e+01 3.863625812530517578e+02 5.706033706665039062e+01 3.871431398391723633e+02 3.000000000000000000e+00
2.318987274169921875e+02 3.411260747909545898e+02 2.342135143280029297e+02 3.406958341598510742e+02 2.410770082473754883e+02 3.416108465194702148e+02 3.000000000000000000e+00
3.563641977310180664e+02 3.069804382324218750e+02 3.586268305778503418e+02 3.066005301475524902e+02 3.656231403350830078e+02 3.077991056442260742e+02 2.000000000000000000e+00
3.262244874238967896e+02 3.422840595245361328e+02 3.284938049316406250e+02 3.420694971084594727e+02 3.353823244571685791e+02 3.428582525253295898e+02 3.000000000000000000e+00
2.564664888381958008e+02 3.631542491912841797e+02 2.587768840789794922e+02 3.627731752395629883e+02 2.656404399871826172e+02 3.636308956146240234e+02 3.000000000000000000e+00
3.468196105957031250e+02 3.166398024559020996e+02 3.491833186149597168e+02 3.164279508590698242e+02 3.561318969726562500e+02 3.174346017837524414e+02 2.000000000000000000e+00
3.076035153865814209e+02 3.657693243026733398e+02 3.098871767520904541e+02 3.654667711257934570e+02 3.166764831542968750e+02 3.664284467697143555e+02 3.000000000000000000e+00
3.371531987190246582e+02 4.284476423263549805e+02 3.394490361213684082e+02 4.281366062164306641e+02 3.461566781997680664e+02 4.291302537918090820e+02 3.000000000000000000e+00
4.458825397491455078e+02 3.234694862365722656e+02 4.482121944427490234e+02 3.231465482711791992e+02 4.551986694335937500e+02 3.243808650970458984e+02 2.000000000000000000e+00
3.780900287628173828e+02 3.673029184341430664e+02 3.803217458724975586e+02 3.669788217544555664e+02 3.872166776657104492e+02 3.681119155883789062e+02 3.000000000000000000e+00
2.064132785797119141e+02 3.495936942100524902e+02 2.086416149139404297e+02 3.491494774818420410e+02 2.153101921081542969e+02 3.501002883911132812e+02 3.000000000000000000e+00
5.912782096862792969e+02 2.398702850332483649e+02 5.922430992126464844e+02 2.391033782623708248e+02 5.979014396667480469e+02 2.398469543410465121e+02 1.000000000000000000e+00
3.965305328369140625e+01 3.423645401000976562e+02 4.223243713378906250e+01 3.419451928138732910e+02 4.946603775024414062e+01 3.425675082206726074e+02 3.000000000000000000e+00
5.631069183349609375e+01 2.777897965908050537e+02 5.870035171508789062e+01 2.774761998653411865e+02 6.612731933593750000e+01 2.781953752040863037e+02 3.000000000000000000e+00
5.877092933654785156e+02 2.541333934664726257e+02 5.889655113220214844e+02 2.534772956371307373e+02 5.945766067504882812e+02 2.542313235998153687e+02 1.000000000000000000e+00
5.899453735351562500e+02 2.599761056900024414e+02 5.912470817565917969e+02 2.594122624397277832e+02 5.967907714843750000e+02 2.601055920124053955e+02 1.000000000000000000e+00
4.417426776885986328e+02 2.970853900909423828e+02 4.440121173858642578e+02 2.967931866645812988e+02 4.510618591308593750e+02 2.978453707695007324e+02 2.000000000000000000e+00
5.380674552917480469e+02 2.354012905061244965e+02 5.389860916137695312e+02 2.346461024880409241e+02 5.444247436523437500e+02 2.353587645292282104e+02 1.000000000000000000e+00
3.382825624942779541e+02 4.060572338104248047e+02 3.404580688476562500e+02 4.058729982376098633e+02 3.473596191406250000e+02 4.067973661422729492e+02 3.000000000000000000e+00
3.667624521255493164e+02 4.228007268905639648e+02 3.689607572555541992e+02 4.225920438766479492e+02 3.756638193130493164e+02 4.236030721664428711e+02 3.000000000000000000e+00
2.490784597396850586e+02 3.964692163467407227e+02 2.511396646499633789e+02 3.962135696411132812e+02 2.580734252929687500e+02 3.970877122879028320e+02 3.000000000000000000e+00
3.764335346221923828e+02 4.075497579574584961e+02 3.786268615722656250e+02 4.071773815155029297e+02 3.855267047882080078e+02 4.083481264114379883e+02 3.000000000000000000e+00
2.958246159553527832e+02 4.011758565902709961e+02 2.980740046501159668e+02 4.008224630355834961e+02 3.048415827751159668e+02 4.017986869812011719e+02 3.000000000000000000e+00
2.727657175064086914e+02 3.368947219848632812e+02 2.751083374023437500e+02 3.366617488861083984e+02 2.819241929054260254e+02 3.375039696693420410e+02 3.000000000000000000e+00
3.575027465820312500e+02 4.284922027587890625e+02 3.597254037857055664e+02 4.282674694061279297e+02 3.666166687011718750e+02 4.292317342758178711e+02 3.000000000000000000e+00
3.976084280014038086e+02 3.568848967552185059e+02 3.999442434310913086e+02 3.566122484207153320e+02 4.067295837402343750e+02 3.577649259567260742e+02 3.000000000000000000e+00
4.391547298431396484e+02 2.984527623653411865e+02 4.414334392547607422e+02 2.982033705711364746e+02 4.486207008361816406e+02 2.992809784412384033e+02 2.000000000000000000e+00
2.106758213043212891e+02 3.296823477745056152e+02 2.129451084136962891e+02 3.294327735900878906e+02 2.199087238311767578e+02 3.302650523185729980e+02 3.000000000000000000e+00
3.841544818878173828e+02 4.023360443115234375e+02 3.863814401626586914e+02 4.020462799072265625e+02 3.932680082321166992e+02 4.032914829254150391e+02 3.000000000000000000e+00
7.715393066406250000e+01 2.599203801155090332e+02 7.960071563720703125e+01 2.596145027875900269e+02 8.673587799072265625e+01 2.603795474767684937e+02 3.000000000000000000e+00
4.371142578125000000e+02 4.167223978042602539e+02 4.393700885772705078e+02 4.164923858642578125e+02 4.461374568939208984e+02 4.176662349700927734e+02 3.000000000000000000e+00
3.526025700569152832e+02 4.020470380783081055e+02 3.547124338150024414e+02 4.017186355590820312e+02 3.615481281280517578e+02 4.027491474151611328e+02 3.000000000000000000e+00
9.923284530639648438e+01 2.761285722255706787e+02 1.015330314636230469e+02 2.757666027545928955e+02 1.087547492980957031e+02 2.764465034008026123e+02 3.000000000000000000e+00
2.501757478713989258e+02 3.598871541023254395e+02 2.525989961624145508e+02 3.594207859039306641e+02 2.594088125228881836e+02 3.603433227539062500e+02 3.000000000000000000e+00
4.418228435516357422e+02 3.993909072875976562e+02 4.442510128021240234e+02 3.990210056304931641e+02 4.511368465423583984e+02 4.002161407470703125e+02 3.000000000000000000e+00
4.450807857513427734e+02 3.206939721107482910e+02 4.473702716827392578e+02 3.204000878334045410e+02 4.544037818908691406e+02 3.215617990493774414e+02 2.000000000000000000e+00
3.320855414867401123e+02 3.907204055786132812e+02 3.342674863338470459e+02 3.904047346115112305e+02 3.412783813476562500e+02 3.914459609985351562e+02 3.000000000000000000e+00
3.893443632125854492e+02 3.005550241470336914e+02 3.916265583038330078e+02 3.003315782546997070e+02 3.988823843002319336e+02 3.013585209846496582e+02 2.000000000000000000e+00
3.542418837547302246e+02 2.966538727283477783e+02 3.565956425666809082e+02 2.964142799377441406e+02 3.635897827148437500e+02 2.974101305007934570e+02 2.000000000000000000e+00
3.772163391113281250e+01 3.836682558059692383e+02 4.023965835571289062e+01 3.833403396606445312e+02 4.742301940917968750e+01 3.838414621353149414e+02 3.000000000000000000e+00
