1.718598937988281250e+02 4.387681388854980469e+02 1.670774650573730469e+02 4.371654224395751953e+02 1.608942985534667969e+02 4.355712032318115234e+02 2.000000000000000000e+00
1.828946685791015625e+02 4.486427736282348633e+02 1.783040618896484375e+02 4.470682239532470703e+02 1.720613670349121094e+02 4.455076074600219727e+02 2.000000000000000000e+00
4.524307918548583984e+02 2.941219496726989746e+02 4.477845764160156250e+02 2.922822296619415283e+02 4.415313148498535156e+02 2.905215775966644287e+02 2.000000000000000000e+00
2.548716402053833008e+02 4.245146942138671875e+02 2.502602386474609375e+02 4.228398513793945312e+02 2.439954519271850586e+02 4.212090253829956055e+02 2.000000000000000000e+00
2.188391590118408203e+02 4.255054378509521484e+02 2.141823673248291016e+02 4.240011119842529297e+02 2.079701995849609375e+02 4.223419046401977539e+02 2.000000000000000000e+00
3.218597412109375000e+02 2.153677207231521606e+02 3.215071105957031250e+02 2.145941001176834106e+02 3.193692321330308914e+02 2.135581201314926147e+02 1.000000000000000000e+00
1.947334289550781250e+02 4.166215896606445312e+02 1.901457691192626953e+02 4.150872230529785156e+02 1.838721466064453125e+02 4.135062646865844727e+02 2.000000000000000000e+00
2.578823232650756836e+02 4.334626865386962891e+02 2.532994842529296875e+02 4.318090009689331055e+02 2.470077514648437500e+02 4.301052904129028320e+02 2.000000000000000000e+00
1.888830375671386719e+02 4.446292161941528320e+02 1.843274784088134766e+02 4.430793857574462891e+02 1.780939960479736328e+02 4.415086412429809570e+02 2.000000000000000000e+00
2.388255023956298828e+02 4.055884552001953125e+02 2.342075157165527344e+02 4.040131902694702148e+02 2.279779529571533203e+02 4.023770570755004883e+02 2.000000000000000000e+00
2.308700275421142578e+02 1.818997621536254883e+02 2.318209362030029297e+02 1.817877173423767090e+02 2.309407806396484375e+02 1.816416907310485840e+02 1.000000000000000000e+00
5.409881019592285156e+02 2.851650094985961914e+02 5.362565994262695312e+02 2.830575871467590332e+02 5.299334716796875000e+02 2.810619843006134033e+02 2.000000000000000000e+00
2.378691577911376953e+02 4.115643024444580078e+02 2.332090854644775391e+02 4.099253940582275391e+02 2.269809055328369141e+02 4.083007049560546875e+02 2.000000000000000000e+00
2.839472031593322754e+02 4.462331342697143555e+02 2.792777395248413086e+02 4.446553802490234375e+02 2.730937814712524414e+02 4.429238319396972656e+02 2.000000000000000000e+00
5.062521743774414062e+02 3.178825736045837402e+02 5.016382217407226562e+02 3.163181161880493164e+02 4.953031921386718750e+02 3.144508123397827148e+02 2.000000000000000000e+00
6.029242515563964844e+02 1.850565147399902344e+02 5.982838249206542969e+02 1.834126567840576172e+02 5.918540000915527344e+02 1.815357184410095215e+02 2.000000000000000000e+00
5.810490226745605469e+02 1.779526162147521973e+02 5.762767410278320312e+02 1.762516021728515625e+02 5.698527336120605469e+02 1.744056701660156250e+02 2.000000000000000000e+00
5.003674697875976562e+02 6.999104976654052734e+01 4.957295227050781250e+02 6.836414337158203125e+01 4.893470191955566406e+02 6.656172752380371094e+01 2.000000000000000000e+00
2.418432617187500000e+02 4.484886217117309570e+02 2.372276115417480469e+02 4.467685604095458984e+02 2.310864257812500000e+02 4.451571464538574219e+02 2.000000000000000000e+00
4.554083251953125000e+02 9.219208717346191406e+01 4.507048034667968750e+02 9.056656837463378906e+01 4.444393920898437500e+02 8.874010562896728516e+01 2.000000000000000000e+00
2.205767631530761719e+02 3.189087581634521484e+02 2.159305286407470703e+02 3.172883319854736328e+02 2.096109294891357422e+02 3.154871535301208496e+02 2.000000000000000000e+00
2.359294986724853516e+02 4.415194559097290039e+02 2.312811756134033203e+02 4.398283195495605469e+02 2.251476860046386719e+02 4.382487630844116211e+02 2.000000000000000000e+00
3.550073862075805664e+02 2.099245119094848633e+02 3.536131286621093750e+02 2.087791264057159424e+02 3.505921030044555664e+02 2.076799142360687256e+02 1.000000000000000000e+00
2.949411010742187500e+02 2.326809382438659668e+02 2.948171067237854004e+02 2.318554070591926575e+02 2.928293156623840332e+02 2.308648985624313354e+02 1.000000000000000000e+00
2.249030780792236328e+02 4.285304117202758789e+02 2.201983356475830078e+02 4.269784927368164062e+02 2.140435886383056641e+02 4.253365945816040039e+02 2.000000000000000000e+00
1.912647724151611328e+02 1.686915278434753418e+02 1.926589202880859375e+02 1.685650277137756348e+02 1.920571613311767578e+02 1.684474468231201172e+02 1.000000000000000000e+00
2.559049081802368164e+02 4.185795450210571289e+02 2.512741994857788086e+02 4.169084215164184570e+02 2.450118255615234375e+02 4.152521181106567383e+02 2.000000000000000000e+00
2.649366760253906250e+02 4.473443984985351562e+02 2.603298950195312500e+02 4.457736968994140625e+02 2.540271902084350586e+02 4.441214418411254883e+02 2.000000000000000000e+00
4.965001296997070312e+02 1.400801038742065430e+02 4.918505668640136719e+02 1.384117197990417480e+02 4.855254554748535156e+02 1.365807294845581055e+02 2.000000000000000000e+00
2.489110422134399414e+02 4.265662336349487305e+02 2.443288087844848633e+02 4.248654556274414062e+02 2.380195426940917969e+02 4.232433843612670898e+02 2.000000000000000000e+00
5.622606849670410156e+02 1.491086411476135254e+02 5.575014114379882812e+02 1.474915909767150879e+02 5.511514282226562500e+02 1.455194807052612305e+02 2.000000000000000000e+00
5.580386352539062500e+02 1.980011558532714844e+02 5.532318115234375000e+02 1.964477670192718506e+02 5.469158363342285156e+02 1.945688152313232422e+02 2.000000000000000000e+00
2.297025012969970703e+02 3.016724252700805664e+02 2.249770832061767578e+02 3.002070665359497070e+02 2.186758899688720703e+02 2.985404384136199951e+02 2.000000000000000000e+00
2.077292442321777344e+02 4.226096248626708984e+02 2.031512165069580078e+02 4.211462831497192383e+02 1.969606876373291016e+02 4.194650602340698242e+02 2.000000000000000000e+00
5.483117103576660156e+02 1.440140819549560547e+02 5.435349082946777344e+02 1.423883485794067383e+02 5.372154045104980469e+02 1.404747104644775391e+02 2.000000000000000000e+00
2.280258464813232422e+02 4.384871006011962891e+02 2.233170890808105469e+02 4.368276500701904297e+02 2.171274089813232422e+02 4.352815389633178711e+02 2.000000000000000000e+00
4.474279499053955078e+02 2.981353783607482910e+02 4.427911663055419922e+02 2.962824726104736328e+02 4.365349102020263672e+02 2.945326566696166992e+02 2.000000000000000000e+00
4.555646038055419922e+02 1.581128954887390137e+02 4.509327697753906250e+02 1.564703178405761719e+02 4.446375465393066406e+02 1.547357010841369629e+02 2.000000000000000000e+00
2.285795879364013672e+02 3.198843097686767578e+02 2.239266490936279297e+02 3.182717657089233398e+02 2.176226520538330078e+02 3.164826107025146484e+02 2.000000000000000000e+00
3.119686585664749146e+02 2.116415387392044067e+02 3.117256468534469604e+02 2.110775738954544067e+02 3.096131896972656250e+02 2.104690378904342651e+02 1.000000000000000000e+00
3.002978205680847168e+02 2.079849243164062500e+02 3.002448427677154541e+02 2.073461151123046875e+02 2.983188176155090332e+02 2.066573917865753174e+02 1.000000000000000000e+00
2.197595024108886719e+02 4.507468700408935547e+02 2.152222156524658203e+02 4.491085910797119141e+02 2.088927268981933594e+02 4.475032997131347656e+02 2.000000000000000000e+00
2.709292888641357422e+02 4.463152885437011719e+02 2.663020324707031250e+02 4.447286224365234375e+02 2.600978994369506836e+02 4.431035327911376953e+02 2.000000000000000000e+00
2.458477163314819336e+02 4.125660753250122070e+02 2.412024831771850586e+02 4.108858966827392578e+02 2.349084186553955078e+02 4.092869997024536133e+02 2.000000000000000000e+00
2.558978414535522461e+02 4.474302721023559570e+02 2.513155651092529297e+02 4.457369184494018555e+02 2.450958871841430664e+02 4.441074085235595703e+02 2.000000000000000000e+00
5.174240112304687500e+02 1.370779967308044434e+02 5.127512931823730469e+02 1.353998494148254395e+02 5.064000511169433594e+02 1.336195635795593262e+02 2.000000000000000000e+00
4.533776569366455078e+02 8.213705062866210938e+01 4.486912536621093750e+02 8.050144672393798828e+01 4.424329566955566406e+02 7.871987342834472656e+01 2.000000000000000000e+00
2.389547729492187500e+02 4.265299844741821289e+02 2.342352581024169922e+02 4.248358011245727539e+02 2.279894542694091797e+02 4.232667303085327148e+02 2.000000000000000000e+00
2.308771324157714844e+02 4.195061445236206055e+02 2.261679935455322266e+02 4.179083347320556641e+02 2.200050926208496094e+02 4.162741756439208984e+02 2.000000000000000000e+00
2.179210186004638672e+02 4.324839591979980469e+02 2.132482624053955078e+02 4.309255170822143555e+02 2.070395469665527344e+02 4.293343019485473633e+02 2.000000000000000000e+00
2.429345369338989258e+02 4.365206766128540039e+02 2.383100414276123047e+02 4.348141908645629883e+02 2.321391582489013672e+02 4.332581520080566406e+02 2.000000000000000000e+00
4.504332256317138672e+02 3.140580511093139648e+02 4.458152198791503906e+02 3.122120118141174316e+02 4.395534706115722656e+02 3.105614948272705078e+02 2.000000000000000000e+00
4.994927787780761719e+02 1.470951461791992188e+02 4.948468589782714844e+02 1.455107831954956055e+02 4.885145378112792969e+02 1.436634135246276855e+02 2.000000000000000000e+00
4.599371337890625000e+02 2.102035349607467651e+02 4.559935283660888672e+02 2.094464099407196045e+02 4.504244422912597656e+02 2.085581052303314209e+02 2.000000000000000000e+00
4.655284118652343750e+02 1.521052479743957520e+02 4.608614826202392578e+02 1.502594733238220215e+02 4.545220947265625000e+02 1.485982775688171387e+02 2.000000000000000000e+00
6.020058631896972656e+02 2.169589215517044067e+02 5.974036216735839844e+02 2.153329306840896606e+02 5.910072708129882812e+02 2.134748071432113647e+02 2.000000000000000000e+00
5.750064659118652344e+02 2.119544363021850586e+02 5.703569984436035156e+02 2.104035329818725586e+02 5.639681434631347656e+02 2.085427236557006836e+02 2.000000000000000000e+00
5.444342613220214844e+02 1.891358006000518799e+02 5.397326660156250000e+02 1.874614977836608887e+02 5.334345054626464844e+02 1.855506241321563721e+02 2.000000000000000000e+00
2.349278545379638672e+02 4.315156888961791992e+02 2.302118396759033203e+02 4.298576688766479492e+02 2.240340709686279297e+02 4.282522916793823242e+02 2.000000000000000000e+00
4.724438476562500000e+02 5.510071277618408203e+01 4.677714538574218750e+02 5.347063064575195312e+01 4.614447021484375000e+02 5.165586948394775391e+01 2.000000000000000000e+00
2.499314546585083008e+02 4.195639085769653320e+02 2.453117370605468750e+02 4.178864908218383789e+02 2.390196514129638672e+02 4.162545633316040039e+02 2.000000000000000000e+00
5.919493484497070312e+02 1.960305440425872803e+02 5.873463821411132812e+02 1.943496680259704590e+02 5.809117507934570312e+02 1.923981285095214844e+02 2.000000000000000000e+00
2.525932598114013672e+02 1.819119215011596680e+02 2.534837198257446289e+02 1.818185091018676758e+02 2.522654247283935547e+02 1.816081345081329346e+02 1.000000000000000000e+00
5.452587890625000000e+02 2.059660470485687256e+02 5.406580162048339844e+02 2.043931710720062256e+02 5.342796707153320312e+02 2.025581502914428711e+02 2.000000000000000000e+00
4.006385231018066406e+02 4.178735446929931641e+02 3.959811735153198242e+02 4.162143087387084961e+02 3.898369169235229492e+02 4.144513607025146484e+02 2.000000000000000000e+00
2.478607320785522461e+02 4.474842309951782227e+02 2.433048105239868164e+02 4.457179927825927734e+02 2.371263408660888672e+02 4.441015720367431641e+02 2.000000000000000000e+00
5.539599037170410156e+02 4.171834516525268555e+02 5.492784500122070312e+02 4.154558801651000977e+02 5.429888343811035156e+02 4.135168218612670898e+02 2.000000000000000000e+00
3.002627563476562500e+02 2.352569273114204407e+02 2.998838496208190918e+02 2.340946653485298157e+02 2.980513596534729004e+02 2.330961607396602631e+02 1.000000000000000000e+00
5.213546752929687500e+02 1.909760713577270508e+02 5.169179153442382812e+02 1.893841516971588135e+02 5.106648254394531250e+02 1.875891101360321045e+02 2.000000000000000000e+00
2.527843475341796875e+02 4.414177894592285156e+02 2.481986379623413086e+02 4.397396993637084961e+02 2.420022726058959961e+02 4.381399011611938477e+02 2.000000000000000000e+00
5.740913772583007812e+02 1.699445772171020508e+02 5.692762565612792969e+02 1.683553862571716309e+02 5.628921508789062500e+02 1.665035390853881836e+02 2.000000000000000000e+00
5.620260620117187500e+02 1.819980597496032715e+02 5.572433471679687500e+02 1.804649305343627930e+02 5.508193969726562500e+02 1.786412644386291504e+02 2.000000000000000000e+00
5.025016784667968750e+02 1.340603899955749512e+02 4.978513908386230469e+02 1.323847746849060059e+02 4.915130996704101562e+02 1.305640983581542969e+02 2.000000000000000000e+00
1.839320182800292969e+02 4.176142358779907227e+02 1.792210197448730469e+02 4.161088085174560547e+02 1.730080509185791016e+02 4.145333290100097656e+02 2.000000000000000000e+00
2.206251335144042969e+02 3.006638216972351074e+02 2.159242820739746094e+02 2.991677284240722656e+02 2.095952606201171875e+02 2.975454747676849365e+02 2.000000000000000000e+00
5.689134597778320312e+02 2.020313251018524170e+02 5.641915893554687500e+02 2.004196286201477051e+02 5.577914428710937500e+02 1.985113978385925293e+02 2.000000000000000000e+00
5.072048377990722656e+02 2.800061345100402832e+02 5.026556777954101562e+02 2.783378005027770996e+02 4.962402915954589844e+02 2.763787865638732910e+02 2.000000000000000000e+00
5.244417190551757812e+02 1.320784091949462891e+02 5.197453117370605469e+02 1.303859639167785645e+02 5.134082031250000000e+02 1.285817170143127441e+02 2.000000000000000000e+00
3.585519099235534668e+02 2.667742931842803955e+02 3.539636540412902832e+02 2.646414506435394287e+02 3.476255488395690918e+02 2.632941287755966187e+02 2.000000000000000000e+00
3.271163940429687500e+02 2.121271187067031860e+02 3.265462648868560791e+02 2.112247145175933838e+02 3.242299804091453552e+02 2.101390510797500610e+02 1.000000000000000000e+00
2.933243107795715332e+02 2.265314322710037231e+02 2.932535696029663086e+02 2.258256679773330688e+02 2.913403916358947754e+02 2.249025106430053711e+02 1.000000000000000000e+00
5.512763786315917969e+02 2.109464550018310547e+02 5.466726112365722656e+02 2.092809891700744629e+02 5.402660560607910156e+02 2.074388551712036133e+02 2.000000000000000000e+00
5.234090614318847656e+02 1.430585432052612305e+02 5.187662315368652344e+02 1.413813543319702148e+02 5.123940467834472656e+02 1.395962905883789062e+02 2.000000000000000000e+00
4.428039836883544922e+02 1.764105319976806641e+02 4.394411945343017578e+02 1.755451440811157227e+02 4.342510128021240234e+02 1.746778964996337891e+02 2.000000000000000000e+00
4.547679138183593750e+02 1.511102843284606934e+02 4.501409339904785156e+02 1.494972825050354004e+02 4.438916015625000000e+02 1.477425670623779297e+02 2.000000000000000000e+00
5.979030799865722656e+02 1.810659599304199219e+02 5.932430458068847656e+02 1.794455409049987793e+02 5.868093872070312500e+02 1.775842380523681641e+02 2.000000000000000000e+00
3.696712350845336914e+02 3.721809768676757812e+02 3.650635671615600586e+02 3.705678462982177734e+02 3.589002680778503418e+02 3.688172721862792969e+02 2.000000000000000000e+00
4.983322715759277344e+02 5.908440113067626953e+01 4.936697196960449219e+02 5.739738464355468750e+01 4.872988319396972656e+02 5.564668178558349609e+01 2.000000000000000000e+00
4.313889789581298828e+02 9.816194057464599609e+01 4.266711139678955078e+02 9.652855396270751953e+01 4.203832435607910156e+02 9.475137233734130859e+01 2.000000000000000000e+00
2.318197154998779297e+02 1.905484449863433838e+02 2.327809715270996094e+02 1.903536665439605713e+02 2.318868827819824219e+02 1.900787007808685303e+02 1.000000000000000000e+00
5.234091758728027344e+02 1.530714082717895508e+02 5.187748527526855469e+02 1.514421629905700684e+02 5.124002647399902344e+02 1.496303629875183105e+02 2.000000000000000000e+00
4.604558467864990234e+02 3.010763311386108398e+02 4.557690143585205078e+02 2.992728602886199951e+02 4.495768451690673828e+02 2.975296354293823242e+02 2.000000000000000000e+00
4.175134563446044922e+02 3.640726089477539062e+02 4.129449748992919922e+02 3.623999977111816406e+02 4.067768859863281250e+02 3.606030035018920898e+02 2.000000000000000000e+00
3.152067258954048157e+02 2.205593401193618774e+02 3.148736268281936646e+02 2.198052960634231567e+02 3.126478576660156250e+02 2.190296316146850586e+02 1.000000000000000000e+00
3.808067941665649414e+02 4.329584455490112305e+02 3.761888742446899414e+02 4.313900899887084961e+02 3.699456167221069336e+02 4.295481634140014648e+02 2.000000000000000000e+00
5.164083862304687500e+02 1.490908598899841309e+02 5.117816162109375000e+02 1.474356150627136230e+02 5.053928184509277344e+02 1.456405162811279297e+02 2.000000000000000000e+00
4.935022544860839844e+02 1.571288251876831055e+02 4.888303947448730469e+02 1.555187344551086426e+02 4.825170707702636719e+02 1.537385702133178711e+02 2.000000000000000000e+00
2.518174600601196289e+02 4.344722414016723633e+02 2.472592592239379883e+02 4.327941083908081055e+02 2.409998178482055664e+02 4.311494779586791992e+02 2.000000000000000000e+00
4.325040626525878906e+02 1.533969497680664062e+02 4.278318500518798828e+02 1.517672038078308105e+02 4.215144062042236328e+02 1.498943281173706055e+02 2.000000000000000000e+00
4.644101619720458984e+02 4.284379005432128906e+02 4.597695636749267578e+02 4.267214441299438477e+02 4.535007953643798828e+02 4.248983573913574219e+02 2.000000000000000000e+00
5.930057334899902344e+02 2.119722121953964233e+02 5.884097290039062500e+02 2.103208297491073608e+02 5.820211791992187500e+02 2.083982670307159424e+02 2.000000000000000000e+00
1.899112415313720703e+02 4.306695413589477539e+02 1.852773094177246094e+02 4.292203187942504883e+02 1.788613700866699219e+02 4.275751447677612305e+02 2.000000000000000000e+00
1.749724864959716797e+02 4.317467737197875977e+02 1.701151084899902344e+02 4.301807355880737305e+02 1.638810062408447266e+02 4.285962295532226562e+02 2.000000000000000000e+00
2.087693023681640625e+02 4.285862874984741211e+02 2.042197990417480469e+02 4.271331024169921875e+02 1.980179309844970703e+02 4.254281044006347656e+02 2.000000000000000000e+00
5.353715324401855469e+02 1.941086554527282715e+02 5.307072257995605469e+02 1.925035679340362549e+02 5.244456863403320312e+02 1.906955981254577637e+02 2.000000000000000000e+00
1.820485973358154297e+02 4.307339286804199219e+02 1.772421836853027344e+02 4.291862869262695312e+02 1.709317779541015625e+02 4.275892066955566406e+02 2.000000000000000000e+00
5.134594726562500000e+02 5.011399269104003906e+01 5.087955665588378906e+02 4.844985008239746094e+01 5.023940086364746094e+02 4.659165859222412109e+01 2.000000000000000000e+00
4.275240802764892578e+02 3.580886006355285645e+02 4.229497718811035156e+02 3.563430547714233398e+02 4.167962932586669922e+02 3.546100831031799316e+02 2.000000000000000000e+00
5.780781364440917969e+02 4.305703639984130859e+01 5.733950805664062500e+02 4.144321918487548828e+01 5.668837356567382812e+02 3.955132484436035156e+01 2.000000000000000000e+00
5.075076103210449219e+02 1.490626502037048340e+02 5.028885269165039062e+02 1.474809551239013672e+02 4.965305137634277344e+02 1.456578612327575684e+02 2.000000000000000000e+00
5.094457054138183594e+02 1.680946612358093262e+02 5.048463439941406250e+02 1.664574551582336426e+02 4.985409545898437500e+02 1.646084403991699219e+02 2.000000000000000000e+00
2.126998138427734375e+02 4.116672420501708984e+02 2.081288623809814453e+02 4.101859474182128906e+02 2.019204998016357422e+02 4.084101104736328125e+02 2.000000000000000000e+00
2.658999300003051758e+02 4.393103742599487305e+02 2.613267803192138672e+02 4.378024148941040039e+02 2.550349426269531250e+02 4.361222076416015625e+02 2.000000000000000000e+00
3.995302438735961914e+02 4.487767982482910156e+02 3.949559020996093750e+02 4.472132349014282227e+02 3.887448740005493164e+02 4.453816366195678711e+02 2.000000000000000000e+00
4.873491859436035156e+02 9.710062980651855469e+01 4.827777099609375000e+02 9.548428058624267578e+01 4.763412189483642578e+02 9.363804817199707031e+01 2.000000000000000000e+00
5.979597854614257812e+02 2.059904623031616211e+02 5.933571243286132812e+02 2.043788444995880127e+02 5.869833946228027344e+02 2.024270009994506836e+02 2.000000000000000000e+00
4.065418434143066406e+02 3.841918659210205078e+02 4.020126628875732422e+02 3.825476503372192383e+02 3.957925128936767578e+02 3.807338619232177734e+02 2.000000000000000000e+00
5.830294799804687500e+02 2.179183334112167358e+02 5.783943557739257812e+02 2.163285362720489502e+02 5.720180702209472656e+02 2.144643241167068481e+02 2.000000000000000000e+00
3.785309743881225586e+02 3.192862558364868164e+02 3.740035104751586914e+02 3.176026368141174316e+02 3.677658081054687500e+02 3.158662462234497070e+02 2.000000000000000000e+00
4.722537231445312500e+02 2.860061073303222656e+02 4.677369117736816406e+02 2.846185004711151123e+02 4.614780902862548828e+02 2.827658092975616455e+02 2.000000000000000000e+00
4.365074443817138672e+02 3.700111770629882812e+02 4.318674373626708984e+02 3.682998418807983398e+02 4.257522583007812500e+02 3.664997005462646484e+02 2.000000000000000000e+00
5.172453689575195312e+02 3.576194214820861816e+02 5.125746536254882812e+02 3.559824585914611816e+02 5.063075256347656250e+02 3.541499662399291992e+02 2.000000000000000000e+00
4.865111351013183594e+02 1.321301794052124023e+02 4.818793106079101562e+02 1.304339575767517090e+02 4.755264568328857422e+02 1.286386942863464355e+02 2.000000000000000000e+00
5.334789466857910156e+02 1.881910979747772217e+02 5.288209915161132812e+02 1.863646066188812256e+02 5.226024818420410156e+02 1.846248757839202881e+02 2.000000000000000000e+00
2.080541324615478516e+02 2.081346416473388672e+02 2.087431430816650391e+02 2.071473670005798340e+02 2.075975036621093750e+02 2.061995208263397217e+02 1.000000000000000000e+00
5.462682533264160156e+02 1.960622549057006836e+02 5.415722656250000000e+02 1.944821763038635254e+02 5.352420043945312500e+02 1.926694607734680176e+02 2.000000000000000000e+00
3.866085529327392578e+02 3.425362300872802734e+02 3.819513845443725586e+02 3.409068989753723145e+02 3.756646728515625000e+02 3.391603446006774902e+02 2.000000000000000000e+00
1.996764087677001953e+02 2.028095376491546631e+02 2.008995056152343750e+02 2.023482048511505127e+02 2.002022552490234375e+02 2.017491424083709717e+02 1.000000000000000000e+00
3.684824228286743164e+02 2.697331559658050537e+02 3.637167692184448242e+02 2.676340949535369873e+02 3.575311589241027832e+02 2.662703561782836914e+02 2.000000000000000000e+00
5.085217094421386719e+02 1.350224232673645020e+02 5.038676452636718750e+02 1.333094859123229980e+02 4.975154685974121094e+02 1.315332412719726562e+02 2.000000000000000000e+00
4.415673828125000000e+02 3.959467220306396484e+02 4.370045757293701172e+02 3.943048810958862305e+02 4.306513404846191406e+02 3.923782682418823242e+02 2.000000000000000000e+00
5.283644485473632812e+02 2.060679924488067627e+02 5.236922645568847656e+02 2.045391976833343506e+02 5.173348426818847656e+02 2.025553715229034424e+02 2.000000000000000000e+00
3.865942716598510742e+02 3.891519784927368164e+02 3.819946289062500000e+02 3.875355577468872070e+02 3.757426786422729492e+02 3.857212257385253906e+02 2.000000000000000000e+00
4.655259990692138672e+02 1.600765013694763184e+02 4.609046936035156250e+02 1.582105064392089844e+02 4.545495891571044922e+02 1.565219807624816895e+02 2.000000000000000000e+00
4.644278240203857422e+02 1.712711262702941895e+02 4.598568725585937500e+02 1.695065259933471680e+02 4.534882831573486328e+02 1.677690267562866211e+02 2.000000000000000000e+00
5.552447509765625000e+02 1.691067910194396973e+02 5.506262779235839844e+02 1.674609947204589844e+02 5.442753410339355469e+02 1.655585575103759766e+02 2.000000000000000000e+00
5.880546951293945312e+02 5.507122993469238281e+01 5.833433341979980469e+02 5.343154907226562500e+01 5.768833732604980469e+02 5.160924911499023438e+01 2.000000000000000000e+00
4.464840698242187500e+02 4.039002227783203125e+02 4.419141864776611328e+02 4.023145294189453125e+02 4.355446815490722656e+02 4.003759002685546875e+02 2.000000000000000000e+00
4.115824317932128906e+02 4.337788152694702148e+02 4.069595336914062500e+02 4.322308158874511719e+02 4.007389545440673828e+02 4.303198385238647461e+02 2.000000000000000000e+00
2.367057895660400391e+02 3.986079740524291992e+02 2.322457218170166016e+02 3.969482517242431641e+02 2.258723545074462891e+02 3.953666782379150391e+02 2.000000000000000000e+00
5.797964477539062500e+02 2.298346853256225586e+02 5.752532386779785156e+02 2.280757597088813782e+02 5.688068199157714844e+02 2.262152400612831116e+02 2.000000000000000000e+00
4.165481853485107422e+02 4.149429130554199219e+02 4.119483947753906250e+02 4.133452177047729492e+02 4.056512737274169922e+02 4.114921045303344727e+02 2.000000000000000000e+00
5.262457275390625000e+02 3.595332670211791992e+02 5.215671348571777344e+02 3.578548979759216309e+02 5.153300857543945312e+02 3.560636043548583984e+02 2.000000000000000000e+00
2.627553415298461914e+02 2.205731338262557983e+02 2.624438476562500000e+02 2.198490285873413086e+02 2.602688884735107422e+02 2.190100389719009399e+02 1.000000000000000000e+00
3.107312315702438354e+02 2.221219021081924438e+02 3.106447446346282959e+02 2.212978667020797729e+02 3.086467278003692627e+02 2.204017925262451172e+02 1.000000000000000000e+00
5.949547195434570312e+02 1.900103116035461426e+02 5.902998161315917969e+02 1.884203016757965088e+02 5.838657951354980469e+02 1.865483057498931885e+02 2.000000000000000000e+00
4.932417869567871094e+02 4.303859996795654297e+02 4.886466789245605469e+02 4.287199544906616211e+02 4.824010276794433594e+02 4.267704820632934570e+02 2.000000000000000000e+00
2.843249201774597168e+02 1.968930351734161377e+02 2.846956467628479004e+02 1.964086425304412842e+02 2.830110478401184082e+02 1.958527350425720215e+02 1.000000000000000000e+00
3.392841494083404541e+02 2.136081826686859131e+02 3.383080136775970459e+02 2.124493700265884399e+02 3.354195249080657959e+02 2.112192821502685547e+02 1.000000000000000000e+00
2.406571054458618164e+02 2.197558128833770752e+02 2.405025005340576172e+02 2.192113029956817627e+02 2.386163330078125000e+02 2.186393415927886963e+02 1.000000000000000000e+00
4.205326843261718750e+02 3.720676374435424805e+02 4.159692096710205078e+02 3.703965568542480469e+02 4.098071002960205078e+02 3.685723686218261719e+02 2.000000000000000000e+00
4.375044250488281250e+02 4.465778875350952148e+02 4.327922058105468750e+02 4.450227785110473633e+02 4.266277503967285156e+02 4.431226587295532227e+02 2.000000000000000000e+00
3.047797238826751709e+02 2.309610593318939209e+02 3.047098994255065918e+02 2.301390069723129272e+02 3.027760612964630127e+02 2.292154991626739502e+02 1.000000000000000000e+00
5.143804359436035156e+02 1.560805606842041016e+02 5.098520278930664062e+02 1.544803547859191895e+02 5.034062004089355469e+02 1.526378273963928223e+02 2.000000000000000000e+00
2.216127872467041016e+02 3.066618704795837402e+02 2.169242858886718750e+02 3.051692247390747070e+02 2.106162071228027344e+02 3.035303664207458496e+02 2.000000000000000000e+00
4.933975028991699219e+02 7.593522548675537109e+01 4.887846374511718750e+02 7.431273937225341797e+01 4.823930358886718750e+02 7.248699188232421875e+01 2.000000000000000000e+00
2.767552471160888672e+02 2.116943657398223877e+02 2.765540742874145508e+02 2.110901015996932983e+02 2.744535207748413086e+02 2.104878830909729004e+02 1.000000000000000000e+00
2.525368022918701172e+02 1.908872187137603760e+02 2.534304189682006836e+02 1.906587803363800049e+02 2.522232198715209961e+02 1.902611052989959717e+02 1.000000000000000000e+00
4.125899410247802734e+02 3.760851860046386719e+02 4.080396175384521484e+02 3.744911813735961914e+02 4.018347454071044922e+02 3.726555204391479492e+02 2.000000000000000000e+00
3.796123647689819336e+02 3.384699440002441406e+02 3.750531911849975586e+02 3.367918467521667480e+02 3.687941884994506836e+02 3.350971698760986328e+02 2.000000000000000000e+00
3.865154123306274414e+02 3.335171556472778320e+02 3.819209289550781250e+02 3.318558669090270996e+02 3.756278371810913086e+02 3.301161575317382812e+02 2.000000000000000000e+00
4.853762817382812500e+02 4.243928003311157227e+02 4.806893730163574219e+02 4.227824449539184570e+02 4.744818115234375000e+02 4.208312129974365234e+02 2.000000000000000000e+00
2.928419804573059082e+02 1.847705197334289551e+02 2.933226013183593750e+02 1.844834268093109131e+02 2.917547607421875000e+02 1.841459941864013672e+02 1.000000000000000000e+00
4.972261428833007812e+02 4.442487573623657227e+02 4.925389099121093750e+02 4.425387668609619141e+02 4.863000297546386719e+02 4.405711841583251953e+02 2.000000000000000000e+00
2.966354060173034668e+02 2.208320295810699463e+02 2.966072392463684082e+02 2.201760399341583252e+02 2.947236323356628418e+02 2.193653404712677002e+02 1.000000000000000000e+00
3.977059936523437500e+02 3.612783622741699219e+02 3.930995798110961914e+02 3.597059082984924316e+02 3.867483854293823242e+02 3.578371310234069824e+02 2.000000000000000000e+00
4.146078777313232422e+02 3.841307687759399414e+02 4.099962139129638672e+02 3.825141620635986328e+02 4.037789630889892578e+02 3.806780433654785156e+02 2.000000000000000000e+00
4.305178260803222656e+02 1.332051301002502441e+02 4.259013080596923828e+02 1.316002750396728516e+02 4.195461463928222656e+02 1.298481416702270508e+02 2.000000000000000000e+00
4.543724727630615234e+02 4.384853553771972656e+02 4.497624492645263672e+02 4.367178440093994141e+02 4.435302734375000000e+02 4.349443817138671875e+02 2.000000000000000000e+00
2.319007205963134766e+02 4.495170450210571289e+02 2.272591876983642578e+02 4.478465652465820312e+02 2.210989093780517578e+02 4.462711572647094727e+02 2.000000000000000000e+00
3.578275156021118164e+02 2.000366342067718506e+02 3.562683415412902832e+02 1.995256161689758301e+02 3.529156494140625000e+02 1.986244010925292969e+02 1.000000000000000000e+00
3.767529916763305664e+02 4.449617958068847656e+02 3.721211862564086914e+02 4.432997274398803711e+02 3.659411334991455078e+02 4.414335107803344727e+02 2.000000000000000000e+00
4.104519367218017578e+02 2.962746012210845947e+02 4.058340740203857422e+02 2.947088956832885742e+02 3.995331430435180664e+02 2.929049420356750488e+02 2.000000000000000000e+00
4.673881816864013672e+02 2.959118986129760742e+02 4.627346515655517578e+02 2.943500089645385742e+02 4.565183734893798828e+02 2.924922215938568115e+02 2.000000000000000000e+00
4.454284381866455078e+02 4.485050439834594727e+02 4.407273578643798828e+02 4.469249725341796875e+02 4.345617961883544922e+02 4.450180435180664062e+02 2.000000000000000000e+00
3.876128244400024414e+02 3.543502235412597656e+02 3.829667997360229492e+02 3.527636504173278809e+02 3.766278076171875000e+02 3.509362864494323730e+02 2.000000000000000000e+00
4.530080318450927734e+02 1.845999884605407715e+02 4.499597167968750000e+02 1.832455122470855713e+02 4.436909198760986328e+02 1.815866804122924805e+02 2.000000000000000000e+00
4.075590801239013672e+02 3.670912885665893555e+02 4.030191707611083984e+02 3.654466867446899414e+02 3.968155527114868164e+02 3.636192941665649414e+02 2.000000000000000000e+00
2.588363313674926758e+02 4.393706703186035156e+02 2.542670106887817383e+02 4.377649927139282227e+02 2.480341958999633789e+02 4.361125659942626953e+02 2.000000000000000000e+00
3.867059946060180664e+02 4.181282758712768555e+02 3.821518564224243164e+02 4.164792251586914062e+02 3.758218717575073242e+02 4.146553373336791992e+02 2.000000000000000000e+00
5.731110191345214844e+02 4.903813362121582031e+01 5.683739662170410156e+02 4.743209838867187500e+01 5.618787193298339844e+02 4.556571006774902344e+01 2.000000000000000000e+00
4.016082763671875000e+02 3.700915288925170898e+02 3.970411396026611328e+02 3.684952211380004883e+02 3.907567453384399414e+02 3.666584873199462891e+02 2.000000000000000000e+00
5.361403274536132812e+02 2.069963979721069336e+02 5.315344810485839844e+02 2.055250990390777588e+02 5.252518272399902344e+02 2.036012399196624756e+02 2.000000000000000000e+00
4.313932228088378906e+02 7.910662651062011719e+01 4.266669654846191406e+02 7.743704795837402344e+01 4.204101276397705078e+02 7.567776203155517578e+01 2.000000000000000000e+00
4.244967937469482422e+02 3.640816783905029297e+02 4.199075984954833984e+02 3.623594141006469727e+02 4.137821388244628906e+02 3.605830192565917969e+02 2.000000000000000000e+00
6.065723991394042969e+02 1.596818804740905762e+02 6.019440269470214844e+02 1.580312919616699219e+02 5.954961585998535156e+02 1.561618280410766602e+02 2.000000000000000000e+00
3.143184810876846313e+02 1.712449121475219727e+02 3.140461426973342896e+02 1.709480237960815430e+02 3.117868649959564209e+02 1.705153012275695801e+02 1.000000000000000000e+00
4.884055519104003906e+02 3.529104638099670410e+02 4.837349891662597656e+02 3.512521433830261230e+02 4.775025081634521484e+02 3.493357586860656738e+02 2.000000000000000000e+00
4.135646057128906250e+02 4.228434562683105469e+02 4.089527034759521484e+02 4.213178873062133789e+02 4.026867961883544922e+02 4.194230461120605469e+02 2.000000000000000000e+00
2.838424062728881836e+02 3.644381761550903320e+02 2.791896057128906250e+02 3.629271268844604492e+02 2.729181814193725586e+02 3.611770677566528320e+02 2.000000000000000000e+00
2.286056995391845703e+02 3.118779945373535156e+02 2.239318656921386719e+02 3.103085088729858398e+02 2.176236820220947266e+02 3.085119366645812988e+02 2.000000000000000000e+00
5.481066322326660156e+02 2.345456233620643616e+02 5.437155723571777344e+02 2.331163631379604340e+02 5.378407669067382812e+02 2.314644008874893188e+02 2.000000000000000000e+00
4.645449829101562500e+02 9.015742778778076172e+01 4.597326660156250000e+02 8.853851795196533203e+01 4.535356140136718750e+02 8.671967983245849609e+01 2.000000000000000000e+00
4.782962989807128906e+02 5.111804008483886719e+01 4.736585712432861328e+02 4.947612762451171875e+01 4.674353313446044922e+02 4.767411231994628906e+01 2.000000000000000000e+00
4.683384132385253906e+02 4.110056877136230469e+01 4.635741329193115234e+02 3.949683666229248047e+01 4.573322486877441406e+02 3.769818305969238281e+01 2.000000000000000000e+00
5.662539100646972656e+02 5.503957271575927734e+01 5.615573692321777344e+02 5.343246459960937500e+01 5.551141357421875000e+02 5.157252788543701172e+01 2.000000000000000000e+00
1.898235893249511719e+02 4.116165304183959961e+02 1.851412010192871094e+02 4.101160383224487305e+02 1.788861083984375000e+02 4.085233783721923828e+02 2.000000000000000000e+00
5.511998939514160156e+02 3.910254478454589844e+01 5.464303016662597656e+02 3.746852874755859375e+01 5.401076126098632812e+02 3.560638904571533203e+01 2.000000000000000000e+00
2.859021306037902832e+02 1.841106247901916504e+02 2.864789724349975586e+02 1.837897753715515137e+02 2.849750661849975586e+02 1.834694802761077881e+02 1.000000000000000000e+00
4.302477741241455078e+02 1.152344226837158203e+02 4.256849098205566406e+02 1.134875965118408203e+02 4.193368530273437500e+02 1.117142057418823242e+02 2.000000000000000000e+00
2.536167001724243164e+02 2.125802904367446899e+02 2.533086538314819336e+02 2.120948320627212524e+02 2.510512971878051758e+02 2.113396739959716797e+02 1.000000000000000000e+00
4.753890132904052734e+02 2.000839197635650635e+02 4.707656574249267578e+02 1.984789395332336426e+02 4.644614601135253906e+02 1.966788625717163086e+02 2.000000000000000000e+00
4.882354545593261719e+02 4.373386001586914062e+02 4.836491394042968750e+02 4.356433868408203125e+02 4.773770809173583984e+02 4.336949300765991211e+02 2.000000000000000000e+00
4.885205459594726562e+02 3.813915252685546875e+01 4.838060379028320312e+02 3.654582023620605469e+01 4.773939228057861328e+02 3.466989040374755859e+01 2.000000000000000000e+00
4.885041618347167969e+02 1.110546541213989258e+02 4.838481140136718750e+02 1.095167398452758789e+02 4.775832557678222656e+02 1.076466035842895508e+02 2.000000000000000000e+00
2.457710266113281250e+02 3.986004781723022461e+02 2.412811565399169922e+02 3.969398832321166992e+02 2.349460124969482422e+02 3.953577089309692383e+02 2.000000000000000000e+00
3.817925119400024414e+02 4.398853254318237305e+02 3.771824979782104492e+02 4.383558797836303711e+02 3.709983205795288086e+02 4.364837408065795898e+02 2.000000000000000000e+00
4.103995704650878906e+02 5.319070816040039062e+01 4.058150005340576172e+02 5.151263236999511719e+01 3.996319913864135742e+02 4.978696346282958984e+01 2.000000000000000000e+00
5.760734939575195312e+02 1.979605686664581299e+02 5.713673782348632812e+02 1.962961113452911377e+02 5.649887084960937500e+02 1.943874800205230713e+02 2.000000000000000000e+00
2.234315776824951172e+02 2.837202465534210205e+02 2.187891864776611328e+02 2.822123444080352783e+02 2.124251365661621094e+02 2.804939603805541992e+02 2.000000000000000000e+00
6.020269203186035156e+02 2.248944997787475586e+02 5.974146080017089844e+02 2.233844894170761108e+02 5.910093498229980469e+02 2.214359736442565918e+02 2.000000000000000000e+00
3.537058711051940918e+02 3.693017578125000000e+02 3.491008925437927246e+02 3.676860380172729492e+02 3.429363703727722168e+02 3.657934570312500000e+02 2.000000000000000000e+00
1.919061279296875000e+02 4.506019449234008789e+02 1.873470115661621094e+02 4.490512561798095703e+02 1.811095142364501953e+02 4.474850893020629883e+02 2.000000000000000000e+00
4.425738811492919922e+02 3.789249372482299805e+02 4.378152751922607422e+02 3.772768878936767578e+02 4.316755390167236328e+02 3.754357337951660156e+02 2.000000000000000000e+00
1.912259006500244141e+02 1.793951368331909180e+02 1.925728130340576172e+02 1.790437459945678711e+02 1.919669342041015625e+02 1.786239266395568848e+02 1.000000000000000000e+00
3.301954960823059082e+02 2.069460439682006836e+02 3.292279356718063354e+02 2.063136899471282959e+02 3.267176514863967896e+02 2.055021965503692627e+02 1.000000000000000000e+00
3.715216684341430664e+02 3.232966947555541992e+02 3.669979572296142578e+02 3.216030907630920410e+02 3.607796335220336914e+02 3.198467731475830078e+02 2.000000000000000000e+00
4.422003841400146484e+02 6.609545230865478516e+01 4.375706481933593750e+02 6.455158710479736328e+01 4.312391948699951172e+02 6.272830009460449219e+01 2.000000000000000000e+00
4.594309711456298828e+02 3.835533285140991211e+02 4.548434734344482422e+02 3.819096994400024414e+02 4.486751747131347656e+02 3.799475812911987305e+02 2.000000000000000000e+00
5.214526939392089844e+02 4.909306526184082031e+01 5.168196487426757812e+02 4.743796348571777344e+01 5.103780555725097656e+02 4.560486316680908203e+01 2.000000000000000000e+00
3.935585021972656250e+02 3.912452173233032227e+02 3.889995145797729492e+02 3.895925617218017578e+02 3.827981567382812500e+02 3.877727079391479492e+02 2.000000000000000000e+00
2.445539236068725586e+02 1.868367576599121094e+02 2.454831695556640625e+02 1.866856062412261963e+02 2.442685556411743164e+02 1.864229393005371094e+02 1.000000000000000000e+00
3.249453735351562500e+02 1.910846829414367676e+02 3.244003906846046448e+02 1.907759070396423340e+02 3.218767701089382172e+02 1.903116881847381592e+02 1.000000000000000000e+00
4.313566017150878906e+02 1.041656827926635742e+02 4.266851520538330078e+02 1.025171899795532227e+02 4.203670978546142578e+02 1.007374906539916992e+02 2.000000000000000000e+00
2.765509653091430664e+02 2.175062245130538940e+02 2.760448598861694336e+02 2.166806620359420776e+02 2.737809753417968750e+02 2.158472281694412231e+02 1.000000000000000000e+00
3.975477313995361328e+02 3.102759718894958496e+02 3.930507802963256836e+02 3.086627268791198730e+02 3.866679096221923828e+02 3.069458985328674316e+02 2.000000000000000000e+00
4.474313640594482422e+02 5.206214904785156250e+01 4.427912902832031250e+02 5.046146392822265625e+01 4.363833618164062500e+02 4.859307289123535156e+01 2.000000000000000000e+00
4.544165706634521484e+02 6.400597572326660156e+01 4.497059345245361328e+02 6.248069286346435547e+01 4.432371520996093750e+02 6.067867755889892578e+01 2.000000000000000000e+00
1.639553642272949219e+02 4.317474746704101562e+02 1.591173744201660156e+02 4.301775598526000977e+02 1.528860855102539062e+02 4.285985183715820312e+02 2.000000000000000000e+00
5.441070556640625000e+02 5.113122940063476562e+01 5.394338417053222656e+02 4.942701816558837891e+01 5.329716300964355469e+02 4.765677452087402344e+01 2.000000000000000000e+00
5.531326293945312500e+02 2.039941692352294922e+02 5.483618736267089844e+02 2.023490881919860840e+02 5.420593261718750000e+02 2.004905533790588379e+02 2.000000000000000000e+00
2.978677678108215332e+02 1.684676957130432129e+02 2.980686330795288086e+02 1.683459162712097168e+02 2.960680222511291504e+02 1.679659724235534668e+02 1.000000000000000000e+00
3.152232664823532104e+02 2.068906402587890625e+02 3.148154908418655396e+02 2.064085972309112549e+02 3.125740963220596313e+02 2.056504654884338379e+02 1.000000000000000000e+00
4.981437683105468750e+02 2.949016141891479492e+02 4.935377883911132812e+02 2.932519876956939697e+02 4.872209167480468750e+02 2.913492143154144287e+02 2.000000000000000000e+00
5.010281372070312500e+02 3.028941965103149414e+02 4.964791297912597656e+02 3.012598943710327148e+02 4.901437187194824219e+02 2.993902301788330078e+02 2.000000000000000000e+00
5.430781936645507812e+02 4.131999921798706055e+02 5.383657836914062500e+02 4.114592027664184570e+02 5.321483802795410156e+02 4.095387697219848633e+02 2.000000000000000000e+00
4.256763935089111328e+02 4.456552505493164062e+02 4.210030841827392578e+02 4.440582990646362305e+02 4.148056030273437500e+02 4.421844577789306641e+02 2.000000000000000000e+00
5.012209892272949219e+02 2.809855377674102783e+02 4.966940116882324219e+02 2.793286156654357910e+02 4.902650451660156250e+02 2.773815321922302246e+02 2.000000000000000000e+00
3.817597961425781250e+02 4.230737972259521484e+02 3.771507263183593750e+02 4.214550876617431641e+02 3.708627939224243164e+02 4.196092557907104492e+02 2.000000000000000000e+00
5.022411918640136719e+02 4.164394998550415039e+02 4.975040054321289062e+02 4.147630405426025391e+02 4.912170219421386719e+02 4.128209352493286133e+02 2.000000000000000000e+00
5.044339370727539062e+02 1.571147418022155762e+02 4.998880386352539062e+02 1.555344343185424805e+02 4.934779930114746094e+02 1.537147450447082520e+02 2.000000000000000000e+00
3.211468505859375000e+02 1.425136971473693848e+02 3.208734436333179474e+02 1.427281594276428223e+02 3.185276794433593750e+02 1.428488445281982422e+02 1.000000000000000000e+00
3.437597060203552246e+02 3.543378996849060059e+02 3.390246284008026123e+02 3.527792143821716309e+02 3.328616940975189209e+02 3.509969258308410645e+02 2.000000000000000000e+00
1.959299468994140625e+02 1.924343526363372803e+02 1.973082733154296875e+02 1.921654486656188965e+02 1.967370414733886719e+02 1.917923712730407715e+02 1.000000000000000000e+00
3.656375741958618164e+02 3.312155485153198242e+02 3.611109924316406250e+02 3.295916461944580078e+02 3.548557138442993164e+02 3.278463792800903320e+02 2.000000000000000000e+00
4.183718585968017578e+02 6.118537902832031250e+01 4.136858844757080078e+02 5.944890975952148438e+01 4.075599098205566406e+02 5.769756317138671875e+01 2.000000000000000000e+00
2.216066074371337891e+02 3.128712201118469238e+02 2.169458007812500000e+02 3.112901043891906738e+02 2.106278324127197266e+02 3.094878888130187988e+02 2.000000000000000000e+00
1.992682456970214844e+02 1.832279956340789795e+02 2.006142711639404297e+02 1.830056583881378174e+02 2.000379180908203125e+02 1.826801133155822754e+02 1.000000000000000000e+00
5.018310356140136719e+02 1.831460988521575928e+02 4.974084854125976562e+02 1.817043578624725342e+02 4.909318542480468750e+02 1.798816180229187012e+02 2.000000000000000000e+00
4.434955120086669922e+02 1.452817010879516602e+02 4.388558101654052734e+02 1.437695074081420898e+02 4.323930358886718750e+02 1.419211506843566895e+02 2.000000000000000000e+00
5.800763511657714844e+02 4.904301166534423828e+01 5.753731155395507812e+02 4.743113994598388672e+01 5.688607215881347656e+02 4.555203437805175781e+01 2.000000000000000000e+00
5.522244262695312500e+02 1.881283986568450928e+02 5.475112915039062500e+02 1.865037810802459717e+02 5.412265014648437500e+02 1.846101665496826172e+02 2.000000000000000000e+00
4.325883197784423828e+02 4.376399087905883789e+02 4.279211711883544922e+02 4.360034608840942383e+02 4.217588806152343750e+02 4.341484737396240234e+02 2.000000000000000000e+00
3.786594247817993164e+02 3.870929574966430664e+02 3.740203571319580078e+02 3.854489850997924805e+02 3.677252197265625000e+02 3.836321783065795898e+02 2.000000000000000000e+00
4.487448406219482422e+02 1.719267225265502930e+02 4.441079998016357422e+02 1.702869701385498047e+02 4.377308654785156250e+02 1.685346794128417969e+02 2.000000000000000000e+00
1.960049438476562500e+02 4.396227836608886719e+02 1.914870929718017578e+02 4.381005334854125977e+02 1.852174472808837891e+02 4.364713525772094727e+02 2.000000000000000000e+00
5.254531288146972656e+02 1.851104843616485596e+02 5.208937454223632812e+02 1.832972824573516846e+02 5.146201133728027344e+02 1.816185879707336426e+02 2.000000000000000000e+00
4.054801368713378906e+02 3.991350460052490234e+02 4.007295894622802734e+02 3.974194049835205078e+02 3.946064138412475586e+02 3.955656194686889648e+02 2.000000000000000000e+00
5.103846549987792969e+02 1.879772007465362549e+02 5.057135009765625000e+02 1.865510058403015137e+02 4.993856620788574219e+02 1.846529674530029297e+02 2.000000000000000000e+00
5.910941886901855469e+02 2.228223717212677002e+02 5.863580322265625000e+02 2.212562245130538940e+02 5.800102043151855469e+02 2.193135058879852295e+02 2.000000000000000000e+00
4.853929138183593750e+02 1.940823662281036377e+02 4.807390213012695312e+02 1.924311947822570801e+02 4.744537639617919922e+02 1.905956554412841797e+02 2.000000000000000000e+00
4.974505043029785156e+02 8.388722419738769531e+01 4.928471755981445312e+02 8.227751255035400391e+01 4.864328575134277344e+02 8.043840408325195312e+01 2.000000000000000000e+00
5.631541824340820312e+02 4.906411170959472656e+01 5.584370803833007812e+02 4.750516891479492188e+01 5.519127845764160156e+02 4.563560485839843750e+01 2.000000000000000000e+00
4.624656677246093750e+02 5.311238765716552734e+01 4.578041076660156250e+02 5.147578239440917969e+01 4.514284420013427734e+02 4.966040611267089844e+01 2.000000000000000000e+00
3.795835876464843750e+02 3.293833994865417480e+02 3.750047302246093750e+02 3.277045369148254395e+02 3.687272024154663086e+02 3.259577679634094238e+02 2.000000000000000000e+00
4.065632915496826172e+02 4.050584220886230469e+02 4.018183898925781250e+02 4.033369159698486328e+02 3.956991910934448242e+02 4.015270471572875977e+02 2.000000000000000000e+00
4.046348571777343750e+02 3.760835266113281250e+02 4.000950336456298828e+02 3.745337533950805664e+02 3.938689899444580078e+02 3.726984357833862305e+02 2.000000000000000000e+00
3.427728581428527832e+02 3.613282585144042969e+02 3.380579221248626709e+02 3.596962022781372070e+02 3.319480288028717041e+02 3.578204441070556641e+02 2.000000000000000000e+00
4.335950374603271484e+02 4.168630170822143555e+02 4.290953731536865234e+02 4.153455018997192383e+02 4.227580261230468750e+02 4.134824037551879883e+02 2.000000000000000000e+00
2.123702716827392578e+02 2.706771862506866455e+02 2.077065849304199219e+02 2.691321122646331787e+02 2.013366413116455078e+02 2.674862676858901978e+02 2.000000000000000000e+00
4.016130733489990234e+02 3.542811369895935059e+02 3.970279550552368164e+02 3.527204060554504395e+02 3.906759977340698242e+02 3.508394193649291992e+02 2.000000000000000000e+00
4.185343074798583984e+02 3.580958318710327148e+02 4.139477252960205078e+02 3.564022922515869141e+02 4.077401733398437500e+02 3.546397447586059570e+02 2.000000000000000000e+00
4.514621925354003906e+02 3.958389329910278320e+02 4.468247699737548828e+02 3.942026710510253906e+02 4.405946636199951172e+02 3.922348165512084961e+02 2.000000000000000000e+00
5.274138259887695312e+02 1.910738503932952881e+02 5.228256225585937500e+02 1.893368339538574219e+02 5.165546226501464844e+02 1.876455509662628174e+02 2.000000000000000000e+00
4.484656429290771484e+02 4.128386020660400391e+02 4.438784790039062500e+02 4.112908744812011719e+02 4.375048828125000000e+02 4.093666791915893555e+02 2.000000000000000000e+00
4.595530700683593750e+02 1.340841937065124512e+02 4.549445533752441406e+02 1.325978636741638184e+02 4.485868549346923828e+02 1.307639122009277344e+02 2.000000000000000000e+00
2.616979980468750000e+02 3.554783105850219727e+02 2.571698904037475586e+02 3.540162420272827148e+02 2.508219575881958008e+02 3.523484587669372559e+02 2.000000000000000000e+00
4.375148296356201172e+02 1.463039231300354004e+02 4.328526306152343750e+02 1.447512030601501465e+02 4.265415096282958984e+02 1.428956079483032227e+02 2.000000000000000000e+00
4.373677349090576172e+02 7.312743186950683594e+01 4.326043128967285156e+02 7.151726245880126953e+01 4.263425350189208984e+02 6.975461483001708984e+01 2.000000000000000000e+00
3.857152700424194336e+02 4.449365043640136719e+02 3.811217641830444336e+02 4.433683204650878906e+02 3.748997497558593750e+02 4.414762401580810547e+02 2.000000000000000000e+00
3.905791616439819336e+02 3.082832336425781250e+02 3.861006164550781250e+02 3.066364145278930664e+02 3.797290945053100586e+02 3.048905968666076660e+02 2.000000000000000000e+00
5.225802612304687500e+02 9.707460880279541016e+01 5.177310180664062500e+02 9.548739910125732422e+01 5.114068603515625000e+02 9.359460353851318359e+01 2.000000000000000000e+00
4.434969520568847656e+02 4.365992832183837891e+02 4.389783382415771484e+02 4.350383090972900391e+02 4.327417278289794922e+02 4.331922340393066406e+02 2.000000000000000000e+00
2.425804138183593750e+02 3.456506395339965820e+02 2.380190563201904297e+02 3.441071534156799316e+02 2.316480731964111328e+02 3.423998451232910156e+02 2.000000000000000000e+00
5.880678749084472656e+02 1.428993630409240723e+02 5.834375572204589844e+02 1.412003588676452637e+02 5.769038200378417969e+02 1.396529459953308105e+02 2.000000000000000000e+00
2.888776230812072754e+02 2.132830184698104858e+02 2.888569021224975586e+02 2.126987904310226440e+02 2.871438598632812500e+02 2.121285688877105713e+02 1.000000000000000000e+00
4.065777301788330078e+02 4.417852878570556641e+02 4.019647502899169922e+02 4.401791238784790039e+02 3.957256174087524414e+02 4.383270406723022461e+02 2.000000000000000000e+00
4.713510131835937500e+02 4.264663839340209961e+02 4.666480159759521484e+02 4.247915697097778320e+02 4.603851318359375000e+02 4.229694986343383789e+02 2.000000000000000000e+00
4.675160217285156250e+02 3.864075994491577148e+02 4.629851722717285156e+02 3.847242450714111328e+02 4.567977046966552734e+02 3.826940059661865234e+02 2.000000000000000000e+00
3.736565542221069336e+02 3.821254634857177734e+02 3.690126037597656250e+02 3.805047655105590820e+02 3.627787780761718750e+02 3.787054538726806641e+02 2.000000000000000000e+00
2.397351360321044922e+02 1.837356376647949219e+02 2.407070446014404297e+02 1.835888957977294922e+02 2.397748565673828125e+02 1.833593094348907471e+02 1.000000000000000000e+00
2.836543273925781250e+02 2.181585520505905151e+02 2.832462763786315918e+02 2.173406964540481567e+02 2.810386967658996582e+02 2.165264725685119629e+02 1.000000000000000000e+00
3.392739868164062500e+02 4.116046428680419922e+01 3.345879518985748291e+02 3.946685314178466797e+01 3.284176635742187500e+02 3.765551090240478516e+01 2.000000000000000000e+00
4.654797649383544922e+02 4.046649312973022461e+02 4.607368755340576172e+02 4.030926275253295898e+02 4.545441627502441406e+02 4.011642265319824219e+02 2.000000000000000000e+00
3.168132323026657104e+02 4.430842638015747070e+02 3.122469478845596313e+02 4.414814615249633789e+02 3.060325622558593750e+02 4.397085428237915039e+02 2.000000000000000000e+00
2.998543095588684082e+02 4.163301515579223633e+02 2.952308654785156250e+02 4.146915435791015625e+02 2.890690922737121582e+02 4.130657100677490234e+02 2.000000000000000000e+00
3.806434345245361328e+02 3.741130399703979492e+02 3.759985971450805664e+02 3.725388622283935547e+02 3.697771310806274414e+02 3.707053327560424805e+02 2.000000000000000000e+00
5.740616416931152344e+02 2.308507838845252991e+02 5.698669433593750000e+02 2.291269978880882263e+02 5.634232139587402344e+02 2.272769308090209961e+02 2.000000000000000000e+00
4.713893127441406250e+02 4.324259376525878906e+02 4.666812801361083984e+02 4.307375907897949219e+02 4.604134273529052734e+02 4.288821172714233398e+02 2.000000000000000000e+00
5.848084068298339844e+02 3.833538007736206055e+02 5.800825309753417969e+02 3.816193342208862305e+02 5.737119102478027344e+02 3.796669721603393555e+02 2.000000000000000000e+00
3.916159963607788086e+02 3.592845225334167480e+02 3.869637775421142578e+02 3.577192783355712891e+02 3.806506967544555664e+02 3.558480620384216309e+02 2.000000000000000000e+00
5.670678138732910156e+02 2.229480743408203125e+02 5.624905395507812500e+02 2.213849776983261108e+02 5.563004875183105469e+02 2.196056360006332397e+02 2.000000000000000000e+00
4.283963966369628906e+02 8.709583282470703125e+01 4.236743450164794922e+02 8.541586875915527344e+01 4.173955440521240234e+02 8.372471809387207031e+01 2.000000000000000000e+00
5.005305480957031250e+02 1.009924936294555664e+02 4.958766174316406250e+02 9.939106464385986328e+01 4.895522499084472656e+02 9.763350963592529297e+01 2.000000000000000000e+00
4.684082031250000000e+02 4.384220695495605469e+02 4.637636470794677734e+02 4.367062425613403320e+02 4.574719524383544922e+02 4.348238611221313477e+02 2.000000000000000000e+00
3.916022348403930664e+02 3.851725530624389648e+02 3.870576477050781250e+02 3.835784626007080078e+02 3.807588815689086914e+02 3.817773771286010742e+02 2.000000000000000000e+00
4.563387203216552734e+02 5.705373287200927734e+01 4.516221904754638672e+02 5.548131465911865234e+01 4.451011371612548828e+02 5.367183208465576172e+01 2.000000000000000000e+00
3.956542682647705078e+02 3.730918693542480469e+02 3.911002492904663086e+02 3.715327262878417969e+02 3.848305654525756836e+02 3.697040748596191406e+02 2.000000000000000000e+00
4.394949626922607422e+02 4.039002513885498047e+02 4.349522113800048828e+02 4.023202943801879883e+02 4.285427570343017578e+02 4.004111480712890625e+02 2.000000000000000000e+00
5.542470169067382812e+02 1.540663433074951172e+02 5.494790649414062500e+02 1.524125933647155762e+02 5.431478309631347656e+02 1.504682564735412598e+02 2.000000000000000000e+00
4.285168743133544922e+02 3.750202703475952148e+02 4.238670063018798828e+02 3.733176612854003906e+02 4.177266216278076172e+02 3.714730310440063477e+02 2.000000000000000000e+00
3.816640949249267578e+02 3.534291458129882812e+02 3.770369863510131836e+02 3.518129611015319824e+02 3.707674884796142578e+02 3.500426387786865234e+02 2.000000000000000000e+00
3.707205200195312500e+02 4.348769044876098633e+02 3.661725473403930664e+02 4.332772922515869141e+02 3.599430251121520996e+02 4.314653062820434570e+02 2.000000000000000000e+00
3.686606740951538086e+02 3.522867465019226074e+02 3.641218900680541992e+02 3.506326961517333984e+02 3.578941345214843750e+02 3.488760137557983398e+02 2.000000000000000000e+00
3.228423768281936646e+02 3.783597421646118164e+02 3.182364501059055328e+02 3.768037748336791992e+02 3.120514827966690063e+02 3.750798654556274414e+02 2.000000000000000000e+00
4.983656311035156250e+02 4.509930610656738281e+01 4.936229324340820312e+02 4.347247123718261719e+01 4.872806167602539062e+02 4.168323040008544922e+01 2.000000000000000000e+00
2.037270164489746094e+02 4.336482095718383789e+02 1.991979694366455078e+02 4.321930360794067383e+02 1.929498100280761719e+02 4.304789257049560547e+02 2.000000000000000000e+00
2.234135913848876953e+02 2.706951606273651123e+02 2.187828636169433594e+02 2.691254281997680664e+02 2.124157428741455078e+02 2.674754047393798828e+02 2.000000000000000000e+00
6.032002067565917969e+02 1.304272985458374023e+02 5.985503578186035156e+02 1.288644075393676758e+02 5.920833778381347656e+02 1.268896079063415527e+02 2.000000000000000000e+00
3.052533566951751709e+02 7.826818943023681641e+01 3.006870722770690918e+02 7.650182247161865234e+01 2.943952631950378418e+02 7.481796741485595703e+01 2.000000000000000000e+00
4.076112365722656250e+02 4.159220409393310547e+02 4.030133342742919922e+02 4.142911720275878906e+02 3.967775297164916992e+02 4.124769115447998047e+02 2.000000000000000000e+00
1.988600158691406250e+02 4.275807237625122070e+02 1.942316913604736328e+02 4.261278820037841797e+02 1.880347537994384766e+02 4.244501495361328125e+02 2.000000000000000000e+00
4.145408058166503906e+02 3.311459684371948242e+02 4.100486755371093750e+02 3.294956731796264648e+02 4.037417888641357422e+02 3.276304650306701660e+02 2.000000000000000000e+00
2.047740936279296875e+02 4.436479282379150391e+02 2.001992797851562500e+02 4.421181678771972656e+02 1.940186023712158203e+02 4.404700183868408203e+02 2.000000000000000000e+00
5.439796257019042969e+02 3.566373038291931152e+02 5.393359375000000000e+02 3.549177002906799316e+02 5.329681396484375000e+02 3.530599093437194824e+02 2.000000000000000000e+00
3.368649291992187500e+02 3.983166933059692383e+02 3.323040473461151123e+02 3.965707540512084961e+02 3.260639649629592896e+02 3.949468517303466797e+02 2.000000000000000000e+00
4.274180030822753906e+02 7.008687973022460938e+01 4.227386474609375000e+02 6.844180583953857422e+01 4.164133930206298828e+02 6.664911746978759766e+01 2.000000000000000000e+00
4.704053401947021484e+02 4.185444974899291992e+02 4.657894039154052734e+02 4.169186210632324219e+02 4.596394062042236328e+02 4.150685262680053711e+02 2.000000000000000000e+00
5.044804763793945312e+02 1.410767769813537598e+02 4.998408889770507812e+02 1.394109749794006348e+02 4.935137939453125000e+02 1.375779962539672852e+02 2.000000000000000000e+00
4.803778648376464844e+02 4.308189868927001953e+01 4.756843280792236328e+02 4.153847694396972656e+01 4.695218849182128906e+02 3.967155933380126953e+01 2.000000000000000000e+00
3.785068368911743164e+02 2.974450707435607910e+02 3.738956308364868164e+02 2.957688331604003906e+02 3.676992797851562500e+02 2.940729081630706787e+02 2.000000000000000000e+00
5.334091758728027344e+02 3.685212421417236328e+02 5.287342643737792969e+02 3.667832422256469727e+02 5.225626945495605469e+02 3.648777866363525391e+02 2.000000000000000000e+00
2.626938772201538086e+02 4.205503606796264648e+02 2.583654165267944336e+02 4.189402914047241211e+02 2.520309877395629883e+02 4.172020053863525391e+02 2.000000000000000000e+00
2.251666545867919922e+02 2.129734486341476440e+02 2.258611869812011719e+02 2.126719343662261963e+02 2.244999980926513672e+02 2.118413829803466797e+02 1.000000000000000000e+00
1.820969486236572266e+02 4.246936082839965820e+02 1.773748588562011719e+02 4.232006692886352539e+02 1.710030078887939453e+02 4.215683412551879883e+02 2.000000000000000000e+00
4.433216285705566406e+02 5.700077533721923828e+01 4.386666870117187500e+02 5.547851085662841797e+01 4.322648620605468750e+02 5.361459732055664062e+01 2.000000000000000000e+00
3.218163147568702698e+02 1.800113654136657715e+02 3.214287415146827698e+02 1.797413420677185059e+02 3.190677490085363388e+02 1.793683576583862305e+02 1.000000000000000000e+00
5.545364952087402344e+02 2.349819941818714142e+02 5.511414146423339844e+02 2.335003504157066345e+02 5.483583450317382812e+02 2.317731624841690063e+02 2.000000000000000000e+00
4.485059261322021484e+02 3.728926420211791992e+02 4.438141536712646484e+02 3.712428331375122070e+02 4.376550960540771484e+02 3.694195032119750977e+02 2.000000000000000000e+00
4.483966732025146484e+02 4.511760234832763672e+01 4.436850643157958984e+02 4.348238468170166016e+01 4.373104858398437500e+02 4.164244651794433594e+01 2.000000000000000000e+00
3.077375185489654541e+02 1.701373386383056641e+02 3.077552187442779541e+02 1.699469089508056641e+02 3.056407463550567627e+02 1.695308017730712891e+02 1.000000000000000000e+00
5.011970901489257812e+02 2.751504850387573242e+02 4.967083740234375000e+02 2.737017524242401123e+02 4.903187370300292969e+02 2.721937286853790283e+02 2.000000000000000000e+00
3.759292936325073242e+02 4.551498270034790039e+02 3.713187551498413086e+02 4.535032510757446289e+02 3.651939105987548828e+02 4.517050266265869141e+02 2.000000000000000000e+00
4.305412006378173828e+02 5.511998176574707031e+01 4.258459472656250000e+02 5.346868515014648438e+01 4.195739746093750000e+02 5.168525218963623047e+01 2.000000000000000000e+00
5.836864662170410156e+02 3.763525772094726562e+02 5.790180778503417969e+02 3.746178102493286133e+02 5.726122474670410156e+02 3.726831722259521484e+02 2.000000000000000000e+00
5.521397209167480469e+02 1.970200037956237793e+02 5.473892211914062500e+02 1.954772150516510010e+02 5.410927200317382812e+02 1.936204969882965088e+02 2.000000000000000000e+00
1.810318851470947266e+02 4.107455492019653320e+02 1.763243579864501953e+02 4.092068624496459961e+02 1.699954986572265625e+02 4.075844478607177734e+02 2.000000000000000000e+00
6.029501914978027344e+02 2.338015589118003845e+02 5.982291984558105469e+02 2.322803190350532532e+02 5.918194007873535156e+02 2.303050535917282104e+02 2.000000000000000000e+00
5.154110717773437500e+02 1.650840139389038086e+02 5.108067703247070312e+02 1.634579443931579590e+02 5.044182395935058594e+02 1.615993595123291016e+02 2.000000000000000000e+00
4.724195003509521484e+02 9.018174648284912109e+01 4.675390338897705078e+02 8.854074954986572266e+01 4.610599040985107422e+02 8.671740531921386719e+01 2.000000000000000000e+00
4.215925025939941406e+02 4.198728990554809570e+02 4.170419979095458984e+02 4.183353996276855469e+02 4.107260799407958984e+02 4.164568233489990234e+02 2.000000000000000000e+00
4.165596294403076172e+02 3.381739568710327148e+02 4.120491027832031250e+02 3.365057730674743652e+02 4.057498836517333984e+02 3.346670866012573242e+02 2.000000000000000000e+00
2.097101879119873047e+02 3.966713619232177734e+02 2.051049137115478516e+02 3.952277326583862305e+02 1.987451648712158203e+02 3.934813928604125977e+02 2.000000000000000000e+00
4.266051673889160156e+02 3.451560759544372559e+02 4.221928119659423828e+02 3.435538959503173828e+02 4.157374000549316406e+02 3.416230487823486328e+02 2.000000000000000000e+00
4.544947528839111328e+02 4.058189821243286133e+02 4.498089885711669922e+02 4.042686223983764648e+02 4.435103797912597656e+02 4.022977924346923828e+02 2.000000000000000000e+00
4.604766559600830078e+02 2.900318026542663574e+02 4.557500362396240234e+02 2.882822585105895996e+02 4.495887470245361328e+02 2.865360724925994873e+02 2.000000000000000000e+00
2.937768554687500000e+02 4.033804464340209961e+02 2.891784358024597168e+02 4.017682886123657227e+02 2.829714345932006836e+02 4.000951337814331055e+02 2.000000000000000000e+00
3.457394719123840332e+02 3.482977366447448730e+02 3.410189509391784668e+02 3.467403030395507812e+02 3.349119567871093750e+02 3.451134109497070312e+02 2.000000000000000000e+00
4.064948749542236328e+02 7.107672214508056641e+01 4.019063472747802734e+02 6.947313308715820312e+01 3.956400775909423828e+02 6.759743213653564453e+01 2.000000000000000000e+00
2.139910411834716797e+02 4.374989175796508789e+02 2.093345355987548828e+02 4.359414482116699219e+02 2.031980419158935547e+02 4.343314361572265625e+02 2.000000000000000000e+00
3.238437500596046448e+02 4.430783128738403320e+02 3.192871398478746414e+02 4.414952230453491211e+02 3.130162048339843750e+02 4.396932506561279297e+02 2.000000000000000000e+00
5.172031211853027344e+02 3.854891109466552734e+02 5.125823974609375000e+02 3.838924026489257812e+02 5.062297439575195312e+02 3.819228601455688477e+02 2.000000000000000000e+00
4.604340267181396484e+02 2.840317726135253906e+02 4.557965755462646484e+02 2.823211097717285156e+02 4.495727252960205078e+02 2.806119096279144287e+02 2.000000000000000000e+00
5.970138549804687500e+02 1.699699831008911133e+02 5.924128532409667969e+02 1.682490992546081543e+02 5.859826087951660156e+02 1.663766455650329590e+02 2.000000000000000000e+00
3.278016358613967896e+02 3.583257222175598145e+02 3.232003173232078552e+02 3.567901396751403809e+02 3.170549926161766052e+02 3.552036523818969727e+02 2.000000000000000000e+00
4.594197368621826172e+02 4.434140396118164062e+02 4.548053932189941406e+02 4.416922760009765625e+02 4.485855388641357422e+02 4.398301506042480469e+02 2.000000000000000000e+00
4.365751647949218750e+02 3.910225296020507812e+02 4.319745540618896484e+02 3.893419933319091797e+02 4.256605529785156250e+02 3.874315309524536133e+02 2.000000000000000000e+00
5.202310180664062500e+02 3.178537917137145996e+02 5.155764770507812500e+02 3.162684702873229980e+02 5.092091369628906250e+02 3.143875765800476074e+02 2.000000000000000000e+00
3.517251586914062500e+02 3.623107051849365234e+02 3.470747375488281250e+02 3.606903791427612305e+02 3.409128117561340332e+02 3.588019752502441406e+02 2.000000000000000000e+00
4.225790405273437500e+02 4.277842855453491211e+02 4.179517841339111328e+02 4.262878274917602539e+02 4.116906166076660156e+02 4.243682956695556641e+02 2.000000000000000000e+00
3.104541015625000000e+02 1.802942776679992676e+02 3.097609245777130127e+02 1.798630499839782715e+02 3.073250114917755127e+02 1.793352198600769043e+02 1.000000000000000000e+00
4.185793781280517578e+02 4.467067050933837891e+02 4.139107036590576172e+02 4.450516748428344727e+02 4.077591896057128906e+02 4.431974315643310547e+02 2.000000000000000000e+00
4.135205364227294922e+02 2.902597689628601074e+02 4.088543987274169922e+02 2.886628139019012451e+02 4.025861263275146484e+02 2.867850673198699951e+02 2.000000000000000000e+00
5.851116943359375000e+02 1.081470537185668945e+02 5.805535316467285156e+02 1.065077161788940430e+02 5.739509963989257812e+02 1.046362495422363281e+02 2.000000000000000000e+00
3.366726684570312500e+02 4.499253988265991211e+02 3.319536745548248291e+02 4.483258438110351562e+02 3.258155518770217896e+02 4.465478038787841797e+02 2.000000000000000000e+00
2.386043834686279297e+02 3.315787124633789062e+02 2.338960552215576172e+02 3.300434017181396484e+02 2.276056957244873047e+02 3.284108304977416992e+02 2.000000000000000000e+00
5.014513015747070312e+02 7.893319129943847656e+01 4.968030166625976562e+02 7.730715751647949219e+01 4.904307365417480469e+02 7.548874855041503906e+01 2.000000000000000000e+00
3.207802124321460724e+02 1.626091146469116211e+02 3.204548950120806694e+02 1.625716209411621094e+02 3.182306213676929474e+02 1.624015903472900391e+02 1.000000000000000000e+00
4.034548091888427734e+02 5.615736007690429688e+01 3.987895202636718750e+02 5.452387332916259766e+01 3.925330209732055664e+02 5.274646282196044922e+01 2.000000000000000000e+00
2.100390148162841797e+02 1.980814647674560547e+02 2.111000061035156250e+02 1.975824880599975586e+02 2.105296325683593750e+02 1.970635807514190674e+02 1.000000000000000000e+00
4.225685787200927734e+02 3.401893329620361328e+02 4.180967712402343750e+02 3.385465764999389648e+02 4.117425537109375000e+02 3.366706609725952148e+02 2.000000000000000000e+00
3.575327467918395996e+02 1.939148247241973877e+02 3.559567880630493164e+02 1.934527409076690674e+02 3.524963998794555664e+02 1.926836049556732178e+02 1.000000000000000000e+00
3.897683429718017578e+02 4.359204196929931641e+02 3.851994943618774414e+02 4.344134902954101562e+02 3.789425373077392578e+02 4.325443553924560547e+02 2.000000000000000000e+00
5.061584472656250000e+02 2.869330179691314697e+02 5.015808486938476562e+02 2.852602243423461914e+02 4.951918411254882812e+02 2.833714306354522705e+02 2.000000000000000000e+00
5.938515090942382812e+02 2.298075404763221741e+02 5.890431594848632812e+02 2.282240590453147888e+02 5.826408195495605469e+02 2.262471762299537659e+02 2.000000000000000000e+00
5.751411819458007812e+02 5.507911205291748047e+01 5.703848266601562500e+02 5.341084957122802734e+01 5.638719558715820312e+02 5.155024051666259766e+01 2.000000000000000000e+00
2.308474063873291016e+02 4.096098375320434570e+02 2.262503528594970703e+02 4.079382419586181641e+02 2.199967002868652344e+02 4.063488292694091797e+02 2.000000000000000000e+00
3.039696037769317627e+02 4.432434511184692383e+02 2.993333745002746582e+02 4.415942430496215820e+02 2.932534790039062500e+02 4.399999237060546875e+02 2.000000000000000000e+00
5.161397743225097656e+02 4.362909078598022461e+02 5.115239334106445312e+02 4.345507907867431641e+02 5.051554679870605469e+02 4.325606203079223633e+02 2.000000000000000000e+00
4.105675697326660156e+02 4.467796754837036133e+02 4.059432697296142578e+02 4.450952911376953125e+02 3.997225046157836914e+02 4.432390308380126953e+02 2.000000000000000000e+00
3.995020437240600586e+02 3.942587041854858398e+02 3.948726797103881836e+02 3.925738906860351562e+02 3.887433767318725586e+02 3.907393884658813477e+02 2.000000000000000000e+00
1.740773010253906250e+02 4.126735067367553711e+02 1.693347644805908203e+02 4.112050008773803711e+02 1.630073356628417969e+02 4.095906114578247070e+02 2.000000000000000000e+00
4.564468669891357422e+02 3.150635433197021484e+02 4.518034076690673828e+02 3.132280325889587402e+02 4.455506896972656250e+02 3.115627813339233398e+02 2.000000000000000000e+00
3.806279897689819336e+02 3.474737334251403809e+02 3.760057067871093750e+02 3.458770179748535156e+02 3.697538471221923828e+02 3.441409063339233398e+02 2.000000000000000000e+00
3.921337604522705078e+02 7.488789081573486328e+01 3.875112009048461914e+02 7.333847522735595703e+01 3.811703491210937500e+02 7.145011425018310547e+01 2.000000000000000000e+00
5.999750328063964844e+02 1.949272119998931885e+02 5.952870559692382812e+02 1.934074223041534424e+02 5.889275550842285156e+02 1.913374757766723633e+02 2.000000000000000000e+00
5.928661537170410156e+02 3.893436956405639648e+02 5.880797195434570312e+02 3.875954389572143555e+02 5.816953849792480469e+02 3.855831670761108398e+02 2.000000000000000000e+00
5.699669837951660156e+02 1.939565420150756836e+02 5.652750968933105469e+02 1.922767460346221924e+02 5.588707351684570312e+02 1.903873121738433838e+02 2.000000000000000000e+00
5.839552116394042969e+02 9.497908115386962891e+01 5.792276573181152344e+02 9.344641685485839844e+01 5.727701377868652344e+02 9.167109489440917969e+01 2.000000000000000000e+00
4.902899742126464844e+02 6.405647277832031250e+01 4.856377983093261719e+02 6.240757942199707031e+01 4.792433452606201172e+02 6.065679073333740234e+01 2.000000000000000000e+00
4.225881671905517578e+02 3.531579065322875977e+02 4.179692745208740234e+02 3.514056158065795898e+02 4.117419719696044922e+02 3.497019410133361816e+02 2.000000000000000000e+00
2.139721965789794922e+02 1.885990405082702637e+02 2.147889423370361328e+02 1.883330976963043213e+02 2.136959075927734375e+02 1.880976998805999756e+02 1.000000000000000000e+00
3.913840961456298828e+02 4.710326671600341797e+01 3.867505216598510742e+02 4.537136077880859375e+01 3.803292846679687500e+02 4.358530998229980469e+01 2.000000000000000000e+00
4.584358501434326172e+02 4.274919176101684570e+02 4.538140296936035156e+02 4.257389688491821289e+02 4.475393676757812500e+02 4.239958333969116211e+02 2.000000000000000000e+00
4.624739742279052734e+02 6.905967235565185547e+01 4.577624511718750000e+02 6.751818180084228516e+01 4.511206054687500000e+02 6.572000026702880859e+01 2.000000000000000000e+00
2.356078433990478516e+02 3.218164443969726562e+02 2.308946990966796875e+02 3.202811336517333984e+02 2.246228313446044922e+02 3.184431195259094238e+02 2.000000000000000000e+00
4.793836688995361328e+02 6.207734584808349609e+01 4.747551918029785156e+02 6.042730808258056641e+01 4.684073162078857422e+02 5.866028308868408203e+01 2.000000000000000000e+00
2.867086791992187500e+02 2.235133659839630127e+02 2.865828537940979004e+02 2.227829128503799438e+02 2.844926762580871582e+02 2.218863666057586670e+02 1.000000000000000000e+00
4.924537467956542969e+02 1.060352468490600586e+02 4.878342247009277344e+02 1.044508552551269531e+02 4.815177345275878906e+02 1.025863409042358398e+02 2.000000000000000000e+00
2.698478984832763672e+02 3.464620113372802734e+02 2.652599763870239258e+02 3.450172805786132812e+02 2.589281320571899414e+02 3.433451557159423828e+02 2.000000000000000000e+00
3.666465473175048828e+02 3.612154340744018555e+02 3.620383596420288086e+02 3.596188116073608398e+02 3.558490300178527832e+02 3.578310942649841309e+02 2.000000000000000000e+00
1.946775341033935547e+02 4.047183322906494141e+02 1.900306224822998047e+02 4.030976629257202148e+02 1.837633609771728516e+02 4.015286636352539062e+02 2.000000000000000000e+00
2.169778728485107422e+02 2.121632981300354004e+02 2.177677154541015625e+02 2.115952438116073608e+02 2.165725994110107422e+02 2.107497847080230713e+02 1.000000000000000000e+00
4.725025653839111328e+02 6.307870388031005859e+01 4.677709960937500000e+02 6.143104076385498047e+01 4.613493347167968750e+02 5.961946964263916016e+01 2.000000000000000000e+00
4.203770732879638672e+02 7.308471679687500000e+01 4.155570125579833984e+02 7.145264625549316406e+01 4.094528484344482422e+02 6.966865539550781250e+01 2.000000000000000000e+00
5.271670532226562500e+02 3.417409086227416992e+02 5.224493408203125000e+02 3.401466107368469238e+02 5.161969566345214844e+02 3.382467699050903320e+02 2.000000000000000000e+00
4.664860248565673828e+02 6.109605789184570312e+01 4.618305969238281250e+02 5.945963859558105469e+01 4.554007244110107422e+02 5.766014099121093750e+01 2.000000000000000000e+00
4.035372066497802734e+02 2.733648705482482910e+02 3.989859628677368164e+02 2.717082846164703369e+02 3.926946401596069336e+02 2.698495799303054810e+02 2.000000000000000000e+00
2.518034362792968750e+02 3.926010560989379883e+02 2.471896791458129883e+02 3.909944200515747070e+02 2.409260702133178711e+02 3.893532514572143555e+02 2.000000000000000000e+00
4.845476341247558594e+02 3.678271579742431641e+02 4.799153423309326172e+02 3.662263870239257812e+02 4.737668800354003906e+02 3.643901109695434570e+02 2.000000000000000000e+00
2.887918996810913086e+02 3.584422087669372559e+02 2.841759037971496582e+02 3.569084858894348145e+02 2.778500652313232422e+02 3.551726460456848145e+02 2.000000000000000000e+00
5.151278686523437500e+02 3.258091449737548828e+02 5.105264282226562500e+02 3.243426275253295898e+02 5.042202186584472656e+02 3.223639869689941406e+02 2.000000000000000000e+00
5.408263015747070312e+02 2.273388057947158813e+02 5.363499259948730469e+02 2.259292289614677429e+02 5.302797889709472656e+02 2.243456268310546875e+02 2.000000000000000000e+00
4.266161251068115234e+02 3.911222648620605469e+02 4.219636821746826172e+02 3.894095563888549805e+02 4.157921504974365234e+02 3.875161170959472656e+02 2.000000000000000000e+00
5.800783729553222656e+02 1.709538960456848145e+02 5.752679443359375000e+02 1.692659568786621094e+02 5.688768959045410156e+02 1.674298524856567383e+02 2.000000000000000000e+00
4.743701171875000000e+02 1.592013216018676758e+02 4.697041988372802734e+02 1.575605607032775879e+02 4.633586788177490234e+02 1.557449483871459961e+02 2.000000000000000000e+00
4.144874572753906250e+02 2.763490319252014160e+02 4.098348712921142578e+02 2.747050809860229492e+02 4.036118793487548828e+02 2.728307497501373291e+02 2.000000000000000000e+00
3.000728452205657959e+02 4.492472648620605469e+02 2.953851318359375000e+02 4.475792598724365234e+02 2.893965744972229004e+02 4.458725023269653320e+02 2.000000000000000000e+00
6.010977172851562500e+02 6.510457992553710938e+01 5.963644409179687500e+02 6.344957828521728516e+01 5.898949050903320312e+02 6.157117366790771484e+01 2.000000000000000000e+00
5.351286697387695312e+02 5.109430789947509766e+01 5.304736900329589844e+02 4.939481735229492188e+01 5.240744590759277344e+02 4.760835170745849609e+01 2.000000000000000000e+00
5.190914344787597656e+02 4.432652664184570312e+02 5.143765830993652344e+02 4.414680862426757812e+02 5.080745315551757812e+02 4.395401430130004883e+02 2.000000000000000000e+00
2.186634826660156250e+02 3.587294983863830566e+02 2.139880084991455078e+02 3.572841882705688477e+02 2.077073383331298828e+02 3.555763578414916992e+02 2.000000000000000000e+00
3.895434570312500000e+02 3.223268151283264160e+02 3.850320148468017578e+02 3.206421875953674316e+02 3.787222003936767578e+02 3.188462877273559570e+02 2.000000000000000000e+00
3.088282465934753418e+02 3.723920345306396484e+02 3.042104494571685791e+02 3.707907199859619141e+02 2.979914546012878418e+02 3.691244316101074219e+02 2.000000000000000000e+00
5.608999061584472656e+02 4.370991611480712891e+02 5.561500358581542969e+02 4.353003358840942383e+02 5.498501014709472656e+02 4.333273172378540039e+02 2.000000000000000000e+00
4.575225830078125000e+02 3.737431097030639648e+02 4.529250526428222656e+02 3.720626020431518555e+02 4.467938899993896484e+02 3.702026367187500000e+02 2.000000000000000000e+00
4.665350627899169922e+02 8.419723033905029297e+01 4.616703796386718750e+02 8.250194549560546875e+01 4.554719543457031250e+02 8.071137428283691406e+01 2.000000000000000000e+00
4.554361915588378906e+02 3.906404542922973633e+02 4.508420085906982422e+02 3.890146923065185547e+02 4.446658992767333984e+02 3.870162105560302734e+02 2.000000000000000000e+00
3.606137084960937500e+02 3.253294444084167480e+02 3.561675429344177246e+02 3.236529922485351562e+02 3.497626042366027832e+02 3.219636297225952148e+02 2.000000000000000000e+00
3.966037893295288086e+02 3.801210165023803711e+02 3.920254850387573242e+02 3.785836315155029297e+02 3.858218097686767578e+02 3.767662382125854492e+02 2.000000000000000000e+00
4.783102130889892578e+02 2.840163910388946533e+02 4.737039470672607422e+02 2.826229584217071533e+02 4.674180316925048828e+02 2.806803596019744873e+02 2.000000000000000000e+00
2.696528005599975586e+02 4.242686605453491211e+02 2.649743032455444336e+02 4.227946901321411133e+02 2.589326143264770508e+02 4.210776185989379883e+02 2.000000000000000000e+00
3.458022165298461914e+02 3.361524438858032227e+02 3.411077880859375000e+02 3.346551275253295898e+02 3.349276125431060791e+02 3.329612159729003906e+02 2.000000000000000000e+00
3.827066659927368164e+02 3.662025547027587891e+02 3.780694913864135742e+02 3.646278762817382812e+02 3.717680978775024414e+02 3.627832460403442383e+02 2.000000000000000000e+00
3.906588125228881836e+02 3.681073093414306641e+02 3.860420560836791992e+02 3.665337896347045898e+02 3.797368192672729492e+02 3.647062683105468750e+02 2.000000000000000000e+00
5.432180213928222656e+02 1.581037831306457520e+02 5.384509277343750000e+02 1.564313292503356934e+02 5.321212768554687500e+02 1.545400786399841309e+02 2.000000000000000000e+00
2.432588815689086914e+02 2.265562739968299866e+02 2.431434297561645508e+02 2.255605915188789368e+02 2.412399911880493164e+02 2.248428797721862793e+02 1.000000000000000000e+00
3.975515747070312500e+02 3.032861638069152832e+02 3.930736398696899414e+02 3.016537785530090332e+02 3.866947031021118164e+02 2.999406158924102783e+02 2.000000000000000000e+00
5.364130210876464844e+02 1.392349219322204590e+02 5.317203330993652344e+02 1.375405526161193848e+02 5.253463745117187500e+02 1.356386947631835938e+02 2.000000000000000000e+00
2.667601013183593750e+02 3.655010747909545898e+02 2.621871042251586914e+02 3.639219760894775391e+02 2.558609151840209961e+02 3.622229719161987305e+02 2.000000000000000000e+00
3.239047548174858093e+02 4.102532386779785156e+02 3.193040466308593750e+02 4.086057186126708984e+02 3.131627196073532104e+02 4.069057989120483398e+02 2.000000000000000000e+00
2.200288963317871094e+02 4.436305618286132812e+02 2.153338146209716797e+02 4.420633077621459961e+02 2.091335582733154297e+02 4.403726863861083984e+02 2.000000000000000000e+00
2.605941772460937500e+02 2.296403190493583679e+02 2.602262544631958008e+02 2.285873258113861084e+02 2.580590486526489258e+02 2.278018033504486084e+02 1.000000000000000000e+00
2.876392197608947754e+02 2.076091897487640381e+02 2.877611684799194336e+02 2.070895528793334961e+02 2.860084843635559082e+02 2.065007758140563965e+02 1.000000000000000000e+00
4.911806678771972656e+02 4.481879711151123047e+02 4.864826011657714844e+02 4.464611005783081055e+02 4.802288627624511719e+02 4.445020580291748047e+02 2.000000000000000000e+00
3.855660724639892578e+02 2.754148256778717041e+02 3.810575580596923828e+02 2.737685251235961914e+02 3.747327899932861328e+02 2.719889223575592041e+02 2.000000000000000000e+00
4.323004436492919922e+02 6.512509346008300781e+01 4.276491069793701172e+02 6.348828792572021484e+01 4.213199806213378906e+02 6.168225288391113281e+01 2.000000000000000000e+00
5.143383216857910156e+02 3.447118306159973145e+02 5.095947647094726562e+02 3.432437181472778320e+02 5.034068679809570312e+02 3.412973999977111816e+02 2.000000000000000000e+00
5.563621902465820312e+02 9.514806747436523438e+01 5.519399452209472656e+02 9.345050811767578125e+01 5.453471183776855469e+02 9.161222934722900391e+01 2.000000000000000000e+00
2.515699768066406250e+02 2.847289752960205078e+02 2.468947601318359375e+02 2.831886005401611328e+02 2.406209850311279297e+02 2.814763820171356201e+02 2.000000000000000000e+00
5.620207023620605469e+02 2.049905240535736084e+02 5.572396278381347656e+02 2.033550560474395752e+02 5.509096145629882812e+02 2.014642453193664551e+02 2.000000000000000000e+00
4.504003047943115234e+02 3.449935054779052734e+02 4.457171630859375000e+02 3.433588886260986328e+02 4.394665527343750000e+02 3.415829515457153320e+02 2.000000000000000000e+00
2.538285207748413086e+02 3.186290001869201660e+02 2.491275930404663086e+02 3.171149969100952148e+02 2.428743743896484375e+02 3.154986906051635742e+02 2.000000000000000000e+00
3.498945617675781250e+02 4.280892705917358398e+02 3.452442622184753418e+02 4.264746809005737305e+02 3.391364133358001709e+02 4.246575736999511719e+02 2.000000000000000000e+00
3.386681830883026123e+02 3.463398528099060059e+02 3.339513242244720459e+02 3.447853159904479980e+02 3.278851318359375000e+02 3.431734657287597656e+02 2.000000000000000000e+00
5.906125450134277344e+02 3.763398456573486328e+02 5.859143638610839844e+02 3.746228456497192383e+02 5.795564079284667969e+02 3.726836013793945312e+02 2.000000000000000000e+00
5.786032676696777344e+02 4.200330018997192383e+02 5.739507484436035156e+02 4.183932352066040039e+02 5.675132560729980469e+02 4.163048458099365234e+02 2.000000000000000000e+00
6.052547645568847656e+02 1.677101826667785645e+02 6.005832481384277344e+02 1.660454392433166504e+02 5.941588783264160156e+02 1.642038989067077637e+02 2.000000000000000000e+00
3.723776245117187500e+02 2.757158517837524414e+02 3.675530719757080078e+02 2.735875260829925537e+02 3.614344501495361328e+02 2.721960461139678955e+02 2.000000000000000000e+00
5.235185623168945312e+02 1.111841869354248047e+02 5.187767410278320312e+02 1.095367240905761719e+02 5.124363517761230469e+02 1.076490926742553711e+02 2.000000000000000000e+00
4.884245681762695312e+02 4.513242244720458984e+01 4.837063026428222656e+02 4.351126670837402344e+01 4.775374507904052734e+02 4.167117118835449219e+01 2.000000000000000000e+00
5.150719070434570312e+02 2.899325287342071533e+02 5.105441856384277344e+02 2.883816254138946533e+02 5.040911293029785156e+02 2.864417445659637451e+02 2.000000000000000000e+00
4.962747192382812500e+02 4.144317483901977539e+02 4.915223503112792969e+02 4.127067947387695312e+02 4.852455520629882812e+02 4.107788228988647461e+02 2.000000000000000000e+00
3.399903261661529541e+02 4.450378561019897461e+02 3.353491818904876709e+02 4.434154129028320312e+02 3.291000670194625854e+02 4.416378307342529297e+02 2.000000000000000000e+00
3.478937697410583496e+02 4.460347366333007812e+02 3.432660841941833496e+02 4.444078731536865234e+02 3.370874333381652832e+02 4.425992202758789062e+02 2.000000000000000000e+00
3.907159757614135742e+02 4.259630155563354492e+02 3.861320495605468750e+02 4.243895673751831055e+02 3.798693227767944336e+02 4.225514030456542969e+02 2.000000000000000000e+00
3.628019714355468750e+02 4.259193277359008789e+02 3.582010817527770996e+02 4.243242931365966797e+02 3.520203852653503418e+02 4.224911928176879883e+02 2.000000000000000000e+00
4.275083351135253906e+02 2.932494235038757324e+02 4.227805519104003906e+02 2.916366899013519287e+02 4.166158771514892578e+02 2.898015153408050537e+02 2.000000000000000000e+00
4.374532222747802734e+02 3.142189979553222656e+02 4.328994750976562500e+02 3.126029706001281738e+02 4.265903949737548828e+02 3.106070923805236816e+02 2.000000000000000000e+00
2.056985950469970703e+02 1.896217167377471924e+02 2.069649314880371094e+02 1.893662238121032715e+02 2.064503192901611328e+02 1.890047585964202881e+02 1.000000000000000000e+00
2.556986999511718750e+02 3.856320333480834961e+02 2.510647249221801758e+02 3.840889406204223633e+02 2.448137807846069336e+02 3.823936271667480469e+02 2.000000000000000000e+00
2.357989501953125000e+02 2.015641450881958008e+02 2.365401268005371094e+02 2.013452875614166260e+02 2.351408481597900391e+02 2.006697356700897217e+02 1.000000000000000000e+00
5.541555213928222656e+02 1.811236381530761719e+02 5.494599723815917969e+02 1.795209646224975586e+02 5.430757522583007812e+02 1.776283049583435059e+02 2.000000000000000000e+00
3.706515836715698242e+02 3.383596873283386230e+02 3.661532926559448242e+02 3.366347122192382812e+02 3.599063730239868164e+02 3.349135780334472656e+02 2.000000000000000000e+00
6.000875282287597656e+02 9.612906932830810547e+01 5.951607131958007812e+02 9.442593097686767578e+01 5.886396598815917969e+02 9.251379489898681641e+01 2.000000000000000000e+00
6.029670524597167969e+02 1.496063661575317383e+02 5.983373451232910156e+02 1.480736804008483887e+02 5.918480873107910156e+02 1.461011624336242676e+02 2.000000000000000000e+00
5.034979629516601562e+02 1.651144552230834961e+02 4.988990211486816406e+02 1.634755969047546387e+02 4.924688720703125000e+02 1.616690969467163086e+02 2.000000000000000000e+00
2.674794626235961914e+02 2.325902402400970459e+02 2.665421438217163086e+02 2.315923306345939636e+02 2.639576101303100586e+02 2.306192931532859802e+02 1.000000000000000000e+00
4.604169940948486328e+02 4.334466361999511719e+02 4.557717323303222656e+02 4.317110967636108398e+02 4.495640563964843750e+02 4.298824310302734375e+02 2.000000000000000000e+00
3.206903991848230362e+02 1.683959341049194336e+02 3.203623352199792862e+02 1.682653498649597168e+02 3.181260070204734802e+02 1.678774523735046387e+02 1.000000000000000000e+00
