4.792760372161865234e+02 2.591668099164962769e+02 4.918235206604003906e+02 2.616133439540863037e+02 5.047316551208496094e+02 2.631744396686553955e+02 1.000000000000000000e+00
4.882194519042968750e+02 2.591756898164749146e+02 5.007618713378906250e+02 2.616521000862121582e+02 5.136697959899902344e+02 2.631929326057434082e+02 1.000000000000000000e+00
4.813277053833007812e+02 2.938991725444793701e+02 4.937760353088378906e+02 2.958406090736389160e+02 5.067522239685058594e+02 2.970343959331512451e+02 1.000000000000000000e+00
4.361073303222656250e+02 2.643399971723556519e+02 4.491635799407958984e+02 2.667017537355422974e+02 4.626403236389160156e+02 2.682448142766952515e+02 1.000000000000000000e+00
5.615941238403320312e+02 3.066302847862243652e+02 5.730025100708007812e+02 3.086064219474792480e+02 5.847018432617187500e+02 3.096481060981750488e+02 1.000000000000000000e+00
5.347460365295410156e+02 2.584973162412643433e+02 5.467727088928222656e+02 2.609318250417709351e+02 5.592420768737792969e+02 2.625021672248840332e+02 1.000000000000000000e+00
5.639767456054687500e+02 3.056898808479309082e+02 5.754086303710937500e+02 3.076828336715698242e+02 5.871067619323730469e+02 3.087672758102416992e+02 1.000000000000000000e+00
4.904240989685058594e+02 2.941675758361816406e+02 5.028697204589843750e+02 2.960252702236175537e+02 5.158401489257812500e+02 2.972413659095764160e+02 1.000000000000000000e+00
4.369527912139892578e+02 2.674302077293395996e+02 4.500000667572021484e+02 2.697742331027984619e+02 4.635056781768798828e+02 2.713362121582031250e+02 1.000000000000000000e+00
5.289822959899902344e+02 2.594454056024551392e+02 5.410502433776855469e+02 2.618794262409210205e+02 5.534959220886230469e+02 2.634299021959304810e+02 1.000000000000000000e+00
4.886917686462402344e+02 2.314230492711067200e+02 5.013435935974121094e+02 2.341382597386837006e+02 5.142768669128417969e+02 2.360842131078243256e+02 1.000000000000000000e+00
5.360911941528320312e+02 2.986359894275665283e+02 5.481665611267089844e+02 3.006274151802062988e+02 5.605768394470214844e+02 3.017781686782836914e+02 1.000000000000000000e+00
5.525615310668945312e+02 3.096557021141052246e+02 5.639036369323730469e+02 3.116301584243774414e+02 5.757949256896972656e+02 3.126837801933288574e+02 1.000000000000000000e+00
4.484195613861083984e+02 2.283106836676597595e+02 4.613894081115722656e+02 2.309605246782302856e+02 4.748126888275146484e+02 2.328345331549644470e+02 1.000000000000000000e+00
4.580451393127441406e+02 2.319867396354675293e+02 4.708784484863281250e+02 2.346807552874088287e+02 4.842719841003417969e+02 2.365558165311813354e+02 1.000000000000000000e+00
4.983158874511718750e+02 2.357274779677391052e+02 5.108918571472167969e+02 2.384529265388846397e+02 5.238504600524902344e+02 2.402559661958366632e+02 1.000000000000000000e+00
4.433315181732177734e+02 2.434086609631776810e+02 4.563693523406982422e+02 2.459425355494022369e+02 4.697665119171142578e+02 2.475846406817436218e+02 1.000000000000000000e+00
5.907614707946777344e+02 2.949936246871948242e+02 6.021780967712402344e+02 2.971200585365295410e+02 6.134772300720214844e+02 2.983148217201232910e+02 1.000000000000000000e+00
5.280029296875000000e+02 2.705102241039276123e+02 5.400684928894042969e+02 2.728151857852935791e+02 5.525079917907714844e+02 2.742746293544769287e+02 1.000000000000000000e+00
4.958785438537597656e+02 2.347096247971057892e+02 5.085300064086914062e+02 2.374331358075141907e+02 5.214522743225097656e+02 2.392358855903148651e+02 1.000000000000000000e+00
4.887299537658691406e+02 2.428773958235979080e+02 5.013606834411621094e+02 2.455594182014465332e+02 5.142916870117187500e+02 2.471743167936801910e+02 1.000000000000000000e+00
4.887705039978027344e+02 2.727711510658264160e+02 5.013465690612792969e+02 2.749557209014892578e+02 5.142705726623535156e+02 2.761646425724029541e+02 1.000000000000000000e+00
4.541637325286865234e+02 2.520575872063636780e+02 4.670684528350830078e+02 2.544869390130043030e+02 4.804242324829101562e+02 2.560362553596496582e+02 1.000000000000000000e+00
4.740806579589843750e+02 2.748052382469177246e+02 4.866152000427246094e+02 2.767974865436553955e+02 4.995574951171875000e+02 2.778327655792236328e+02 1.000000000000000000e+00
5.347945022583007812e+02 2.689479696750640869e+02 5.468177604675292969e+02 2.714845919609069824e+02 5.592918777465820312e+02 2.729064059257507324e+02 1.000000000000000000e+00
4.798144531250000000e+02 2.722274780273437500e+02 4.923881530761718750e+02 2.743018805980682373e+02 5.053196525573730469e+02 2.754635632038116455e+02 1.000000000000000000e+00
5.723526573181152344e+02 2.837620568275451660e+02 5.830821609497070312e+02 2.858662426471710205e+02 5.944508171081542969e+02 2.868967902660369873e+02 1.000000000000000000e+00
5.347241783142089844e+02 2.662137472629547119e+02 5.467793655395507812e+02 2.686111164093017578e+02 5.592474365234375000e+02 2.701658964157104492e+02 1.000000000000000000e+00
5.986560058593750000e+02 2.854518771171569824e+02 6.092970085144042969e+02 2.883833026885986328e+02 6.206004714965820312e+02 2.896853363513946533e+02 1.000000000000000000e+00
5.441212844848632812e+02 2.584973466396331787e+02 5.560084915161132812e+02 2.609506845474243164e+02 5.685014152526855469e+02 2.625263375043869019e+02 1.000000000000000000e+00
4.462895202636718750e+02 2.463349919021129608e+02 4.593427181243896484e+02 2.489204415678977966e+02 4.727294921875000000e+02 2.505050817131996155e+02 1.000000000000000000e+00
5.945427894592285156e+02 2.864298713207244873e+02 6.052876663208007812e+02 2.891084611415863037e+02 6.165553092956542969e+02 2.904622828960418701e+02 1.000000000000000000e+00
5.602367019653320312e+02 2.770574676990509033e+02 5.711748695373535156e+02 2.792074906826019287e+02 5.822899818420410156e+02 2.801672673225402832e+02 1.000000000000000000e+00
5.652013015747070312e+02 2.826522231101989746e+02 5.762675285339355469e+02 2.847740185260772705e+02 5.877276611328125000e+02 2.857414591312408447e+02 1.000000000000000000e+00
4.538488769531250000e+02 2.436093293130397797e+02 4.668246173858642578e+02 2.461758577823638916e+02 4.802951431274414062e+02 2.479054722189903259e+02 1.000000000000000000e+00
5.583814811706542969e+02 2.920046424865722656e+02 5.695916748046875000e+02 2.941556131839752197e+02 5.812609863281250000e+02 2.951993429660797119e+02 1.000000000000000000e+00
4.539201068878173828e+02 2.312129965424537659e+02 4.668509197235107422e+02 2.338604883849620819e+02 4.802164077758789062e+02 2.357279509305953979e+02 1.000000000000000000e+00
5.512636756896972656e+02 2.889057326316833496e+02 5.626895141601562500e+02 2.909081447124481201e+02 5.744754600524902344e+02 2.920793473720550537e+02 1.000000000000000000e+00
4.574345397949218750e+02 2.427192536741495132e+02 4.703494548797607422e+02 2.453201906383037567e+02 4.837782287597656250e+02 2.471684879064559937e+02 1.000000000000000000e+00
4.772684669494628906e+02 2.423878479748964310e+02 4.898908042907714844e+02 2.449496613442897797e+02 5.028188133239746094e+02 2.466545109450817108e+02 1.000000000000000000e+00
4.944267654418945312e+02 2.701836562156677246e+02 5.069484329223632812e+02 2.723825383186340332e+02 5.199060630798339844e+02 2.736269545555114746e+02 1.000000000000000000e+00
4.559360408782958984e+02 2.760397982597351074e+02 4.686781978607177734e+02 2.777407228946685791e+02 4.818247985839843750e+02 2.786486220359802246e+02 1.000000000000000000e+00
4.619992351531982422e+02 2.328007963299751282e+02 4.747999000549316406e+02 2.355108489096164703e+02 4.881669425964355469e+02 2.373979490250349045e+02 1.000000000000000000e+00
4.637879085540771484e+02 2.429204104095697403e+02 4.766534709930419922e+02 2.455095063149929047e+02 4.899481201171875000e+02 2.474121862649917603e+02 1.000000000000000000e+00
5.388166618347167969e+02 2.955905163288116455e+02 5.508388137817382812e+02 2.975663173198699951e+02 5.632702064514160156e+02 2.987059950828552246e+02 1.000000000000000000e+00
4.387826251983642578e+02 2.242371815443038940e+02 4.520280456542968750e+02 2.267792657017707825e+02 4.655642986297607422e+02 2.286387473344802856e+02 1.000000000000000000e+00
5.406063842773437500e+02 2.683708816766738892e+02 5.526101684570312500e+02 2.707566225528717041e+02 5.650313186645507812e+02 2.723366725444793701e+02 1.000000000000000000e+00
5.281820678710937500e+02 2.938552594184875488e+02 5.402545738220214844e+02 2.958728671073913574e+02 5.527059936523437500e+02 2.969645404815673828e+02 1.000000000000000000e+00
5.753931236267089844e+02 2.878497326374053955e+02 5.863909912109375000e+02 2.900510573387145996e+02 5.978771972656250000e+02 2.911237192153930664e+02 1.000000000000000000e+00
4.589107036590576172e+02 2.775309455394744873e+02 4.715712261199951172e+02 2.793339550495147705e+02 4.845913696289062500e+02 2.802406346797943115e+02 1.000000000000000000e+00
4.955789756774902344e+02 2.680173969268798828e+02 5.081604957580566406e+02 2.704876112937927246e+02 5.211388587951660156e+02 2.719243490695953369e+02 1.000000000000000000e+00
5.044034385681152344e+02 2.377407836169004440e+02 5.167715454101562500e+02 2.404760437086224556e+02 5.295826530456542969e+02 2.422535249590873718e+02 1.000000000000000000e+00
5.956943321228027344e+02 2.726314115524291992e+02 6.064847373962402344e+02 2.751474630832672119e+02 6.178590202331542969e+02 2.768549823760986328e+02 1.000000000000000000e+00
4.573418617248535156e+02 2.356796872615814209e+02 4.702408123016357422e+02 2.383936004340648651e+02 4.836549377441406250e+02 2.402519531361758709e+02 1.000000000000000000e+00
4.983061027526855469e+02 2.403346405271440744e+02 5.108327102661132812e+02 2.429248201847076416e+02 5.238460731506347656e+02 2.447277836501598358e+02 1.000000000000000000e+00
4.685340309143066406e+02 2.838035917282104492e+02 4.811229324340820312e+02 2.857236349582672119e+02 4.940969848632812500e+02 2.868031954765319824e+02 1.000000000000000000e+00
4.488760662078857422e+02 2.501546332240104675e+02 4.618741512298583984e+02 2.525907602906227112e+02 4.753432941436767578e+02 2.541625374555587769e+02 1.000000000000000000e+00
4.699945068359375000e+02 2.455418398976325989e+02 4.827531433105468750e+02 2.481183171272277832e+02 4.960169410705566406e+02 2.498618012666702271e+02 1.000000000000000000e+00
4.637710571289062500e+02 2.512080082297325134e+02 4.765837097167968750e+02 2.536481174826622009e+02 4.897099685668945312e+02 2.552477878332138062e+02 1.000000000000000000e+00
4.608691120147705078e+02 2.454894411563873291e+02 4.737289142608642578e+02 2.480009311437606812e+02 4.871139335632324219e+02 2.497783970832824707e+02 1.000000000000000000e+00
4.491847229003906250e+02 2.425490876287221909e+02 4.621381855010986328e+02 2.451072849333286285e+02 4.755961894989013672e+02 2.468299104273319244e+02 1.000000000000000000e+00
5.611095046997070312e+02 2.949626791477203369e+02 5.723497390747070312e+02 2.970913732051849365e+02 5.841610717773437500e+02 2.982001054286956787e+02 1.000000000000000000e+00
5.232718467712402344e+02 2.889801979064941406e+02 5.353374671936035156e+02 2.910420870780944824e+02 5.478287315368652344e+02 2.920794689655303955e+02 1.000000000000000000e+00
4.734439754486083984e+02 2.453854067623615265e+02 4.861907768249511719e+02 2.479317784309387207e+02 4.992963600158691406e+02 2.496272894740104675e+02 1.000000000000000000e+00
4.482291889190673828e+02 2.880885958671569824e+02 4.610861873626708984e+02 2.899676835536956787e+02 4.744778728485107422e+02 2.910878312587738037e+02 1.000000000000000000e+00
5.985914421081542969e+02 2.635254532098770142e+02 6.095216178894042969e+02 2.661000680923461914e+02 6.209265136718750000e+02 2.679376852512359619e+02 1.000000000000000000e+00
5.166597938537597656e+02 2.460897526144981384e+02 5.289946937561035156e+02 2.487234655022621155e+02 5.416962242126464844e+02 2.504125070571899414e+02 1.000000000000000000e+00
5.771613121032714844e+02 2.823454928398132324e+02 5.879666709899902344e+02 2.844983232021331787e+02 5.993695640563964844e+02 2.855830085277557373e+02 1.000000000000000000e+00
5.964830398559570312e+02 2.696595472097396851e+02 6.073227500915527344e+02 2.721940612792968750e+02 6.186527824401855469e+02 2.739571845531463623e+02 1.000000000000000000e+00
5.611549758911132812e+02 2.837509489059448242e+02 5.722132682800292969e+02 2.859712243080139160e+02 5.836763381958007812e+02 2.870495331287384033e+02 1.000000000000000000e+00
4.566737651824951172e+02 2.877019071578979492e+02 4.694870662689208984e+02 2.896262848377227783e+02 4.826028823852539062e+02 2.906399273872375488e+02 1.000000000000000000e+00
4.701711463928222656e+02 2.512734380364418030e+02 4.828323173522949219e+02 2.537280437350273132e+02 4.959354591369628906e+02 2.553212589025497437e+02 1.000000000000000000e+00
5.640908813476562500e+02 2.978472948074340820e+02 5.753896522521972656e+02 2.999348473548889160e+02 5.872020339965820312e+02 3.011005926132202148e+02 1.000000000000000000e+00
5.728961753845214844e+02 2.911858534812927246e+02 5.841577720642089844e+02 2.933302652835845947e+02 5.957578086853027344e+02 2.944620394706726074e+02 1.000000000000000000e+00
7.793260574340820312e+01 3.477799415588378906e+01 8.312364578247070312e+01 3.530362129211425781e+01 8.823427200317382812e+01 3.493320465087890625e+01 2.000000000000000000e+00
1.365052223205566406e+02 4.522915220260620117e+02 1.402706718444824219e+02 4.526715803146362305e+02 1.445722579956054688e+02 4.524125719070434570e+02 2.000000000000000000e+00
2.406690502166748047e+02 4.528880453109741211e+02 2.444093608856201172e+02 4.536179637908935547e+02 2.486824655532836914e+02 4.535979795455932617e+02 2.000000000000000000e+00
2.765613412857055664e+02 4.613279199600219727e+02 2.802155756950378418e+02 4.622835874557495117e+02 2.845242309570312500e+02 4.623914337158203125e+02 2.000000000000000000e+00
2.446632528305053711e+02 4.508814811706542969e+02 2.484340953826904297e+02 4.517000198364257812e+02 2.527486419677734375e+02 4.517008781433105469e+02 2.000000000000000000e+00
2.776137685775756836e+02 4.563517856597900391e+02 2.812591552734375000e+02 4.572951507568359375e+02 2.855802917480468750e+02 4.574071455001831055e+02 2.000000000000000000e+00
2.797863149642944336e+02 4.283565473556518555e+02 2.836224961280822754e+02 4.293621253967285156e+02 2.879316091537475586e+02 4.294552087783813477e+02 2.000000000000000000e+00
2.677089214324951172e+02 3.774687767028808594e+01 2.725229501724243164e+02 3.875883579254150391e+01 2.776698589324951172e+02 3.889235973358154297e+01 2.000000000000000000e+00
2.389783477783203125e+02 4.347970104217529297e+02 2.427690267562866211e+02 4.354789209365844727e+02 2.470123291015625000e+02 4.354668045043945312e+02 2.000000000000000000e+00
4.942566490173339844e+02 1.646646380424499512e+02 4.988038635253906250e+02 1.668987393379211426e+02 5.038067626953125000e+02 1.681501579284667969e+02 2.000000000000000000e+00
3.156673583388328552e+02 4.380051326751708984e+02 3.194162597507238388e+02 4.391184854507446289e+02 3.237782287597656250e+02 4.393291139602661133e+02 2.000000000000000000e+00
2.290301322937011719e+02 4.426836347579956055e+02 2.327166557312011719e+02 4.432886123657226562e+02 2.370043754577636719e+02 4.432409191131591797e+02 2.000000000000000000e+00
1.630299186706542969e+02 4.717184543609619141e+02 1.668051147460937500e+02 4.723189544677734375e+02 1.712808799743652344e+02 4.720927619934082031e+02 2.000000000000000000e+00
2.801380300521850586e+02 3.246304965019226074e+02 2.843703293800354004e+02 3.256509733200073242e+02 2.889950561523437500e+02 3.257843971252441406e+02 2.000000000000000000e+00
1.501033782958984375e+02 4.765667581558227539e+02 1.538605690002441406e+02 4.770051956176757812e+02 1.582243919372558594e+02 4.767064619064331055e+02 2.000000000000000000e+00
2.757380676269531250e+02 4.283516693115234375e+02 2.795465993881225586e+02 4.293179368972778320e+02 2.838470149040222168e+02 4.293905067443847656e+02 2.000000000000000000e+00
1.630340576171875000e+02 4.767694187164306641e+02 1.668118381500244141e+02 4.773795318603515625e+02 1.713004398345947266e+02 4.771791172027587891e+02 2.000000000000000000e+00
6.124053955078125000e+02 1.558753037452697754e+02 6.170960044860839844e+02 1.579245400428771973e+02 6.221693801879882812e+02 1.587686276435852051e+02 2.000000000000000000e+00
3.396017158031463623e+02 4.573734283447265625e+02 3.432527160644531250e+02 4.584979391098022461e+02 3.474668574333190918e+02 4.587489080429077148e+02 2.000000000000000000e+00
3.146834105253219604e+02 4.329333257675170898e+02 3.184559936821460724e+02 4.341071891784667969e+02 3.228359681367874146e+02 4.342692375183105469e+02 2.000000000000000000e+00
2.531166982650756836e+02 4.220954990386962891e+02 2.569773530960083008e+02 4.229584121704101562e+02 2.614322185516357422e+02 4.230498504638671875e+02 2.000000000000000000e+00
5.821022415161132812e+02 1.494195985794067383e+02 5.867727661132812500e+02 1.512842488288879395e+02 5.917744827270507812e+02 1.520805144309997559e+02 2.000000000000000000e+00
1.998373699188232422e+02 4.751890754699707031e+02 2.035255527496337891e+02 4.758227634429931641e+02 2.076825523376464844e+02 4.757789182662963867e+02 2.000000000000000000e+00
2.876604604721069336e+02 4.495403909683227539e+02 2.914025259017944336e+02 4.505363273620605469e+02 2.957539057731628418e+02 4.506656599044799805e+02 2.000000000000000000e+00
5.668522453308105469e+02 8.000006675720214844e+01 5.716666984558105469e+02 8.180663108825683594e+01 5.766867065429687500e+02 8.260685920715332031e+01 2.000000000000000000e+00
2.655677795410156250e+02 4.612320041656494141e+02 2.692307138442993164e+02 4.622003030776977539e+02 2.735978984832763672e+02 4.622547483444213867e+02 2.000000000000000000e+00
5.628080558776855469e+02 1.511204481124877930e+02 5.674554443359375000e+02 1.529834389686584473e+02 5.724270629882812500e+02 1.538212108612060547e+02 2.000000000000000000e+00
1.411313819885253906e+02 4.939493179321289062e+01 1.460799980163574219e+02 5.002256870269775391e+01 1.512713432312011719e+02 4.980843544006347656e+01 2.000000000000000000e+00
2.996287226676940918e+02 4.537693834304809570e+02 3.033168637752532959e+02 4.548639392852783203e+02 3.076451718807220459e+02 4.550328111648559570e+02 2.000000000000000000e+00
3.284785765409469604e+02 4.512483644485473633e+02 3.321766662597656250e+02 4.523296308517456055e+02 3.364793097972869873e+02 4.525603437423706055e+02 2.000000000000000000e+00
2.926799321174621582e+02 4.376344728469848633e+02 2.964436340332031250e+02 4.386824083328247070e+02 3.007890617847442627e+02 4.388183355331420898e+02 2.000000000000000000e+00
2.959159231185913086e+02 4.166968488693237305e+02 2.996669316291809082e+02 4.177570295333862305e+02 3.041667473316192627e+02 4.179689168930053711e+02 2.000000000000000000e+00
2.715416240692138672e+02 4.612832450866699219e+02 2.752100229263305664e+02 4.622418308258056641e+02 2.795323467254638672e+02 4.623352432250976562e+02 2.000000000000000000e+00
3.177111205458641052e+02 4.290037965774536133e+02 3.214807128906250000e+02 4.302020931243896484e+02 3.258811038732528687e+02 4.303408670425415039e+02 2.000000000000000000e+00
5.186790275573730469e+02 1.015841960906982422e+02 5.235841178894042969e+02 1.032313585281372070e+02 5.286090087890625000e+02 1.039613199234008789e+02 2.000000000000000000e+00
4.302144813537597656e+02 4.647851943969726562e+02 4.338883399963378906e+02 4.664143180847167969e+02 4.382154273986816406e+02 4.668864297866821289e+02 2.000000000000000000e+00
1.249059295654296875e+02 7.506186962127685547e+01 1.297627067565917969e+02 7.562976837158203125e+01 1.349419403076171875e+02 7.536080360412597656e+01 2.000000000000000000e+00
3.792432260513305664e+02 4.679834747314453125e+02 3.830776357650756836e+02 4.693412876129150391e+02 3.872494220733642578e+02 4.696849250793457031e+02 2.000000000000000000e+00
3.224861450493335724e+02 4.560923337936401367e+02 3.262104797363281250e+02 4.571906805038452148e+02 3.305040287971496582e+02 4.574002790451049805e+02 2.000000000000000000e+00
2.970924067497253418e+02 4.117144918441772461e+02 3.008303523063659668e+02 4.127513837814331055e+02 3.053222656250000000e+02 4.129573774337768555e+02 2.000000000000000000e+00
3.812576293945312500e+02 4.640050506591796875e+02 3.850873708724975586e+02 4.653729629516601562e+02 3.893126821517944336e+02 4.657272148132324219e+02 2.000000000000000000e+00
2.926383352279663086e+02 4.476555347442626953e+02 2.963168025016784668e+02 4.486915111541748047e+02 3.006719362735748291e+02 4.488221168518066406e+02 2.000000000000000000e+00
3.416003417968750000e+02 4.524018716812133789e+02 3.452653193473815918e+02 4.535232639312744141e+02 3.494749140739440918e+02 4.537790679931640625e+02 2.000000000000000000e+00
4.512136840820312500e+02 4.762792825698852539e+02 4.549872112274169922e+02 4.777870845794677734e+02 4.592124938964843750e+02 4.784326601028442383e+02 2.000000000000000000e+00
6.283807945251464844e+02 1.659031033515930176e+02 6.331392288208007812e+02 1.679581260681152344e+02 6.382834434509277344e+02 1.688398218154907227e+02 2.000000000000000000e+00
2.817090439796447754e+02 4.454757499694824219e+02 2.853880000114440918e+02 4.464486837387084961e+02 2.897546076774597168e+02 4.466028499603271484e+02 2.000000000000000000e+00
3.205014343187212944e+02 4.521234226226806641e+02 3.242052611708641052e+02 4.532020425796508789e+02 3.285141909122467041e+02 4.533941459655761719e+02 2.000000000000000000e+00
3.127525937557220459e+02 4.249147367477416992e+02 3.165609130263328552e+02 4.260563707351684570e+02 3.209538574516773224e+02 4.262044143676757812e+02 2.000000000000000000e+00
4.194415283203125000e+02 4.596748495101928711e+02 4.231091022491455078e+02 4.611849546432495117e+02 4.274781227111816406e+02 4.616689538955688477e+02 2.000000000000000000e+00
3.067311704158782959e+02 4.288526344299316406e+02 3.105387878417968750e+02 4.300139522552490234e+02 3.149310302734375000e+02 4.301788473129272461e+02 2.000000000000000000e+00
4.322104835510253906e+02 4.708321380615234375e+02 4.359036540985107422e+02 4.724396467208862305e+02 4.401871681213378906e+02 4.729471921920776367e+02 2.000000000000000000e+00
2.887048029899597168e+02 4.445392799377441406e+02 2.924261164665222168e+02 4.455581188201904297e+02 2.967814946174621582e+02 4.456851625442504883e+02 2.000000000000000000e+00
2.892088913917541504e+02 3.256487131118774414e+02 2.934772324562072754e+02 3.266669082641601562e+02 2.980851745605468750e+02 3.268002390861511230e+02 2.000000000000000000e+00
6.217395591735839844e+02 2.101702719926834106e+02 6.263541221618652344e+02 2.121332234144210815e+02 6.313270378112792969e+02 2.131813484430313110e+02 2.000000000000000000e+00
3.116398620605468750e+02 4.549969625473022461e+02 3.153306579589843750e+02 4.561056661605834961e+02 3.196300048753619194e+02 4.562888860702514648e+02 2.000000000000000000e+00
1.958770561218261719e+02 4.761313962936401367e+02 1.995835399627685547e+02 4.767879152297973633e+02 2.037832164764404297e+02 4.767151021957397461e+02 2.000000000000000000e+00
3.335306394100189209e+02 4.523180294036865234e+02 3.371735846996307373e+02 4.534220123291015625e+02 3.414502263069152832e+02 4.536498498916625977e+02 2.000000000000000000e+00
6.263578605651855469e+02 1.609182572364807129e+02 6.310667228698730469e+02 1.629720425605773926e+02 6.361326408386230469e+02 1.638342690467834473e+02 2.000000000000000000e+00
3.485771799087524414e+02 4.604925012588500977e+02 3.522381901741027832e+02 4.616404867172241211e+02 3.564357304573059082e+02 4.619155740737915039e+02 2.000000000000000000e+00
2.030714702606201172e+02 4.472013044357299805e+02 2.067115020751953125e+02 4.477573585510253906e+02 2.111768054962158203e+02 4.476320028305053711e+02 2.000000000000000000e+00
2.356511783599853516e+02 4.769633960723876953e+02 2.393356323242187500e+02 4.777475166320800781e+02 2.437064218521118164e+02 4.777034139633178711e+02 2.000000000000000000e+00
2.317151355743408203e+02 4.749695920944213867e+02 2.353911685943603516e+02 4.757500362396240234e+02 2.397669792175292969e+02 4.757018566131591797e+02 2.000000000000000000e+00
2.968401169776916504e+02 4.216510963439941406e+02 3.006466674804687500e+02 4.226990461349487305e+02 3.051258242130279541e+02 4.228867292404174805e+02 2.000000000000000000e+00
3.145551145076751709e+02 4.520586919784545898e+02 3.182908019423484802e+02 4.531320905685424805e+02 3.225647887587547302e+02 4.533372545242309570e+02 2.000000000000000000e+00
2.817601013183593750e+02 4.344176101684570312e+02 2.855774521827697754e+02 4.354364490509033203e+02 2.898837280273437500e+02 4.355441665649414062e+02 2.000000000000000000e+00
8.494352340698242188e+01 4.412298345565795898e+02 8.879180908203125000e+01 4.414852666854858398e+02 9.327453613281250000e+01 4.409148931503295898e+02 2.000000000000000000e+00
5.178956413269042969e+02 1.687431764602661133e+02 5.227603149414062500e+02 1.701741743087768555e+02 5.274856567382812500e+02 1.711711049079895020e+02 2.000000000000000000e+00
3.842854928970336914e+02 4.771133279800415039e+02 3.880423593521118164e+02 4.784744453430175781e+02 3.922504568099975586e+02 4.788267374038696289e+02 2.000000000000000000e+00
3.304784548282623291e+02 4.582881546020507812e+02 3.341611027717590332e+02 4.593955135345458984e+02 3.384382939338684082e+02 4.596109485626220703e+02 2.000000000000000000e+00
2.717807006835937500e+02 4.273311281204223633e+02 2.756225252151489258e+02 4.282784271240234375e+02 2.799445486068725586e+02 4.283332014083862305e+02 2.000000000000000000e+00
9.442729949951171875e+01 5.775306701660156250e+01 9.930734634399414062e+01 5.826968193054199219e+01 1.045319175720214844e+02 5.788185596466064453e+01 2.000000000000000000e+00
5.188563346862792969e+02 1.617604923248291016e+02 5.236682128906250000e+02 1.631939506530761719e+02 5.284289550781250000e+02 1.642049217224121094e+02 2.000000000000000000e+00
2.996756887435913086e+02 4.447758293151855469e+02 3.034064638614654541e+02 4.458443069458007812e+02 3.077504265308380127e+02 4.460056829452514648e+02 2.000000000000000000e+00
2.893238210678100586e+02 3.078057575225830078e+02 2.934677433967590332e+02 3.087220788002014160e+02 2.980879211425781250e+02 3.088012433052062988e+02 2.000000000000000000e+00
5.177046585083007812e+02 9.252575397491455078e+01 5.226038169860839844e+02 9.417161464691162109e+01 5.276458740234375000e+02 9.491367816925048828e+01 2.000000000000000000e+00
3.962240934371948242e+02 4.743724536895751953e+02 3.998226308822631836e+02 4.757269763946533203e+02 4.041017150878906250e+02 4.761433267593383789e+02 2.000000000000000000e+00
6.090747642517089844e+02 2.179345232248306274e+02 6.134210205078125000e+02 2.199508506059646606e+02 6.184542846679687500e+02 2.209886473417282104e+02 2.000000000000000000e+00
2.655646371841430664e+02 4.652165079116821289e+02 2.692036724090576172e+02 4.661628198623657227e+02 2.735814189910888672e+02 4.662226724624633789e+02 2.000000000000000000e+00
3.204945678636431694e+02 4.600980091094970703e+02 3.241889649629592896e+02 4.612428760528564453e+02 3.285048216581344604e+02 4.613994312286376953e+02 2.000000000000000000e+00
5.872788047790527344e+02 1.645061302185058594e+02 5.919722938537597656e+02 1.664000058174133301e+02 5.970681762695312500e+02 1.672594571113586426e+02 2.000000000000000000e+00
3.126507872343063354e+02 4.480148077011108398e+02 3.163480225205421448e+02 4.490762758255004883e+02 3.206501465290784836e+02 4.492960882186889648e+02 2.000000000000000000e+00
3.395697021484375000e+02 4.624016904830932617e+02 3.432506108283996582e+02 4.634997081756591797e+02 3.474595952033996582e+02 4.637627935409545898e+02 2.000000000000000000e+00
2.428826284408569336e+02 4.348910379409790039e+02 2.466438913345336914e+02 4.356563758850097656e+02 2.509473085403442383e+02 4.356795787811279297e+02 2.000000000000000000e+00
5.889723587036132812e+02 1.434501314163208008e+02 5.937243652343750000e+02 1.452804207801818848e+02 5.986691856384277344e+02 1.461118912696838379e+02 2.000000000000000000e+00
2.658565044403076172e+02 4.273419857025146484e+02 2.697027873992919922e+02 4.282219934463500977e+02 2.740454101562500000e+02 4.282704019546508789e+02 2.000000000000000000e+00
3.832693481445312500e+02 4.700592184066772461e+02 3.870492267608642578e+02 4.714238691329956055e+02 3.912529897689819336e+02 4.717693948745727539e+02 2.000000000000000000e+00
3.056345522403717041e+02 4.529467248916625977e+02 3.093123471736907959e+02 4.540829944610595703e+02 3.136349791288375854e+02 4.542105245590209961e+02 2.000000000000000000e+00
1.788263988494873047e+02 4.727325868606567383e+02 1.825739860534667969e+02 4.733714389801025391e+02 1.868841075897216797e+02 4.731342887878417969e+02 2.000000000000000000e+00
2.915935969352722168e+02 4.516099405288696289e+02 2.953019714355468750e+02 4.526299810409545898e+02 2.996510004997253418e+02 4.527485704421997070e+02 2.000000000000000000e+00
2.777635478973388672e+02 4.333858108520507812e+02 2.815866398811340332e+02 4.343706464767456055e+02 2.858703303337097168e+02 4.344661617279052734e+02 2.000000000000000000e+00
2.469687795639038086e+02 4.359485006332397461e+02 2.508124971389770508e+02 4.367412185668945312e+02 2.551499605178833008e+02 4.367800426483154297e+02 2.000000000000000000e+00
2.658743572235107422e+02 4.323473596572875977e+02 2.697161865234375000e+02 4.332042074203491211e+02 2.740310049057006836e+02 4.332643604278564453e+02 2.000000000000000000e+00
2.996645808219909668e+02 4.347131395339965820e+02 3.034736323356628418e+02 4.357521772384643555e+02 3.078093874454498291e+02 4.359292745590209961e+02 2.000000000000000000e+00
5.608517456054687500e+02 1.612792754173278809e+02 5.655166625976562500e+02 1.631941008567810059e+02 5.705112266540527344e+02 1.639446187019348145e+02 2.000000000000000000e+00
2.802773427963256836e+02 3.068000507354736328e+02 2.844267272949218750e+02 3.077177453041076660e+02 2.890785217285156250e+02 3.077918457984924316e+02 2.000000000000000000e+00
4.955496597290039062e+02 1.073043107986450195e+02 5.004206657409667969e+02 1.089128065109252930e+02 5.054669570922851562e+02 1.095712566375732422e+02 2.000000000000000000e+00
5.287825393676757812e+02 1.627533531188964844e+02 5.335562133789062500e+02 1.642365360260009766e+02 5.384284019470214844e+02 1.652378940582275391e+02 2.000000000000000000e+00
4.391847229003906250e+02 4.719623851776123047e+02 4.428876686096191406e+02 4.735398101806640625e+02 4.471715068817138672e+02 4.740995550155639648e+02 2.000000000000000000e+00
5.677575683593750000e+02 1.481565642356872559e+02 5.723750686645507812e+02 1.499655747413635254e+02 5.773211669921875000e+02 1.508381152153015137e+02 2.000000000000000000e+00
6.068430137634277344e+02 2.008681154251098633e+02 6.113394737243652344e+02 2.028511476516723633e+02 6.162362098693847656e+02 2.038498663902282715e+02 2.000000000000000000e+00
3.086336672306060791e+02 4.409797525405883789e+02 3.123820191621780396e+02 4.420622634887695312e+02 3.167411804199218750e+02 4.422641086578369141e+02 2.000000000000000000e+00
5.287786865234375000e+02 1.677502226829528809e+02 5.335368156433105469e+02 1.692279911041259766e+02 5.383897781372070312e+02 1.702182698249816895e+02 2.000000000000000000e+00
2.897952580451965332e+02 4.265608978271484375e+02 2.936226797103881836e+02 4.276161289215087891e+02 2.980626511573791504e+02 4.277581930160522461e+02 2.000000000000000000e+00
3.039066767692565918e+02 4.187505912780761719e+02 3.077193605899810791e+02 4.198554754257202148e+02 3.122103577852249146e+02 4.200468492507934570e+02 2.000000000000000000e+00
5.872477531433105469e+02 1.544364595413208008e+02 5.919158935546875000e+02 1.563225674629211426e+02 5.969726562500000000e+02 1.570838713645935059e+02 2.000000000000000000e+00
2.745657634735107422e+02 4.672727108001708984e+02 2.782053518295288086e+02 4.682116842269897461e+02 2.825463867187500000e+02 4.682973432540893555e+02 2.000000000000000000e+00
3.892597675323486328e+02 4.731576633453369141e+02 3.929757070541381836e+02 4.745571041107177734e+02 3.972184133529663086e+02 4.749026870727539062e+02 2.000000000000000000e+00
1.035866355895996094e+02 3.800973415374755859e+01 1.084616470336914062e+02 3.839700222015380859e+01 1.138060951232910156e+02 3.811633586883544922e+01 2.000000000000000000e+00
2.956977224349975586e+02 4.326646184921264648e+02 2.995754075050354004e+02 4.337193059921264648e+02 3.039711296558380127e+02 4.338955163955688477e+02 2.000000000000000000e+00
2.988313293457031250e+02 4.276922035217285156e+02 3.026377558708190918e+02 4.287513828277587891e+02 3.070444643497467041e+02 4.289250326156616211e+02 2.000000000000000000e+00
3.631722402572631836e+02 4.667904424667358398e+02 3.669474172592163086e+02 4.680293369293212891e+02 3.712822866439819336e+02 4.684480333328247070e+02 2.000000000000000000e+00
2.788846445083618164e+02 3.280999660491943359e+01 2.837168884277343750e+02 3.380587577819824219e+01 2.888821721076965332e+02 3.394480705261230469e+01 2.000000000000000000e+00
2.737781381607055664e+02 4.383905410766601562e+02 2.775846862792968750e+02 4.393082714080810547e+02 2.818926072120666504e+02 4.394090080261230469e+02 2.000000000000000000e+00
3.545021367073059082e+02 4.616462230682373047e+02 3.583355712890625000e+02 4.628177261352539062e+02 3.624926471710205078e+02 4.631805467605590820e+02 2.000000000000000000e+00
3.048500061035156250e+02 4.227616739273071289e+02 3.086587822437286377e+02 4.238721656799316406e+02 3.130573117733001709e+02 4.240395927429199219e+02 2.000000000000000000e+00
7.995065689086914062e+01 4.401750612258911133e+02 8.376363754272460938e+01 4.404438543319702148e+02 8.826478958129882812e+01 4.398768424987792969e+02 2.000000000000000000e+00
3.046583855152130127e+02 4.569187974929809570e+02 3.083442080020904541e+02 4.580502748489379883e+02 3.126605832576751709e+02 4.581779909133911133e+02 2.000000000000000000e+00
2.491506195068359375e+02 4.230029726028442383e+02 2.529690408706665039e+02 4.238692474365234375e+02 2.574277019500732422e+02 4.239307594299316406e+02 2.000000000000000000e+00
3.156223753094673157e+02 4.450233936309814453e+02 3.193619384616613388e+02 4.461208534240722656e+02 3.236594542860984802e+02 4.463524246215820312e+02 2.000000000000000000e+00
2.754718923568725586e+02 4.752560520172119141e+02 2.791081857681274414e+02 4.761033439636230469e+02 2.834800410270690918e+02 4.762081432342529297e+02 2.000000000000000000e+00
2.607940340042114258e+02 4.313184642791748047e+02 2.646279573440551758e+02 4.321329402923583984e+02 2.690252065658569336e+02 4.322156524658203125e+02 2.000000000000000000e+00
8.689075469970703125e+01 4.178669929504394531e+01 9.205362319946289062e+01 4.226327419281005859e+01 9.717786788940429688e+01 4.192188262939453125e+01 2.000000000000000000e+00
3.066741335391998291e+02 4.328443050384521484e+02 3.104645997285842896e+02 4.339890575408935547e+02 3.148424071073532104e+02 4.341717338562011719e+02 2.000000000000000000e+00
5.137434768676757812e+02 4.493760108947753906e+02 5.175714683532714844e+02 4.510594940185546875e+02 5.219934082031250000e+02 4.519018936157226562e+02 2.000000000000000000e+00
3.026174616813659668e+02 4.498848438262939453e+02 3.063127744197845459e+02 4.509513902664184570e+02 3.106396180391311646e+02 4.511162567138671875e+02 2.000000000000000000e+00
6.239058876037597656e+02 4.957750797271728516e+01 6.290556716918945312e+02 5.156076908111572266e+01 6.341777992248535156e+02 5.250005722045898438e+01 2.000000000000000000e+00
3.086565852165222168e+02 4.469468736648559570e+02 3.123555296659469604e+02 4.480275678634643555e+02 3.166548156738281250e+02 4.482276105880737305e+02 2.000000000000000000e+00
2.825384211540222168e+02 4.603985738754272461e+02 2.862000107765197754e+02 4.613623809814453125e+02 2.904937124252319336e+02 4.614810562133789062e+02 2.000000000000000000e+00
4.585425090789794922e+02 4.272815608978271484e+02 4.624345684051513672e+02 4.287755155563354492e+02 4.667676067352294922e+02 4.294247531890869141e+02 2.000000000000000000e+00
1.689514732360839844e+02 4.737165355682373047e+02 1.727267551422119141e+02 4.743390655517578125e+02 1.771461963653564453e+02 4.740964508056640625e+02 2.000000000000000000e+00
3.087600708007812500e+02 4.228369903564453125e+02 3.125826412439346313e+02 4.239790105819702148e+02 3.169780272245407104e+02 4.241366386413574219e+02 2.000000000000000000e+00
5.697717857360839844e+02 1.612789750099182129e+02 5.744035720825195312e+02 1.631991362571716309e+02 5.793384361267089844e+02 1.639725422859191895e+02 2.000000000000000000e+00
2.895588684082031250e+02 4.615847253799438477e+02 2.932275700569152832e+02 4.625599479675292969e+02 2.975310063362121582e+02 4.626781797409057617e+02 2.000000000000000000e+00
5.588317298889160156e+02 1.561662411689758301e+02 5.634954261779785156e+02 1.580821824073791504e+02 5.684855461120605469e+02 1.588506245613098145e+02 2.000000000000000000e+00
2.202505588531494141e+02 4.345752954483032227e+02 2.240948486328125000e+02 4.351781415939331055e+02 2.283424091339111328e+02 4.351630353927612305e+02 2.000000000000000000e+00
1.462073516845703125e+02 3.940368175506591797e+01 1.511754608154296875e+02 4.003875732421875000e+01 1.563439369201660156e+02 3.986022949218750000e+01 2.000000000000000000e+00
6.263360023498535156e+02 1.940894758701324463e+02 6.309458732604980469e+02 1.960256016254425049e+02 6.359492301940917969e+02 1.971891009807586670e+02 2.000000000000000000e+00
4.462371826171875000e+02 4.761513233184814453e+02 4.499450683593750000e+02 4.777046012878417969e+02 4.542035579681396484e+02 4.782982349395751953e+02 2.000000000000000000e+00
5.791877555847167969e+02 5.914548397064208984e+01 5.841346549987792969e+02 6.087461471557617188e+01 5.891906738281250000e+02 6.174892902374267578e+01 2.000000000000000000e+00
6.151857376098632812e+02 2.229453581571578979e+02 6.193984413146972656e+02 2.250371700525283813e+02 6.244014358520507812e+02 2.259969323873519897e+02 2.000000000000000000e+00
1.371127128601074219e+02 4.752262401580810547e+02 1.410151863098144531e+02 4.756453657150268555e+02 1.453365325927734375e+02 4.753130006790161133e+02 2.000000000000000000e+00
5.208782386779785156e+02 4.403640890121459961e+02 5.247051429748535156e+02 4.420993423461914062e+02 5.291433143615722656e+02 4.429510545730590820e+02 2.000000000000000000e+00
6.144410514831542969e+02 4.276654386520385742e+02 6.183540153503417969e+02 4.297517538070678711e+02 6.227553749084472656e+02 4.308523035049438477e+02 2.000000000000000000e+00
4.274028682708740234e+02 3.807126474380493164e+02 4.313601684570312500e+02 3.821584224700927734e+02 4.358518409729003906e+02 3.826977252960205078e+02 2.000000000000000000e+00
5.373113441467285156e+02 6.567410945892333984e+01 5.421774291992187500e+02 6.744964599609375000e+01 5.474216270446777344e+02 6.819376945495605469e+01 2.000000000000000000e+00
4.695633220672607422e+02 4.435875892639160156e+02 4.733382320404052734e+02 4.451286077499389648e+02 4.776677608489990234e+02 4.458272266387939453e+02 2.000000000000000000e+00
2.986857604980468750e+02 4.397467803955078125e+02 3.024686884880065918e+02 4.408164739608764648e+02 3.068206477165222168e+02 4.409967184066772461e+02 2.000000000000000000e+00
4.345769977569580078e+02 4.431309986114501953e+02 4.383018207550048828e+02 4.445746278762817383e+02 4.426042175292968750e+02 4.451532697677612305e+02 2.000000000000000000e+00
3.096580195426940918e+02 4.509785842895507812e+02 3.133248597383499146e+02 4.520768308639526367e+02 3.176454772055149078e+02 4.522653579711914062e+02 2.000000000000000000e+00
4.092145729064941406e+02 4.745251321792602539e+02 4.128540992736816406e+02 4.759146595001220703e+02 4.171362590789794922e+02 4.763647842407226562e+02 2.000000000000000000e+00
3.355699467658996582e+02 4.593767452239990234e+02 3.392135930061340332e+02 4.604919290542602539e+02 3.434773254394531250e+02 4.607044458389282227e+02 2.000000000000000000e+00
6.198100662231445312e+02 4.148365974426269531e+01 6.249193763732910156e+02 4.347556114196777344e+01 6.301785850524902344e+02 4.439977169036865234e+01 2.000000000000000000e+00
5.218432617187500000e+02 4.444041824340820312e+02 5.256746864318847656e+02 4.461517095565795898e+02 5.300975418090820312e+02 4.470030641555786133e+02 2.000000000000000000e+00
3.096766352653503418e+02 4.589077806472778320e+02 3.133377683162689209e+02 4.600375843048095703e+02 3.176468200981616974e+02 4.602142381668090820e+02 2.000000000000000000e+00
2.938296818733215332e+02 4.256562566757202148e+02 2.976608276367187500e+02 4.267111015319824219e+02 3.021256101131439209e+02 4.268758392333984375e+02 2.000000000000000000e+00
2.797510385513305664e+02 4.384225273132324219e+02 2.835582280158996582e+02 4.394137001037597656e+02 2.878684067726135254e+02 4.395251226425170898e+02 2.000000000000000000e+00
2.837049245834350586e+02 4.384731817245483398e+02 2.875303959846496582e+02 4.394762134552001953e+02 2.918472599983215332e+02 4.396036720275878906e+02 2.000000000000000000e+00
5.569242668151855469e+02 1.681827950477600098e+02 5.615917968750000000e+02 1.700767779350280762e+02 5.666154289245605469e+02 1.708174538612365723e+02 2.000000000000000000e+00
4.272676372528076172e+02 4.677598142623901367e+02 4.308965778350830078e+02 4.693428468704223633e+02 4.352218914031982422e+02 4.698097372055053711e+02 2.000000000000000000e+00
5.333132362365722656e+02 6.263216972351074219e+01 5.381994628906250000e+02 6.440687656402587891e+01 5.434519767761230469e+02 6.512660980224609375e+01 2.000000000000000000e+00
1.704091453552246094e+02 4.562740802764892578e+01 1.753858184814453125e+02 4.631642818450927734e+01 1.806499767303466797e+02 4.624852180480957031e+01 2.000000000000000000e+00
5.119915580749511719e+02 6.450013160705566406e+01 5.169765090942382812e+02 6.612052917480468750e+01 5.222270584106445312e+02 6.680967807769775391e+01 2.000000000000000000e+00
2.486657381057739258e+02 4.548789167404174805e+02 2.524347972869873047e+02 4.557153081893920898e+02 2.567383098602294922e+02 4.557280111312866211e+02 2.000000000000000000e+00
5.638866615295410156e+02 6.991142749786376953e+01 5.686978721618652344e+02 7.170992374420166016e+01 5.737544631958007812e+02 7.251980781555175781e+01 2.000000000000000000e+00
1.115549468994140625e+02 4.566701173782348633e+02 1.153668403625488281e+02 4.569680643081665039e+02 1.197481918334960938e+02 4.566130542755126953e+02 2.000000000000000000e+00
5.001642799377441406e+02 4.069301605224609375e+02 5.041557693481445312e+02 4.086245870590209961e+02 5.085445594787597656e+02 4.094236278533935547e+02 2.000000000000000000e+00
9.654937744140625000e+01 5.274295806884765625e+01 1.014339256286621094e+02 5.326488018035888672e+01 1.066925430297851562e+02 5.286565303802490234e+01 2.000000000000000000e+00
2.678667879104614258e+02 4.383432483673095703e+02 2.716913747787475586e+02 4.392436265945434570e+02 2.760235595703125000e+02 4.393342351913452148e+02 2.000000000000000000e+00
4.574182796478271484e+02 4.583094263076782227e+02 4.611495113372802734e+02 4.599106550216674805e+02 4.654795837402343750e+02 4.605117273330688477e+02 2.000000000000000000e+00
5.794127273559570312e+02 3.535959720611572266e+01 5.844277954101562500e+02 3.716427326202392578e+01 5.896779823303222656e+02 3.803890228271484375e+01 2.000000000000000000e+00
5.802070426940917969e+02 1.624295926094055176e+02 5.848348999023437500e+02 1.643351554870605469e+02 5.900316238403320312e+02 1.651325154304504395e+02 2.000000000000000000e+00
5.490151977539062500e+02 1.419191837310791016e+02 5.535758018493652344e+02 1.437458610534667969e+02 5.585756301879882812e+02 1.446085953712463379e+02 2.000000000000000000e+00
4.743162250518798828e+02 3.944468450546264648e+02 4.782495403289794922e+02 3.960841512680053711e+02 4.826879882812500000e+02 3.966651678085327148e+02 2.000000000000000000e+00
4.737035560607910156e+02 4.244219112396240234e+02 4.776401996612548828e+02 4.260248851776123047e+02 4.820523071289062500e+02 4.267033195495605469e+02 2.000000000000000000e+00
6.283765983581542969e+02 1.569037771224975586e+02 6.331555747985839844e+02 1.589639210700988770e+02 6.382573318481445312e+02 1.598385715484619141e+02 2.000000000000000000e+00
4.406521892547607422e+02 3.617939758300781250e+02 4.446257019042968750e+02 3.633258104324340820e+02 4.492914772033691406e+02 3.638918209075927734e+02 2.000000000000000000e+00
5.879674148559570312e+02 1.966941511631011963e+02 5.925368118286132812e+02 1.985075676441192627e+02 5.973959922790527344e+02 1.993237280845642090e+02 2.000000000000000000e+00
5.791566276550292969e+02 6.618936538696289062e+01 5.841052246093750000e+02 6.792315959930419922e+01 5.891259193420410156e+02 6.879422664642333984e+01 2.000000000000000000e+00
4.945358848571777344e+02 3.806393766403198242e+02 4.984726333618164062e+02 3.823434591293334961e+02 5.029822731018066406e+02 3.830449247360229492e+02 2.000000000000000000e+00
5.729109573364257812e+02 1.472700762748718262e+02 5.775201988220214844e+02 1.491075825691223145e+02 5.824836540222167969e+02 1.499188971519470215e+02 2.000000000000000000e+00
4.643209552764892578e+02 3.943592548370361328e+02 4.682460975646972656e+02 3.959312582015991211e+02 4.727166175842285156e+02 3.965888786315917969e+02 2.000000000000000000e+00
4.429163551330566406e+02 3.366179895401000977e+02 4.471292781829833984e+02 3.380764245986938477e+02 4.516360473632812500e+02 3.386209487915039062e+02 2.000000000000000000e+00
5.045388221740722656e+02 1.825705218315124512e+02 5.096629905700683594e+02 1.851255297660827637e+02 5.151939773559570312e+02 1.867128574848175049e+02 2.000000000000000000e+00
2.867459416389465332e+02 4.355020236968994141e+02 2.905487060546875000e+02 4.365311336517333984e+02 2.948912954330444336e+02 4.366324567794799805e+02 2.000000000000000000e+00
4.855903434753417969e+02 3.674393749237060547e+02 4.895674514770507812e+02 3.690743207931518555e+02 4.941284751892089844e+02 3.697224426269531250e+02 2.000000000000000000e+00
6.143610191345214844e+02 1.608537840843200684e+02 6.190377807617187500e+02 1.629041576385498047e+02 6.240764808654785156e+02 1.637484884262084961e+02 2.000000000000000000e+00
2.329831218719482422e+02 4.367377424240112305e+02 2.367433643341064453e+02 4.373940181732177734e+02 2.409821605682373047e+02 4.373788833618164062e+02 2.000000000000000000e+00
4.933888816833496094e+02 4.659490728378295898e+02 4.971247673034667969e+02 4.676759433746337891e+02 5.014044570922851562e+02 4.683753490447998047e+02 2.000000000000000000e+00
1.513165473937988281e+02 3.046910762786865234e+01 1.562964820861816406e+02 3.107445716857910156e+01 1.614745903015136719e+02 3.093465328216552734e+01 2.000000000000000000e+00
6.194168090820312500e+02 1.810561788082122803e+02 6.240657997131347656e+02 1.830054581165313721e+02 6.291615676879882812e+02 1.840090906620025635e+02 2.000000000000000000e+00
8.948213577270507812e+01 4.703489255905151367e+02 9.333059310913085938e+01 4.705297708511352539e+02 9.765283584594726562e+01 4.701456356048583984e+02 2.000000000000000000e+00
2.724985027313232422e+02 4.722535800933837891e+02 2.761175823211669922e+02 4.731777477264404297e+02 2.804760742187500000e+02 4.732637786865234375e+02 2.000000000000000000e+00
4.713770771026611328e+02 3.853847980499267578e+02 4.753647518157958984e+02 3.869624948501586914e+02 4.798372173309326172e+02 3.876236057281494141e+02 2.000000000000000000e+00
5.469304847717285156e+02 4.498193407058715820e+02 5.507108116149902344e+02 4.516503095626831055e+02 5.551170158386230469e+02 4.525888109207153320e+02 2.000000000000000000e+00
6.076290130615234375e+01 4.637111377716064453e+02 6.465665817260742188e+01 4.638531875610351562e+02 6.918140411376953125e+01 4.633684444427490234e+02 2.000000000000000000e+00
5.729632568359375000e+02 1.793906092643737793e+02 5.775067710876464844e+02 1.812067079544067383e+02 5.825465202331542969e+02 1.821211373805999756e+02 2.000000000000000000e+00
2.882142949104309082e+02 3.127758836746215820e+02 2.923979783058166504e+02 3.136746883392333984e+02 2.970169663429260254e+02 3.137490248680114746e+02 2.000000000000000000e+00
5.687607383728027344e+02 1.571957230567932129e+02 5.733926963806152344e+02 1.591375565528869629e+02 5.783473014831542969e+02 1.598907423019409180e+02 2.000000000000000000e+00
4.407954692840576172e+02 3.418248009681701660e+02 4.449234962463378906e+02 3.433181834220886230e+02 4.494838237762451172e+02 3.438147640228271484e+02 2.000000000000000000e+00
4.986932373046875000e+02 8.838714122772216797e+01 5.036543846130371094e+02 8.999231815338134766e+01 5.086945915222167969e+02 9.063766479492187500e+01 2.000000000000000000e+00
6.223048782348632812e+02 1.940362358093261719e+02 6.268048667907714844e+02 1.960164785385131836e+02 6.317932701110839844e+02 1.971286153793334961e+02 2.000000000000000000e+00
5.949309730529785156e+02 2.047997260093688965e+02 5.994721031188964844e+02 2.067339456081390381e+02 6.043663978576660156e+02 2.076716136932373047e+02 2.000000000000000000e+00
4.893120384216308594e+02 4.739894199371337891e+02 4.930440139770507812e+02 4.757529401779174805e+02 4.973519325256347656e+02 4.764431619644165039e+02 2.000000000000000000e+00
5.801561355590820312e+02 1.543798470497131348e+02 5.847673416137695312e+02 1.562670993804931641e+02 5.898447990417480469e+02 1.570692729949951172e+02 2.000000000000000000e+00
2.738014841079711914e+02 3.276047229766845703e+01 2.785894441604614258e+02 3.378190040588378906e+01 2.837284231185913086e+02 3.391027450561523438e+01 2.000000000000000000e+00
5.277210807800292969e+02 1.818390762805938721e+02 5.324374389648437500e+02 1.834148669242858887e+02 5.372555541992187500e+02 1.842921710014343262e+02 2.000000000000000000e+00
4.002918148040771484e+02 4.733833980560302734e+02 4.038180828094482422e+02 4.747670173645019531e+02 4.081334590911865234e+02 4.751842117309570312e+02 2.000000000000000000e+00
6.178432655334472656e+02 2.131088250875473022e+02 6.223955726623535156e+02 2.150717300176620483e+02 6.273491287231445312e+02 2.161065047979354858e+02 2.000000000000000000e+00
2.192997550964355469e+02 4.415515422821044922e+01 2.241530609130859375e+02 4.495392322540283203e+01 2.293423461914062500e+02 4.496345043182373047e+01 2.000000000000000000e+00
4.793810462951660156e+02 3.824259138107299805e+02 4.833632469177246094e+02 3.840560102462768555e+02 4.878375053405761719e+02 3.846993827819824219e+02 2.000000000000000000e+00
2.603631591796875000e+02 4.783379316329956055e+02 2.641193819046020508e+02 4.792190980911254883e+02 2.684202241897583008e+02 4.793111944198608398e+02 2.000000000000000000e+00
5.839778518676757812e+02 1.976752924919128418e+02 5.885272216796875000e+02 1.995097160339355469e+02 5.934405517578125000e+02 2.002707946300506592e+02 2.000000000000000000e+00
4.852235794067382812e+02 4.006622028350830078e+02 4.890913772583007812e+02 4.023617935180664062e+02 4.935400772094726562e+02 4.029926490783691406e+02 2.000000000000000000e+00
2.090525150299072266e+02 4.492428731918334961e+02 2.125888824462890625e+02 4.498402833938598633e+02 2.170589447021484375e+02 4.497176885604858398e+02 2.000000000000000000e+00
5.508999061584472656e+02 4.427569055557250977e+02 5.546574211120605469e+02 4.446249818801879883e+02 5.590617752075195312e+02 4.455449295043945312e+02 2.000000000000000000e+00
4.441530132293701172e+02 3.959911251068115234e+02 4.481141376495361328e+02 3.975578069686889648e+02 4.525241088867187500e+02 3.980991268157958984e+02 2.000000000000000000e+00
5.988999748229980469e+02 2.048692917823791504e+02 6.033943557739257812e+02 2.067874896526336670e+02 6.082669639587402344e+02 2.077774035930633545e+02 2.000000000000000000e+00
5.533181762695312500e+02 1.068033885955810547e+02 5.580227661132812500e+02 1.086467027664184570e+02 5.631200027465820312e+02 1.094211244583129883e+02 2.000000000000000000e+00
4.466855525970458984e+02 3.508016395568847656e+02 4.507938289642333984e+02 3.523167443275451660e+02 4.553380489349365234e+02 3.527938914299011230e+02 2.000000000000000000e+00
3.027936708927154541e+02 4.297649574279785156e+02 3.066260981559753418e+02 4.308664369583129883e+02 3.110219419002532959e+02 4.310199308395385742e+02 2.000000000000000000e+00
4.585815143585205078e+02 3.711819219589233398e+02 4.625503253936767578e+02 3.726738595962524414e+02 4.671357440948486328e+02 3.733354568481445312e+02 2.000000000000000000e+00
5.959300041198730469e+02 1.987877190113067627e+02 6.004501914978027344e+02 2.006104874610900879e+02 6.053519248962402344e+02 2.015316903591156006e+02 2.000000000000000000e+00
5.648428916931152344e+02 1.602845120429992676e+02 5.694976806640625000e+02 1.621967697143554688e+02 5.744961547851562500e+02 1.629508352279663086e+02 2.000000000000000000e+00
2.719465017318725586e+02 4.183379030227661133e+02 2.757006835937500000e+02 4.192761611938476562e+02 2.800882554054260254e+02 4.193244409561157227e+02 2.000000000000000000e+00
5.909690666198730469e+02 2.178028088808059692e+02 5.953861808776855469e+02 2.197196495532989502e+02 6.005675697326660156e+02 2.208453351259231567e+02 2.000000000000000000e+00
5.051325416564941406e+02 4.139661312103271484e+02 5.091419982910156250e+02 4.157238006591796875e+02 5.135139846801757812e+02 4.164900541305541992e+02 2.000000000000000000e+00
5.903615760803222656e+02 1.685275197029113770e+02 5.950659751892089844e+02 1.703929710388183594e+02 6.002157020568847656e+02 1.713062882423400879e+02 2.000000000000000000e+00
5.758828735351562500e+02 1.583647441864013672e+02 5.805138587951660156e+02 1.603196382522583008e+02 5.854837036132812500e+02 1.610789895057678223e+02 2.000000000000000000e+00
3.235320740938186646e+02 4.490940713882446289e+02 3.272252810001373291e+02 4.501762247085571289e+02 3.315370786190032959e+02 4.504096841812133789e+02 2.000000000000000000e+00
1.729187870025634766e+02 4.767079925537109375e+02 1.766426658630371094e+02 4.773428106307983398e+02 1.809958744049072266e+02 4.770781660079956055e+02 2.000000000000000000e+00
5.770510292053222656e+02 3.687773466110229492e+02 5.811632728576660156e+02 3.707430124282836914e+02 5.857971763610839844e+02 3.716730165481567383e+02 2.000000000000000000e+00
4.365944576263427734e+02 4.351009368896484375e+02 4.403233337402343750e+02 4.365654087066650391e+02 4.446394348144531250e+02 4.371556234359741211e+02 2.000000000000000000e+00
5.594701576232910156e+02 9.206305503845214844e+01 5.642836952209472656e+02 9.378749370574951172e+01 5.693663978576660156e+02 9.465481281280517578e+01 2.000000000000000000e+00
4.835000991821289062e+02 3.744675636291503906e+02 4.874567985534667969e+02 3.760986042022705078e+02 4.920155906677246094e+02 3.767705726623535156e+02 2.000000000000000000e+00
6.258565711975097656e+02 4.354246616363525391e+01 6.310041618347167969e+02 4.554832935333251953e+01 6.362048912048339844e+02 4.646261215209960938e+01 2.000000000000000000e+00
5.779853630065917969e+02 3.738353061676025391e+02 5.821373939514160156e+02 3.757879972457885742e+02 5.867603874206542969e+02 3.767418909072875977e+02 2.000000000000000000e+00
4.756648540496826172e+02 4.305126428604125977e+02 4.795385456085205078e+02 4.321372747421264648e+02 4.839486694335937500e+02 4.328157806396484375e+02 2.000000000000000000e+00
1.183321380615234375e+02 4.737884044647216797e+02 1.221252250671386719e+02 4.741460323333740234e+02 1.264498901367187500e+02 4.737534856796264648e+02 2.000000000000000000e+00
6.100059318542480469e+02 1.925763130187988281e+01 6.149609947204589844e+02 2.120564460754394531e+01 6.204253005981445312e+02 2.216601848602294922e+01 2.000000000000000000e+00
4.935490798950195312e+02 1.430016589164733887e+02 4.981467247009277344e+02 1.446698570251464844e+02 5.032345581054687500e+02 1.452739334106445312e+02 2.000000000000000000e+00
4.387082576751708984e+02 3.468041110038757324e+02 4.428396892547607422e+02 3.483074998855590820e+02 4.474386310577392578e+02 3.487691688537597656e+02 2.000000000000000000e+00
4.477019977569580078e+02 3.608877611160278320e+02 4.516751766204833984e+02 3.624185514450073242e+02 4.563312435150146484e+02 3.630220413208007812e+02 2.000000000000000000e+00
4.385047626495361328e+02 4.501273584365844727e+02 4.422472572326660156e+02 4.516140604019165039e+02 4.465375709533691406e+02 4.521442937850952148e+02 2.000000000000000000e+00
4.426770019531250000e+02 3.497968482971191406e+02 4.467820453643798828e+02 3.513204431533813477e+02 4.513482952117919922e+02 3.517886710166931152e+02 2.000000000000000000e+00
1.424654579162597656e+02 4.593538999557495117e+02 1.462201309204101562e+02 4.597391796112060547e+02 1.505287170410156250e+02 4.594640350341796875e+02 2.000000000000000000e+00
2.708974885940551758e+02 4.433256626129150391e+02 2.747001028060913086e+02 4.442083168029785156e+02 2.789996623992919922e+02 4.443691205978393555e+02 2.000000000000000000e+00
4.536258220672607422e+02 3.691178369522094727e+02 4.575678443908691406e+02 3.705782175064086914e+02 4.621877765655517578e+02 3.712592840194702148e+02 2.000000000000000000e+00
5.068840980529785156e+02 7.645344257354736328e+01 5.117910575866699219e+02 7.806222438812255859e+01 5.169164466857910156e+02 7.872619628906250000e+01 2.000000000000000000e+00
4.941414833068847656e+02 1.252886366844177246e+02 4.987105178833007812e+02 1.270681643486022949e+02 5.038446617126464844e+02 1.275428009033203125e+02 2.000000000000000000e+00
5.456058311462402344e+02 4.709513998031616211e+02 5.493255043029785156e+02 4.729401969909667969e+02 5.536221885681152344e+02 4.739196968078613281e+02 2.000000000000000000e+00
4.721243286132812500e+02 2.792627334594726562e+01 4.773036193847656250e+02 2.951989173889160156e+01 4.825481986999511719e+02 3.007038116455078125e+01 2.000000000000000000e+00
2.867347097396850586e+02 4.314774942398071289e+02 2.905423569679260254e+02 4.325114822387695312e+02 2.948656010627746582e+02 4.326346778869628906e+02 2.000000000000000000e+00
4.242913532257080078e+02 4.706789731979370117e+02 4.279539203643798828e+02 4.722385311126708984e+02 4.322655010223388672e+02 4.726971530914306641e+02 2.000000000000000000e+00
5.278645133972167969e+02 4.374271917343139648e+02 5.316836547851562500e+02 4.391844034194946289e+02 5.361574745178222656e+02 4.400559139251708984e+02 2.000000000000000000e+00
5.596422767639160156e+02 8.802217483520507812e+01 5.644536781311035156e+02 8.980178833007812500e+01 5.694975090026855469e+02 9.064428806304931641e+01 2.000000000000000000e+00
1.046205902099609375e+02 3.300667762756347656e+01 1.095054626464843750e+02 3.341149806976318359e+01 1.148405265808105469e+02 3.313073158264160156e+01 2.000000000000000000e+00
1.987622833251953125e+02 4.680780172348022461e+02 2.024858093261718750e+02 4.686864423751831055e+02 2.066588401794433594e+02 4.686258316040039062e+02 2.000000000000000000e+00
4.467846107482910156e+02 3.418420171737670898e+02 4.509114360809326172e+02 3.433435750007629395e+02 4.554697608947753906e+02 3.438250780105590820e+02 2.000000000000000000e+00
5.437974357604980469e+02 4.357045698165893555e+02 5.476557731628417969e+02 4.375599718093872070e+02 5.520513916015625000e+02 4.384688186645507812e+02 2.000000000000000000e+00
2.841378164291381836e+02 3.226250624656677246e+02 2.883639216423034668e+02 3.236488723754882812e+02 2.929728078842163086e+02 3.237614822387695312e+02 2.000000000000000000e+00
5.534810256958007812e+02 4.880663394927978516e+01 5.584181594848632812e+02 5.060345649719238281e+01 5.637164306640625000e+02 5.135587692260742188e+01 2.000000000000000000e+00
7.580902099609375000e+01 4.710669708251953125e+02 7.962581634521484375e+01 4.712552547454833984e+02 8.424573898315429688e+01 4.707579517364501953e+02 2.000000000000000000e+00
4.954411888122558594e+02 1.142840766906738281e+02 5.002328872680664062e+02 1.159332561492919922e+02 5.053133964538574219e+02 1.165492200851440430e+02 2.000000000000000000e+00
1.165640258789062500e+02 4.357660961151123047e+02 1.203866577148437500e+02 4.361618185043334961e+02 1.248753547668457031e+02 4.357476568222045898e+02 2.000000000000000000e+00
4.765582275390625000e+02 3.724057388305664062e+02 4.805607986450195312e+02 3.740277528762817383e+02 4.851087379455566406e+02 3.746824121475219727e+02 2.000000000000000000e+00
2.659078073501586914e+02 4.203759813308715820e+02 2.697479534149169922e+02 4.212937402725219727e+02 2.740733003616333008e+02 4.213391876220703125e+02 2.000000000000000000e+00
4.408028888702392578e+02 3.358302998542785645e+02 4.449661922454833984e+02 3.372946500778198242e+02 4.495397090911865234e+02 3.378222370147705078e+02 2.000000000000000000e+00
2.412542724609375000e+02 4.219652795791625977e+02 2.451650094985961914e+02 4.227421331405639648e+02 2.496019887924194336e+02 4.227827596664428711e+02 2.000000000000000000e+00
4.406095600128173828e+02 4.311158609390258789e+02 4.443738460540771484e+02 4.325469160079956055e+02 4.487013244628906250e+02 4.331908321380615234e+02 2.000000000000000000e+00
4.334324645996093750e+02 3.818165302276611328e+02 4.373976135253906250e+02 3.832573556900024414e+02 4.418503475189208984e+02 3.838238954544067383e+02 2.000000000000000000e+00
5.003952980041503906e+02 3.897545814514160156e+02 5.044330215454101562e+02 3.914568614959716797e+02 5.089057731628417969e+02 3.921934318542480469e+02 2.000000000000000000e+00
5.470648193359375000e+02 3.635024213790893555e+02 5.510357093811035156e+02 3.653144645690917969e+02 5.555618858337402344e+02 3.662194347381591797e+02 2.000000000000000000e+00
4.978243446350097656e+02 1.630794024467468262e+02 5.023538780212402344e+02 1.649810171127319336e+02 5.073514747619628906e+02 1.656961297988891602e+02 2.000000000000000000e+00
2.594650554656982422e+02 4.601457881927490234e+02 2.631973552703857422e+02 4.610678815841674805e+02 2.675775432586669922e+02 4.611126565933227539e+02 2.000000000000000000e+00
4.815967750549316406e+02 4.557961893081665039e+02 4.853531455993652344e+02 4.574934196472167969e+02 4.896463394165039062e+02 4.581846714019775391e+02 2.000000000000000000e+00
5.766930580139160156e+02 4.643511486053466797e+02 5.805452919006347656e+02 4.662979888916015625e+02 5.848058509826660156e+02 4.673510885238647461e+02 2.000000000000000000e+00
6.029669761657714844e+02 2.209100639820098877e+02 6.073472404479980469e+02 2.228543382883071899e+02 6.123734092712402344e+02 2.239795678853988647e+02 2.000000000000000000e+00
3.376150512695312500e+02 4.503572845458984375e+02 3.412761545181274414e+02 4.514854574203491211e+02 3.455106806755065918e+02 4.517202329635620117e+02 2.000000000000000000e+00
4.669120216369628906e+02 4.133798360824584961e+02 4.708582782745361328e+02 4.149618387222290039e+02 4.751925659179687500e+02 4.156092596054077148e+02 2.000000000000000000e+00
4.899892616271972656e+02 1.595227932929992676e+02 4.945584678649902344e+02 1.611646699905395508e+02 4.995776367187500000e+02 1.618232059478759766e+02 2.000000000000000000e+00
4.811806106567382812e+02 2.101388454437255859e+01 4.862932777404785156e+02 2.256646156311035156e+01 4.915899658203125000e+02 2.318892002105712891e+01 2.000000000000000000e+00
1.829218101501464844e+02 4.666244029998779297e+02 1.866231346130371094e+02 4.672527837753295898e+02 1.909631919860839844e+02 4.670735836029052734e+02 2.000000000000000000e+00
1.113789939880371094e+02 4.726730775833129883e+02 1.151865959167480469e+02 4.729763603210449219e+02 1.194963455200195312e+02 4.725929117202758789e+02 2.000000000000000000e+00
5.882973098754882812e+02 1.084867143630981445e+02 5.930446243286132812e+02 1.105273246765136719e+02 5.981124305725097656e+02 1.113033914566040039e+02 2.000000000000000000e+00
4.600744342803955078e+02 4.043088769912719727e+02 4.640301513671875000e+02 4.058490085601806641e+02 4.684555053710937500e+02 4.065128517150878906e+02 2.000000000000000000e+00
4.684066200256347656e+02 3.763436079025268555e+02 4.724548339843750000e+02 3.778641414642333984e+02 4.768974018096923828e+02 3.785470676422119141e+02 2.000000000000000000e+00
4.257374286651611328e+02 3.397933387756347656e+02 4.298984718322753906e+02 3.411578106880187988e+02 4.344454383850097656e+02 3.416932439804077148e+02 2.000000000000000000e+00
5.174391555786132812e+02 3.949769067764282227e+02 5.213815307617187500e+02 3.965991640090942383e+02 5.258730506896972656e+02 3.974440097808837891e+02 2.000000000000000000e+00
8.993650436401367188e+01 4.342356634140014648e+02 9.377780914306640625e+01 4.345128250122070312e+02 9.828248977661132812e+01 4.339754390716552734e+02 2.000000000000000000e+00
8.392454147338867188e+01 3.679208278656005859e+01 8.909101486206054688e+01 3.728804111480712891e+01 9.421895980834960938e+01 3.694810867309570312e+01 2.000000000000000000e+00
4.464060401916503906e+02 4.620857048034667969e+02 4.501455116271972656e+02 4.636189699172973633e+02 4.544012165069580078e+02 4.642168951034545898e+02 2.000000000000000000e+00
5.344122886657714844e+02 5.273670673370361328e+01 5.392025184631347656e+02 5.446140289306640625e+01 5.446030998229980469e+02 5.522130489349365234e+01 2.000000000000000000e+00
5.549056434631347656e+02 4.408658266067504883e+02 5.586681556701660156e+02 4.427075958251953125e+02 5.630749511718750000e+02 4.436755800247192383e+02 2.000000000000000000e+00
3.135809630155563354e+02 4.619463586807250977e+02 3.172544553875923157e+02 4.631516790390014648e+02 3.215277710556983948e+02 4.633353137969970703e+02 2.000000000000000000e+00
4.843427848815917969e+02 4.698926210403442383e+02 4.880843925476074219e+02 4.716427373886108398e+02 4.923756980895996094e+02 4.723448610305786133e+02 2.000000000000000000e+00
5.230557250976562500e+02 1.448107409477233887e+02 5.277371788024902344e+02 1.464124274253845215e+02 5.326083946228027344e+02 1.473050951957702637e+02 2.000000000000000000e+00
5.397830772399902344e+02 1.719287252426147461e+02 5.444641113281250000e+02 1.737068939208984375e+02 5.494370841979980469e+02 1.744242811203002930e+02 2.000000000000000000e+00
1.878754901885986328e+02 4.760268402099609375e+02 1.916014385223388672e+02 4.766601705551147461e+02 1.958970355987548828e+02 4.765539693832397461e+02 2.000000000000000000e+00
6.197424316406250000e+02 2.940218925476074219e+01 6.248155593872070312e+02 3.138841152191162109e+01 6.302079582214355469e+02 3.231114864349365234e+01 2.000000000000000000e+00
4.273157024383544922e+02 3.448651313781738281e+01 4.324480915069580078e+02 3.586637020111083984e+01 4.376404476165771484e+02 3.638115406036376953e+01 2.000000000000000000e+00
1.990204620361328125e+02 4.541465806961059570e+02 2.026418590545654297e+02 4.547148227691650391e+02 2.071257781982421875e+02 4.545939159393310547e+02 2.000000000000000000e+00
6.118410110473632812e+02 2.090434384346008301e+02 6.163816642761230469e+02 2.109590739011764526e+02 6.213090324401855469e+02 2.120655816793441772e+02 2.000000000000000000e+00
6.198112869262695312e+02 4.650694370269775391e+01 6.249548912048339844e+02 4.848528385162353516e+01 6.301192092895507812e+02 4.941242694854736328e+01 2.000000000000000000e+00
4.445745563507080078e+02 4.280598878860473633e+02 4.483518409729003906e+02 4.295839262008666992e+02 4.526882648468017578e+02 4.301909208297729492e+02 2.000000000000000000e+00
4.501852130889892578e+02 3.921231794357299805e+02 4.541565895080566406e+02 3.936573886871337891e+02 4.585605525970458984e+02 3.942212963104248047e+02 2.000000000000000000e+00
3.562333679199218750e+02 1.245047092437744141e+01 3.612982797622680664e+02 1.360590934753417969e+01 3.665630197525024414e+02 1.391123771667480469e+01 2.000000000000000000e+00
4.124839210510253906e+02 3.774557018280029297e+02 4.164527034759521484e+02 3.788515949249267578e+02 4.209317016601562500e+02 3.793587684631347656e+02 2.000000000000000000e+00
5.189074134826660156e+02 7.453921794891357422e+01 5.239566040039062500e+02 7.615705490112304688e+01 5.290930747985839844e+02 7.691428184509277344e+01 2.000000000000000000e+00
5.638633537292480469e+02 5.689739227294921875e+01 5.687321281433105469e+02 5.867870807647705078e+01 5.739325523376464844e+02 5.952705860137939453e+01 2.000000000000000000e+00
5.020070266723632812e+02 7.641428947448730469e+01 5.068826103210449219e+02 7.802540302276611328e+01 5.120817947387695312e+02 7.865694522857666016e+01 2.000000000000000000e+00
4.471153545379638672e+02 4.000964498519897461e+02 4.510550212860107422e+02 4.016176271438598633e+02 4.554426002502441406e+02 4.022189998626708984e+02 2.000000000000000000e+00
9.177251815795898438e+01 3.647535753250122070e+02 9.590333938598632812e+01 3.650478029251098633e+02 1.005317687988281250e+02 3.646105098724365234e+02 2.000000000000000000e+00
6.119832229614257812e+02 2.636176586151123047e+01 6.169793128967285156e+02 2.833515644073486328e+01 6.223918533325195312e+02 2.927109718322753906e+01 2.000000000000000000e+00
2.234361362457275391e+02 1.434569835662841797e+01 2.284460544586181641e+02 1.509035110473632812e+01 2.336224079132080078e+02 1.510426998138427734e+01 2.000000000000000000e+00
6.178796386718750000e+02 5.148007392883300781e+01 6.230120849609375000e+02 5.349185943603515625e+01 6.281595420837402344e+02 5.441576957702636719e+01 2.000000000000000000e+00
5.017880821228027344e+02 8.339291095733642578e+01 5.067819595336914062e+02 8.499627113342285156e+01 5.117942619323730469e+02 8.564236164093017578e+01 2.000000000000000000e+00
4.604371929168701172e+02 3.802811336517333984e+02 4.644920063018798828e+02 3.817750883102416992e+02 4.689282512664794922e+02 3.824508762359619141e+02 2.000000000000000000e+00
4.820799636840820312e+02 2.896589756011962891e+01 4.871203041076660156e+02 3.054107666015625000e+01 4.924265861511230469e+02 3.111587047576904297e+01 2.000000000000000000e+00
4.653452205657958984e+02 3.892677354812622070e+02 4.693191242218017578e+02 3.908826971054077148e+02 4.737757301330566406e+02 3.915269565582275391e+02 2.000000000000000000e+00
4.552398109436035156e+02 4.743282938003540039e+02 4.590318298339843750e+02 4.758276844024658203e+02 4.632447814941406250e+02 4.765164613723754883e+02 2.000000000000000000e+00
5.434157752990722656e+02 6.175692558288574219e+01 5.482836914062500000e+02 6.351832866668701172e+01 5.535676956176757812e+02 6.430678367614746094e+01 2.000000000000000000e+00
2.881730651855468750e+02 3.196197223663330078e+02 2.923781132698059082e+02 3.206231117248535156e+02 2.969849538803100586e+02 3.207458853721618652e+02 2.000000000000000000e+00
5.507777786254882812e+02 1.470099878311157227e+02 5.554451370239257812e+02 1.488328957557678223e+02 5.604435539245605469e+02 1.496740365028381348e+02 2.000000000000000000e+00
3.940924406051635742e+02 4.064471197128295898e+02 3.979541921615600586e+02 4.077009916305541992e+02 4.023933410644531250e+02 4.081421613693237305e+02 2.000000000000000000e+00
5.676875686645507812e+02 8.803934097290039062e+01 5.725069618225097656e+02 8.983720779418945312e+01 5.775434684753417969e+02 9.066640377044677734e+01 2.000000000000000000e+00
2.929822683334350586e+02 3.256671810150146484e+02 2.972160935401916504e+02 3.267690181732177734e+02 3.018262934684753418e+02 3.269230055809020996e+02 2.000000000000000000e+00
5.144550895690917969e+02 1.818100261688232422e+02 5.187758827209472656e+02 1.835691654682159424e+02 5.237663078308105469e+02 1.843144047260284424e+02 2.000000000000000000e+00
4.171814918518066406e+02 4.736242532730102539e+02 4.208095073699951172e+02 4.751589202880859375e+02 4.252446937561035156e+02 4.755359315872192383e+02 2.000000000000000000e+00
5.167492675781250000e+02 4.543278264999389648e+02 5.205940055847167969e+02 4.561282110214233398e+02 5.249484252929687500e+02 4.569384527206420898e+02 2.000000000000000000e+00
6.147995567321777344e+02 1.999352717399597168e+02 6.193809890747070312e+02 2.019862639904022217e+02 6.243813514709472656e+02 2.030306088924407959e+02 2.000000000000000000e+00
4.486719036102294922e+02 3.650059890747070312e+02 4.526091670989990234e+02 3.665172815322875977e+02 4.572806072235107422e+02 3.671407270431518555e+02 2.000000000000000000e+00
6.050269889831542969e+02 1.817228794097900391e+01 6.100097084045410156e+02 2.010942935943603516e+01 6.155427360534667969e+02 2.114331722259521484e+01 2.000000000000000000e+00
6.068787193298339844e+02 2.089880204200744629e+02 6.113673210144042969e+02 2.109014421701431274e+02 6.162832069396972656e+02 2.119857770204544067e+02 2.000000000000000000e+00
5.001520156860351562e+02 4.139509391784667969e+02 5.041611671447753906e+02 4.156539773941040039e+02 5.085128593444824219e+02 4.164496850967407227e+02 2.000000000000000000e+00
5.832592773437500000e+02 6.013986110687255859e+01 5.882291984558105469e+02 6.189921855926513672e+01 5.932555007934570312e+02 6.276579380035400391e+01 2.000000000000000000e+00
4.521084880828857422e+02 4.001837253570556641e+02 4.560676574707031250e+02 4.017253446578979492e+02 4.604725933074951172e+02 4.023551988601684570e+02 2.000000000000000000e+00
5.443910026550292969e+02 4.376004695892333984e+01 5.494241905212402344e+02 4.550634384155273438e+01 5.546959304809570312e+02 4.627129554748535156e+01 2.000000000000000000e+00
1.076498985290527344e+02 3.619973516464233398e+02 1.116627311706542969e+02 3.623291730880737305e+02 1.163837432861328125e+02 3.619338798522949219e+02 2.000000000000000000e+00
4.401890277862548828e+02 3.989084815979003906e+02 4.441610717773437500e+02 4.004615020751953125e+02 4.485890865325927734e+02 4.009484624862670898e+02 2.000000000000000000e+00
2.511442422866821289e+02 4.140229940414428711e+02 2.550052785873413086e+02 4.148967075347900391e+02 2.594674062728881836e+02 4.149710512161254883e+02 2.000000000000000000e+00
2.869162297248840332e+02 1.683239936828613281e+01 2.919176936149597168e+02 1.775557994842529297e+01 2.970589280128479004e+02 1.795177459716796875e+01 2.000000000000000000e+00
3.016410219669342041e+02 3.518779635429382324e+02 3.056839907169342041e+02 3.528408551216125488e+02 3.103543394804000854e+02 3.530593013763427734e+02 2.000000000000000000e+00
4.550421810150146484e+02 4.072611808776855469e+02 4.589464759826660156e+02 4.087643480300903320e+02 4.633785724639892578e+02 4.094516372680664062e+02 2.000000000000000000e+00
5.258036613464355469e+02 4.495141983032226562e+02 5.296372032165527344e+02 4.512723541259765625e+02 5.340565299987792969e+02 4.521302318572998047e+02 2.000000000000000000e+00
5.780784988403320312e+02 1.674118638038635254e+02 5.827611732482910156e+02 1.692958045005798340e+02 5.877423667907714844e+02 1.701648402214050293e+02 2.000000000000000000e+00
2.896372365951538086e+02 4.555743455886840820e+02 2.933351731300354004e+02 4.565743160247802734e+02 2.976743769645690918e+02 4.566912603378295898e+02 2.000000000000000000e+00
5.437213134765625000e+02 3.794390916824340820e+02 5.477802085876464844e+02 3.812383174896240234e+02 5.523527336120605469e+02 3.820703172683715820e+02 2.000000000000000000e+00
4.603354835510253906e+02 4.774665641784667969e+02 4.640131855010986328e+02 4.790286397933959961e+02 4.681460285186767578e+02 4.796747875213623047e+02 2.000000000000000000e+00
1.086695289611816406e+02 4.406833934783935547e+02 1.124983596801757812e+02 4.410147142410278320e+02 1.169748497009277344e+02 4.406243991851806641e+02 2.000000000000000000e+00
4.342805194854736328e+02 4.608594131469726562e+02 4.379774475097656250e+02 4.623988723754882812e+02 4.422695064544677734e+02 4.629600048065185547e+02 2.000000000000000000e+00
2.293028736114501953e+02 3.721748828887939453e+01 2.344699573516845703e+02 3.787948608398437500e+01 2.396388339996337891e+02 3.791348934173583984e+01 2.000000000000000000e+00
4.713431072235107422e+02 4.656428575515747070e+02 4.750574398040771484e+02 4.673063135147094727e+02 4.793265056610107422e+02 4.679383993148803711e+02 2.000000000000000000e+00
5.035507202148437500e+02 4.560994434356689453e+02 5.072789001464843750e+02 4.577261495590209961e+02 5.116286087036132812e+02 4.585129451751708984e+02 2.000000000000000000e+00
1.570594024658203125e+02 4.767003536224365234e+02 1.608294486999511719e+02 4.772267246246337891e+02 1.653042602539062500e+02 4.769899749755859375e+02 2.000000000000000000e+00
5.832374954223632812e+02 1.584087467193603516e+02 5.878969764709472656e+02 1.603513169288635254e+02 5.929837036132812500e+02 1.611572813987731934e+02 2.000000000000000000e+00
1.752003002166748047e+02 4.367707872390747070e+02 1.790287780761718750e+02 4.373485851287841797e+02 1.834830760955810547e+02 4.371722459793090820e+02 2.000000000000000000e+00
4.641956806182861328e+02 3.983458900451660156e+02 4.681131935119628906e+02 3.998962783813476562e+02 4.725852394104003906e+02 4.005726099014282227e+02 2.000000000000000000e+00
4.903319740295410156e+02 1.527248811721801758e+02 4.948342323303222656e+02 1.543841958045959473e+02 4.999407958984375000e+02 1.549874711036682129e+02 2.000000000000000000e+00
5.859558677673339844e+02 3.720570802688598633e+02 5.901162147521972656e+02 3.740042781829833984e+02 5.947449302673339844e+02 3.749267578125000000e+02 2.000000000000000000e+00
8.029191970825195312e+01 2.275290012359619141e+01 8.534530639648437500e+01 2.336012363433837891e+01 9.056278228759765625e+01 2.306422233581542969e+01 2.000000000000000000e+00
2.570113229751586914e+02 4.222068643569946289e+02 2.608374023437500000e+02 4.230174064636230469e+02 2.652770996093750000e+02 4.231038236618041992e+02 2.000000000000000000e+00
5.720343017578125000e+02 3.697790050506591797e+02 5.761585044860839844e+02 3.717717075347900391e+02 5.807645225524902344e+02 3.727042293548583984e+02 2.000000000000000000e+00
5.005820655822753906e+02 1.752048754692077637e+02 5.055888748168945312e+02 1.774728941917419434e+02 5.108801841735839844e+02 1.787337327003479004e+02 2.000000000000000000e+00
5.989138793945312500e+02 2.188766777515411377e+02 6.032781982421875000e+02 2.208054041862487793e+02 6.083218955993652344e+02 2.219476926326751709e+02 2.000000000000000000e+00
6.023855018615722656e+02 4.265568637847900391e+02 6.062622070312500000e+02 4.286503028869628906e+02 6.107188796997070312e+02 4.297290086746215820e+02 2.000000000000000000e+00
5.802288246154785156e+02 5.414218425750732422e+01 5.851847648620605469e+02 5.588779449462890625e+01 5.902731323242187500e+02 5.671977996826171875e+01 2.000000000000000000e+00
4.905453491210937500e+02 3.765192604064941406e+02 4.944863891601562500e+02 3.781979084014892578e+02 4.990097045898437500e+02 3.788372611999511719e+02 2.000000000000000000e+00
5.577771568298339844e+02 4.569608545303344727e+02 5.615391921997070312e+02 4.588383293151855469e+02 5.659082603454589844e+02 4.597890758514404297e+02 2.000000000000000000e+00
6.087213516235351562e+01 4.556969118118286133e+02 6.473855972290039062e+01 4.558375024795532227e+02 6.931192398071289062e+01 4.553581094741821289e+02 2.000000000000000000e+00
6.096256065368652344e+02 6.243455886840820312e+01 6.145925903320312500e+02 6.436002731323242188e+01 6.196643066406250000e+02 6.534187316894531250e+01 2.000000000000000000e+00
4.644981670379638672e+02 4.474532032012939453e+02 4.682599830627441406e+02 4.490395545959472656e+02 4.725871276855468750e+02 4.496429586410522461e+02 2.000000000000000000e+00
4.744202613830566406e+02 3.813969182968139648e+02 4.784316158294677734e+02 3.830206918716430664e+02 4.828877830505371094e+02 3.836696290969848633e+02 2.000000000000000000e+00
4.815814018249511719e+02 3.684306049346923828e+02 4.855553627014160156e+02 3.700405025482177734e+02 4.901238822937011719e+02 3.706928157806396484e+02 2.000000000000000000e+00
5.667562294006347656e+02 1.421710324287414551e+02 5.713828086853027344e+02 1.439818239212036133e+02 5.763471031188964844e+02 1.448172426223754883e+02 2.000000000000000000e+00
9.955495834350585938e+01 4.585690498352050781e+01 1.044346046447753906e+02 4.634023189544677734e+01 1.097212219238281250e+02 4.598171710968017578e+01 2.000000000000000000e+00
5.075947380065917969e+02 1.822735261917114258e+02 5.125945472717285156e+02 1.846008718013763428e+02 5.176980590820312500e+02 1.856361508369445801e+02 2.000000000000000000e+00
4.689373779296875000e+02 6.609084606170654297e+01 4.739386940002441406e+02 6.756018161773681641e+01 4.791032123565673828e+02 6.817042350769042969e+01 2.000000000000000000e+00
8.430509567260742188e+01 6.864340782165527344e+01 8.924074172973632812e+01 6.899328231811523438e+01 9.447416305541992188e+01 6.867259025573730469e+01 2.000000000000000000e+00
1.719415569305419922e+02 4.697079277038574219e+02 1.757049083709716797e+02 4.703371953964233398e+02 1.801458072662353516e+02 4.701057529449462891e+02 2.000000000000000000e+00
9.085828781127929688e+01 4.392540693283081055e+02 9.466371536254882812e+01 4.395164537429809570e+02 9.914869308471679688e+01 4.389556074142456055e+02 2.000000000000000000e+00
2.812077331542968750e+02 3.147645020484924316e+02 2.853867793083190918e+02 3.156578707695007324e+02 2.900005173683166504e+02 3.157305049896240234e+02 2.000000000000000000e+00
1.985289764404296875e+02 3.253905057907104492e+02 2.026772880554199219e+02 3.260925364494323730e+02 2.073096179962158203e+02 3.259823012351989746e+02 2.000000000000000000e+00
5.735593223571777344e+02 1.985517561435699463e+02 5.780305862426757812e+02 2.005073511600494385e+02 5.831281852722167969e+02 2.011440861225128174e+02 2.000000000000000000e+00
4.945602226257324219e+02 4.569613695144653320e+02 4.982382011413574219e+02 4.586610889434814453e+02 5.025920486450195312e+02 4.593958854675292969e+02 2.000000000000000000e+00
3.383427739143371582e+02 3.723630380630493164e+02 3.423302912712097168e+02 3.734549617767333984e+02 3.466943049430847168e+02 3.737015819549560547e+02 2.000000000000000000e+00
4.759164714813232422e+02 6.217520713806152344e+01 4.808944702148437500e+02 6.363581657409667969e+01 4.858919334411621094e+02 6.425468444824218750e+01 2.000000000000000000e+00
5.226871299743652344e+02 1.006119203567504883e+02 5.276077842712402344e+02 1.022668647766113281e+02 5.326247024536132812e+02 1.030192136764526367e+02 2.000000000000000000e+00
5.966983604431152344e+02 4.630289554595947266e+01 6.016290283203125000e+02 4.819493293762207031e+01 6.068840408325195312e+02 4.912320613861083984e+01 2.000000000000000000e+00
1.524103546142578125e+02 4.355293321609497070e+02 1.561967658996582031e+02 4.359666252136230469e+02 1.606474399566650391e+02 4.356991052627563477e+02 2.000000000000000000e+00
1.073132896423339844e+02 4.746107912063598633e+02 1.111074447631835938e+02 4.748679685592651367e+02 1.154326629638671875e+02 4.745083808898925781e+02 2.000000000000000000e+00
4.776074504852294922e+02 3.684069299697875977e+02 4.816103172302246094e+02 3.700192594528198242e+02 4.861525917053222656e+02 3.706639194488525391e+02 2.000000000000000000e+00
1.391793251037597656e+02 4.702391767501831055e+02 1.430401611328125000e+02 4.706385326385498047e+02 1.473646736145019531e+02 4.703090572357177734e+02 2.000000000000000000e+00
6.188180541992187500e+02 5.548536300659179688e+01 6.238651847839355469e+02 5.746039867401123047e+01 6.290762329101562500e+02 5.841771125793457031e+01 2.000000000000000000e+00
4.025934791564941406e+02 3.623530054092407227e+02 4.066030311584472656e+02 3.636226558685302734e+02 4.111513996124267578e+02 3.641911125183105469e+02 2.000000000000000000e+00
9.173404693603515625e+01 3.697498226165771484e+02 9.584550857543945312e+01 3.700596714019775391e+02 1.003992843627929688e+02 3.695956420898437500e+02 2.000000000000000000e+00
5.765609169006347656e+02 3.980172872543334961e+02 5.804971313476562500e+02 3.999538421630859375e+02 5.851402664184570312e+02 4.010693693161010742e+02 2.000000000000000000e+00
2.054050731658935547e+02 4.133310270309448242e+02 2.092600727081298828e+02 4.139810514450073242e+02 2.137473773956298828e+02 4.138066434860229492e+02 2.000000000000000000e+00
6.861356735229492188e+01 3.862485408782958984e+02 7.268775939941406250e+01 3.864647054672241211e+02 7.724132537841796875e+01 3.859086370468139648e+02 2.000000000000000000e+00
2.106697845458984375e+02 3.045549058914184570e+02 2.148187732696533203e+02 3.052619647979736328e+02 2.195521640777587891e+02 3.051892447471618652e+02 2.000000000000000000e+00
5.618912315368652344e+02 1.652312922477722168e+02 5.665689086914062500e+02 1.671445155143737793e+02 5.715594482421875000e+02 1.678896474838256836e+02 2.000000000000000000e+00
4.877592277526855469e+02 4.247615718841552734e+02 4.916351890563964844e+02 4.264902162551879883e+02 4.960992431640625000e+02 4.272410917282104492e+02 2.000000000000000000e+00
5.123624229431152344e+02 4.039601182937622070e+02 5.162403678894042969e+02 4.057416772842407227e+02 5.207229614257812500e+02 4.064803504943847656e+02 2.000000000000000000e+00
5.598853111267089844e+02 6.989740848541259766e+01 5.646901893615722656e+02 7.165359020233154297e+01 5.697371864318847656e+02 7.250125408172607422e+01 2.000000000000000000e+00
5.872844886779785156e+02 6.015496730804443359e+01 5.922818565368652344e+02 6.194985866546630859e+01 5.973163414001464844e+02 6.281619071960449219e+01 2.000000000000000000e+00
5.278668212890625000e+02 4.303392362594604492e+02 5.317253494262695312e+02 4.321064901351928711e+02 5.361671257019042969e+02 4.329386758804321289e+02 2.000000000000000000e+00
1.234152412414550781e+02 4.478734302520751953e+02 1.272495651245117188e+02 4.482637166976928711e+02 1.316687965393066406e+02 4.478813838958740234e+02 2.000000000000000000e+00
5.230988883972167969e+02 4.162160396575927734e+02 5.270504188537597656e+02 4.179207515716552734e+02 5.314956665039062500e+02 4.187591028213500977e+02 2.000000000000000000e+00
4.777265644073486328e+02 4.234541416168212891e+02 4.816470146179199219e+02 4.250839662551879883e+02 4.860838890075683594e+02 4.257467794418334961e+02 2.000000000000000000e+00
5.422578239440917969e+02 4.878869533538818359e+01 5.472203445434570312e+02 5.054821014404296875e+01 5.525945472717285156e+02 5.132178783416748047e+01 2.000000000000000000e+00
1.298425292968750000e+02 3.363496756553649902e+02 1.340569877624511719e+02 3.367431092262268066e+02 1.387508583068847656e+02 3.364646959304809570e+02 2.000000000000000000e+00
2.941528916358947754e+02 4.037436676025390625e+02 2.980307006835937500e+02 4.047322511672973633e+02 3.025060117244720459e+02 4.049428224563598633e+02 2.000000000000000000e+00
5.271331214904785156e+02 4.111789941787719727e+02 5.310628128051757812e+02 4.128721332550048828e+02 5.355470085144042969e+02 4.137291383743286133e+02 2.000000000000000000e+00
5.530868530273437500e+02 1.209652376174926758e+02 5.576900672912597656e+02 1.227550292015075684e+02 5.627544021606445312e+02 1.235427188873291016e+02 2.000000000000000000e+00
4.406010437011718750e+02 4.431344032287597656e+02 4.443331909179687500e+02 4.446167993545532227e+02 4.486297321319580078e+02 4.451979732513427734e+02 2.000000000000000000e+00
1.931079673767089844e+02 4.521368551254272461e+02 1.967975616455078125e+02 4.526684331893920898e+02 2.013247394561767578e+02 4.525423336029052734e+02 2.000000000000000000e+00
4.372349834442138672e+02 3.958737945556640625e+02 4.411892127990722656e+02 3.973997211456298828e+02 4.456363201141357422e+02 3.979009723663330078e+02 2.000000000000000000e+00
4.576351356506347656e+02 3.651032495498657227e+02 4.615883541107177734e+02 3.665861892700195312e+02 4.662633419036865234e+02 3.672475719451904297e+02 2.000000000000000000e+00
7.196973800659179688e+01 4.540927219390869141e+02 7.586648941040039062e+01 4.542401218414306641e+02 8.041267395019531250e+01 4.537346935272216797e+02 2.000000000000000000e+00
5.355899047851562500e+02 4.768859052658081055e+02 5.391943359375000000e+02 4.787913036346435547e+02 5.436475944519042969e+02 4.797992420196533203e+02 2.000000000000000000e+00
1.088614463806152344e+02 2.016612052917480469e+01 1.138325881958007812e+02 2.062565803527832031e+01 1.192524909973144531e+02 2.041746139526367188e+01 2.000000000000000000e+00
2.801803588867187500e+02 3.195992159843444824e+02 2.843779587745666504e+02 3.206076121330261230e+02 2.890084838867187500e+02 3.207270526885986328e+02 2.000000000000000000e+00
5.642598915100097656e+02 1.170551347732543945e+02 5.689444541931152344e+02 1.190356349945068359e+02 5.739697837829589844e+02 1.197111654281616211e+02 2.000000000000000000e+00
5.283449745178222656e+02 6.360281467437744141e+01 5.332308959960937500e+02 6.535583496093750000e+01 5.384718704223632812e+02 6.601289749145507812e+01 2.000000000000000000e+00
1.223385429382324219e+02 4.728839206695556641e+02 1.261308288574218750e+02 4.732721328735351562e+02 1.304601478576660156e+02 4.728830623626708984e+02 2.000000000000000000e+00
2.441831350326538086e+02 2.138723373413085938e+01 2.491339731216430664e+02 2.233245849609375000e+01 2.543532228469848633e+02 2.237073898315429688e+01 2.000000000000000000e+00
1.304444313049316406e+02 4.748215198516845703e+02 1.342790222167968750e+02 4.752543783187866211e+02 1.386079788208007812e+02 4.748757505416870117e+02 2.000000000000000000e+00
4.435893535614013672e+02 4.401454210281372070e+02 4.473369789123535156e+02 4.416382884979248047e+02 4.516047382354736328e+02 4.422284030914306641e+02 2.000000000000000000e+00
3.433537602424621582e+02 3.714343929290771484e+02 3.473638606071472168e+02 3.725976562500000000e+02 3.517274475097656250e+02 3.728101587295532227e+02 2.000000000000000000e+00
5.609942054748535156e+02 4.270603179931640625e+02 5.649466514587402344e+02 4.290089464187622070e+02 5.693098831176757812e+02 4.298851346969604492e+02 2.000000000000000000e+00
4.905701065063476562e+02 4.478704977035522461e+02 4.943166923522949219e+02 4.495629644393920898e+02 4.986247634887695312e+02 4.503057432174682617e+02 2.000000000000000000e+00
4.308163738250732422e+02 3.318068861961364746e+02 4.350490093231201172e+02 3.332027006149291992e+02 4.395574378967285156e+02 3.337532401084899902e+02 2.000000000000000000e+00
4.716888713836669922e+02 4.335033988952636719e+02 4.755363178253173828e+02 4.350825262069702148e+02 4.799427795410156250e+02 4.357733631134033203e+02 2.000000000000000000e+00
4.635100746154785156e+02 4.514302539825439453e+02 4.672241210937500000e+02 4.530248594284057617e+02 4.715743446350097656e+02 4.536261463165283203e+02 2.000000000000000000e+00
5.209683799743652344e+02 6.753948211669921875e+01 5.259988975524902344e+02 6.923406600952148438e+01 5.311934280395507812e+02 6.993716239929199219e+01 2.000000000000000000e+00
1.225168609619140625e+02 3.702527189254760742e+02 1.266678810119628906e+02 3.706543350219726562e+02 1.312022399902343750e+02 3.703078365325927734e+02 2.000000000000000000e+00
6.079214477539062500e+02 4.759211540222167969e+02 6.115908241271972656e+02 4.780795669555664062e+02 6.160997962951660156e+02 4.793378734588623047e+02 2.000000000000000000e+00
2.901774907112121582e+02 4.026937580108642578e+02 2.941220688819885254e+02 4.036872053146362305e+02 2.985939931869506836e+02 4.038819694519042969e+02 2.000000000000000000e+00
