3.454954147338867188e+01 4.095638179779052734e+02 2.693658828735351562e+01 4.070083665847778320e+02 2.338634490966796875e+01 4.058929824829101562e+02 2.000000000000000000e+00
4.609321594238281250e+01 4.192181539535522461e+02 3.856588363647460938e+01 4.165458154678344727e+02 3.489152908325195312e+01 4.154626607894897461e+02 2.000000000000000000e+00
3.165864256024360657e+02 2.594535541534423828e+02 3.092167663574218750e+02 2.566154175996780396e+02 3.055556333065032959e+02 2.554577958583831787e+02 2.000000000000000000e+00
1.192024993896484375e+02 3.934214544296264648e+02 1.117501258850097656e+02 3.906834125518798828e+02 1.081201362609863281e+02 3.895876836776733398e+02 2.000000000000000000e+00
8.252048492431640625e+01 3.953225469589233398e+02 7.509624481201171875e+01 3.925888681411743164e+02 7.132265090942382812e+01 3.914839839935302734e+02 2.000000000000000000e+00
2.311028003692626953e+02 1.936522972583770752e+02 2.251027011871337891e+02 1.913814818859100342e+02 2.229177570343017578e+02 1.908357059955596924e+02 1.000000000000000000e+00
5.776437759399414062e+01 3.868017339706420898e+02 5.018505096435546875e+01 3.841596078872680664e+02 4.659528732299804688e+01 3.830427932739257812e+02 2.000000000000000000e+00
1.223267173767089844e+02 4.023443984985351562e+02 1.148677825927734375e+02 3.996008062362670898e+02 1.112178611755371094e+02 3.984272289276123047e+02 2.000000000000000000e+00
5.219997406005859375e+01 4.151750278472900391e+02 4.467247009277343750e+01 4.125121879577636719e+02 4.099145889282226562e+01 4.114165449142456055e+02 2.000000000000000000e+00
1.028283309936523438e+02 3.747566270828247070e+02 9.537582397460937500e+01 3.721065473556518555e+02 9.170028686523437500e+01 3.709885597229003906e+02 2.000000000000000000e+00
1.597217559814453125e+02 1.693086504936218262e+02 1.543785285949707031e+02 1.669102263450622559e+02 1.531659889221191406e+02 1.661740851402282715e+02 1.000000000000000000e+00
4.079018306732177734e+02 2.443739931285381317e+02 4.065142536163330078e+02 2.418322755396366119e+02 4.028524208068847656e+02 2.406864929571747780e+02 2.000000000000000000e+00
1.018555450439453125e+02 3.807724714279174805e+02 9.437658309936523438e+01 3.780702638626098633e+02 9.070524215698242188e+01 3.769108629226684570e+02 2.000000000000000000e+00
1.489220046997070312e+02 4.146593427658081055e+02 1.414590263366699219e+02 4.119584083557128906e+02 1.379533576965332031e+02 4.108390903472900391e+02 2.000000000000000000e+00
3.704063129425048828e+02 2.824843454360961914e+02 3.629848957061767578e+02 2.795556950569152832e+02 3.594223642349243164e+02 2.784175443649291992e+02 2.000000000000000000e+00
4.640533161163330078e+02 1.492986559867858887e+02 4.564297485351562500e+02 1.463850474357604980e+02 4.527288246154785156e+02 1.455504727363586426e+02 2.000000000000000000e+00
4.422121620178222656e+02 1.423737287521362305e+02 4.345889568328857422e+02 1.393914556503295898e+02 4.310704994201660156e+02 1.381917357444763184e+02 2.000000000000000000e+00
3.601541137695312500e+02 3.516338825225830078e+01 3.525412917137145996e+02 3.221755027770996094e+01 3.488134169578552246e+02 3.107329845428466797e+01 2.000000000000000000e+00
1.062279701232910156e+02 4.177612066268920898e+02 9.872850418090820312e+01 4.150607156753540039e+02 9.511192321777343750e+01 4.138809299468994141e+02 2.000000000000000000e+00
3.163895872235298157e+02 5.757815837860107422e+01 3.086451411247253418e+02 5.464387893676757812e+01 3.052041923999786377e+02 5.347875595092773438e+01 2.000000000000000000e+00
8.285232543945312500e+01 2.876390719413757324e+02 7.521846771240234375e+01 2.849182140827178955e+02 7.160543441772460938e+01 2.838671886920928955e+02 2.000000000000000000e+00
1.002105522155761719e+02 4.108908176422119141e+02 9.270544052124023438e+01 4.081878805160522461e+02 8.908437728881835938e+01 4.070148754119873047e+02 2.000000000000000000e+00
2.555662059783935547e+02 1.839488196372985840e+02 2.493888378143310547e+02 1.812808513641357422e+02 2.469419717788696289e+02 1.802230346202850342e+02 1.000000000000000000e+00
2.091396617889404297e+02 2.101777946949005127e+02 2.033759593963623047e+02 2.076004028320312500e+02 2.014587402343750000e+02 2.067319464683532715e+02 1.000000000000000000e+00
8.871334075927734375e+01 3.982185745239257812e+02 8.125272750854492188e+01 3.954740095138549805e+02 7.749908447265625000e+01 3.943699121475219727e+02 2.000000000000000000e+00
1.245866012573242188e+02 1.564727425575256348e+02 1.195520973205566406e+02 1.541498708724975586e+02 1.184028244018554688e+02 1.534151887893676758e+02 1.000000000000000000e+00
1.201223754882812500e+02 3.874866771697998047e+02 1.127221870422363281e+02 3.847402381896972656e+02 1.090788841247558594e+02 3.836721324920654297e+02 2.000000000000000000e+00
1.296612358093261719e+02 4.161847257614135742e+02 1.222179603576660156e+02 4.134992408752441406e+02 1.186326789855957031e+02 4.123179674148559570e+02 2.000000000000000000e+00
3.575399780273437500e+02 1.052431440353393555e+02 3.498365473747253418e+02 1.023021125793457031e+02 3.462671208381652832e+02 1.011842966079711914e+02 2.000000000000000000e+00
1.131277847290039062e+02 3.955442047119140625e+02 1.056963920593261719e+02 3.927977371215820312e+02 1.020931053161621094e+02 3.916958999633789062e+02 2.000000000000000000e+00
4.233660602569580078e+02 1.137253046035766602e+02 4.156969356536865234e+02 1.107426595687866211e+02 4.121455669403076172e+02 1.095749616622924805e+02 2.000000000000000000e+00
4.200254535675048828e+02 1.625481820106506348e+02 4.126243877410888672e+02 1.595676255226135254e+02 4.089204406738281250e+02 1.584632349014282227e+02 2.000000000000000000e+00
9.180652618408203125e+01 2.704900825023651123e+02 8.425174713134765625e+01 2.677174079418182373e+02 8.059270858764648438e+01 2.665019541978836060e+02 2.000000000000000000e+00
7.142139434814453125e+01 3.925899124145507812e+02 6.399749755859375000e+01 3.898800086975097656e+02 6.028438568115234375e+01 3.887249279022216797e+02 2.000000000000000000e+00
4.095513916015625000e+02 1.087556505203247070e+02 4.020002460479736328e+02 1.057936048507690430e+02 3.984121084213256836e+02 1.046595382690429688e+02 2.000000000000000000e+00
9.211828231811523438e+01 4.080544281005859375e+02 8.458522796630859375e+01 4.053499889373779297e+02 8.087907791137695312e+01 4.042033481597900391e+02 2.000000000000000000e+00
3.116051942110061646e+02 2.634730839729309082e+02 3.042466425895690918e+02 2.606326907873153687e+02 3.005850827693939209e+02 2.594827884435653687e+02 2.000000000000000000e+00
3.173677977919578552e+02 1.234952974319458008e+02 3.098811638355255127e+02 1.205376505851745605e+02 3.061954653263092041e+02 1.195021247863769531e+02 2.000000000000000000e+00
9.087881088256835938e+01 2.886175882816314697e+02 8.325830459594726562e+01 2.858933115005493164e+02 7.962575912475585938e+01 2.848363065719604492e+02 2.000000000000000000e+00
2.248251152038574219e+02 1.933339834213256836e+02 2.189654827117919922e+02 1.909865069389343262e+02 2.171185016632080078e+02 1.903083157539367676e+02 1.000000000000000000e+00
2.155870628356933594e+02 1.907982015609741211e+02 2.099212646484375000e+02 1.883646976947784424e+02 2.081557559967041016e+02 1.876564621925354004e+02 1.000000000000000000e+00
8.380983352661132812e+01 4.204492521286010742e+02 7.627958297729492188e+01 4.178079557418823242e+02 7.271371841430664062e+01 4.166567230224609375e+02 2.000000000000000000e+00
1.357487869262695312e+02 4.150192022323608398e+02 1.283027839660644531e+02 4.123278951644897461e+02 1.247061157226562500e+02 4.111482381820678711e+02 2.000000000000000000e+00
1.098384666442871094e+02 3.816739225387573242e+02 1.024250221252441406e+02 3.789912128448486328e+02 9.879673004150390625e+01 3.778466320037841797e+02 2.000000000000000000e+00
1.205431175231933594e+02 4.163683605194091797e+02 1.131441688537597656e+02 4.136205768585205078e+02 1.095467758178710938e+02 4.124582862854003906e+02 2.000000000000000000e+00
3.782104206085205078e+02 1.020295572280883789e+02 3.705885934829711914e+02 9.913716316223144531e+01 3.669352436065673828e+02 9.785539627075195312e+01 2.000000000000000000e+00
3.143605345487594604e+02 4.745750427246093750e+01 3.066108095645904541e+02 4.451936244964599609e+01 3.031874692440032959e+02 4.337300777435302734e+01 2.000000000000000000e+00
1.030052947998046875e+02 3.957487249374389648e+02 9.541723251342773438e+01 3.930554580688476562e+02 9.178384780883789062e+01 3.918515968322753906e+02 2.000000000000000000e+00
9.471200942993164062e+01 3.889094352722167969e+02 8.717853546142578125e+01 3.862592554092407227e+02 8.352336883544921875e+01 3.851108121871948242e+02 2.000000000000000000e+00
8.160806655883789062e+01 4.022893810272216797e+02 7.416683197021484375e+01 3.995397663116455078e+02 7.041591644287109375e+01 3.984719324111938477e+02 2.000000000000000000e+00
1.072961616516113281e+02 4.057714033126831055e+02 9.976116180419921875e+01 4.030751466751098633e+02 9.614564895629882812e+01 4.018549346923828125e+02 2.000000000000000000e+00
3.147140502929687500e+02 2.791788661479949951e+02 3.073636782169342041e+02 2.764502263069152832e+02 3.037484133243560791e+02 2.753536391258239746e+02 2.000000000000000000e+00
3.606497812271118164e+02 1.122872829437255859e+02 3.529918837547302246e+02 1.093545913696289062e+02 3.494325876235961914e+02 1.082562160491943359e+02 2.000000000000000000e+00
3.901755666732788086e+02 1.861510884761810303e+02 3.832019376754760742e+02 1.831391429901123047e+02 3.851665353775024414e+02 1.821031165122985840e+02 2.000000000000000000e+00
3.272461241483688354e+02 1.171868562698364258e+02 3.197302246093750000e+02 1.144069862365722656e+02 3.160300597548484802e+02 1.133192539215087891e+02 2.000000000000000000e+00
4.639662837982177734e+02 1.808458364009857178e+02 4.564073467254638672e+02 1.779867553710937500e+02 4.527130794525146484e+02 1.768197870254516602e+02 2.000000000000000000e+00
4.366538429260253906e+02 1.764468955993652344e+02 4.291103553771972656e+02 1.735915946960449219e+02 4.254935932159423828e+02 1.723664188385009766e+02 2.000000000000000000e+00
4.061847591400146484e+02 1.537330412864685059e+02 3.986508798599243164e+02 1.507835626602172852e+02 3.951379394531250000e+02 1.496571135520935059e+02 2.000000000000000000e+00
9.895706176757812500e+01 4.008721446990966797e+02 9.142848968505859375e+01 3.981845426559448242e+02 8.772710800170898438e+01 3.970006227493286133e+02 2.000000000000000000e+00
3.328868103027343750e+02 2.034344673156738281e+01 3.251819461584091187e+02 1.741969585418701172e+01 3.216194152832031250e+02 1.616696834564208984e+01 2.000000000000000000e+00
1.140936851501464844e+02 3.885684299468994141e+02 1.066885566711425781e+02 3.858211469650268555e+02 1.030993843078613281e+02 3.847180795669555664e+02 2.000000000000000000e+00
4.534221553802490234e+02 1.597818374633789062e+02 4.458576107025146484e+02 1.567718625068664551e+02 4.422765827178955078e+02 1.557789444923400879e+02 2.000000000000000000e+00
1.785122394561767578e+02 1.692109823226928711e+02 1.732643604278564453e+02 1.667866158485412598e+02 1.718401813507080078e+02 1.660431504249572754e+02 1.000000000000000000e+00
4.072591876983642578e+02 1.706107020378112793e+02 3.997591257095336914e+02 1.677166843414306641e+02 3.963210153579711914e+02 1.665023732185363770e+02 2.000000000000000000e+00
2.660935640335083008e+02 3.839360189437866211e+02 2.587489318847656250e+02 3.810474014282226562e+02 2.551802349090576172e+02 3.799092721939086914e+02 2.000000000000000000e+00
1.123717689514160156e+02 4.166009902954101562e+02 1.049106407165527344e+02 4.138326787948608398e+02 1.013916587829589844e+02 4.126527500152587891e+02 2.000000000000000000e+00
4.185130596160888672e+02 3.801632165908813477e+02 4.111781978607177734e+02 3.771682834625244141e+02 4.075739765167236328e+02 3.759418058395385742e+02 2.000000000000000000e+00
2.129507160186767578e+02 2.125091850757598877e+02 2.071717643737792969e+02 2.099208354949951172e+02 2.052416515350341797e+02 2.090841364860534668e+02 1.000000000000000000e+00
3.835460805892944336e+02 1.557271528244018555e+02 3.762056875228881836e+02 1.530017209053039551e+02 3.726353788375854492e+02 1.517733550071716309e+02 2.000000000000000000e+00
1.172941780090332031e+02 4.104922628402709961e+02 1.098281288146972656e+02 4.077155828475952148e+02 1.062177848815917969e+02 4.065785980224609375e+02 2.000000000000000000e+00
4.350786781311035156e+02 1.344558835029602051e+02 4.274551677703857422e+02 1.315241646766662598e+02 4.239114665985107422e+02 1.302870726585388184e+02 2.000000000000000000e+00
4.233184528350830078e+02 1.466159605979919434e+02 4.156566143035888672e+02 1.437281870841979980e+02 4.119017314910888672e+02 1.425169444084167480e+02 2.000000000000000000e+00
3.633897399902343750e+02 9.923021793365478516e+01 3.557047438621520996e+02 9.629675388336181641e+01 3.520600295066833496e+02 9.516876697540283203e+01 2.000000000000000000e+00
4.671421051025390625e+01 3.880309867858886719e+02 3.909383773803710938e+01 3.854128789901733398e+02 3.547103881835937500e+01 3.842517757415771484e+02 2.000000000000000000e+00
8.269237518310546875e+01 2.695180374383926392e+02 7.508729934692382812e+01 2.667326062917709351e+02 7.146278381347656250e+01 2.655188620090484619e+02 2.000000000000000000e+00
4.304274940490722656e+02 1.663986039161682129e+02 4.228651714324951172e+02 1.634509706497192383e+02 4.192671871185302734e+02 1.623493337631225586e+02 2.000000000000000000e+00
3.709922790527343750e+02 2.449295657873153687e+02 3.636056852340698242e+02 2.419010773301124573e+02 3.601061391830444336e+02 2.407453613542020321e+02 2.000000000000000000e+00
3.850241994857788086e+02 9.704084873199462891e+01 3.774072265625000000e+02 9.418566226959228516e+01 3.736990690231323242e+02 9.286497116088867188e+01 2.000000000000000000e+00
2.220635700225830078e+02 2.331594081223011017e+02 2.146442127227783203e+02 2.304680782556533813e+02 2.111130809783935547e+02 2.293884882330894470e+02 2.000000000000000000e+00
2.335937976837158203e+02 1.907830953598022461e+02 2.275166606903076172e+02 1.884970843791961670e+02 2.252767276763916016e+02 1.879249548912048340e+02 1.000000000000000000e+00
2.084009552001953125e+02 2.049358963966369629e+02 2.026497650146484375e+02 2.024254739284515381e+02 2.007805919647216797e+02 2.016227245330810547e+02 1.000000000000000000e+00
4.132147216796875000e+02 1.755065417289733887e+02 4.056524658203125000e+02 1.725665402412414551e+02 4.023109149932861328e+02 1.713930344581604004e+02 2.000000000000000000e+00
3.844484281539916992e+02 1.079715299606323242e+02 3.768529653549194336e+02 1.050708818435668945e+02 3.732376098632812500e+02 1.037897157669067383e+02 2.000000000000000000e+00
3.082918393611907959e+02 1.446543359756469727e+02 3.009245908260345459e+02 1.418992567062377930e+02 2.972298264503479004e+02 1.406330680847167969e+02 2.000000000000000000e+00
3.165725708007812500e+02 1.165629243850708008e+02 3.090768730640411377e+02 1.136134386062622070e+02 3.053724670410156250e+02 1.125274944305419922e+02 2.000000000000000000e+00
4.589781856536865234e+02 1.454802775382995605e+02 4.514471435546875000e+02 1.424766969680786133e+02 4.478081989288330078e+02 1.414061808586120605e+02 2.000000000000000000e+00
2.346945762634277344e+02 3.388420128822326660e+02 2.272330760955810547e+02 3.360835289955139160e+02 2.237251091003417969e+02 3.348404860496520996e+02 2.000000000000000000e+00
3.580302119255065918e+02 2.422562599182128906e+01 3.504595947265625000e+02 2.125990390777587891e+01 3.467094731330871582e+02 2.005472660064697266e+01 2.000000000000000000e+00
2.924843144416809082e+02 6.365278244018554688e+01 2.847478318214416504e+02 6.073112010955810547e+01 2.814056706428527832e+02 5.960886955261230469e+01 2.000000000000000000e+00
1.606095600128173828e+02 1.768715786933898926e+02 1.552917480468750000e+02 1.745081448554992676e+02 1.540404319763183594e+02 1.736748290061950684e+02 1.000000000000000000e+00
3.845787382125854492e+02 1.180402708053588867e+02 3.770744037628173828e+02 1.151302099227905273e+02 3.733958148956298828e+02 1.139213275909423828e+02 2.000000000000000000e+00
3.246441957354545593e+02 2.663508617877960205e+02 3.173182982206344604e+02 2.635132759809494019e+02 3.136670833826065063e+02 2.623564463853836060e+02 2.000000000000000000e+00
2.825366520881652832e+02 3.299605178833007812e+02 2.751638174057006836e+02 3.271617794036865234e+02 2.716704082489013672e+02 3.260055613517761230e+02 2.000000000000000000e+00
2.267653179168701172e+02 2.002550482749938965e+02 2.209097385406494141e+02 1.979063236713409424e+02 2.189923572540283203e+02 1.971986961364746094e+02 1.000000000000000000e+00
2.464516878128051758e+02 3.993535566329956055e+02 2.391349792480468750e+02 3.964985132217407227e+02 2.355071544647216797e+02 3.953500699996948242e+02 2.000000000000000000e+00
3.774608755111694336e+02 1.140669107437133789e+02 3.699189472198486328e+02 1.111722850799560547e+02 3.662918710708618164e+02 1.099273252487182617e+02 2.000000000000000000e+00
3.550341200828552246e+02 1.223464322090148926e+02 3.473905348777770996e+02 1.193919754028320312e+02 3.438930058479309082e+02 1.182776069641113281e+02 2.000000000000000000e+00
1.162156867980957031e+02 4.034659481048583984e+02 1.087419319152832031e+02 4.006904983520507812e+02 1.050871467590332031e+02 3.995143461227416992e+02 2.000000000000000000e+00
2.941242980957031250e+02 1.191681575775146484e+02 2.865282893180847168e+02 1.162924575805664062e+02 2.828236699104309082e+02 1.148751497268676758e+02 2.000000000000000000e+00
3.298265379667282104e+02 3.930664730072021484e+02 3.224971924722194672e+02 3.901785421371459961e+02 3.189555053412914276e+02 3.888960599899291992e+02 2.000000000000000000e+00
4.548208618164062500e+02 1.760687971115112305e+02 4.472651672363281250e+02 1.731409692764282227e+02 4.436712074279785156e+02 1.719763898849487305e+02 2.000000000000000000e+00
5.282018661499023438e+01 4.011445713043212891e+02 4.527788162231445312e+01 3.984730339050292969e+02 4.150661468505859375e+01 3.972687721252441406e+02 2.000000000000000000e+00
3.744859695434570312e+01 4.025162458419799805e+02 2.982397079467773438e+01 3.999166345596313477e+02 2.631696701049804688e+01 3.987532424926757812e+02 2.000000000000000000e+00
7.244338989257812500e+01 3.985367774963378906e+02 6.500349044799804688e+01 3.958054304122924805e+02 6.128604888916015625e+01 3.946678876876831055e+02 2.000000000000000000e+00
3.973218107223510742e+02 1.587897920608520508e+02 3.897807931900024414e+02 1.559798240661621094e+02 3.862476491928100586e+02 1.547841167449951172e+02 2.000000000000000000e+00
4.457862854003906250e+01 4.014486122131347656e+02 3.697072982788085938e+01 3.988150405883789062e+02 3.333343505859375000e+01 3.976486873626708984e+02 2.000000000000000000e+00
3.732829618453979492e+02 1.514782905578613281e+01 3.655446767807006836e+02 1.225529193878173828e+01 3.619325256347656250e+02 1.103197574615478516e+01 2.000000000000000000e+00
2.924904179573059082e+02 3.237460970878601074e+02 2.850246882438659668e+02 3.209152293205261230e+02 2.815253281593322754e+02 3.198184847831726074e+02 2.000000000000000000e+00
4.376719951629638672e+02 7.915449142456054688e+00 4.300766658782958984e+02 4.887170791625976562e+00 4.263735389709472656e+02 3.736395835876464844e+00 2.000000000000000000e+00
3.684689044952392578e+02 1.141676187515258789e+02 3.607755136489868164e+02 1.112387752532958984e+02 3.572365736961364746e+02 1.100976848602294922e+02 2.000000000000000000e+00
3.710793781280517578e+02 1.331928062438964844e+02 3.634423208236694336e+02 1.302691626548767090e+02 3.598696589469909668e+02 1.290309548377990723e+02 2.000000000000000000e+00
7.619165420532226562e+01 3.815275382995605469e+02 6.868528366088867188e+01 3.788008546829223633e+02 6.512964248657226562e+01 3.776257753372192383e+02 2.000000000000000000e+00
1.306630897521972656e+02 4.081909561157226562e+02 1.231807136535644531e+02 4.054734849929809570e+02 1.196186828613281250e+02 4.043044567108154297e+02 2.000000000000000000e+00
2.654001140594482422e+02 4.147298383712768555e+02 2.580133676528930664e+02 4.118995428085327148e+02 2.545207834243774414e+02 4.106895875930786133e+02 2.000000000000000000e+00
3.476461195945739746e+02 6.238912582397460938e+01 3.400434875488281250e+02 5.945762157440185547e+01 3.363156437873840332e+02 5.824400424957275391e+01 2.000000000000000000e+00
4.596194744110107422e+02 1.698965263366699219e+02 4.520518779754638672e+02 1.669760584831237793e+02 4.485180664062500000e+02 1.657232952117919922e+02 2.000000000000000000e+00
2.717263793945312500e+02 3.502444195747375488e+02 2.643143892288208008e+02 3.474030232429504395e+02 2.607351684570312500e+02 3.462745428085327148e+02 2.000000000000000000e+00
4.451402950286865234e+02 1.821687734127044678e+02 4.375817298889160156e+02 1.794118738174438477e+02 4.338863849639892578e+02 1.785819339752197266e+02 2.000000000000000000e+00
2.430021810531616211e+02 2.858551061153411865e+02 2.356028270721435547e+02 2.831097435951232910e+02 2.319865512847900391e+02 2.818526315689086914e+02 2.000000000000000000e+00
3.362278139591217041e+02 2.515208896994590759e+02 3.286434024572372437e+02 2.485814514756202698e+02 3.251932066679000854e+02 2.475258484482765198e+02 2.000000000000000000e+00
3.014881289005279541e+02 3.355678153038024902e+02 2.940417480468750000e+02 3.326468825340270996e+02 2.904356384277343750e+02 3.315938758850097656e+02 2.000000000000000000e+00
3.816295194625854492e+02 3.219310069084167480e+02 3.743654775619506836e+02 3.191511297225952148e+02 3.706998586654663086e+02 3.179302740097045898e+02 2.000000000000000000e+00
3.472926330566406250e+02 9.733614921569824219e+01 3.396731269359588623e+02 9.438114166259765625e+01 3.360140693187713623e+02 9.325378417968750000e+01 2.000000000000000000e+00
3.954802274703979492e+02 1.529105615615844727e+02 3.879792499542236328e+02 1.500043129920959473e+02 3.843836975097656250e+02 1.487337756156921387e+02 2.000000000000000000e+00
1.345668220520019531e+02 1.857927525043487549e+02 1.293860054016113281e+02 1.832540416717529297e+02 1.280850601196289062e+02 1.821908533573150635e+02 1.000000000000000000e+00
4.082134437561035156e+02 1.606939673423767090e+02 4.007317829132080078e+02 1.578055858612060547e+02 3.971250009536743164e+02 1.566626071929931641e+02 2.000000000000000000e+00
2.511725616455078125e+02 3.091365694999694824e+02 2.437404298782348633e+02 3.061918044090270996e+02 2.401925802230834961e+02 3.050760555267333984e+02 2.000000000000000000e+00
1.275177574157714844e+02 1.797328162193298340e+02 1.223370552062988281e+02 1.771733522415161133e+02 1.210379981994628906e+02 1.760095667839050293e+02 1.000000000000000000e+00
2.319087028503417969e+02 2.360339047014713287e+02 2.244544219970703125e+02 2.334079433977603912e+02 2.210062217712402344e+02 2.323416897654533386e+02 2.000000000000000000e+00
3.692360544204711914e+02 1.000455665588378906e+02 3.615384244918823242e+02 9.712502002716064453e+01 3.578694772720336914e+02 9.592065811157226562e+01 2.000000000000000000e+00
3.067867732048034668e+02 3.612191820144653320e+02 2.993662095069885254e+02 3.583033847808837891e+02 2.958484196662902832e+02 3.572155237197875977e+02 2.000000000000000000e+00
3.908047199249267578e+02 1.708871698379516602e+02 3.832638883590698242e+02 1.678934597969055176e+02 3.798400592803955078e+02 1.667945694923400879e+02 2.000000000000000000e+00
2.517877960205078125e+02 3.555119991302490234e+02 2.443266439437866211e+02 3.527064585685729980e+02 2.407992839813232422e+02 3.515356492996215820e+02 2.000000000000000000e+00
3.273827213048934937e+02 1.250884580612182617e+02 3.198419494554400444e+02 1.223430061340332031e+02 3.161598205566406250e+02 1.212475347518920898e+02 2.000000000000000000e+00
3.264215087890625000e+02 1.365955424308776855e+02 3.188383483886718750e+02 1.338240623474121094e+02 3.151943054795265198e+02 1.326052308082580566e+02 2.000000000000000000e+00
4.165968990325927734e+02 1.336453771591186523e+02 4.090800762176513672e+02 1.306541848182678223e+02 4.054906940460205078e+02 1.295941257476806641e+02 2.000000000000000000e+00
4.476386451721191406e+02 1.982050895690917969e+01 4.401055049896240234e+02 1.676420688629150391e+01 4.364290809631347656e+02 1.563870906829833984e+01 2.000000000000000000e+00
3.116760861873626709e+02 3.691634845733642578e+02 3.043526303768157959e+02 3.662516212463378906e+02 3.007313227653503418e+02 3.651260089874267578e+02 2.000000000000000000e+00
2.773272371292114258e+02 3.995087957382202148e+02 2.699762248992919922e+02 3.966366720199584961e+02 2.664663696289062500e+02 3.954959821701049805e+02 2.000000000000000000e+00
1.007165718078613281e+02 3.677045345306396484e+02 9.325769424438476562e+01 3.650637531280517578e+02 8.961612701416015625e+01 3.639016485214233398e+02 2.000000000000000000e+00
4.455904293060302734e+02 1.938824594020843506e+02 4.381952857971191406e+02 1.908548712730407715e+02 4.345591449737548828e+02 1.899584341049194336e+02 2.000000000000000000e+00
2.821868896484375000e+02 3.807210731506347656e+02 2.747877168655395508e+02 3.779018640518188477e+02 2.712666320800781250e+02 3.767122220993041992e+02 2.000000000000000000e+00
3.906709623336791992e+02 3.236290311813354492e+02 3.834344196319580078e+02 3.207397484779357910e+02 3.797177124023437500e+02 3.196056890487670898e+02 2.000000000000000000e+00
1.774039268493652344e+02 2.009111917018890381e+02 1.715797519683837891e+02 1.984469139575958252e+02 1.699365043640136719e+02 1.977161979675292969e+02 1.000000000000000000e+00
2.241525554656982422e+02 2.010036134719848633e+02 2.183303928375244141e+02 1.987306809425354004e+02 2.164245605468750000e+02 1.980262899398803711e+02 1.000000000000000000e+00
4.561660766601562500e+02 1.541709423065185547e+02 4.486172199249267578e+02 1.511541080474853516e+02 4.450271606445312500e+02 1.500562977790832520e+02 2.000000000000000000e+00
3.586189270019531250e+02 3.945452928543090820e+02 3.512936401367187500e+02 3.915726327896118164e+02 3.476864027976989746e+02 3.903647804260253906e+02 2.000000000000000000e+00
2.037429523468017578e+02 1.811656773090362549e+02 1.981520366668701172e+02 1.786621069908142090e+02 1.963280963897705078e+02 1.778649115562438965e+02 1.000000000000000000e+00
2.417509603500366211e+02 1.910455155372619629e+02 2.355740356445312500e+02 1.886447739601135254e+02 2.331923198699951172e+02 1.879675126075744629e+02 1.000000000000000000e+00
1.586969947814941406e+02 2.013500332832336426e+02 1.531631851196289062e+02 1.987683677673339844e+02 1.513748550415039062e+02 1.977196311950683594e+02 1.000000000000000000e+00
2.855829167366027832e+02 3.379037189483642578e+02 2.782184457778930664e+02 3.351009893417358398e+02 2.746484041213989258e+02 3.339564228057861328e+02 2.000000000000000000e+00
3.031960141658782959e+02 4.117755174636840820e+02 2.959324955940246582e+02 4.088655853271484375e+02 2.923972463607788086e+02 4.077369117736816406e+02 2.000000000000000000e+00
2.189274692535400391e+02 2.087070608139038086e+02 2.132085704803466797e+02 2.062144160270690918e+02 2.113196372985839844e+02 2.054298985004425049e+02 1.000000000000000000e+00
3.754420804977416992e+02 1.211499595642089844e+02 3.678423786163330078e+02 1.182395839691162109e+02 3.643490600585937500e+02 1.170555067062377930e+02 2.000000000000000000e+00
8.378152847290039062e+01 2.754788231849670410e+02 7.616662979125976562e+01 2.727100539207458496e+02 7.253507614135742188e+01 2.715234088897705078e+02 2.000000000000000000e+00
3.533073115348815918e+02 4.107916831970214844e+01 3.456747126579284668e+02 3.815762042999267578e+01 3.419528198242187500e+02 3.699202537536621094e+01 2.000000000000000000e+00
1.931939792633056641e+02 1.951011943817138672e+02 1.872883605957031250e+02 1.926533496379852295e+02 1.852027416229248047e+02 1.916813492774963379e+02 1.000000000000000000e+00
1.782154846191406250e+02 1.768860912322998047e+02 1.729150104522705078e+02 1.744823741912841797e+02 1.715072441101074219e+02 1.736788415908813477e+02 1.000000000000000000e+00
2.776647329330444336e+02 3.420914053916931152e+02 2.702916574478149414e+02 3.393002343177795410e+02 2.667531442642211914e+02 3.381040406227111816e+02 2.000000000000000000e+00
2.441762685775756836e+02 3.051406288146972656e+02 2.367504596710205078e+02 3.022082233428955078e+02 2.331762409210205078e+02 3.010860300064086914e+02 2.000000000000000000e+00
2.510346078872680664e+02 3.001592445373535156e+02 2.435960245132446289e+02 2.972129559516906738e+02 2.400441884994506836e+02 2.961008942127227783e+02 2.000000000000000000e+00
3.507468867301940918e+02 3.887137842178344727e+02 3.435054016113281250e+02 3.857141733169555664e+02 3.398799133300781250e+02 3.844760227203369141e+02 2.000000000000000000e+00
2.127209568023681641e+02 1.708260798454284668e+02 2.072213554382324219e+02 1.684079861640930176e+02 2.054687309265136719e+02 1.678176712989807129e+02 1.000000000000000000e+00
3.625967741012573242e+02 4.082482337951660156e+02 3.552806091308593750e+02 4.052549457550048828e+02 3.517352914810180664e+02 4.041000080108642578e+02 2.000000000000000000e+00
2.113054752349853516e+02 2.005690598487854004e+02 2.055672740936279297e+02 1.981213510036468506e+02 2.037059879302978516e+02 1.973071432113647461e+02 1.000000000000000000e+00
2.625567913055419922e+02 3.276179838180541992e+02 2.551925945281982422e+02 3.247993826866149902e+02 2.516497468948364258e+02 3.236222290992736816e+02 2.000000000000000000e+00
2.796957063674926758e+02 3.501217103004455566e+02 2.722911357879638672e+02 3.472779607772827148e+02 2.687265920639038086e+02 3.461344385147094727e+02 2.000000000000000000e+00
2.917749619483947754e+02 9.898704528808593750e+01 2.841624140739440918e+02 9.606688499450683594e+01 2.806018376350402832e+02 9.486481189727783203e+01 2.000000000000000000e+00
3.199610290513373911e+02 4.032984638214111328e+02 3.127005308866500854e+02 4.003614521026611328e+02 3.091110229492187500e+02 3.991224718093872070e+02 2.000000000000000000e+00
9.618873596191406250e+01 4.190313863754272461e+02 8.865812301635742188e+01 4.163400363922119141e+02 8.504972457885742188e+01 4.152105474472045898e+02 2.000000000000000000e+00
2.562345266342163086e+02 1.781751251220703125e+02 2.500004434585571289e+02 1.754152965545654297e+02 2.475346231460571289e+02 1.743261837959289551e+02 1.000000000000000000e+00
2.426067972183227539e+02 4.113213872909545898e+02 2.353644847869873047e+02 4.085375118255615234e+02 2.317442798614501953e+02 4.074328136444091797e+02 2.000000000000000000e+00
2.746973848342895508e+02 2.624600529670715332e+02 2.672643709182739258e+02 2.595421153306961060e+02 2.637623262405395508e+02 2.583390212059020996e+02 2.000000000000000000e+00
3.315944218635559082e+02 2.613275152444839478e+02 3.241107177734375000e+02 2.584434825181961060e+02 3.205773315578699112e+02 2.573257452249526978e+02 2.000000000000000000e+00
3.111478573083877563e+02 4.136009645462036133e+02 3.039059448242187500e+02 4.106404495239257812e+02 3.002560722827911377e+02 4.095194435119628906e+02 2.000000000000000000e+00
2.523268413543701172e+02 3.208229398727416992e+02 2.448874950408935547e+02 3.179317975044250488e+02 2.414148092269897461e+02 3.167721605300903320e+02 2.000000000000000000e+00
3.292786562442779541e+02 1.703452849388122559e+02 3.217580567300319672e+02 1.674314546585083008e+02 3.180411681532859802e+02 1.662154841423034668e+02 2.000000000000000000e+00
2.725706768035888672e+02 3.331316256523132324e+02 2.652184724807739258e+02 3.303345394134521484e+02 2.616777324676513672e+02 3.291653823852539062e+02 2.000000000000000000e+00
1.235155296325683594e+02 4.083036231994628906e+02 1.160465240478515625e+02 4.055631780624389648e+02 1.124049186706542969e+02 4.044051361083984375e+02 2.000000000000000000e+00
2.522616243362426758e+02 3.844150400161743164e+02 2.448256063461303711e+02 3.814869117736816406e+02 2.412853527069091797e+02 3.803503131866455078e+02 2.000000000000000000e+00
4.327906513214111328e+02 1.387979507446289062e+01 4.251712989807128906e+02 1.089424610137939453e+01 4.214906978607177734e+02 9.730224609375000000e+00 2.000000000000000000e+00
2.666019296646118164e+02 3.362506127357482910e+02 2.592541790008544922e+02 3.334147667884826660e+02 2.556872701644897461e+02 3.322183299064636230e+02 2.000000000000000000e+00
3.983822345733642578e+02 1.717555332183837891e+02 3.909445190429687500e+02 1.688641047477722168e+02 3.875076627731323242e+02 1.677235865592956543e+02 2.000000000000000000e+00
2.923385000228881836e+02 4.452504158020019531e+01 2.847308039665222168e+02 4.166852474212646484e+01 2.811827683448791504e+02 4.044240474700927734e+01 2.000000000000000000e+00
2.895136713981628418e+02 3.298346900939941406e+02 2.820810842514038086e+02 3.270383977890014648e+02 2.785609722137451172e+02 3.259130001068115234e+02 2.000000000000000000e+00
4.672725200653076172e+02 1.238577175140380859e+02 4.596988201141357422e+02 1.209400749206542969e+02 4.561045551300048828e+02 1.197931766510009766e+02 2.000000000000000000e+00
2.277844238281250000e+02 1.585399603843688965e+02 2.221701812744140625e+02 1.562849807739257812e+02 2.203080844879150391e+02 1.556523871421813965e+02 1.000000000000000000e+00
3.530292057991027832e+02 3.175555729866027832e+02 3.455672311782836914e+02 3.145959520339965820e+02 3.420696425437927246e+02 3.134336614608764648e+02 2.000000000000000000e+00
2.792436504364013672e+02 3.886017465591430664e+02 2.718664216995239258e+02 3.857248306274414062e+02 2.683432912826538086e+02 3.845792341232299805e+02 2.000000000000000000e+00
1.477349853515625000e+02 3.326533555984497070e+02 1.403077697753906250e+02 3.299578571319580078e+02 1.367155265808105469e+02 3.287891578674316406e+02 2.000000000000000000e+00
9.081836700439453125e+01 2.806353771686553955e+02 8.320957183837890625e+01 2.779055178165435791e+02 7.956920623779296875e+01 2.768519604206085205e+02 2.000000000000000000e+00
4.526835060119628906e+02 2.017639124393463135e+02 4.498144245147705078e+02 1.989656496047973633e+02 4.507312011718750000e+02 1.980965995788574219e+02 2.000000000000000000e+00
3.255608826875686646e+02 5.552354335784912109e+01 3.179354858398437500e+02 5.260366916656494141e+01 3.143589168787002563e+02 5.144579887390136719e+01 2.000000000000000000e+00
3.388601076602935791e+02 1.632698535919189453e+01 3.311000978946685791e+02 1.342802524566650391e+01 3.276068419218063354e+02 1.218348026275634766e+01 2.000000000000000000e+00
3.285514527559280396e+02 6.306538581848144531e+00 3.208124694973230362e+02 3.376865386962890625e+00 3.171580198407173157e+02 2.265944480895996094e+00 2.000000000000000000e+00
4.262966060638427734e+02 1.996109962463378906e+01 4.185841369628906250e+02 1.696557998657226562e+01 4.149741268157958984e+02 1.573329448699951172e+01 2.000000000000000000e+00
5.268320083618164062e+01 3.818911886215209961e+02 4.506122589111328125e+01 3.792661857604980469e+02 4.146276473999023438e+01 3.781235074996948242e+02 2.000000000000000000e+00
4.110567665100097656e+02 4.166364669799804688e+00 4.035980892181396484e+02 1.113338470458984375e+00 3.998699665069580078e+02 -2.663612365722656250e-02 2.000000000000000000e+00
2.066464233398437500e+02 1.703630161285400391e+02 2.011328601837158203e+02 1.678993034362792969e+02 1.994091510772705078e+02 1.673230862617492676e+02 1.000000000000000000e+00
2.913900446891784668e+02 8.074903964996337891e+01 2.837366628646850586e+02 7.784395694732666016e+01 2.800548386573791504e+02 7.668741703033447266e+01 2.000000000000000000e+00
1.707272911071777344e+02 1.957554745674133301e+02 1.651357746124267578e+02 1.933680403232574463e+02 1.637810230255126953e+02 1.924916052818298340e+02 1.000000000000000000e+00
3.376056218147277832e+02 1.651954793930053711e+02 3.301806342601776123e+02 1.622694683074951172e+02 3.264906615018844604e+02 1.611535263061523438e+02 2.000000000000000000e+00
3.536789560317993164e+02 4.014728736877441406e+02 3.463159489631652832e+02 3.985146903991699219e+02 3.427481079101562500e+02 3.973602676391601562e+02 2.000000000000000000e+00
3.483121657371520996e+02 3.341302871704101562e+00 3.404812312126159668e+02 3.847074508666992188e-01 3.370430600643157959e+02 -8.675765991210937500e-01 2.000000000000000000e+00
3.487213444709777832e+02 7.641287326812744141e+01 3.411290287971496582e+02 7.346457481384277344e+01 3.373913574218750000e+02 7.239957332611083984e+01 2.000000000000000000e+00
1.098825836181640625e+02 3.676382160186767578e+02 1.024282455444335938e+02 3.649863910675048828e+02 9.877016067504882812e+01 3.638331413269042969e+02 2.000000000000000000e+00
2.474933004379272461e+02 4.063053131103515625e+02 2.402687835693359375e+02 4.034908246994018555e+02 2.365868473052978516e+02 4.023038721084594727e+02 2.000000000000000000e+00
2.708542490005493164e+02 1.873033046722412109e+01 2.631116008758544922e+02 1.575263500213623047e+01 2.596502971649169922e+02 1.455307960510253906e+01 2.000000000000000000e+00
4.375126361846923828e+02 1.622967767715454102e+02 4.299796485900878906e+02 1.592948269844055176e+02 4.263513183593750000e+02 1.581764173507690430e+02 2.000000000000000000e+00
8.520112991333007812e+01 2.523311617970466614e+02 7.758823394775390625e+01 2.495493623614311218e+02 7.380002975463867188e+01 2.484574127197265625e+02 2.000000000000000000e+00
4.645387554168701172e+02 1.887884652614593506e+02 4.571416950225830078e+02 1.859290730953216553e+02 4.535034465789794922e+02 1.847374856472015381e+02 2.000000000000000000e+00
2.185857200622558594e+02 3.363643884658813477e+02 2.112783813476562500e+02 3.335176777839660645e+02 2.075179576873779297e+02 3.324197459220886230e+02 2.000000000000000000e+00
5.524551391601562500e+01 4.211467123031616211e+02 4.775316238403320312e+01 4.184650611877441406e+02 4.407409667968750000e+01 4.173743391036987305e+02 2.000000000000000000e+00
3.075304567813873291e+02 3.444937777519226074e+02 3.001259148120880127e+02 3.415347933769226074e+02 2.965786123275756836e+02 3.404797124862670898e+02 2.000000000000000000e+00
1.236934471130371094e+02 1.658150911331176758e+02 1.185407829284667969e+02 1.635001015663146973e+02 1.173583221435546875e+02 1.627734804153442383e+02 1.000000000000000000e+00
2.361686038970947266e+02 1.869001901149749756e+02 2.301375579833984375e+02 1.846724689006805420e+02 2.277927875518798828e+02 1.841780841350555420e+02 1.000000000000000000e+00
2.359676837921142578e+02 2.900256979465484619e+02 2.285364246368408203e+02 2.872640419006347656e+02 2.250109863281250000e+02 2.860212743282318115e+02 2.000000000000000000e+00
3.029297792911529541e+02 3.155695438385009766e+01 2.953104543685913086e+02 2.854989051818847656e+01 2.916997671127319336e+02 2.740382194519042969e+01 2.000000000000000000e+00
3.245783996582031250e+02 3.486390709877014160e+02 3.172241821885108948e+02 3.457273650169372559e+02 3.136546629667282104e+02 3.446639728546142578e+02 2.000000000000000000e+00
3.812611722946166992e+02 1.415376663208007812e+01 3.735116910934448242e+02 1.126276016235351562e+01 3.699940824508666992e+02 9.993739128112792969e+00 2.000000000000000000e+00
2.588251924514770508e+02 3.575015330314636230e+02 2.513353109359741211e+02 3.546933674812316895e+02 2.478209209442138672e+02 3.535274720191955566e+02 2.000000000000000000e+00
1.706464862823486328e+02 1.734717679023742676e+02 1.654071044921875000e+02 1.710872125625610352e+02 1.640042591094970703e+02 1.702853178977966309e+02 1.000000000000000000e+00
2.308217716217041016e+02 1.744709587097167969e+02 2.248634338378906250e+02 1.723076605796813965e+02 2.228184032440185547e+02 1.716994929313659668e+02 1.000000000000000000e+00
2.924852299690246582e+02 6.967361927032470703e+01 2.847543644905090332e+02 6.676928043365478516e+01 2.813626098632812500e+02 6.563893318176269531e+01 2.000000000000000000e+00
1.871873188018798828e+02 1.990368318557739258e+02 1.810756397247314453e+02 1.966025984287261963e+02 1.787456798553466797e+02 1.956953394412994385e+02 1.000000000000000000e+00
2.618561697006225586e+02 2.766393435001373291e+02 2.544563579559326172e+02 2.737302267551422119e+02 2.508235311508178711e+02 2.725624716281890869e+02 2.000000000000000000e+00
3.078456723690032959e+02 1.743754863739013672e+01 3.002068483829498291e+02 1.447058200836181641e+01 2.965262150764465332e+02 1.328397274017333984e+01 2.000000000000000000e+00
3.149807125329971313e+02 2.944878101348876953e+01 3.073394775390625000e+02 2.644978523254394531e+01 3.035380852222442627e+02 2.534980773925781250e+01 2.000000000000000000e+00
2.636358261108398438e+01 4.026802396774291992e+02 1.870332717895507812e+01 4.001876878738403320e+02 1.521366119384765625e+01 3.990601873397827148e+02 2.000000000000000000e+00
4.039393043518066406e+02 1.614582538604736328e+01 3.964746999740600586e+02 1.313900470733642578e+01 3.927390146255493164e+02 1.188121318817138672e+01 2.000000000000000000e+00
4.150235652923583984e+02 1.685096383094787598e+02 4.075513935089111328e+02 1.655643582344055176e+02 4.039838600158691406e+02 1.644362926483154297e+02 2.000000000000000000e+00
2.149232482910156250e+02 1.572578215599060059e+02 2.094017601013183594e+02 1.549411153793334961e+02 2.076578235626220703e+02 1.544335269927978516e+02 1.000000000000000000e+00
2.268789386749267578e+02 1.878359198570251465e+02 2.209507751464843750e+02 1.855574905872344971e+02 2.190663433074951172e+02 1.848560607433319092e+02 1.000000000000000000e+00
3.621795034408569336e+02 2.596913462877273560e+02 3.547535395622253418e+02 2.568266612291336060e+02 3.512141108512878418e+02 2.556324326992034912e+02 2.000000000000000000e+00
3.650890827178955078e+02 2.676480424404144287e+02 3.576470041275024414e+02 2.647724622488021851e+02 3.541267395019531250e+02 2.635565811395645142e+02 2.000000000000000000e+00
4.076581096649169922e+02 3.762647438049316406e+02 4.003597450256347656e+02 3.733075332641601562e+02 3.967347717285156250e+02 3.721258020401000977e+02 2.000000000000000000e+00
2.914370417594909668e+02 4.110459709167480469e+02 2.841317439079284668e+02 4.081710004806518555e+02 2.805882573127746582e+02 4.070032167434692383e+02 2.000000000000000000e+00
3.650650024414062500e+02 2.458500981330871582e+02 3.576932382583618164e+02 2.428822633624076843e+02 3.542181706428527832e+02 2.416828003898262978e+02 2.000000000000000000e+00
2.472607421875000000e+02 3.893849515914916992e+02 2.398540782928466797e+02 3.865053176879882812e+02 2.362809467315673828e+02 3.853670454025268555e+02 2.000000000000000000e+00
3.673387479782104492e+02 3.805883216857910156e+02 3.600490140914916992e+02 3.776164627075195312e+02 3.565083932876586914e+02 3.764668607711791992e+02 2.000000000000000000e+00
3.656693410873413086e+02 1.222802782058715820e+02 3.580555129051208496e+02 1.193232107162475586e+02 3.544995737075805664e+02 1.182111597061157227e+02 2.000000000000000000e+00
2.320229434967041016e+02 1.310603570938110352e+02 2.262759685516357422e+02 1.290433287620544434e+02 2.243001270294189453e+02 1.287190461158752441e+02 1.000000000000000000e+00
2.082472038269042969e+02 3.215533804893493652e+02 2.009221363067626953e+02 3.187008404731750488e+02 1.971790599822998047e+02 3.175705003738403320e+02 2.000000000000000000e+00
1.275188446044921875e+02 1.756116628646850586e+02 1.223758888244628906e+02 1.731294393539428711e+02 1.211402702331542969e+02 1.719552254676818848e+02 1.000000000000000000e+00
2.300409793853759766e+02 2.980452597141265869e+02 2.225784111022949219e+02 2.952966034412384033e+02 2.190551280975341797e+02 2.939571869373321533e+02 2.000000000000000000e+00
2.789108896255493164e+02 2.662952899932861328e+01 2.712592458724975586e+02 2.374392986297607422e+01 2.677513408660888672e+02 2.251712322235107422e+01 2.000000000000000000e+00
8.382898330688476562e+01 2.816375148296356201e+02 7.621164321899414062e+01 2.789063429832458496e+02 7.257236480712890625e+01 2.778650844097137451e+02 2.000000000000000000e+00
1.315463447570800781e+02 1.693339347839355469e+02 1.263738059997558594e+02 1.669839119911193848e+02 1.252215766906738281e+02 1.661875391006469727e+02 1.000000000000000000e+00
3.639638662338256836e+02 1.484058451652526855e+02 3.559646296501159668e+02 1.452672100067138672e+02 3.528123474121093750e+02 1.442426133155822754e+02 2.000000000000000000e+00
3.052015376091003418e+02 1.110076618194580078e+02 2.976379394531250000e+02 1.080578470230102539e+02 2.937872624397277832e+02 1.067712879180908203e+02 2.000000000000000000e+00
4.396889400482177734e+02 1.385458946228027344e+01 4.321190547943115234e+02 1.084246158599853516e+01 4.284534645080566406e+02 9.711728096008300781e+00 2.000000000000000000e+00
4.139233112335205078e+02 1.526708149909973145e+02 4.065054035186767578e+02 1.497311067581176758e+02 4.028551959991455078e+02 1.486531448364257812e+02 2.000000000000000000e+00
2.983374619483947754e+02 4.028546190261840820e+02 2.910419011116027832e+02 4.000144386291503906e+02 2.875281071662902832e+02 3.987919664382934570e+02 2.000000000000000000e+00
2.437914705276489258e+02 3.535265851020812988e+02 2.363422489166259766e+02 3.507172608375549316e+02 2.328279876708984375e+02 3.496091651916503906e+02 2.000000000000000000e+00
3.105435180664062500e+02 1.374470472335815430e+02 3.032038879394531250e+02 1.347024321556091309e+02 2.994494318962097168e+02 1.334335756301879883e+02 2.000000000000000000e+00
5.930803298950195312e+01 4.100474023818969727e+02 5.179260253906250000e+01 4.073740053176879883e+02 4.814403533935546875e+01 4.062590789794921875e+02 2.000000000000000000e+00
3.875021362304687500e+02 1.498637509346008301e+02 3.800931406021118164e+02 1.470441055297851562e+02 3.765105295181274414e+02 1.457350873947143555e+02 2.000000000000000000e+00
2.707639169692993164e+02 3.651155519485473633e+02 2.633092355728149414e+02 3.623509597778320312e+02 2.598894643783569336e+02 3.612199115753173828e+02 2.000000000000000000e+00
3.719748830795288086e+02 1.530857634544372559e+02 3.644559955596923828e+02 1.502000713348388672e+02 3.608439350128173828e+02 1.490801525115966797e+02 2.000000000000000000e+00
4.537237548828125000e+02 1.868656575679779053e+02 4.462930583953857422e+02 1.839776122570037842e+02 4.426885700225830078e+02 1.829929625988006592e+02 2.000000000000000000e+00
3.476372981071472168e+02 1.591538214683532715e+02 3.402039194107055664e+02 1.562302780151367188e+02 3.365149235725402832e+02 1.551105022430419922e+02 2.000000000000000000e+00
3.575689387321472168e+02 4.908411026000976562e+01 3.498959040641784668e+02 4.621792316436767578e+01 3.461896061897277832e+02 4.498938560485839844e+01 2.000000000000000000e+00
4.230825233459472656e+02 1.396399497985839844e+01 4.153145122528076172e+02 1.096940517425537109e+01 4.116601276397705078e+02 9.841332435607910156e+00 2.000000000000000000e+00
3.230129089951515198e+02 1.837463378906250000e+01 3.153240051865577698e+02 1.540519237518310547e+01 3.116530758142471313e+02 1.427264213562011719e+01 2.000000000000000000e+00
2.440300893783569336e+02 2.961322045326232910e+02 2.365478801727294922e+02 2.931904935836791992e+02 2.329774475097656250e+02 2.920471215248107910e+02 2.000000000000000000e+00
2.718978881835937500e+02 3.709900617599487305e+02 2.644733285903930664e+02 3.682316923141479492e+02 2.610248994827270508e+02 3.670697736740112305e+02 2.000000000000000000e+00
2.696879577636718750e+02 3.422096014022827148e+02 2.623192119598388672e+02 3.393777823448181152e+02 2.587475872039794922e+02 3.381949853897094727e+02 2.000000000000000000e+00
2.073253631591796875e+02 3.284923768043518066e+02 2.000073528289794922e+02 3.256240868568420410e+02 1.962755584716796875e+02 3.245000052452087402e+02 2.000000000000000000e+00
2.992114567756652832e+02 3.826413917541503906e+02 2.918830251693725586e+02 3.797677659988403320e+02 2.883079218864440918e+02 3.785425472259521484e+02 2.000000000000000000e+00
7.371480941772460938e+01 2.393602752126753330e+02 6.605329513549804688e+01 2.365721129626035690e+02 6.237447738647460938e+01 2.353555293381214142e+02 2.000000000000000000e+00
2.663850402832031250e+02 3.205982995033264160e+02 2.589879465103149414e+02 3.177866220474243164e+02 2.554974222183227539e+02 3.165797495841979980e+02 2.000000000000000000e+00
2.835422968864440918e+02 3.239102840423583984e+02 2.761334514617919922e+02 3.211176824569702148e+02 2.726172780990600586e+02 3.199693965911865234e+02 2.000000000000000000e+00
3.166647642850875854e+02 3.609883832931518555e+02 3.093493342399597168e+02 3.580594825744628906e+02 3.057032465934753418e+02 3.569926214218139648e+02 2.000000000000000000e+00
3.894713449478149414e+02 1.557642745971679688e+02 3.820281076431274414e+02 1.529641556739807129e+02 3.784883117675781250e+02 1.517386150360107422e+02 2.000000000000000000e+00
3.137845456600189209e+02 3.781068563461303711e+02 3.064354860782623291e+02 3.752066087722778320e+02 3.028120720386505127e+02 3.740698671340942383e+02 2.000000000000000000e+00
3.211676025390625000e+02 9.965736865997314453e+01 3.135811764001846313e+02 9.656251430511474609e+01 3.098778378963470459e+02 9.554612159729003906e+01 2.000000000000000000e+00
1.252531051635742188e+02 3.241875958442687988e+02 1.177676582336425781e+02 3.214139413833618164e+02 1.140890884399414062e+02 3.203248000144958496e+02 2.000000000000000000e+00
2.991423034667968750e+02 1.120443534851074219e+02 2.914755845069885254e+02 1.091801548004150391e+02 2.878756713867187500e+02 1.077899265289306641e+02 2.000000000000000000e+00
2.982301020622253418e+02 3.852952480316162109e+01 2.906142258644104004e+02 3.561967849731445312e+01 2.870097947120666504e+02 3.443279743194580078e+01 2.000000000000000000e+00
2.515449380874633789e+02 4.111731719970703125e+02 2.442628622055053711e+02 4.084157466888427734e+02 2.406461191177368164e+02 4.072202253341674805e+02 2.000000000000000000e+00
2.548782205581665039e+02 2.746376681327819824e+02 2.474727296829223633e+02 2.717482316493988037e+02 2.438518953323364258e+02 2.705702841281890869e+02 2.000000000000000000e+00
3.826087665557861328e+02 6.223093986511230469e+01 3.750772714614868164e+02 5.917452335357666016e+01 3.712550973892211914e+02 5.804240226745605469e+01 2.000000000000000000e+00
3.091651606559753418e+02 4.018037223815917969e+02 3.019143676757812500e+02 3.989039325714111328e+02 2.983874821662902832e+02 3.977827548980712891e+02 2.000000000000000000e+00
1.057555198669433594e+02 3.144494390487670898e+02 9.822198867797851562e+01 3.116466736793518066e+02 9.457723617553710938e+01 3.105560374259948730e+02 2.000000000000000000e+00
4.487064838409423828e+02 1.075547075271606445e+02 4.410779094696044922e+02 1.046797370910644531e+02 4.374666118621826172e+02 1.034523868560791016e+02 2.000000000000000000e+00
2.056742382049560547e+02 1.962883293628692627e+02 1.999777698516845703e+02 1.938055229187011719e+02 1.981372642517089844e+02 1.930455136299133301e+02 1.000000000000000000e+00
2.723343801498413086e+02 4.075498723983764648e+02 2.649865102767944336e+02 4.046670913696289062e+02 2.614863252639770508e+02 4.035761833190917969e+02 2.000000000000000000e+00
3.367490851879119873e+02 3.910839271545410156e+02 3.294175112247467041e+02 3.882504987716674805e+02 3.258432620763778687e+02 3.869747972488403320e+02 2.000000000000000000e+00
3.326963508129119873e+02 3.514035987854003906e+02 3.252684938907623291e+02 3.485430049896240234e+02 3.216756896674633026e+02 3.474803209304809570e+02 2.000000000000000000e+00
2.387355041503906250e+02 3.487063336372375488e+02 2.313084125518798828e+02 3.458963656425476074e+02 2.277846050262451172e+02 3.447370076179504395e+02 2.000000000000000000e+00
1.684877014160156250e+02 1.705307149887084961e+02 1.630863189697265625e+02 1.681734609603881836e+02 1.618138885498046875e+02 1.673830246925354004e+02 1.000000000000000000e+00
1.982668018341064453e+02 1.989636504650115967e+02 1.924818992614746094e+02 1.965434861183166504e+02 1.903483104705810547e+02 1.955533576011657715e+02 1.000000000000000000e+00
1.986725616455078125e+02 6.767449378967285156e+00 1.907595634460449219e+02 3.736596107482910156e+00 1.872054004669189453e+02 2.514839172363281250e+00 2.000000000000000000e+00
3.307275998592376709e+02 3.694453811645507812e+02 3.234333801269531250e+02 3.665479516983032227e+02 3.197135925292968750e+02 3.654181337356567383e+02 2.000000000000000000e+00
1.822842502593994141e+02 4.107470798492431641e+02 1.749185466766357422e+02 4.079414176940917969e+02 1.712624454498291016e+02 4.068019437789916992e+02 2.000000000000000000e+00
1.645403861999511719e+02 3.842301464080810547e+02 1.571188354492187500e+02 3.814063167572021484e+02 1.534973335266113281e+02 3.803611278533935547e+02 2.000000000000000000e+00
2.456629323959350586e+02 3.407084727287292480e+02 2.382098484039306641e+02 3.378833341598510742e+02 2.346717071533203125e+02 3.367472004890441895e+02 2.000000000000000000e+00
4.440822505950927734e+02 1.949739503860473633e+02 4.366246986389160156e+02 1.919540369510650635e+02 4.329101276397705078e+02 1.910947072505950928e+02 2.000000000000000000e+00
3.368174743652343750e+02 3.969720554351806641e+02 3.294723206758499146e+02 3.941732311248779297e+02 3.258772581815719604e+02 3.929101324081420898e+02 2.000000000000000000e+00
4.486822223663330078e+02 3.460652804374694824e+02 4.414876079559326172e+02 3.431287264823913574e+02 4.377633094787597656e+02 3.419134569168090820e+02 2.000000000000000000e+00
2.564046621322631836e+02 3.256722450256347656e+02 2.489441204071044922e+02 3.228031682968139648e+02 2.454727029800415039e+02 3.216434669494628906e+02 2.000000000000000000e+00
4.303201961517333984e+02 1.876953864097595215e+02 4.226945781707763672e+02 1.848593258857727051e+02 4.190809059143066406e+02 1.838895392417907715e+02 2.000000000000000000e+00
2.894392991065979004e+02 5.249187469482421875e+01 2.817413640022277832e+02 4.971552371978759766e+01 2.783426809310913086e+02 4.839951038360595703e+01 2.000000000000000000e+00
3.608219623565673828e+02 6.611371994018554688e+01 3.531187129020690918e+02 6.319832324981689453e+01 3.494159865379333496e+02 6.203358650207519531e+01 2.000000000000000000e+00
3.338687133789062500e+02 4.029713201522827148e+02 3.265300291776657104e+02 4.000989103317260742e+02 3.229819032549858093e+02 3.988720464706420898e+02 2.000000000000000000e+00
2.568092346191406250e+02 3.514613413810729980e+02 2.493681764602661133e+02 3.486739897727966309e+02 2.458362722396850586e+02 3.474882531166076660e+02 2.000000000000000000e+00
3.166828918457031250e+02 2.247423648834228516e+01 3.091110837459564209e+02 1.947921752929687500e+01 3.052882385253906250e+02 1.837643623352050781e+01 2.000000000000000000e+00
2.607128000259399414e+02 3.394164490699768066e+02 2.533696603775024414e+02 3.365714764595031738e+02 2.497362804412841797e+02 3.353958177566528320e+02 2.000000000000000000e+00
3.048327028751373291e+02 3.693567609786987305e+02 2.974405217170715332e+02 3.664195632934570312e+02 2.938505244255065918e+02 3.653163814544677734e+02 2.000000000000000000e+00
4.154450416564941406e+02 1.186987209320068359e+02 4.078377437591552734e+02 1.156734752655029297e+02 4.042756938934326172e+02 1.145800209045410156e+02 2.000000000000000000e+00
2.935166931152343750e+02 3.406947040557861328e+02 2.861514878273010254e+02 3.377896785736083984e+02 2.825426316261291504e+02 3.367002940177917480e+02 2.000000000000000000e+00
2.463673400878906250e+02 3.199272179603576660e+02 2.389679431915283203e+02 3.170612525939941406e+02 2.354207324981689453e+02 3.158762884140014648e+02 2.000000000000000000e+00
2.365001201629638672e+02 4.014326620101928711e+02 2.291207218170166016e+02 3.985505104064941406e+02 2.254582023620605469e+02 3.974078178405761719e+02 2.000000000000000000e+00
2.333934020996093750e+02 3.188499498367309570e+02 2.260193443298339844e+02 3.160087323188781738e+02 2.224167442321777344e+02 3.148035335540771484e+02 2.000000000000000000e+00
1.876420402526855469e+02 3.458666110038757324e+02 1.802021884918212891e+02 3.430525588989257812e+02 1.766545677185058594e+02 3.419319176673889160e+02 2.000000000000000000e+00
3.579459238052368164e+02 1.030115604400634766e+01 3.503767704963684082e+02 7.369394302368164062e+00 3.465535593032836914e+02 6.062808036804199219e+00 2.000000000000000000e+00
6.731760025024414062e+01 4.037678003311157227e+02 5.977647781372070312e+01 4.010694694519042969e+02 5.615419387817382812e+01 3.999236869812011719e+02 2.000000000000000000e+00
8.510215759277343750e+01 2.393241271376609802e+02 7.753400802612304688e+01 2.365567778795957565e+02 7.367290496826171875e+01 2.353499449789524078e+02 2.000000000000000000e+00
4.634511756896972656e+02 9.466906070709228516e+01 4.558764648437500000e+02 9.165593147277832031e+01 4.522843360900878906e+02 9.056206226348876953e+01 2.000000000000000000e+00
1.650621795654296875e+02 4.424979686737060547e+01 1.571759796142578125e+02 4.130942344665527344e+01 1.534881019592285156e+02 4.035498619079589844e+01 2.000000000000000000e+00
2.731966543197631836e+02 3.818012094497680664e+02 2.657869577407836914e+02 3.789506578445434570e+02 2.622873544692993164e+02 3.778006410598754883e+02 2.000000000000000000e+00
6.222328186035156250e+01 3.976991987228393555e+02 5.460096359252929688e+01 3.950520658493041992e+02 5.096593856811523438e+01 3.938420248031616211e+02 2.000000000000000000e+00
2.793130779266357422e+02 2.971832621097564697e+02 2.720859670639038086e+02 2.943660306930541992e+02 2.683805847167968750e+02 2.932085609436035156e+02 2.000000000000000000e+00
6.836839675903320312e+01 4.137133598327636719e+02 6.089260101318359375e+01 4.110953807830810547e+02 5.727098464965820312e+01 4.099505710601806641e+02 2.000000000000000000e+00
4.082062721252441406e+02 3.204367446899414062e+02 4.008306598663330078e+02 3.175218558311462402e+02 3.972619962692260742e+02 3.163372564315795898e+02 2.000000000000000000e+00
2.021049785614013672e+02 3.656494474411010742e+02 1.946199607849121094e+02 3.628871154785156250e+02 1.911093235015869141e+02 3.617444515228271484e+02 2.000000000000000000e+00
2.882357478141784668e+02 3.553575038909912109e+01 2.806192016601562500e+02 3.263428688049316406e+01 2.770616436004638672e+02 3.143950939178466797e+01 2.000000000000000000e+00
3.357468569278717041e+02 3.831827402114868164e+02 3.284831541776657104e+02 3.803117179870605469e+02 3.248663026094436646e+02 3.791042518615722656e+02 2.000000000000000000e+00
3.653562927246093750e+02 1.061975526809692383e+02 3.576584172248840332e+02 1.032796096801757812e+02 3.540556645393371582e+02 1.021501064300537109e+02 2.000000000000000000e+00
3.406457209587097168e+02 8.392381668090820312e+00 3.328093564510345459e+02 5.443325042724609375e+00 3.294367980957031250e+02 4.267230033874511719e+00 2.000000000000000000e+00
2.426171541213989258e+02 2.639497697353363037e+02 2.352335834503173828e+02 2.611636054515838623e+02 2.315859508514404297e+02 2.599179089069366455e+02 2.000000000000000000e+00
3.977770996093750000e+02 3.323497939109802246e+02 3.905392169952392578e+02 3.294166016578674316e+02 3.869133329391479492e+02 3.282743883132934570e+02 2.000000000000000000e+00
1.273143768310546875e+02 3.893874549865722656e+02 1.198106956481933594e+02 3.865986442565917969e+02 1.162144851684570312e+02 3.855783462524414062e+02 2.000000000000000000e+00
1.514342308044433594e+02 1.961799287796020508e+02 1.459078598022460938e+02 1.936266767978668213e+02 1.443395423889160156e+02 1.927025592327117920e+02 1.000000000000000000e+00
4.489484786987304688e+01 3.951959037780761719e+02 3.730173110961914062e+01 3.925281715393066406e+02 3.354112625122070312e+01 3.913260555267333984e+02 2.000000000000000000e+00
3.038717651367187500e+02 2.252530574798583984e+01 2.962931823730468750e+02 1.948908805847167969e+01 2.926123046875000000e+02 1.835447788238525391e+01 2.000000000000000000e+00
2.320298004150390625e+02 1.658954858779907227e+02 2.262415790557861328e+02 1.637523007392883301e+02 2.242424774169921875e+02 1.631985425949096680e+02 1.000000000000000000e+00
4.566494750976562500e+02 2.005966937541961670e+02 4.536884498596191406e+02 1.977785325050354004e+02 4.546152400970458984e+02 1.967705368995666504e+02 2.000000000000000000e+00
3.135296016931533813e+02 3.383183956146240234e+02 3.062519526481628418e+02 3.354207515716552734e+02 3.026528322696685791e+02 3.342630386352539062e+02 2.000000000000000000e+00
3.086196589469909668e+02 1.042551040649414062e+01 3.010070192813873291e+02 7.488141059875488281e+00 2.972978210449218750e+02 6.287498474121093750e+00 2.000000000000000000e+00
2.237438964843750000e+02 1.584695863723754883e+02 2.181596183776855469e+02 1.561835432052612305e+02 2.163788604736328125e+02 1.556105017662048340e+02 1.000000000000000000e+00
3.650060129165649414e+02 2.409561157599091530e+02 3.576386117935180664e+02 2.379865416884422302e+02 3.541870737075805664e+02 2.367522581666707993e+02 2.000000000000000000e+00
2.419815969467163086e+02 4.215348672866821289e+02 2.346356773376464844e+02 4.187190055847167969e+02 2.311243152618408203e+02 4.175405931472778320e+02 2.000000000000000000e+00
2.908524775505065918e+02 2.054647922515869141e+01 2.831907033920288086e+02 1.761689186096191406e+01 2.798138427734375000e+02 1.649477005004882812e+01 2.000000000000000000e+00
4.475203895568847656e+02 3.391058421134948730e+02 4.402881145477294922e+02 3.361727356910705566e+02 4.365740108489990234e+02 3.349566364288330078e+02 2.000000000000000000e+00
4.140600299835205078e+02 1.615924930572509766e+02 4.066373348236083984e+02 1.586882114410400391e+02 4.029777526855468750e+02 1.575594305992126465e+02 2.000000000000000000e+00
4.380830764770507812e+01 3.811001014709472656e+02 3.616819381713867188e+01 3.784547138214111328e+02 3.254186630249023438e+01 3.773218202590942383e+02 2.000000000000000000e+00
4.691478252410888672e+02 1.975766587257385254e+02 4.617225074768066406e+02 1.947962021827697754e+02 4.583291625976562500e+02 1.936923515796661377e+02 2.000000000000000000e+00
3.768787527084350586e+02 1.300839614868164062e+02 3.693186044692993164e+02 1.272033548355102539e+02 3.657625436782836914e+02 1.259630656242370605e+02 2.000000000000000000e+00
3.330918276309967041e+02 5.550697803497314453e+01 3.255975341796875000e+02 5.259148120880126953e+01 3.215397034585475922e+02 5.141183853149414062e+01 2.000000000000000000e+00
2.872678518295288086e+02 3.856038951873779297e+02 2.799189758300781250e+02 3.827481508255004883e+02 2.763723421096801758e+02 3.815983343124389648e+02 2.000000000000000000e+00
2.813323044776916504e+02 3.041692256927490234e+02 2.740199279785156250e+02 3.012964797019958496e+02 2.703145742416381836e+02 3.001022100448608398e+02 2.000000000000000000e+00
7.281049728393554688e+01 3.662637948989868164e+02 6.524362564086914062e+01 3.635770654678344727e+02 6.150064468383789062e+01 3.625239944458007812e+02 2.000000000000000000e+00
2.913273620605468750e+02 3.110354375839233398e+02 2.840310668945312500e+02 3.081960153579711914e+02 2.803244924545288086e+02 3.069351196289062500e+02 2.000000000000000000e+00
3.196951293945312500e+02 3.709751987457275391e+02 3.123910218477249146e+02 3.680494737625122070e+02 3.087066650390625000e+02 3.668992710113525391e+02 2.000000000000000000e+00
3.245430299639701843e+02 2.553524941205978394e+02 3.172702330350875854e+02 2.525133365392684937e+02 3.135520935058593750e+02 2.513613590598106384e+02 2.000000000000000000e+00
1.584697914123535156e+02 3.714157819747924805e+02 1.510025978088378906e+02 3.686149978637695312e+02 1.473966789245605469e+02 3.675017738342285156e+02 2.000000000000000000e+00
2.102394676208496094e+02 3.154613685607910156e+02 2.028824138641357422e+02 3.126207304000854492e+02 1.991542816162109375e+02 3.114571881294250488e+02 2.000000000000000000e+00
2.671215486526489258e+02 3.663064956665039062e+01 2.594667959213256836e+02 3.364265441894531250e+01 2.559446859359741211e+02 3.248415470123291016e+01 2.000000000000000000e+00
7.765062332153320312e+01 4.073441505432128906e+02 7.023292541503906250e+01 4.046435022354125977e+02 6.645666122436523438e+01 4.035499620437622070e+02 2.000000000000000000e+00
1.893499279022216797e+02 4.106570148468017578e+02 1.819942951202392578e+02 4.078706789016723633e+02 1.783508014678955078e+02 4.066907072067260742e+02 2.000000000000000000e+00
3.817729520797729492e+02 3.493364024162292480e+02 3.745487689971923828e+02 3.464475774765014648e+02 3.708899545669555664e+02 3.452461624145507812e+02 2.000000000000000000e+00
3.245792540907859802e+02 2.493912354111671448e+02 3.172579345107078552e+02 2.465561833977699280e+02 3.135466611385345459e+02 2.454228061437606812e+02 2.000000000000000000e+00
4.579807472229003906e+02 1.344604253768920898e+02 4.504183387756347656e+02 1.315320825576782227e+02 4.467763042449951172e+02 1.304732465744018555e+02 2.000000000000000000e+00
1.924090576171875000e+02 3.258190011978149414e+02 1.849285602569580078e+02 3.230436730384826660e+02 1.814626026153564453e+02 3.219918537139892578e+02 2.000000000000000000e+00
3.250272524356842041e+02 4.079611301422119141e+02 3.176518858969211578e+02 4.050280237197875977e+02 3.141216123104095459e+02 4.038540458679199219e+02 2.000000000000000000e+00
3.017554628849029541e+02 3.564563941955566406e+02 2.943313598632812500e+02 3.536102056503295898e+02 2.907329106330871582e+02 3.524796509742736816e+02 2.000000000000000000e+00
3.841582059860229492e+02 2.824119293689727783e+02 3.767861318588256836e+02 2.793693244457244873e+02 3.732317495346069336e+02 2.782418847084045410e+02 2.000000000000000000e+00
2.164266014099121094e+02 3.293551683425903320e+02 2.091473102569580078e+02 3.265030860900878906e+02 2.053567314147949219e+02 3.254158687591552734e+02 2.000000000000000000e+00
2.881941533088684082e+02 3.934321975708007812e+02 2.808154606819152832e+02 3.905053853988647461e+02 2.773246431350708008e+02 3.894090986251831055e+02 2.000000000000000000e+00
2.225073719024658203e+02 1.666858005523681641e+02 2.167301464080810547e+02 1.643833708763122559e+02 2.150313377380371094e+02 1.637555336952209473e+02 1.000000000000000000e+00
2.843496084213256836e+02 4.121966314315795898e+02 2.769878816604614258e+02 4.093374395370483398e+02 2.734719848632812500e+02 4.081680965423583984e+02 2.000000000000000000e+00
2.777244567871093750e+02 2.563469552993774414e+02 2.702911376953125000e+02 2.534186410903930664e+02 2.667810058593750000e+02 2.522695469856262207e+02 2.000000000000000000e+00
4.454963111877441406e+02 7.275431156158447266e+01 4.378131389617919922e+02 6.981073379516601562e+01 4.342910766601562500e+02 6.866017341613769531e+01 2.000000000000000000e+00
2.024707317352294922e+02 4.172319173812866211e+02 1.951121997833251953e+02 4.144431209564208984e+02 1.914379882812500000e+02 4.132696294784545898e+02 2.000000000000000000e+00
1.014128684997558594e+02 3.004117798805236816e+02 9.384862899780273438e+01 2.976036715507507324e+02 9.021127700805664062e+01 2.964984762668609619e+02 2.000000000000000000e+00
3.614165973663330078e+02 4.406661987304687500e+01 3.537649226188659668e+02 4.113477230072021484e+01 3.500310063362121582e+02 3.998268127441406250e+01 2.000000000000000000e+00
2.325190544128417969e+02 1.505839061737060547e+02 2.267470836639404297e+02 1.485128259658813477e+02 2.248183441162109375e+02 1.481525659561157227e+02 1.000000000000000000e+00
2.638246440887451172e+02 2.166206359863281250e+01 2.561373901367187500e+02 1.865756034851074219e+01 2.526065969467163086e+02 1.748106479644775391e+01 2.000000000000000000e+00
1.389486885070800781e+02 1.815302717685699463e+02 1.338047409057617188e+02 1.790453910827636719e+02 1.326459503173828125e+02 1.781209516525268555e+02 1.000000000000000000e+00
2.873302006721496582e+02 3.061850953102111816e+02 2.800211477279663086e+02 3.032999324798583984e+02 2.763456726074218750e+02 3.021073365211486816e+02 2.000000000000000000e+00
2.548345041275024414e+02 1.747014856338500977e+02 2.485134744644165039e+02 1.723769044876098633e+02 2.459452962875366211e+02 1.716867184638977051e+02 1.000000000000000000e+00
2.554684734344482422e+02 4.022067403793334961e+02 2.481753969192504883e+02 3.994238090515136719e+02 2.445485210418701172e+02 3.981958723068237305e+02 2.000000000000000000e+00
3.700291776657104492e+02 2.517526558041572571e+02 3.626118469238281250e+02 2.488340458273887634e+02 3.591108703613281250e+02 2.475846710801124573e+02 2.000000000000000000e+00
4.571285152435302734e+02 1.936641669273376465e+02 4.498244380950927734e+02 1.907397580146789551e+02 4.461371517181396484e+02 1.896912038326263428e+02 2.000000000000000000e+00
4.347471904754638672e+02 1.990303516387939453e+01 4.272132873535156250e+02 1.685255527496337891e+01 4.235133075714111328e+02 1.566494464874267578e+01 2.000000000000000000e+00
9.483631134033203125e+01 3.788757419586181641e+02 8.729347229003906250e+01 3.762223005294799805e+02 8.368410110473632812e+01 3.750546312332153320e+02 2.000000000000000000e+00
1.693100738525390625e+02 4.112941646575927734e+02 1.618888378143310547e+02 4.085102319717407227e+02 1.583229637145996094e+02 4.073948764801025391e+02 2.000000000000000000e+00
3.813708829879760742e+02 3.998511171340942383e+02 3.741437101364135742e+02 3.968665838241577148e+02 3.705756235122680664e+02 3.957104587554931641e+02 2.000000000000000000e+00
2.763374948501586914e+02 4.123977756500244141e+02 2.689966726303100586e+02 4.095240211486816406e+02 2.654687786102294922e+02 4.083755922317504883e+02 2.000000000000000000e+00
2.647144460678100586e+02 3.603674697875976562e+02 2.572476196289062500e+02 3.575755405426025391e+02 2.537675619125366211e+02 3.564295077323913574e+02 2.000000000000000000e+00
3.647527694702148438e+01 3.832544088363647461e+02 2.883121490478515625e+01 3.805633306503295898e+02 2.510189056396484375e+01 3.794636249542236328e+02 2.000000000000000000e+00
3.206922607868909836e+02 2.802166163921356201e+02 3.133163148164749146e+02 2.774721086025238037e+02 3.097437739372253418e+02 2.763599252700805664e+02 2.000000000000000000e+00
2.452731752395629883e+02 3.140133118629455566e+02 2.378823375701904297e+02 3.111608290672302246e+02 2.342978954315185547e+02 3.099667382240295410e+02 2.000000000000000000e+00
2.525811624526977539e+02 4.052357196807861328e+01 2.449742746353149414e+02 3.764119148254394531e+01 2.412397432327270508e+02 3.645631313323974609e+01 2.000000000000000000e+00
4.612621498107910156e+02 1.588857221603393555e+02 4.537191486358642578e+02 1.558667707443237305e+02 4.501974773406982422e+02 1.546981000900268555e+02 2.000000000000000000e+00
4.565888118743896484e+02 3.519691228866577148e+02 4.494007873535156250e+02 3.490158104896545410e+02 4.456005859375000000e+02 3.477928233146667480e+02 2.000000000000000000e+00
4.314185237884521484e+02 1.583124804496765137e+02 4.239202594757080078e+02 1.553209519386291504e+02 4.202592754364013672e+02 1.542651915550231934e+02 2.000000000000000000e+00
4.442196369171142578e+02 5.972408294677734375e+01 4.365068721771240234e+02 5.689813613891601562e+01 4.327809143066406250e+02 5.568540573120117188e+01 2.000000000000000000e+00
3.499313974380493164e+02 2.923473358154296875e+01 3.424166560173034668e+02 2.630561828613281250e+01 3.386597907543182373e+02 2.510142803192138672e+01 2.000000000000000000e+00
2.875299668312072754e+02 3.189782738685607910e+02 2.799811410903930664e+02 3.161140751838684082e+02 2.765403413772583008e+02 3.149695158004760742e+02 2.000000000000000000e+00
1.428895568847656250e+02 1.737894988059997559e+02 1.377332305908203125e+02 1.713943576812744141e+02 1.365417861938476562e+02 1.704473376274108887e+02 1.000000000000000000e+00
2.511303853988647461e+02 1.246646404266357422e+01 2.435390329360961914e+02 9.609131813049316406e+00 2.398047733306884766e+02 8.378334045410156250e+00 2.000000000000000000e+00
3.239449769258499146e+02 3.922687768936157227e+02 3.165492552518844604e+02 3.893232250213623047e+02 3.130482786893844604e+02 3.880634880065917969e+02 2.000000000000000000e+00
3.228403624892234802e+02 3.444026470184326172e+01 3.153345337510108948e+02 3.148096561431884766e+01 3.113677674531936646e+02 3.036460876464843750e+01 2.000000000000000000e+00
9.803766250610351562e+01 2.905017113685607910e+02 9.041767120361328125e+01 2.878013026714324951e+02 8.676963806152343750e+01 2.865927135944366455e+02 2.000000000000000000e+00
3.399790954589843750e+02 2.729799270629882812e+01 3.323477172851562500e+02 2.440627098083496094e+01 3.287319642305374146e+02 2.314136981964111328e+01 2.000000000000000000e+00
2.013113117218017578e+02 2.023874509334564209e+02 1.954256248474121094e+02 1.998097801208496094e+02 1.934130573272705078e+02 1.989167153835296631e+02 1.000000000000000000e+00
3.527709650993347168e+02 7.129833698272705078e+01 3.451273202896118164e+02 6.836847782135009766e+01 3.414122629165649414e+02 6.719684600830078125e+01 2.000000000000000000e+00
1.334847068786621094e+02 3.149968600273132324e+02 1.259029388427734375e+02 3.122170472145080566e+02 1.223291206359863281e+02 3.111759996414184570e+02 2.000000000000000000e+00
2.316023254394531250e+02 3.279087281227111816e+02 2.241133213043212891e+02 3.251581192016601562e+02 2.205688571929931641e+02 3.239446163177490234e+02 2.000000000000000000e+00
5.757326126098632812e+01 3.748380804061889648e+02 5.007913589477539062e+01 3.722293710708618164e+02 4.626756668090820312e+01 3.711444425582885742e+02 2.000000000000000000e+00
1.438386344909667969e+02 1.938012063503265381e+02 1.385541915893554688e+02 1.913556647300720215e+02 1.369610786437988281e+02 1.904350554943084717e+02 1.000000000000000000e+00
3.328892517089843750e+02 2.834162235260009766e+01 3.252174073457717896e+02 2.542738437652587891e+01 3.215599060058593750e+02 2.418292522430419922e+01 2.000000000000000000e+00
2.811821293830871582e+02 3.858153820037841797e+01 2.737704133987426758e+02 3.568403720855712891e+01 2.702092885971069336e+02 3.449881553649902344e+01 2.000000000000000000e+00
3.912046527862548828e+02 3.060352206230163574e+02 3.839896869659423828e+02 3.031634259223937988e+02 3.803375864028930664e+02 3.020216131210327148e+02 2.000000000000000000e+00
3.269163513183593750e+02 2.636628627777099609e+01 3.192466430366039276e+02 2.343137741088867188e+01 3.155777892470359802e+02 2.224730014801025391e+01 2.000000000000000000e+00
2.674585247039794922e+02 2.394587707333266735e+02 2.600117778778076172e+02 2.365863950550556183e+02 2.565081167221069336e+02 2.354750056564807892e+02 2.000000000000000000e+00
1.157259559631347656e+02 3.615632057189941406e+02 1.082884025573730469e+02 3.588362789154052734e+02 1.046710014343261719e+02 3.577840662002563477e+02 2.000000000000000000e+00
3.495005202293395996e+02 3.322930669784545898e+02 3.422111511230468750e+02 3.294221878051757812e+02 3.386053466796875000e+02 3.282404208183288574e+02 2.000000000000000000e+00
1.526388359069824219e+02 3.265296077728271484e+02 1.452034950256347656e+02 3.237719178199768066e+02 1.415885734558105469e+02 3.226810026168823242e+02 2.000000000000000000e+00
3.792559194564819336e+02 2.903832435607910156e+02 3.717658710479736328e+02 2.873606908321380615e+02 3.683836078643798828e+02 2.863698148727416992e+02 2.000000000000000000e+00
4.051855468750000000e+02 1.948449683189392090e+02 3.976246643066406250e+02 1.922565579414367676e+02 3.941373300552368164e+02 1.914504218101501465e+02 2.000000000000000000e+00
2.918302297592163086e+02 3.566765213012695312e+02 2.844472336769104004e+02 3.538698148727416992e+02 2.809342646598815918e+02 3.526754236221313477e+02 2.000000000000000000e+00
4.411365413665771484e+02 1.353855872154235840e+02 4.335087299346923828e+02 1.324132347106933594e+02 4.299669837951660156e+02 1.312031006813049316e+02 2.000000000000000000e+00
3.360453796386718750e+02 1.246613144874572754e+02 3.285378724336624146e+02 1.217519617080688477e+02 3.248214417695999146e+02 1.206073307991027832e+02 2.000000000000000000e+00
2.784014558792114258e+02 2.423442231863737106e+02 2.710266733169555664e+02 2.394239196740090847e+02 2.674005746841430664e+02 2.383606719598174095e+02 2.000000000000000000e+00
1.652938938140869141e+02 4.172435331344604492e+02 1.576674079895019531e+02 4.144862222671508789e+02 1.541649818420410156e+02 4.134145545959472656e+02 2.000000000000000000e+00
4.606237792968750000e+02 2.963062763214111328e+01 4.531578063964843750e+02 2.678358078002929688e+01 4.494349670410156250e+02 2.550777912139892578e+01 2.000000000000000000e+00
3.950911569595336914e+02 1.613635540008544922e+01 3.876076650619506836e+02 1.316250801086425781e+01 3.839432096481323242e+02 1.181961536407470703e+01 2.000000000000000000e+00
3.843210744857788086e+02 4.066811943054199219e+02 3.771004629135131836e+02 4.037102079391479492e+02 3.735315847396850586e+02 4.025637960433959961e+02 2.000000000000000000e+00
8.157823562622070312e+01 3.280900311470031738e+02 7.391948699951171875e+01 3.253971576690673828e+02 7.038156509399414062e+01 3.242373991012573242e+02 2.000000000000000000e+00
2.540438842773437500e+02 2.887735927104949951e+02 2.465985727310180664e+02 2.858728373050689697e+02 2.429888010025024414e+02 2.847508585453033447e+02 2.000000000000000000e+00
1.734014987945556641e+02 3.402306246757507324e+02 1.659817314147949219e+02 3.373934054374694824e+02 1.624384784698486328e+02 3.363436031341552734e+02 2.000000000000000000e+00
4.254841613769531250e+02 3.997013568878173828e+02 4.182221698760986328e+02 3.967161941528320312e+02 4.146211528778076172e+02 3.954354572296142578e+02 2.000000000000000000e+00
3.226475831866264343e+02 3.388920021057128906e+02 3.152649536728858948e+02 3.359641742706298828e+02 3.117203980684280396e+02 3.348749756813049316e+02 2.000000000000000000e+00
3.274750059843063354e+02 4.947190761566162109e+01 3.199366149911656976e+02 4.658603668212890625e+01 3.161490479111671448e+02 4.540862560272216797e+01 2.000000000000000000e+00
3.205977478250861168e+02 3.557387423515319824e+02 3.132998961210250854e+02 3.528218150138854980e+02 3.096989130973815918e+02 3.517226314544677734e+02 2.000000000000000000e+00
2.248177051544189453e+02 2.921654677391052246e+02 2.173679828643798828e+02 2.893998456001281738e+02 2.139936161041259766e+02 2.880490744113922119e+02 2.000000000000000000e+00
2.617077636718750000e+02 3.464708304405212402e+02 2.543260812759399414e+02 3.436217737197875977e+02 2.507559967041015625e+02 3.424253296852111816e+02 2.000000000000000000e+00
3.422059631347656250e+02 2.494380193948745728e+02 3.346669316291809082e+02 2.465028691291809082e+02 3.311791074275970459e+02 2.454056400060653687e+02 2.000000000000000000e+00
1.344116401672363281e+02 3.931270265579223633e+02 1.267383766174316406e+02 3.903222799301147461e+02 1.230473899841308594e+02 3.891769552230834961e+02 2.000000000000000000e+00
2.100914573669433594e+02 3.032447218894958496e+02 2.026524066925048828e+02 3.004863595962524414e+02 1.989911651611328125e+02 2.993447899818420410e+02 2.000000000000000000e+00
2.475939798355102539e+02 3.327669095993041992e+02 2.401258230209350586e+02 3.298883128166198730e+02 2.366939258575439453e+02 3.287178111076354980e+02 2.000000000000000000e+00
2.555459451675415039e+02 3.345539259910583496e+02 2.481619262695312500e+02 3.316825604438781738e+02 2.446173381805419922e+02 3.305254840850830078e+02 2.000000000000000000e+00
4.044770526885986328e+02 1.228629827499389648e+02 3.969075918197631836e+02 1.198741579055786133e+02 3.933118295669555664e+02 1.187056016921997070e+02 2.000000000000000000e+00
1.611329460144042969e+02 2.053171384334564209e+02 1.556941413879394531e+02 2.026907193660736084e+02 1.536634826660156250e+02 2.017304062843322754e+02 1.000000000000000000e+00
2.619736909866333008e+02 2.695921343564987183e+02 2.545160961151123047e+02 2.666456615924835205e+02 2.509379577636718750e+02 2.655129718780517578e+02 2.000000000000000000e+00
3.976782560348510742e+02 1.041083049774169922e+02 3.902047109603881836e+02 1.011824226379394531e+02 3.864904499053955078e+02 9.990918159484863281e+01 2.000000000000000000e+00
1.304341316223144531e+02 3.339730596542358398e+02 1.229092788696289062e+02 3.312907791137695312e+02 1.192943000793457031e+02 3.301724624633789062e+02 2.000000000000000000e+00
1.890257263183593750e+02 3.778514528274536133e+02 1.816366291046142578e+02 3.751075172424316406e+02 1.780167102813720703e+02 3.738482379913330078e+02 2.000000000000000000e+00
8.388885498046875000e+01 4.133305692672729492e+02 7.640897750854492188e+01 4.105894231796264648e+02 7.285623550415039062e+01 4.094941234588623047e+02 2.000000000000000000e+00
1.747368621826171875e+02 2.077859473228454590e+02 1.690881824493408203e+02 2.051724386215209961e+02 1.670887088775634766e+02 2.042569577693939209e+02 1.000000000000000000e+00
2.046675968170166016e+02 1.910598421096801758e+02 1.990924930572509766e+02 1.885919773578643799e+02 1.971077251434326172e+02 1.877746546268463135e+02 1.000000000000000000e+00
3.565782165527343750e+02 4.121642303466796875e+02 3.492847895622253418e+02 4.091972064971923828e+02 3.457428288459777832e+02 4.079978370666503906e+02 2.000000000000000000e+00
2.496544504165649414e+02 2.417955933138728142e+02 2.423085165023803711e+02 2.388625182956457138e+02 2.386662006378173828e+02 2.377329710125923157e+02 2.000000000000000000e+00
2.929148864746093750e+02 3.056623935699462891e+01 2.853338003158569336e+02 2.766335964202880859e+01 2.817354416847229004e+02 2.645905494689941406e+01 2.000000000000000000e+00
3.786803913116455078e+02 3.092978882789611816e+02 3.713125944137573242e+02 3.064401268959045410e+02 3.677083444595336914e+02 3.051416945457458496e+02 2.000000000000000000e+00
4.170524883270263672e+02 5.989790439605712891e+01 4.094207763671875000e+02 5.694471359252929688e+01 4.061265563964843750e+02 5.576535701751708984e+01 2.000000000000000000e+00
1.141633033752441406e+02 2.529445964097976685e+02 1.066013908386230469e+02 2.503068396449089050e+02 1.029347229003906250e+02 2.490073549747467041e+02 2.000000000000000000e+00
4.240236186981201172e+02 1.693916273117065430e+02 4.165500164031982422e+02 1.664093112945556641e+02 4.129082679748535156e+02 1.653121161460876465e+02 2.000000000000000000e+00
3.150155028700828552e+02 3.104351878166198730e+02 3.077583003044128418e+02 3.074626493453979492e+02 3.041767883300781250e+02 3.063635587692260742e+02 2.000000000000000000e+00
1.168805694580078125e+02 2.872714555263519287e+02 1.094337844848632812e+02 2.844883131980895996e+02 1.057467651367187500e+02 2.833576977252960205e+02 2.000000000000000000e+00
2.154175662994384766e+02 3.951157236099243164e+02 2.081025028228759766e+02 3.923328065872192383e+02 2.044707584381103516e+02 3.911454820632934570e+02 2.000000000000000000e+00
2.031480979919433594e+02 3.135741949081420898e+02 1.957929706573486328e+02 3.107506155967712402e+02 1.920697307586669922e+02 3.095954632759094238e+02 2.000000000000000000e+00
4.543710041046142578e+02 3.390515470504760742e+02 4.470870399475097656e+02 3.361143565177917480e+02 4.434176349639892578e+02 3.349002456665039062e+02 2.000000000000000000e+00
4.429342079162597656e+02 3.823769617080688477e+02 4.355493164062500000e+02 3.795091295242309570e+02 4.319262695312500000e+02 3.782600784301757812e+02 2.000000000000000000e+00
4.659424114227294922e+02 1.319802975654602051e+02 4.583612728118896484e+02 1.289877390861511230e+02 4.546853351593017578e+02 1.281114578247070312e+02 2.000000000000000000e+00
2.358588123321533203e+02 2.417531129345297813e+02 2.286504459381103516e+02 2.392264251038432121e+02 2.251914501190185547e+02 2.381210173666477203e+02 2.000000000000000000e+00
3.837520456314086914e+02 7.627817630767822266e+01 3.761647367477416992e+02 7.329505920410156250e+01 3.724457120895385742e+02 7.214276790618896484e+01 2.000000000000000000e+00
3.483068847656250000e+02 1.036851882934570312e+01 3.405285644531250000e+02 7.408919334411621094e+00 3.371307373046875000e+02 6.174645423889160156e+00 2.000000000000000000e+00
3.788817167282104492e+02 2.546583867073059082e+02 3.714724111557006836e+02 2.517289736866950989e+02 3.679483938217163086e+02 2.505227512121200562e+02 2.000000000000000000e+00
3.613622140884399414e+02 3.786106681823730469e+02 3.541193842887878418e+02 3.756163358688354492e+02 3.505383610725402832e+02 3.744743442535400391e+02 2.000000000000000000e+00
2.055950450897216797e+02 4.123586797714233398e+02 1.983023834228515625e+02 4.094986295700073242e+02 1.946337890625000000e+02 4.083624315261840820e+02 2.000000000000000000e+00
2.136207103729248047e+02 4.131141471862792969e+02 2.062538242340087891e+02 4.102374029159545898e+02 2.026892089843750000e+02 4.091983795166015625e+02 2.000000000000000000e+00
2.562687349319458008e+02 3.921392869949340820e+02 2.488734102249145508e+02 3.892710971832275391e+02 2.452995443344116211e+02 3.880876207351684570e+02 2.000000000000000000e+00
2.284284973144531250e+02 3.927001047134399414e+02 2.210536003112792969e+02 3.898214864730834961e+02 2.174493694305419922e+02 3.886754179000854492e+02 2.000000000000000000e+00
2.915877985954284668e+02 2.591750192642211914e+02 2.842370605468750000e+02 2.562509769201278687e+02 2.807420659065246582e+02 2.551217204332351685e+02 2.000000000000000000e+00
3.018386840820312500e+02 2.796717560291290283e+02 2.944756770133972168e+02 2.768045353889465332e+02 2.908028864860534668e+02 2.754948127269744873e+02 2.000000000000000000e+00
1.363624000549316406e+02 1.743153977394104004e+02 1.311608505249023438e+02 1.717975902557373047e+02 1.300000762939453125e+02 1.709053945541381836e+02 1.000000000000000000e+00
1.196807670593261719e+02 3.544906711578369141e+02 1.122261238098144531e+02 3.517465281486511230e+02 1.086504745483398438e+02 3.506717562675476074e+02 2.000000000000000000e+00
1.613419914245605469e+02 1.858670032024383545e+02 1.559182739257812500e+02 1.834586298465728760e+02 1.545440101623535156e+02 1.825677001476287842e+02 1.000000000000000000e+00
4.158124446868896484e+02 1.456950616836547852e+02 4.083160114288330078e+02 1.427468347549438477e+02 4.046281147003173828e+02 1.416773629188537598e+02 2.000000000000000000e+00
2.351798248291015625e+02 3.051332759857177734e+02 2.277414512634277344e+02 3.021717882156372070e+02 2.242015552520751953e+02 3.009897780418395996e+02 2.000000000000000000e+00
4.596947383880615234e+02 6.061994075775146484e+01 4.521826171875000000e+02 5.770143985748291016e+01 4.484171772003173828e+02 5.655305385589599609e+01 2.000000000000000000e+00
4.635289669036865234e+02 1.140385580062866211e+02 4.560270404815673828e+02 1.110983419418334961e+02 4.524021339416503906e+02 1.098604345321655273e+02 2.000000000000000000e+00
3.650240468978881836e+02 1.302503442764282227e+02 3.575956130027770996e+02 1.273038482666015625e+02 3.538719797134399414e+02 1.261176753044128418e+02 2.000000000000000000e+00
1.782715606689453125e+02 2.094347047805786133e+02 1.721989536285400391e+02 2.068585181236267090e+02 1.702216434478759766e+02 2.059581899642944336e+02 1.000000000000000000e+00
3.260264891386032104e+02 3.980993127822875977e+02 3.186506041884422302e+02 3.952017259597778320e+02 3.151000669598579407e+02 3.939173698425292969e+02 2.000000000000000000e+00
2.327335929870605469e+02 1.546110463142395020e+02 2.270012378692626953e+02 1.524422121047973633e+02 2.251183128356933594e+02 1.519191670417785645e+02 1.000000000000000000e+00
