1.555909156799316406e+02 2.111755353212356567e+02 1.566058540344238281e+02 2.108437031507492065e+02 1.574201393127441406e+02 2.104262369871139526e+02 1.000000000000000000e+00
6.616662979125976562e+01 2.277485802769660950e+02 6.748270034790039062e+01 2.277032464742660522e+02 6.846647262573242188e+01 2.273413994908332825e+02 1.000000000000000000e+00
1.461006355285644531e+02 2.195525497198104858e+02 1.471185493469238281e+02 2.193000018596649170e+02 1.479021263122558594e+02 2.189537644386291504e+02 1.000000000000000000e+00
9.775041580200195312e+01 2.169361406564712524e+02 9.816047668457031250e+01 2.165973347425460815e+02 9.806072235107421875e+01 2.161723315715789795e+02 1.000000000000000000e+00
1.436256980895996094e+02 2.109702283143997192e+02 1.444703865051269531e+02 2.106243270635604858e+02 1.451304817199707031e+02 2.100361311435699463e+02 1.000000000000000000e+00
1.597042846679687500e+02 2.101053911447525024e+02 1.609387683868408203e+02 2.098129570484161377e+02 1.618332481384277344e+02 2.094282352924346924e+02 1.000000000000000000e+00
9.365190505981445312e+01 2.082074260711669922e+02 9.401269912719726562e+01 2.077748250961303711e+02 9.391803741455078125e+01 2.071050381660461426e+02 1.000000000000000000e+00
7.592111587524414062e+01 2.088779568672180176e+02 7.617374420166015625e+01 2.084873950481414795e+02 7.593553543090820312e+01 2.077865731716156006e+02 1.000000000000000000e+00
1.536164283752441406e+02 2.121723461151123047e+02 1.546328926086425781e+02 2.118383771181106567e+02 1.554363250732421875e+02 2.114081561565399170e+02 1.000000000000000000e+00
1.606700897216796875e+02 2.153786301612854004e+02 1.618728160858154297e+02 2.152733910083770752e+02 1.627729129791259766e+02 2.149522393941879272e+02 1.000000000000000000e+00
1.550831985473632812e+02 2.269727933406829834e+02 1.567690086364746094e+02 2.268597865104675293e+02 1.581395912170410156e+02 2.267407223582267761e+02 1.000000000000000000e+00
9.530729293823242188e+01 2.136502522230148315e+02 9.564149856567382812e+01 2.132832938432693481e+02 9.555877685546875000e+01 2.125837236642837524e+02 1.000000000000000000e+00
1.554892158508300781e+02 2.160748440027236938e+02 1.565382194519042969e+02 2.158444350957870483e+02 1.573533058166503906e+02 2.155456995964050293e+02 1.000000000000000000e+00
7.863637924194335938e+01 2.151125782728195190e+02 7.877925872802734375e+01 2.147629380226135254e+02 7.855073928833007812e+01 2.140702342987060547e+02 1.000000000000000000e+00
1.498085212707519531e+02 2.131652212142944336e+02 1.506699562072753906e+02 2.128142219781875610e+02 1.514686203002929688e+02 2.123617225885391235e+02 1.000000000000000000e+00
6.421648025512695312e+01 2.346966245770454407e+02 6.562915802001953125e+01 2.346429441869258881e+02 6.672756195068359375e+01 2.342769160866737366e+02 1.000000000000000000e+00
1.502113151550292969e+02 2.166828453540802002e+02 1.511659622192382812e+02 2.164548325538635254e+02 1.520178031921386719e+02 2.161067640781402588e+02 1.000000000000000000e+00
6.957092285156250000e+01 2.008576011657714844e+02 7.017856597900390625e+01 2.003495299816131592e+02 7.027999877929687500e+01 1.996231377124786377e+02 1.000000000000000000e+00
8.768005371093750000e+01 2.079107344150543213e+02 8.792013168334960938e+01 2.075227475166320801e+02 8.771059036254882812e+01 2.068257129192352295e+02 1.000000000000000000e+00
1.384213066101074219e+02 2.275800624489784241e+02 1.401817321777343750e+02 2.276508325338363647e+02 1.415726470947265625e+02 2.275205835700035095e+02 1.000000000000000000e+00
9.197282791137695312e+01 1.945199704170227051e+02 9.203207015991210938e+01 1.939467608928680420e+02 9.193555831909179688e+01 1.930857360363006592e+02 1.000000000000000000e+00
1.497136688232421875e+02 1.951766502857208252e+02 1.514045333862304688e+02 1.946735215187072754e+02 1.521336174011230469e+02 1.938876914978027344e+02 1.000000000000000000e+00
1.506003570556640625e+02 1.997197079658508301e+02 1.515570259094238281e+02 1.994000673294067383e+02 1.521812057495117188e+02 1.986681354045867920e+02 1.000000000000000000e+00
1.086725044250488281e+02 1.989996635913848877e+02 1.090911483764648438e+02 1.984517633914947510e+02 1.086701965332031250e+02 1.976330530643463135e+02 1.000000000000000000e+00
1.361524963378906250e+02 1.992208242416381836e+02 1.377206039428710938e+02 1.986811351776123047e+02 1.380425453186035156e+02 1.978943145275115967e+02 1.000000000000000000e+00
1.574447059631347656e+02 2.188776236772537231e+02 1.586297798156738281e+02 2.187442624568939209e+02 1.595245552062988281e+02 2.185682523250579834e+02 1.000000000000000000e+00
1.445017433166503906e+02 2.144654524326324463e+02 1.453280067443847656e+02 2.141341531276702881e+02 1.459934806823730469e+02 2.135349261760711670e+02 1.000000000000000000e+00
1.600071239471435547e+02 2.010500156879425049e+02 1.613555431365966797e+02 2.007600224018096924e+02 1.622551250457763672e+02 2.001767849922180176e+02 1.000000000000000000e+00
8.453994750976562500e+01 2.127219074964523315e+02 8.467706680297851562e+01 2.123388344049453735e+02 8.441190719604492188e+01 2.116291648149490356e+02 1.000000000000000000e+00
8.551130294799804688e+01 1.899894976615905762e+02 8.571371078491210938e+01 1.893714559078216553e+02 8.549701690673828125e+01 1.884728229045867920e+02 1.000000000000000000e+00
9.221660614013671875e+01 1.975933206081390381e+02 9.223793029785156250e+01 1.970842409133911133e+02 9.202672958374023438e+01 1.962983536720275879e+02 1.000000000000000000e+00
1.532065773010253906e+02 2.164644920825958252e+02 1.542548179626464844e+02 2.162523794174194336e+02 1.550607490539550781e+02 2.158914327621459961e+02 1.000000000000000000e+00
6.901435852050781250e+01 2.122475266456604004e+02 6.961774826049804688e+01 2.117889851331710815e+02 6.974374771118164062e+01 2.110423868894577026e+02 1.000000000000000000e+00
7.235557556152343750e+01 2.280731499195098877e+02 7.363882064819335938e+01 2.280069878697395325e+02 7.462528228759765625e+01 2.276201015710830688e+02 1.000000000000000000e+00
8.498634338378906250e+01 2.079874098300933838e+02 8.516029357910156250e+01 2.075839984416961670e+02 8.484489440917968750e+01 2.068905150890350342e+02 1.000000000000000000e+00
8.800628662109375000e+01 1.974250173568725586e+02 8.812561035156250000e+01 1.968916010856628418e+02 8.776741027832031250e+01 1.961463296413421631e+02 1.000000000000000000e+00
6.541582107543945312e+01 3.433918476104736328e+01 6.590335845947265625e+01 3.501026630401611328e+01 6.611242294311523438e+01 3.538919448852539062e+01 2.000000000000000000e+00
2.770863008499145508e+02 4.382577037811279297e+02 2.774247121810913086e+02 4.387838888168334961e+02 2.776471233367919922e+02 4.392200660705566406e+02 2.000000000000000000e+00
3.449311232566833496e+02 4.467682313919067383e+02 3.451671457290649414e+02 4.474962902069091797e+02 3.453978586196899414e+02 4.478439474105834961e+02 2.000000000000000000e+00
3.374660336971282959e+02 2.619045728445053101e+02 3.377277219295501709e+02 2.625277715921401978e+02 3.379690861701965332e+02 2.629700946807861328e+02 2.000000000000000000e+00
3.062426149845123291e+02 4.430564403533935547e+02 3.064217221736907959e+02 4.437008142471313477e+02 3.067155754566192627e+02 4.441434431076049805e+02 2.000000000000000000e+00
2.725773620605468750e+02 2.956399440765380859e+01 2.729118347167968750e+02 3.028122425079345703e+01 2.731497192382812500e+02 3.058526515960693359e+01 2.000000000000000000e+00
2.922486567497253418e+02 4.482243776321411133e+02 2.924722599983215332e+02 4.488211441040039062e+02 2.926201772689819336e+02 4.492744588851928711e+02 2.000000000000000000e+00
3.101782834529876709e+02 4.499041271209716797e+02 3.103950500488281250e+02 4.505700731277465820e+02 3.106694638729095459e+02 4.509940910339355469e+02 2.000000000000000000e+00
3.071046745777130127e+02 4.540042161941528320e+02 3.073864436149597168e+02 4.546003818511962891e+02 3.076887512207031250e+02 4.550533819198608398e+02 2.000000000000000000e+00
3.441286635398864746e+02 4.519400739669799805e+02 3.442999267578125000e+02 4.526325130462646484e+02 3.445486760139465332e+02 4.530172777175903320e+02 2.000000000000000000e+00
1.350276374816894531e+02 4.696633815765380859e+01 1.353652000427246094e+02 4.764361381530761719e+01 1.356252098083496094e+02 4.806976318359375000e+01 2.000000000000000000e+00
3.262780761718750000e+02 4.250326395034790039e+02 3.265702211856842041e+02 4.256475305557250977e+02 3.267165225744247437e+02 4.261099290847778320e+02 2.000000000000000000e+00
3.331182253360748291e+02 4.358547449111938477e+02 3.334448242187500000e+02 4.365012645721435547e+02 3.336163330078125000e+02 4.369169139862060547e+02 2.000000000000000000e+00
3.109848934412002563e+02 3.313307261466979980e+02 3.114111024141311646e+02 3.320948839187622070e+02 3.116204220056533813e+02 3.322066712379455566e+02 2.000000000000000000e+00
3.002276909351348877e+02 4.431348037719726562e+02 3.004021298885345459e+02 4.437762880325317383e+02 3.006637871265411377e+02 4.441971302032470703e+02 2.000000000000000000e+00
1.675586700439453125e+02 2.733136296272277832e+02 1.677953433990478516e+02 2.738776266574859619e+02 1.680459690093994141e+02 2.742789316177368164e+02 2.000000000000000000e+00
2.630735445022583008e+02 4.535707855224609375e+02 2.631618022918701172e+02 4.541434478759765625e+02 2.634284067153930664e+02 4.545457935333251953e+02 2.000000000000000000e+00
3.230059510469436646e+02 4.530358743667602539e+02 3.232681274414062500e+02 4.536197376251220703e+02 3.235256347060203552e+02 4.540015697479248047e+02 2.000000000000000000e+00
3.379867255687713623e+02 4.398675298690795898e+02 3.383383786678314209e+02 4.405188131332397461e+02 3.384965515136718750e+02 4.409216165542602539e+02 2.000000000000000000e+00
2.641585683822631836e+02 4.382678318023681641e+02 2.644083547592163086e+02 4.389015054702758789e+02 2.647089529037475586e+02 4.392634105682373047e+02 2.000000000000000000e+00
3.321264350414276123e+02 4.408559131622314453e+02 3.324815070629119873e+02 4.414964103698730469e+02 3.326113891601562500e+02 4.418680572509765625e+02 2.000000000000000000e+00
2.563158845901489258e+02 4.555465507507324219e+02 2.563669443130493164e+02 4.561587381362915039e+02 2.565846538543701172e+02 4.565362930297851562e+02 2.000000000000000000e+00
8.530412673950195312e+01 5.765604972839355469e+01 8.568197250366210938e+01 5.833169460296630859e+01 8.597600936889648438e+01 5.869259834289550781e+01 2.000000000000000000e+00
3.487889719009399414e+02 4.417913675308227539e+02 3.490961003303527832e+02 4.424997997283935547e+02 3.493421626091003418e+02 4.428747653961181641e+02 2.000000000000000000e+00
2.834529113769531250e+02 2.160424232482910156e+01 2.837700486183166504e+02 2.232200145721435547e+01 2.839366149902343750e+02 2.266480922698974609e+01 2.000000000000000000e+00
1.615197277069091797e+02 2.722933673858642578e+02 1.617541599273681641e+02 2.728645634651184082e+02 1.619754886627197266e+02 2.732567453384399414e+02 2.000000000000000000e+00
3.182561339437961578e+02 4.419672346115112305e+02 3.184346923232078552e+02 4.425492382049560547e+02 3.186484070122241974e+02 4.429599380493164062e+02 2.000000000000000000e+00
1.036724662780761719e+02 4.606713724136352539e+02 1.039733695983886719e+02 4.614184141159057617e+02 1.042651557922363281e+02 4.618205308914184570e+02 2.000000000000000000e+00
3.271478575468063354e+02 4.418973541259765625e+02 3.274647217988967896e+02 4.425099849700927734e+02 3.275882875919342041e+02 4.429054927825927734e+02 2.000000000000000000e+00
3.011961972713470459e+02 3.313282227516174316e+02 3.014214479923248291e+02 3.321055054664611816e+02 3.015800476074218750e+02 3.321942186355590820e+02 2.000000000000000000e+00
3.262857055664062500e+02 4.469444417953491211e+02 3.264696043729782104e+02 4.475425529479980469e+02 3.266769713163375854e+02 4.479152297973632812e+02 2.000000000000000000e+00
1.179586219787597656e+02 7.791685581207275391e+01 1.182318878173828125e+02 7.874595165252685547e+01 1.184807777404785156e+02 7.910244941711425781e+01 2.000000000000000000e+00
3.011780393123626709e+02 4.550701045989990234e+02 3.014620363712310791e+02 4.556145429611206055e+02 3.017671811580657959e+02 4.560472583770751953e+02 2.000000000000000000e+00
3.232586058974266052e+02 4.290403890609741211e+02 3.235448607802391052e+02 4.296268129348754883e+02 3.236304625868797302e+02 4.301124000549316406e+02 2.000000000000000000e+00
3.302117621898651123e+02 4.499188613891601562e+02 3.305076301097869873e+02 4.505455684661865234e+02 3.306999814510345459e+02 4.508806514739990234e+02 2.000000000000000000e+00
2.530923318862915039e+02 3.955629730224609375e+02 2.533804178237915039e+02 3.961521720886230469e+02 2.536541128158569336e+02 3.965101146697998047e+02 2.000000000000000000e+00
3.429235839843750000e+02 4.378359460830688477e+02 3.432762455940246582e+02 4.384779739379882812e+02 3.434779357910156250e+02 4.388387489318847656e+02 2.000000000000000000e+00
2.720830059051513672e+02 4.535182857513427734e+02 2.721981477737426758e+02 4.540505790710449219e+02 2.724813222885131836e+02 4.544408369064331055e+02 2.000000000000000000e+00
3.221431274712085724e+02 4.160876512527465820e+02 3.223368529975414276e+02 4.166870212554931641e+02 3.225510558485984802e+02 4.171430826187133789e+02 2.000000000000000000e+00
1.725779724121093750e+02 2.763395082950592041e+02 1.728304767608642578e+02 2.769506227970123291e+02 1.730467319488525391e+02 2.773067951202392578e+02 2.000000000000000000e+00
3.262810671329498291e+02 4.349212503433227539e+02 3.265419620275497437e+02 4.355350399017333984e+02 3.267097777128219604e+02 4.359632921218872070e+02 2.000000000000000000e+00
2.871378159523010254e+02 4.473485183715820312e+02 2.874251389503479004e+02 4.478625583648681641e+02 2.875757741928100586e+02 4.483134269714355469e+02 2.000000000000000000e+00
3.151599121093750000e+02 4.509453535079956055e+02 3.153693541884422302e+02 4.515589427947998047e+02 3.156481933593750000e+02 4.519578123092651367e+02 2.000000000000000000e+00
5.321195030212402344e+02 1.458447647094726562e+02 5.324287223815917969e+02 1.464221763610839844e+02 5.326074790954589844e+02 1.466680383682250977e+02 2.000000000000000000e+00
3.012392270565032959e+02 3.112350797653198242e+02 3.014608454704284668e+02 3.118197941780090332e+02 3.016245722770690918e+02 3.121121263504028320e+02 2.000000000000000000e+00
5.262482261657714844e+02 8.692734718322753906e+01 5.266159057617187500e+02 8.754271030426025391e+01 5.268165397644042969e+02 8.791146755218505859e+01 2.000000000000000000e+00
2.540769481658935547e+02 3.886424875259399414e+02 2.543707561492919922e+02 3.892342329025268555e+02 2.546411275863647461e+02 3.895631790161132812e+02 2.000000000000000000e+00
3.431864333152770996e+02 4.018181562423706055e+02 3.434492802619934082e+02 4.025128555297851562e+02 3.437048029899597168e+02 4.028423309326171875e+02 2.000000000000000000e+00
3.121308284997940063e+02 3.112554359436035156e+02 3.124870604276657104e+02 3.118414664268493652e+02 3.126583558320999146e+02 3.121292138099670410e+02 2.000000000000000000e+00
2.740718984603881836e+02 4.342851018905639648e+02 2.744119882583618164e+02 4.348187971115112305e+02 2.746126079559326172e+02 4.352655744552612305e+02 2.000000000000000000e+00
7.446067810058593750e+01 4.141854286193847656e+01 7.490867614746093750e+01 4.206888198852539062e+01 7.513515472412109375e+01 4.245200157165527344e+01 2.000000000000000000e+00
8.736619949340820312e+01 5.264303684234619141e+01 8.771640777587890625e+01 5.333581924438476562e+01 8.800264358520507812e+01 5.371016979217529297e+01 2.000000000000000000e+00
2.511187601089477539e+02 3.375871610641479492e+02 2.514412355422973633e+02 3.381236314773559570e+02 2.516741800308227539e+02 3.384276151657104492e+02 2.000000000000000000e+00
2.972327256202697754e+02 4.311068487167358398e+02 2.975583481788635254e+02 4.317648124694824219e+02 2.977679133415222168e+02 4.321235418319702148e+02 2.000000000000000000e+00
1.588329315185546875e+01 6.045441627502441406e+01 1.606153488159179688e+01 6.104566097259521484e+01 1.631597518920898438e+01 6.152854442596435547e+01 2.000000000000000000e+00
5.178561401367187500e+02 3.973357915878295898e+02 5.180504798889160156e+02 3.979533720016479492e+02 5.183464431762695312e+02 3.982493019104003906e+02 2.000000000000000000e+00
3.162415769696235657e+02 4.002317619323730469e+02 3.163935241103172302e+02 4.008335924148559570e+02 3.166600647568702698e+02 4.012179708480834961e+02 2.000000000000000000e+00
5.026951980590820312e+02 4.349133110046386719e+02 5.030104446411132812e+02 4.355725765228271484e+02 5.032438659667968750e+02 4.358225870132446289e+02 2.000000000000000000e+00
3.461643671989440918e+02 3.939316177368164062e+02 3.464653635025024414e+02 3.946130990982055664e+02 3.466985487937927246e+02 3.950163316726684570e+02 2.000000000000000000e+00
3.192484436184167862e+02 4.479671716690063477e+02 3.194447936862707138e+02 4.485476732254028320e+02 3.197017517127096653e+02 4.489450120925903320e+02 2.000000000000000000e+00
3.807815265655517578e+02 3.809401273727416992e+02 3.810829782485961914e+02 3.815554618835449219e+02 3.813349914550781250e+02 3.818084764480590820e+02 2.000000000000000000e+00
5.297109985351562500e+02 3.675402259826660156e+02 5.300800132751464844e+02 3.682007789611816406e+02 5.302579307556152344e+02 3.685535287857055664e+02 2.000000000000000000e+00
3.841010141372680664e+02 4.166536903381347656e+02 3.843232727050781250e+02 4.172904396057128906e+02 3.845357656478881836e+02 4.175534820556640625e+02 2.000000000000000000e+00
2.952839040756225586e+02 4.131898641586303711e+02 2.955037522315979004e+02 4.137141466140747070e+02 2.958073735237121582e+02 4.141728258132934570e+02 2.000000000000000000e+00
3.245113220810890198e+02 3.831372785568237305e+02 3.246534118056297302e+02 3.837713098526000977e+02 3.249838563799858093e+02 3.841216564178466797e+02 2.000000000000000000e+00
4.196262836456298828e+02 4.556024265289306641e+02 4.199570941925048828e+02 4.562278604507446289e+02 4.201963520050048828e+02 4.565569639205932617e+02 2.000000000000000000e+00
4.459000873565673828e+02 1.077418327331542969e+01 4.461350727081298828e+02 1.140349388122558594e+01 4.462998104095458984e+02 1.170390129089355469e+01 2.000000000000000000e+00
3.042811274528503418e+02 3.691676044464111328e+02 3.045626521110534668e+02 3.698614025115966797e+02 3.047646784782409668e+02 3.702306318283081055e+02 2.000000000000000000e+00
3.293987125158309937e+02 3.841315984725952148e+02 3.295663452148437500e+02 3.847272777557373047e+02 3.298687744140625000e+02 3.850963783264160156e+02 2.000000000000000000e+00
2.913842773437500000e+02 4.431903505325317383e+02 2.916107487678527832e+02 4.438184595108032227e+02 2.917747807502746582e+02 4.442371559143066406e+02 2.000000000000000000e+00
3.320631110668182373e+02 4.170322036743164062e+02 3.322783505916595459e+02 4.176318168640136719e+02 3.325099182128906250e+02 4.180729436874389648e+02 2.000000000000000000e+00
5.214815711975097656e+02 4.368263053894042969e+02 5.217668533325195312e+02 4.375251531600952148e+02 5.220221519470214844e+02 4.378822803497314453e+02 2.000000000000000000e+00
4.850185012817382812e+02 3.506836938858032227e+02 4.853928565979003906e+02 3.514058876037597656e+02 4.856704711914062500e+02 3.516800594329833984e+02 2.000000000000000000e+00
3.270052492618560791e+02 4.561823272705078125e+02 3.273309326171875000e+02 4.567464780807495117e+02 3.275416868925094604e+02 4.571440172195434570e+02 2.000000000000000000e+00
1.451735496520996094e+02 4.540817356109619141e+02 1.454258918762207031e+02 4.546858263015747070e+02 1.456145668029785156e+02 4.550916624069213867e+02 2.000000000000000000e+00
2.530517435073852539e+02 4.333125686645507812e+02 2.533003091812133789e+02 4.339856958389282227e+02 2.535922527313232422e+02 4.343164157867431641e+02 2.000000000000000000e+00
3.172262573242187500e+02 4.150915575027465820e+02 3.174699705839157104e+02 4.156709718704223633e+02 3.175730590522289276e+02 4.161378908157348633e+02 2.000000000000000000e+00
3.163469544053077698e+02 3.921566534042358398e+02 3.165404966473579407e+02 3.928030157089233398e+02 3.168974304199218750e+02 3.931469821929931641e+02 2.000000000000000000e+00
5.374893760681152344e+02 3.814218235015869141e+02 5.378045654296875000e+02 3.820415067672729492e+02 5.380422401428222656e+02 3.823070096969604492e+02 2.000000000000000000e+00
3.381345212459564209e+02 4.098710775375366211e+02 3.383946228027343750e+02 4.105435895919799805e+02 3.386319887638092041e+02 4.108831214904785156e+02 2.000000000000000000e+00
9.354858398437500000e+01 3.849945545196533203e+01 9.388399124145507812e+01 3.918475627899169922e+01 9.409820556640625000e+01 3.959846019744873047e+01 2.000000000000000000e+00
2.964417099952697754e+02 3.662589454650878906e+02 2.966948246955871582e+02 3.668801879882812500e+02 2.969214463233947754e+02 3.673099136352539062e+02 2.000000000000000000e+00
3.042213737964630127e+02 3.861945533752441406e+02 3.044787597656250000e+02 3.868648481369018555e+02 3.046805727481842041e+02 3.873457717895507812e+02 2.000000000000000000e+00
2.411300325393676758e+02 4.536813211441040039e+02 2.412093782424926758e+02 4.543249940872192383e+02 2.416048288345336914e+02 4.546614503860473633e+02 2.000000000000000000e+00
3.330113220214843750e+02 4.049000358581542969e+02 3.333186650276184082e+02 4.055864095687866211e+02 3.335778808593750000e+02 4.059398031234741211e+02 2.000000000000000000e+00
2.992488694190979004e+02 3.721366024017333984e+02 2.995650935173034668e+02 3.728270673751831055e+02 2.997488093376159668e+02 3.732045078277587891e+02 2.000000000000000000e+00
2.403273010253906250e+02 3.502823853492736816e+02 2.405624246597290039e+02 3.510244488716125488e+02 2.408083486557006836e+02 3.513319444656372070e+02 2.000000000000000000e+00
1.946537590026855469e+02 4.075322628021240234e+02 1.949891185760498047e+02 4.082086944580078125e+02 1.952520084381103516e+02 4.085549068450927734e+02 2.000000000000000000e+00
5.049751091003417969e+02 4.093569087982177734e+02 5.052434349060058594e+02 4.099682950973510742e+02 5.054937744140625000e+02 4.103171825408935547e+02 2.000000000000000000e+00
5.167246818542480469e+02 4.520405387878417969e+02 5.169967651367187500e+02 4.526346302032470703e+02 5.172720336914062500e+02 4.529352807998657227e+02 2.000000000000000000e+00
1.908926105499267578e+02 3.895700168609619141e+02 1.911403656005859375e+02 3.902501535415649414e+02 1.914605236053466797e+02 3.906736278533935547e+02 2.000000000000000000e+00
3.572292184829711914e+02 3.681356906890869141e+02 3.574946594238281250e+02 3.687095975875854492e+02 3.576244521141052246e+02 3.691073942184448242e+02 2.000000000000000000e+00
1.848032188415527344e+02 2.762136876583099365e+02 1.851924133300781250e+02 2.769747948646545410e+02 1.852856922149658203e+02 2.772923004627227783e+02 2.000000000000000000e+00
1.573307991027832031e+02 4.569202995300292969e+02 1.575772666931152344e+02 4.576823472976684570e+02 1.577590942382812500e+02 4.579737997055053711e+02 2.000000000000000000e+00
5.211839103698730469e+02 6.321441650390625000e+01 5.215405845642089844e+02 6.371771335601806641e+01 5.217573356628417969e+02 6.410063266754150391e+01 2.000000000000000000e+00
4.663964557647705078e+02 3.846847057342529297e+02 4.667030620574951172e+02 3.853492498397827148e+02 4.669079303741455078e+02 3.856196308135986328e+02 2.000000000000000000e+00
3.183206176757812500e+02 4.280333662033081055e+02 3.185881347954273224e+02 4.286895847320556641e+02 3.186233825981616974e+02 4.291367626190185547e+02 2.000000000000000000e+00
4.812006568908691406e+02 3.328055477142333984e+02 4.814772033691406250e+02 3.335264039039611816e+02 4.817036819458007812e+02 3.338279128074645996e+02 2.000000000000000000e+00
3.370957946777343750e+02 4.488206291198730469e+02 3.373462224006652832e+02 4.494863033294677734e+02 3.375260007381439209e+02 4.498794364929199219e+02 2.000000000000000000e+00
5.261752319335937500e+02 1.247756123542785645e+02 5.264747428894042969e+02 1.253839516639709473e+02 5.266550254821777344e+02 1.257148432731628418e+02 2.000000000000000000e+00
3.342852783203125000e+02 3.782017564773559570e+02 3.345057380199432373e+02 3.787042379379272461e+02 3.347494816780090332e+02 3.791399002075195312e+02 2.000000000000000000e+00
2.217773437500000000e+02 4.274896001815795898e+02 2.221122837066650391e+02 4.282056427001953125e+02 2.223915386199951172e+02 4.284885978698730469e+02 2.000000000000000000e+00
3.101383358240127563e+02 3.202569007873535156e+02 3.104399412870407104e+02 3.209075975418090820e+02 3.105907899141311646e+02 3.211756324768066406e+02 2.000000000000000000e+00
1.370776176452636719e+02 4.469442844390869141e+02 1.373848342895507812e+02 4.475574159622192383e+02 1.374926185607910156e+02 4.479526805877685547e+02 2.000000000000000000e+00
2.940871262550354004e+02 4.551892232894897461e+02 2.943701481819152832e+02 4.558081197738647461e+02 2.946940612792968750e+02 4.561753320693969727e+02 2.000000000000000000e+00
4.922256469726562500e+02 3.726227760314941406e+02 4.925807571411132812e+02 3.732208013534545898e+02 4.927844047546386719e+02 3.735461139678955078e+02 2.000000000000000000e+00
5.188770103454589844e+02 3.744764184951782227e+02 5.192403602600097656e+02 3.751518917083740234e+02 5.193959999084472656e+02 3.754387521743774414e+02 2.000000000000000000e+00
3.051008296012878418e+02 3.282789015769958496e+02 3.054245603084564209e+02 3.289893221855163574e+02 3.055911552906036377e+02 3.291382813453674316e+02 2.000000000000000000e+00
4.781107807159423828e+02 4.520395946502685547e+02 4.784087276458740234e+02 4.526434993743896484e+02 4.786014080047607422e+02 4.530611371994018555e+02 2.000000000000000000e+00
4.187490272521972656e+02 4.276057577133178711e+02 4.190438842773437500e+02 4.283747005462646484e+02 4.192586040496826172e+02 4.286364269256591797e+02 2.000000000000000000e+00
5.194607543945312500e+02 4.308432769775390625e+02 5.197550773620605469e+02 4.315357732772827148e+02 5.199588012695312500e+02 4.319004249572753906e+02 2.000000000000000000e+00
1.660141754150390625e+02 4.099973201751708984e+01 1.663416290283203125e+02 4.157223701477050781e+01 1.665271568298339844e+02 4.200585365295410156e+01 2.000000000000000000e+00
3.667263174057006836e+02 4.359209060668945312e+02 3.670936298370361328e+02 4.366360616683959961e+02 3.672701740264892578e+02 4.370001983642578125e+02 2.000000000000000000e+00
2.257989788055419922e+02 4.304727888107299805e+02 2.261187458038330078e+02 4.311550426483154297e+02 2.263876152038574219e+02 4.314696121215820312e+02 2.000000000000000000e+00
5.296985435485839844e+02 3.725039434432983398e+02 5.300477981567382812e+02 3.731809186935424805e+02 5.302512931823730469e+02 3.734808397293090820e+02 2.000000000000000000e+00
5.316073608398437500e+02 4.042091417312622070e+02 5.319509315490722656e+02 4.048866033554077148e+02 5.322006797790527344e+02 4.051850366592407227e+02 2.000000000000000000e+00
2.679977703094482422e+02 4.565067529678344727e+02 2.681528902053833008e+02 4.570692300796508789e+02 2.684306335449218750e+02 4.574460268020629883e+02 2.000000000000000000e+00
3.399271547794342041e+02 4.559560346603393555e+02 3.401753854751586914e+02 4.566641092300415039e+02 3.404012751579284668e+02 4.570643091201782227e+02 2.000000000000000000e+00
5.102171325683593750e+02 2.998011803627014160e+02 5.104974937438964844e+02 3.004479432106018066e+02 5.107390403747558594e+02 3.007933402061462402e+02 2.000000000000000000e+00
3.271936339139938354e+02 4.170390129089355469e+02 3.273938906192779541e+02 4.176391696929931641e+02 3.276188659667968750e+02 4.180816125869750977e+02 2.000000000000000000e+00
4.829281997680664062e+02 4.391338062286376953e+02 4.832892227172851562e+02 4.397317600250244141e+02 4.835247611999511719e+02 4.401030349731445312e+02 2.000000000000000000e+00
2.881340026855468750e+02 3.781957483291625977e+02 2.884091186523437500e+02 3.787166261672973633e+02 2.886466050148010254e+02 3.791102313995361328e+02 2.000000000000000000e+00
3.740445852279663086e+02 4.147277355194091797e+02 3.742713928222656250e+02 4.153905773162841797e+02 3.744778156280517578e+02 4.157092380523681641e+02 2.000000000000000000e+00
4.753725624084472656e+02 3.248613023757934570e+02 4.756018352508544922e+02 3.254605436325073242e+02 4.759172344207763672e+02 3.257775306701660156e+02 2.000000000000000000e+00
2.511442422866821289e+02 3.543810796737670898e+02 2.514560222625732422e+02 3.550906705856323242e+02 2.516758108139038086e+02 3.553433275222778320e+02 2.000000000000000000e+00
4.860841751098632812e+02 4.003179073333740234e+02 4.864216995239257812e+02 4.009568309783935547e+02 4.866534996032714844e+02 4.013370180130004883e+02 2.000000000000000000e+00
1.128048515319824219e+02 4.606293725967407227e+02 1.130920219421386719e+02 4.613632965087890625e+02 1.133696746826171875e+02 4.617576742172241211e+02 2.000000000000000000e+00
2.203413867950439453e+02 3.756410121917724609e+01 2.210398387908935547e+02 3.814157009124755859e+01 2.215080738067626953e+02 3.843302249908447266e+01 2.000000000000000000e+00
2.651627779006958008e+02 4.312953901290893555e+02 2.654171133041381836e+02 4.319304227828979492e+02 2.656679677963256836e+02 4.323084211349487305e+02 2.000000000000000000e+00
2.148187541961669922e+02 3.804914331436157227e+02 2.151823520660400391e+02 3.812238550186157227e+02 2.153724765777587891e+02 3.815739154815673828e+02 2.000000000000000000e+00
5.078598594665527344e+02 3.973099136352539062e+02 5.080345726013183594e+02 3.979592657089233398e+02 5.083845329284667969e+02 3.982654809951782227e+02 2.000000000000000000e+00
4.028382873535156250e+02 3.757901716232299805e+02 4.032105159759521484e+02 3.764972591400146484e+02 4.035264301300048828e+02 3.769060134887695312e+02 2.000000000000000000e+00
3.183280333876609802e+02 3.672310209274291992e+02 3.185070189833641052e+02 3.677944993972778320e+02 3.187474669516086578e+02 3.681378221511840820e+02 2.000000000000000000e+00
3.042649233341217041e+02 2.911661088466644287e+02 3.045759582519531250e+02 2.918672204017639160e+02 3.047877800464630127e+02 2.921713578701019287e+02 2.000000000000000000e+00
3.849075651168823242e+02 4.557915830612182617e+02 3.852507638931274414e+02 4.565112733840942383e+02 3.854653644561767578e+02 4.567477798461914062e+02 2.000000000000000000e+00
4.079010295867919922e+02 3.797833871841430664e+02 4.082391071319580078e+02 3.804896020889282227e+02 4.085057067871093750e+02 3.808614206314086914e+02 2.000000000000000000e+00
5.159416007995605469e+02 3.883178758621215820e+02 5.162116813659667969e+02 3.889087629318237305e+02 5.164516067504882812e+02 3.892562055587768555e+02 2.000000000000000000e+00
2.880386662483215332e+02 3.861840534210205078e+02 2.883076167106628418e+02 3.867046022415161133e+02 2.885319828987121582e+02 3.871161317825317383e+02 2.000000000000000000e+00
2.750550508499145508e+02 4.293469333648681641e+02 2.753890371322631836e+02 4.298780965805053711e+02 2.755848979949951172e+02 4.303004264831542969e+02 2.000000000000000000e+00
3.930287504196166992e+02 4.346428012847900391e+02 3.934013080596923828e+02 4.353667402267456055e+02 3.935037231445312500e+02 4.356391382217407227e+02 2.000000000000000000e+00
2.550725412368774414e+02 3.334902119636535645e+02 2.553650331497192383e+02 3.339908194541931152e+02 2.556339263916015625e+02 3.343581604957580566e+02 2.000000000000000000e+00
3.547305917739868164e+02 4.591134738922119141e+02 3.548743891716003418e+02 4.597733545303344727e+02 3.551636672019958496e+02 4.601817083358764648e+02 2.000000000000000000e+00
5.261715698242187500e+02 6.519620418548583984e+01 5.265331459045410156e+02 6.571804046630859375e+01 5.267504310607910156e+02 6.610161781311035156e+01 2.000000000000000000e+00
1.453101539611816406e+02 2.549074172973632812e+01 1.457040786743164062e+02 2.616597175598144531e+01 1.459038543701171875e+02 2.652015209197998047e+01 2.000000000000000000e+00
3.075611114501953125e+01 4.489419651031494141e+02 3.106441497802734375e+01 4.495066881179809570e+02 3.130514144897460938e+01 4.498379373550415039e+02 2.000000000000000000e+00
5.264011192321777344e+02 5.100940704345703125e+01 5.265088462829589844e+02 5.159563064575195312e+01 5.266794395446777344e+02 5.195092678070068359e+01 2.000000000000000000e+00
1.492207336425781250e+02 4.479339122772216797e+02 1.495113945007324219e+02 4.486071538925170898e+02 1.496606636047363281e+02 4.489459276199340820e+02 2.000000000000000000e+00
5.380864906311035156e+02 5.084655761718750000e+01 5.382846641540527344e+02 5.153479099273681641e+01 5.384697914123535156e+02 5.177059650421142578e+01 2.000000000000000000e+00
1.746661949157714844e+02 3.965446615219116211e+02 1.748912620544433594e+02 3.972062158584594727e+02 1.752270793914794922e+02 3.975455045700073242e+02 2.000000000000000000e+00
1.637259483337402344e+02 4.116392326354980469e+02 1.638928031921386719e+02 4.122170734405517578e+02 1.642563629150390625e+02 4.126231527328491211e+02 2.000000000000000000e+00
3.031325984001159668e+02 3.171937608718872070e+02 3.034379267692565918e+02 3.178591632843017578e+02 3.035820007324218750e+02 3.181348299980163574e+02 2.000000000000000000e+00
4.872172927856445312e+02 3.616897916793823242e+02 4.875180435180664062e+02 3.623151254653930664e+02 4.877566337585449219e+02 3.625633907318115234e+02 2.000000000000000000e+00
3.401078486442565918e+02 4.279686641693115234e+02 3.404681086540222168e+02 4.286943483352661133e+02 3.407221078872680664e+02 4.290885686874389648e+02 2.000000000000000000e+00
3.072568964958190918e+02 3.740870475769042969e+02 3.075607597827911377e+02 3.748105859756469727e+02 3.077496337890625000e+02 3.751775836944580078e+02 2.000000000000000000e+00
4.614803504943847656e+02 3.398224854469299316e+02 4.616813087463378906e+02 3.405212473869323730e+02 4.619677162170410156e+02 3.407861065864562988e+02 2.000000000000000000e+00
3.021608269214630127e+02 4.301459169387817383e+02 3.025108337402343750e+02 4.308271265029907227e+02 3.027103579044342041e+02 4.311926078796386719e+02 2.000000000000000000e+00
5.222098350524902344e+02 5.619116306304931641e+01 5.225268554687500000e+02 5.671504497528076172e+01 5.227631950378417969e+02 5.707637786865234375e+01 2.000000000000000000e+00
3.182988281548023224e+02 4.329681158065795898e+02 3.185610045492649078e+02 4.336125898361206055e+02 3.186794432997703552e+02 4.340197849273681641e+02 2.000000000000000000e+00
5.029006004333496094e+02 3.814761972427368164e+02 5.033160209655761719e+02 3.821074533462524414e+02 5.034848594665527344e+02 3.824454975128173828e+02 2.000000000000000000e+00
2.036749744415283203e+02 4.226217985153198242e+02 2.039721012115478516e+02 4.233270120620727539e+02 2.042077445983886719e+02 4.235928153991699219e+02 2.000000000000000000e+00
5.118731689453125000e+02 3.774710226058959961e+02 5.122709465026855469e+02 3.781361103057861328e+02 5.123690223693847656e+02 3.784263324737548828e+02 2.000000000000000000e+00
4.966179466247558594e+02 4.217977523803710938e+01 4.970996093750000000e+02 4.271774768829345703e+01 4.972134208679199219e+02 4.312751770019531250e+01 2.000000000000000000e+00
9.858169555664062500e+01 4.596224784851074219e+02 9.890222549438476562e+01 4.603668022155761719e+02 9.914979934692382812e+01 4.606951045989990234e+02 2.000000000000000000e+00
4.800071716308593750e+02 4.470848464965820312e+02 4.803412246704101562e+02 4.476309299468994141e+02 4.805182838439941406e+02 4.480274391174316406e+02 2.000000000000000000e+00
5.198388671875000000e+02 3.853219127655029297e+02 5.201815223693847656e+02 3.859178495407104492e+02 5.203552246093750000e+02 3.862473535537719727e+02 2.000000000000000000e+00
3.101174622774124146e+02 3.252822947502136230e+02 3.104245299100875854e+02 3.259914565086364746e+02 3.105923157930374146e+02 3.261820077896118164e+02 2.000000000000000000e+00
1.403143501281738281e+02 3.669669628143310547e+01 1.406363677978515625e+02 3.738816261291503906e+01 1.408779335021972656e+02 3.775842189788818359e+01 2.000000000000000000e+00
4.742727088928222656e+02 3.846150827407836914e+02 4.745909118652343750e+02 3.852610588073730469e+02 4.747924804687500000e+02 3.855946397781372070e+02 2.000000000000000000e+00
5.261320877075195312e+02 1.060037469863891602e+02 5.265456008911132812e+02 1.065073013305664062e+02 5.267596435546875000e+02 1.067788696289062500e+02 2.000000000000000000e+00
4.257020282745361328e+02 4.536466169357299805e+02 4.260446834564208984e+02 4.542665576934814453e+02 4.262772274017333984e+02 4.545892095565795898e+02 2.000000000000000000e+00
5.122048950195312500e+02 4.719680786132812500e+01 5.125192832946777344e+02 4.767568588256835938e+01 5.126975822448730469e+02 4.810894489288330078e+01 2.000000000000000000e+00
1.370301818847656250e+02 3.806465291976928711e+02 1.374515914916992188e+02 3.812493324279785156e+02 1.376441764831542969e+02 3.816678571701049805e+02 2.000000000000000000e+00
4.971232604980468750e+02 3.686151123046875000e+02 4.974422264099121094e+02 3.692219638824462891e+02 4.976335716247558594e+02 3.695221996307373047e+02 2.000000000000000000e+00
3.013031613826751709e+02 4.161661148071289062e+02 3.014869987964630127e+02 4.167322111129760742e+02 3.017463684082031250e+02 4.171332550048828125e+02 2.000000000000000000e+00
4.811962890625000000e+02 4.043511199951171875e+02 4.815096855163574219e+02 4.050025749206542969e+02 4.817055320739746094e+02 4.053996706008911133e+02 2.000000000000000000e+00
8.946186065673828125e+01 4.556615352630615234e+01 8.978338241577148438e+01 4.629598617553710938e+01 9.003103256225585938e+01 4.670279502868652344e+01 2.000000000000000000e+00
1.554904556274414062e+02 2.682220476865768433e+02 1.557354736328125000e+02 2.688044750690460205e+02 1.559472656250000000e+02 2.692008376121520996e+02 2.000000000000000000e+00
2.976653432846069336e+02 3.593826341629028320e+02 2.977318120002746582e+02 3.599743437767028809e+02 2.980108952522277832e+02 3.604178524017333984e+02 2.000000000000000000e+00
3.233984071016311646e+02 3.951481103897094727e+02 3.235722351074218750e+02 3.957479953765869141e+02 3.238563233613967896e+02 3.961265945434570312e+02 2.000000000000000000e+00
7.329275131225585938e+01 4.090643978118896484e+02 7.345453262329101562e+01 4.096558570861816406e+02 7.365898132324218750e+01 4.100823497772216797e+02 2.000000000000000000e+00
9.875392913818359375e+01 1.740737915039062500e+01 9.914768218994140625e+01 1.809299468994140625e+01 9.933364868164062500e+01 1.846668720245361328e+01 2.000000000000000000e+00
3.281322634220123291e+02 4.000116062164306641e+02 3.283787232637405396e+02 4.006761932373046875e+02 3.286060792207717896e+02 4.010327196121215820e+02 2.000000000000000000e+00
3.978750944137573242e+02 2.243349552154541016e+01 3.981589365005493164e+02 2.304910182952880859e+01 3.984176635742187500e+02 2.337773323059082031e+01 2.000000000000000000e+00
1.238709831237792969e+02 4.532977151870727539e+02 1.242845726013183594e+02 4.538472747802734375e+02 1.244387626647949219e+02 4.543152523040771484e+02 2.000000000000000000e+00
2.951841735839843750e+02 3.841280937194824219e+02 2.954191589355468750e+02 3.847117996215820312e+02 2.956223750114440918e+02 3.851649570465087891e+02 2.000000000000000000e+00
4.496347999572753906e+02 3.836310195922851562e+02 4.499843788146972656e+02 3.841929101943969727e+02 4.501909828186035156e+02 3.845331144332885742e+02 2.000000000000000000e+00
3.102495115995407104e+02 4.292117357254028320e+02 3.105427551269531250e+02 4.298079872131347656e+02 3.106242370605468750e+02 4.302882528305053711e+02 2.000000000000000000e+00
1.372155189514160156e+02 3.497529387474060059e+02 1.374342346191406250e+02 3.503236770629882812e+02 1.377097511291503906e+02 3.507096648216247559e+02 2.000000000000000000e+00
5.296929359436035156e+02 3.863327980041503906e+02 5.300645828247070312e+02 3.869199228286743164e+02 5.302897453308105469e+02 3.872487258911132812e+02 2.000000000000000000e+00
3.184393310546875000e+02 3.781642770767211914e+02 3.186306151747703552e+02 3.788054323196411133e+02 3.189150390774011612e+02 3.791789388656616211e+02 2.000000000000000000e+00
5.241726684570312500e+02 7.424682140350341797e+01 5.245627403259277344e+02 7.472579956054687500e+01 5.247534179687500000e+02 7.510707378387451172e+01 2.000000000000000000e+00
1.977354907989501953e+02 4.145429420471191406e+02 1.980593967437744141e+02 4.151882743835449219e+02 1.982705402374267578e+02 4.155195379257202148e+02 2.000000000000000000e+00
1.275025367736816406e+02 4.593806934356689453e+02 1.278268623352050781e+02 4.600240230560302734e+02 1.280736732482910156e+02 4.604387569427490234e+02 2.000000000000000000e+00
3.012761533260345459e+02 4.111519002914428711e+02 3.014616394042968750e+02 4.117208290100097656e+02 3.017171633243560791e+02 4.121539735794067383e+02 2.000000000000000000e+00
2.196831607818603516e+02 4.014480972290039062e+02 2.200285911560058594e+02 4.021069049835205078e+02 2.202902030944824219e+02 4.024004888534545898e+02 2.000000000000000000e+00
2.228646659851074219e+02 3.663947868347167969e+02 2.231876659393310547e+02 3.670113945007324219e+02 2.234700584411621094e+02 3.673751306533813477e+02 2.000000000000000000e+00
3.283193057775497437e+02 3.741525936126708984e+02 3.285284423828125000e+02 3.747103643417358398e+02 3.287973326444625854e+02 3.750997066497802734e+02 2.000000000000000000e+00
5.361672401428222656e+02 1.388593697547912598e+02 5.364703369140625000e+02 1.394571805000305176e+02 5.366754722595214844e+02 1.397201514244079590e+02 2.000000000000000000e+00
1.339229011535644531e+02 4.613969278335571289e+02 1.343010139465332031e+02 4.619900608062744141e+02 1.345228004455566406e+02 4.624049806594848633e+02 2.000000000000000000e+00
3.332444155216217041e+02 3.721400499343872070e+02 3.334767150878906250e+02 3.726524734497070312e+02 3.336924135684967041e+02 3.731007099151611328e+02 2.000000000000000000e+00
7.425605773925781250e+01 7.376568317413330078e+01 7.470428466796875000e+01 7.434084892272949219e+01 7.487281799316406250e+01 7.477256298065185547e+01 2.000000000000000000e+00
1.920644378662109375e+02 4.578678417205810547e+02 1.922850894927978516e+02 4.584891843795776367e+02 1.924774456024169922e+02 4.588342380523681641e+02 2.000000000000000000e+00
5.405859375000000000e+02 4.072836399078369141e+02 5.407882118225097656e+02 4.078945970535278320e+02 5.411134719848632812e+02 4.081882381439208984e+02 2.000000000000000000e+00
3.740438842773437500e+02 4.098019552230834961e+02 3.743005704879760742e+02 4.104160594940185547e+02 3.745024442672729492e+02 4.107695960998535156e+02 2.000000000000000000e+00
5.349904823303222656e+02 1.627278685569763184e+02 5.354199218750000000e+02 1.634440898895263672e+02 5.355507850646972656e+02 1.637152791023254395e+02 2.000000000000000000e+00
3.848630666732788086e+02 2.251368999481201172e+01 3.849647521972656250e+02 2.311002731323242188e+01 3.850141620635986328e+02 2.343360900878906250e+01 2.000000000000000000e+00
2.118580150604248047e+02 3.754593515396118164e+02 2.122146129608154297e+02 3.762142753601074219e+02 2.124039554595947266e+02 3.765108346939086914e+02 2.000000000000000000e+00
3.637621450424194336e+02 4.418031692504882812e+02 3.640720510482788086e+02 4.425423717498779297e+02 3.642993497848510742e+02 4.428772115707397461e+02 2.000000000000000000e+00
4.971519470214843750e+02 3.137745380401611328e+02 4.974532890319824219e+02 3.144940853118896484e+02 4.976433181762695312e+02 3.147726774215698242e+02 2.000000000000000000e+00
4.058541584014892578e+02 3.937418889999389648e+02 4.061817646026611328e+02 3.943607568740844727e+02 4.063782024383544922e+02 3.946292495727539062e+02 2.000000000000000000e+00
4.723436260223388672e+02 3.467959356307983398e+02 4.726272296905517578e+02 3.476170134544372559e+02 4.728582191467285156e+02 3.478646278381347656e+02 2.000000000000000000e+00
6.673585891723632812e+01 2.225430965423583984e+01 6.700113296508789062e+01 2.286040306091308594e+01 6.733982086181640625e+01 2.326131820678710938e+01 2.000000000000000000e+00
4.950429153442382812e+02 4.052803802490234375e+02 4.953562927246093750e+02 4.058809947967529297e+02 4.956133460998535156e+02 4.062899923324584961e+02 2.000000000000000000e+00
5.184677696228027344e+02 4.428181314468383789e+02 5.187640380859375000e+02 4.434945487976074219e+02 5.190462112426757812e+02 4.438359832763671875e+02 2.000000000000000000e+00
4.492004394531250000e+01 2.975996446609497070e+02 4.530601501464843750e+01 2.981944298744201660e+02 4.550525665283203125e+01 2.985413861274719238e+02 2.000000000000000000e+00
3.412256479263305664e+02 3.948472023010253906e+02 3.415027785301208496e+02 3.955771636962890625e+02 3.417330622673034668e+02 3.958997583389282227e+02 2.000000000000000000e+00
1.137217140197753906e+02 3.797416734695434570e+02 1.139941406250000000e+02 3.803735160827636719e+02 1.141772651672363281e+02 3.807585525512695312e+02 2.000000000000000000e+00
5.021746826171875000e+02 4.153582906723022461e+02 5.024361610412597656e+02 4.159637832641601562e+02 5.026504898071289062e+02 4.163348150253295898e+02 2.000000000000000000e+00
3.482439875602722168e+02 3.681265354156494141e+02 3.484608769416809082e+02 3.687183666229248047e+02 3.486195063591003418e+02 3.691778039932250977e+02 2.000000000000000000e+00
3.202340393140912056e+02 4.080895757675170898e+02 3.204236144945025444e+02 4.086598348617553711e+02 3.206349487602710724e+02 4.090370607376098633e+02 2.000000000000000000e+00
3.300403749942779541e+02 4.099758338928222656e+02 3.302925419807434082e+02 4.105712127685546875e+02 3.305429995059967041e+02 4.109468507766723633e+02 2.000000000000000000e+00
5.336055374145507812e+02 3.774208402633666992e+02 5.339310264587402344e+02 3.780679750442504883e+02 5.341816520690917969e+02 3.783682394027709961e+02 2.000000000000000000e+00
4.157747173309326172e+02 3.927288007736206055e+02 4.161617469787597656e+02 3.934398937225341797e+02 4.164054870605468750e+02 3.937567234039306641e+02 2.000000000000000000e+00
3.102989196777343750e+02 4.231366968154907227e+02 3.105171507596969604e+02 4.237652921676635742e+02 3.107188719511032104e+02 4.241711282730102539e+02 2.000000000000000000e+00
9.363195419311523438e+01 3.243338584899902344e+01 9.398141860961914062e+01 3.309245109558105469e+01 9.417690277099609375e+01 3.353150367736816406e+01 2.000000000000000000e+00
4.763273906707763672e+02 3.994146251678466797e+02 4.766091632843017578e+02 4.001311397552490234e+02 4.768003273010253906e+02 4.004716587066650391e+02 2.000000000000000000e+00
5.009816360473632812e+02 3.726068544387817383e+02 5.013983726501464844e+02 3.732038927078247070e+02 5.015413856506347656e+02 3.735349559783935547e+02 2.000000000000000000e+00
4.523336505889892578e+02 4.482752466201782227e+02 4.526147460937500000e+02 4.488528871536254883e+02 4.528889465332031250e+02 4.492606973648071289e+02 2.000000000000000000e+00
2.148632049560546875e+01 4.490080118179321289e+02 2.169589996337890625e+01 4.495298624038696289e+02 2.202262878417968750e+01 4.498336601257324219e+02 2.000000000000000000e+00
2.212808990478515625e+02 4.126768112182617188e+00 2.216846466064453125e+02 4.796905517578125000e+00 2.218978881835937500e+02 5.193500518798828125e+00 2.000000000000000000e+00
4.306284236907958984e+02 4.135282087326049805e+02 4.309224605560302734e+02 4.142228507995605469e+02 4.312033748626708984e+02 4.145059919357299805e+02 2.000000000000000000e+00
4.377674579620361328e+02 3.657397270202636719e+02 4.380853557586669922e+02 3.663345766067504883e+02 4.382564067840576172e+02 3.666751813888549805e+02 2.000000000000000000e+00
2.811181020736694336e+02 4.503145265579223633e+02 2.813306570053100586e+02 4.508508968353271484e+02 2.815317678451538086e+02 4.513472986221313477e+02 2.000000000000000000e+00
1.835956287384033203e+02 3.995291233062744141e+02 1.839098834991455078e+02 4.002187299728393555e+02 1.840910911560058594e+02 4.005588483810424805e+02 2.000000000000000000e+00
1.464262771606445312e+02 4.116695594787597656e+02 1.466624641418457031e+02 4.123445463180541992e+02 1.468095588684082031e+02 4.126763391494750977e+02 2.000000000000000000e+00
5.019479179382324219e+02 3.666011667251586914e+02 5.023511695861816406e+02 3.672161006927490234e+02 5.025628089904785156e+02 3.675489521026611328e+02 2.000000000000000000e+00
2.922803640365600586e+02 4.191922044754028320e+02 2.924866318702697754e+02 4.197209930419921875e+02 2.927734684944152832e+02 4.201612901687622070e+02 2.000000000000000000e+00
3.543123173713684082e+02 4.088574314117431641e+02 3.546197509765625000e+02 4.094552135467529297e+02 3.548082590103149414e+02 4.099105882644653320e+02 2.000000000000000000e+00
5.311350059509277344e+02 6.217081546783447266e+01 5.314779090881347656e+02 6.271762847900390625e+01 5.316940307617187500e+02 6.307043552398681641e+01 2.000000000000000000e+00
1.137832641601562500e+02 4.038232469558715820e+02 1.140264320373535156e+02 4.045447111129760742e+02 1.143638420104980469e+02 4.048572206497192383e+02 2.000000000000000000e+00
3.114127194881439209e+02 3.849935102462768555e+02 3.116390377283096313e+02 3.857562875747680664e+02 3.118601375818252563e+02 3.862229061126708984e+02 2.000000000000000000e+00
5.400811767578125000e+02 1.668531131744384766e+02 5.403579711914062500e+02 1.674313473701477051e+02 5.404946899414062500e+02 1.676971721649169922e+02 2.000000000000000000e+00
4.554794025421142578e+02 3.986915731430053711e+02 4.558382892608642578e+02 3.992581844329833984e+02 4.560295104980468750e+02 3.996074581146240234e+02 2.000000000000000000e+00
3.542742609977722168e+02 3.909092473983764648e+02 3.545651865005493164e+02 3.915883255004882812e+02 3.547495126724243164e+02 3.919571971893310547e+02 2.000000000000000000e+00
2.649624300003051758e+02 3.441285181045532227e+02 2.652384042739868164e+02 3.447406983375549316e+02 2.654654550552368164e+02 3.451684927940368652e+02 2.000000000000000000e+00
2.971317744255065918e+02 4.260793590545654297e+02 2.975007939338684082e+02 4.267410707473754883e+02 2.976799011230468750e+02 4.271304416656494141e+02 2.000000000000000000e+00
3.321532595157623291e+02 3.969312858581542969e+02 3.324255681037902832e+02 3.976441669464111328e+02 3.326798403263092041e+02 3.980187749862670898e+02 2.000000000000000000e+00
2.046438884735107422e+02 4.074741268157958984e+02 2.049394512176513672e+02 4.081402730941772461e+02 2.052849388122558594e+02 4.085088586807250977e+02 2.000000000000000000e+00
3.112011104822158813e+02 4.420839357376098633e+02 3.113714295625686646e+02 4.426894283294677734e+02 3.116620481014251709e+02 4.431121301651000977e+02 2.000000000000000000e+00
2.620424795150756836e+02 4.253636598587036133e+02 2.623391389846801758e+02 4.260002517700195312e+02 2.625294494628906250e+02 4.263891935348510742e+02 2.000000000000000000e+00
5.247976112365722656e+02 3.745255851745605469e+02 5.251549720764160156e+02 3.752160358428955078e+02 5.253411865234375000e+02 3.754951286315917969e+02 2.000000000000000000e+00
4.239622783660888672e+02 2.865634918212890625e+01 4.242900085449218750e+02 2.928500175476074219e+01 4.243659973144531250e+02 2.965611934661865234e+01 2.000000000000000000e+00
4.246764278411865234e+02 4.597154045104980469e+02 4.249871253967285156e+02 4.603253030776977539e+02 4.252464294433593750e+02 4.606440782546997070e+02 2.000000000000000000e+00
3.332450568675994873e+02 3.890213155746459961e+02 3.334759521484375000e+02 3.896424007415771484e+02 3.337559819221496582e+02 3.900335168838500977e+02 2.000000000000000000e+00
3.340984809398651123e+02 4.250268316268920898e+02 3.344265747070312500e+02 4.256499481201171875e+02 3.346220397949218750e+02 4.261047792434692383e+02 2.000000000000000000e+00
4.060192108154296875e+01 4.222984170913696289e+02 4.106506347656250000e+01 4.228899621963500977e+02 4.123414993286132812e+01 4.233462953567504883e+02 2.000000000000000000e+00
5.322650146484375000e+02 5.196028232574462891e+01 5.323907470703125000e+02 5.260020732879638672e+01 5.325800895690917969e+02 5.293141365051269531e+01 2.000000000000000000e+00
4.781821632385253906e+02 3.477393579483032227e+02 4.785251522064208984e+02 3.484845972061157227e+02 4.787694740295410156e+02 3.487749695777893066e+02 2.000000000000000000e+00
5.238368606567382812e+02 3.605232667922973633e+02 5.242361450195312500e+02 3.611764955520629883e+02 5.243918418884277344e+02 3.616007423400878906e+02 2.000000000000000000e+00
2.106655406951904297e+02 4.095359230041503906e+02 2.109536075592041016e+02 4.101960468292236328e+02 2.112222862243652344e+02 4.105424594879150391e+02 2.000000000000000000e+00
3.600207853317260742e+02 4.207772254943847656e+02 3.603562307357788086e+02 4.214748573303222656e+02 3.605439758300781250e+02 4.218349027633666992e+02 2.000000000000000000e+00
5.141723060607910156e+02 3.424888944625854492e+02 5.145252037048339844e+02 3.432244634628295898e+02 5.145775222778320312e+02 3.434657049179077148e+02 2.000000000000000000e+00
3.352089536190032959e+02 3.672132968902587891e+02 3.354238891601562500e+02 3.676941919326782227e+02 3.356237792968750000e+02 3.681247901916503906e+02 2.000000000000000000e+00
8.750905990600585938e+01 3.868790388107299805e+02 8.783010482788085938e+01 3.875470590591430664e+02 8.802108764648437500e+01 3.879492330551147461e+02 2.000000000000000000e+00
5.286983108520507812e+02 2.960230743885040283e+02 5.290557861328125000e+02 2.966820394992828369e+02 5.291842079162597656e+02 2.970688819885253906e+02 2.000000000000000000e+00
4.921842956542968750e+02 3.616638565063476562e+02 4.925082969665527344e+02 3.622730541229248047e+02 4.927268409729003906e+02 3.625396156311035156e+02 2.000000000000000000e+00
9.466611862182617188e+01 3.878932857513427734e+02 9.495506286621093750e+01 3.885721206665039062e+02 9.520162582397460938e+01 3.889542675018310547e+02 2.000000000000000000e+00
3.063058769702911377e+02 4.331421947479248047e+02 3.064826047420501709e+02 4.338742733001708984e+02 3.066449582576751709e+02 4.342501974105834961e+02 2.000000000000000000e+00
4.702018737792968750e+02 4.532220268249511719e+02 4.705106258392333984e+02 4.537754058837890625e+02 4.707080745697021484e+02 4.542016696929931641e+02 2.000000000000000000e+00
2.318473911285400391e+02 4.294584417343139648e+02 2.322120475769042969e+02 4.301006841659545898e+02 2.324329948425292969e+02 4.304488277435302734e+02 2.000000000000000000e+00
4.664471721649169922e+02 3.278954243659973145e+02 4.666443824768066406e+02 3.285261869430541992e+02 4.668927669525146484e+02 3.288371658325195312e+02 2.000000000000000000e+00
1.764495372772216797e+02 4.416252279281616211e+02 1.767868518829345703e+02 4.423401546478271484e+02 1.770369529724121094e+02 4.426117944717407227e+02 2.000000000000000000e+00
3.611140775680541992e+02 4.158062553405761719e+02 3.614047574996948242e+02 4.164695262908935547e+02 3.615557861328125000e+02 4.168472957611083984e+02 2.000000000000000000e+00
2.461777782440185547e+02 3.513679575920104980e+02 2.464453887939453125e+02 3.521013879776000977e+02 2.467005920410156250e+02 3.523538231849670410e+02 2.000000000000000000e+00
3.850577688217163086e+02 4.266295623779296875e+02 3.853523588180541992e+02 4.272765541076660156e+02 3.855449533462524414e+02 4.275197839736938477e+02 2.000000000000000000e+00
3.522310185432434082e+02 3.988785552978515625e+02 3.525249648094177246e+02 3.995734405517578125e+02 3.527495431900024414e+02 3.999428844451904297e+02 2.000000000000000000e+00
2.749991750717163086e+02 4.483866119384765625e+02 2.751734590530395508e+02 4.488197994232177734e+02 2.754711294174194336e+02 4.492934417724609375e+02 2.000000000000000000e+00
9.860321044921875000e+01 3.838623762130737305e+02 9.900388717651367188e+01 3.845391654968261719e+02 9.923030853271484375e+01 3.849403810501098633e+02 2.000000000000000000e+00
5.166880607604980469e+02 4.580227804183959961e+02 5.169474601745605469e+02 4.587315416336059570e+02 5.172576904296875000e+02 4.589975738525390625e+02 2.000000000000000000e+00
5.399705886840820312e+02 3.427355289459228516e+01 5.402608108520507812e+02 3.484631538391113281e+01 5.404580116271972656e+02 3.520156860351562500e+01 2.000000000000000000e+00
4.841388511657714844e+02 6.261175632476806641e+01 4.844743156433105469e+02 6.332549571990966797e+01 4.846270561218261719e+02 6.361789226531982422e+01 2.000000000000000000e+00
4.877863502502441406e+02 4.360648298263549805e+02 4.881427574157714844e+02 4.367208909988403320e+02 4.883731079101562500e+02 4.369940328598022461e+02 2.000000000000000000e+00
1.867042350769042969e+02 3.464562749862670898e+02 1.869458580017089844e+02 3.470237517356872559e+02 1.871847534179687500e+02 3.475110554695129395e+02 2.000000000000000000e+00
5.018420219421386719e+02 3.874379968643188477e+02 5.021870422363281250e+02 3.880714845657348633e+02 5.023707962036132812e+02 3.884505414962768555e+02 2.000000000000000000e+00
3.758302927017211914e+02 3.790343713760375977e+02 3.761630582809448242e+02 3.795908832550048828e+02 3.764150094985961914e+02 3.798643827438354492e+02 2.000000000000000000e+00
9.570016860961914062e+01 4.472247362136840820e+02 9.606025695800781250e+01 4.477363443374633789e+02 9.623767852783203125e+01 4.482725286483764648e+02 2.000000000000000000e+00
5.262651443481445312e+02 9.495697975158691406e+01 5.266052246093750000e+02 9.553855419158935547e+01 5.268618202209472656e+02 9.589549541473388672e+01 2.000000000000000000e+00
1.745495319366455078e+02 4.498239612579345703e+02 1.748233032226562500e+02 4.504686641693115234e+02 1.749784564971923828e+02 4.507807731628417969e+02 2.000000000000000000e+00
4.137819576263427734e+02 4.535749053955078125e+02 4.141035747528076172e+02 4.541919708251953125e+02 4.143350505828857422e+02 4.545089578628540039e+02 2.000000000000000000e+00
3.669137954711914062e+01 4.293728685379028320e+02 3.705314636230468750e+01 4.300651645660400391e+02 3.722188949584960938e+01 4.303995752334594727e+02 2.000000000000000000e+00
1.716365528106689453e+02 3.926524114608764648e+02 1.718416881561279297e+02 3.932871150970458984e+02 1.721658802032470703e+02 3.936304378509521484e+02 2.000000000000000000e+00
3.053132629394531250e+02 3.623042392730712891e+02 3.055113220214843750e+02 3.629199600219726562e+02 3.057707512378692627e+02 3.632893466949462891e+02 2.000000000000000000e+00
1.683483600616455078e+02 3.496714854240417480e+02 1.685819816589355469e+02 3.503721642494201660e+02 1.688304996490478516e+02 3.508480310440063477e+02 2.000000000000000000e+00
4.414506530761718750e+02 4.503930473327636719e+02 4.417060852050781250e+02 4.510482645034790039e+02 4.420394611358642578e+02 4.514044904708862305e+02 2.000000000000000000e+00
4.832095718383789062e+02 3.676013803482055664e+02 4.834886741638183594e+02 3.682333803176879883e+02 4.837617874145507812e+02 3.685079669952392578e+02 2.000000000000000000e+00
4.889869117736816406e+02 4.043169593811035156e+02 4.893483924865722656e+02 4.049257278442382812e+02 4.896130371093750000e+02 4.053205060958862305e+02 2.000000000000000000e+00
4.859544944763183594e+02 4.500196981430053711e+02 4.862581443786621094e+02 4.506055784225463867e+02 4.864513587951660156e+02 4.510041332244873047e+02 2.000000000000000000e+00
2.077477836608886719e+02 3.965862751007080078e+02 2.080389881134033203e+02 3.972138118743896484e+02 2.083670616149902344e+02 3.976378011703491211e+02 2.000000000000000000e+00
3.072950434684753418e+02 4.161953258514404297e+02 3.074098205566406250e+02 4.167487907409667969e+02 3.076456606388092041e+02 4.171738958358764648e+02 2.000000000000000000e+00
3.655012845993041992e+02 4.518457460403442383e+02 3.658215951919555664e+02 4.525619316101074219e+02 3.660849905014038086e+02 4.528725385665893555e+02 2.000000000000000000e+00
2.301604938507080078e+02 2.943044185638427734e+01 2.306394481658935547e+02 2.998618125915527344e+01 2.309115886688232422e+02 3.034759998321533203e+01 2.000000000000000000e+00
2.429649639129638672e+02 4.244746828079223633e+02 2.432233572006225586e+02 4.249988794326782227e+02 2.434062957763671875e+02 4.254127550125122070e+02 2.000000000000000000e+00
5.069103431701660156e+02 3.893844938278198242e+02 5.071870422363281250e+02 3.900529003143310547e+02 5.074318313598632812e+02 3.903931045532226562e+02 2.000000000000000000e+00
1.166486930847167969e+02 3.988334083557128906e+02 1.169019317626953125e+02 3.995194244384765625e+02 1.171894645690917969e+02 3.999203538894653320e+02 2.000000000000000000e+00
3.711006498336791992e+02 3.810817337036132812e+02 3.714187955856323242e+02 3.816393184661865234e+02 3.715838003158569336e+02 3.819239902496337891e+02 2.000000000000000000e+00
5.268278884887695312e+02 3.933339929580688477e+02 5.271144485473632812e+02 3.938577604293823242e+02 5.273948478698730469e+02 3.942539119720458984e+02 2.000000000000000000e+00
3.401689767837524414e+02 3.741487455368041992e+02 3.404232788085937500e+02 3.746538448333740234e+02 3.406245732307434082e+02 3.751364564895629883e+02 2.000000000000000000e+00
