1.100913619995117188e+02 4.198292970657348633e+02 1.024147987365722656e+02 4.151367902755737305e+02 9.433801651000976562e+01 4.128508043289184570e+02 2.000000000000000000e+00
1.213517951965332031e+02 4.295969581604003906e+02 1.137481880187988281e+02 4.248938083648681641e+02 1.056184577941894531e+02 4.226031303405761719e+02 2.000000000000000000e+00
3.910571908950805664e+02 2.731199061870574951e+02 3.834687805175781250e+02 2.682879048585891724e+02 3.754251098632812500e+02 2.658616036176681519e+02 2.000000000000000000e+00
1.936813831329345703e+02 4.047810173034667969e+02 1.861997222900390625e+02 3.999834108352661133e+02 1.780899143218994141e+02 3.977082252502441406e+02 2.000000000000000000e+00
1.574269294738769531e+02 4.062749433517456055e+02 1.498172760009765625e+02 4.014786529541015625e+02 1.417642974853515625e+02 3.992444801330566406e+02 2.000000000000000000e+00
2.874208974838256836e+02 2.015526258945465088e+02 2.820030808448791504e+02 1.972309541702270508e+02 2.763830232620239258e+02 1.954894673824310303e+02 1.000000000000000000e+00
1.332032966613769531e+02 3.975095558166503906e+02 1.255494308471679688e+02 3.926872587203979492e+02 1.174296760559082031e+02 3.905208778381347656e+02 2.000000000000000000e+00
1.966911888122558594e+02 4.136892414093017578e+02 1.892003631591796875e+02 4.088261175155639648e+02 1.811119174957275391e+02 4.066042613983154297e+02 2.000000000000000000e+00
1.273803520202636719e+02 4.255599117279052734e+02 1.197917938232421875e+02 4.208475494384765625e+02 1.116520500183105469e+02 4.185701751708984375e+02 2.000000000000000000e+00
1.775669670104980469e+02 3.860524320602416992e+02 1.700301837921142578e+02 3.812603902816772461e+02 1.619484519958496094e+02 3.789665937423706055e+02 2.000000000000000000e+00
2.061535739898681641e+02 1.736699938774108887e+02 2.023306560516357422e+02 1.696730017662048340e+02 1.975453472137451172e+02 1.684685611724853516e+02 1.000000000000000000e+00
4.792162513732910156e+02 2.634813541173934937e+02 4.716590881347656250e+02 2.584317326545715332e+02 4.635932636260986328e+02 2.561315006017684937e+02 2.000000000000000000e+00
1.765222263336181641e+02 3.919978666305541992e+02 1.690320110321044922e+02 3.872134494781494141e+02 1.609306907653808594e+02 3.849268198013305664e+02 2.000000000000000000e+00
2.229926776885986328e+02 4.263477945327758789e+02 2.154856204986572266e+02 4.214665031433105469e+02 2.074256420135498047e+02 4.191975259780883789e+02 2.000000000000000000e+00
4.446406269073486328e+02 2.966194188594818115e+02 4.370220947265625000e+02 2.916606473922729492e+02 4.288987445831298828e+02 2.893394815921783447e+02 2.000000000000000000e+00
5.403186035156250000e+02 1.636903166770935059e+02 5.325944900512695312e+02 1.586710596084594727e+02 5.244314575195312500e+02 1.563508558273315430e+02 2.000000000000000000e+00
5.184964561462402344e+02 1.567271375656127930e+02 5.107407569885253906e+02 1.516977024078369141e+02 5.025335121154785156e+02 1.493806385993957520e+02 2.000000000000000000e+00
4.377310180664062500e+02 4.897553443908691406e+01 4.299291133880615234e+02 4.398892879486083984e+01 4.217412471771240234e+02 4.159699916839599609e+01 2.000000000000000000e+00
1.807447910308837891e+02 4.288134813308715820e+02 1.732728862762451172e+02 4.239967775344848633e+02 1.651635074615478516e+02 4.217417335510253906e+02 2.000000000000000000e+00
3.930260610580444336e+02 7.128623485565185547e+01 3.853317594528198242e+02 6.632729530334472656e+01 3.772002553939819336e+02 6.396278858184814453e+01 2.000000000000000000e+00
1.586837196350097656e+02 2.991838717460632324e+02 1.511636734008789062e+02 2.943438148498535156e+02 1.428974533081054688e+02 2.920924401283264160e+02 2.000000000000000000e+00
1.747441101074218750e+02 4.219136810302734375e+02 1.672838687896728516e+02 4.171601057052612305e+02 1.591242027282714844e+02 4.148439788818359375e+02 2.000000000000000000e+00
3.149122315645217896e+02 1.941691553592681885e+02 3.092250978946685791e+02 1.897176182270050049e+02 3.030327761173248291e+02 1.878941166400909424e+02 1.000000000000000000e+00
2.625476360321044922e+02 2.186796855926513672e+02 2.575609445571899414e+02 2.143579995632171631e+02 2.520260286331176758e+02 2.125351238250732422e+02 1.000000000000000000e+00
1.634962272644042969e+02 4.092012977600097656e+02 1.559506797790527344e+02 4.044043922424316406e+02 1.478414535522460938e+02 4.021627235412597656e+02 2.000000000000000000e+00
1.692417240142822266e+02 1.605060839653015137e+02 1.654346179962158203e+02 1.566543531417846680e+02 1.609242343902587891e+02 1.553740167617797852e+02 1.000000000000000000e+00
1.946905803680419922e+02 3.988196182250976562e+02 1.872208881378173828e+02 3.940372753143310547e+02 1.791092681884765625e+02 3.917390155792236328e+02 2.000000000000000000e+00
2.038572788238525391e+02 4.276202774047851562e+02 1.963945007324218750e+02 4.227469825744628906e+02 1.882716369628906250e+02 4.205163002014160156e+02 2.000000000000000000e+00
4.342303466796875000e+02 1.190566635131835938e+02 4.264477539062500000e+02 1.140365266799926758e+02 4.183168983459472656e+02 1.116267442703247070e+02 2.000000000000000000e+00
1.876665973663330078e+02 4.068613386154174805e+02 1.801604270935058594e+02 4.020677518844604492e+02 1.720685100555419922e+02 3.997952985763549805e+02 2.000000000000000000e+00
4.996908569335937500e+02 1.279912662506103516e+02 4.919171524047851562e+02 1.229441714286804199e+02 4.837388610839843750e+02 1.205962228775024414e+02 2.000000000000000000e+00
4.957392311096191406e+02 1.767980933189392090e+02 4.880523490905761719e+02 1.717868041992187500e+02 4.798374366760253906e+02 1.694663357734680176e+02 2.000000000000000000e+00
1.677135467529296875e+02 2.821692216396331787e+02 1.601320743560791016e+02 2.773165011405944824e+02 1.519906234741210938e+02 2.750920736789703369e+02 2.000000000000000000e+00
1.463711738586425781e+02 4.034704685211181641e+02 1.387084007263183594e+02 3.986496019363403320e+02 1.306930160522460938e+02 3.964391326904296875e+02 2.000000000000000000e+00
4.858259963989257812e+02 1.229496932029724121e+02 4.781406879425048828e+02 1.179680299758911133e+02 4.700571346282958984e+02 1.155999755859375000e+02 2.000000000000000000e+00
1.666952514648437500e+02 4.190309572219848633e+02 1.592102432250976562e+02 4.142495155334472656e+02 1.510715293884277344e+02 4.119603109359741211e+02 2.000000000000000000e+00
3.860836172103881836e+02 2.771239936351776123e+02 3.784641408920288086e+02 2.722918403148651123e+02 3.704308795928955078e+02 2.698640155792236328e+02 2.000000000000000000e+00
3.936189889907836914e+02 1.370951199531555176e+02 3.858103036880493164e+02 1.321620726585388184e+02 3.777596426010131836e+02 1.297527122497558594e+02 2.000000000000000000e+00
1.666985893249511719e+02 3.001799011230468750e+02 1.591676902770996094e+02 2.953446686267852783e+02 1.508984375000000000e+02 2.930854833126068115e+02 2.000000000000000000e+00
2.787143564224243164e+02 2.001532423496246338e+02 2.736873149871826172e+02 1.960388624668121338e+02 2.683495473861694336e+02 1.944263112545013428e+02 1.000000000000000000e+00
2.679320049285888672e+02 1.968794059753417969e+02 2.631460571289062500e+02 1.928594505786895752e+02 2.576499032974243164e+02 1.914364457130432129e+02 1.000000000000000000e+00
1.585279655456542969e+02 4.313508939743041992e+02 1.509239578247070312e+02 4.265380668640136719e+02 1.428931236267089844e+02 4.242989015579223633e+02 2.000000000000000000e+00
2.099200916290283203e+02 4.265602254867553711e+02 2.024647331237792969e+02 4.216583919525146484e+02 1.943470001220703125e+02 4.194326877593994141e+02 2.000000000000000000e+00
1.845513153076171875e+02 3.929882240295410156e+02 1.769841575622558594e+02 3.881792306900024414e+02 1.689452457427978516e+02 3.859076929092407227e+02 2.000000000000000000e+00
1.948613834381103516e+02 4.276744222640991211e+02 1.873857402801513672e+02 4.228030443191528320e+02 1.793035602569580078e+02 4.205836343765258789e+02 2.000000000000000000e+00
4.549851989746093750e+02 1.160272264480590820e+02 4.472245216369628906e+02 1.110372018814086914e+02 4.390620422363281250e+02 1.086497068405151367e+02 2.000000000000000000e+00
3.909934377670288086e+02 6.121955394744873047e+01 3.833161020278930664e+02 5.626889705657958984e+01 3.751763629913330078e+02 5.390470504760742188e+01 2.000000000000000000e+00
1.775259208679199219e+02 4.069744062423706055e+02 1.700668811798095703e+02 4.021725797653198242e+02 1.619096088409423828e+02 3.999071073532104492e+02 2.000000000000000000e+00
1.695105266571044922e+02 4.000838470458984375e+02 1.619886016845703125e+02 3.952625226974487305e+02 1.538509178161621094e+02 3.930158758163452148e+02 2.000000000000000000e+00
1.565098953247070312e+02 4.132052421569824219e+02 1.489348793029785156e+02 4.084313392639160156e+02 1.408279037475585938e+02 4.061876964569091797e+02 2.000000000000000000e+00
1.817462635040283203e+02 4.169162750244140625e+02 1.742442035675048828e+02 4.121326017379760742e+02 1.661494731903076172e+02 4.098371601104736328e+02 2.000000000000000000e+00
3.891662931442260742e+02 2.929710102081298828e+02 3.814988708496093750e+02 2.881036090850830078e+02 3.735047292709350586e+02 2.857101452350616455e+02 2.000000000000000000e+00
4.372536945343017578e+02 1.261201286315917969e+02 4.294992733001708984e+02 1.211235952377319336e+02 4.213490962982177734e+02 1.187248992919921875e+02 2.000000000000000000e+00
4.070968055725097656e+02 1.966419661045074463e+02 4.050186443328857422e+02 1.922776472568511963e+02 4.020704936981201172e+02 1.905815255641937256e+02 2.000000000000000000e+00
4.034492206573486328e+02 1.308288359642028809e+02 3.956651639938354492e+02 1.259761404991149902e+02 3.875953674316406250e+02 1.236102318763732910e+02 2.000000000000000000e+00
5.395450401306152344e+02 1.954483473300933838e+02 5.319281005859375000e+02 1.903724348545074463e+02 5.237894248962402344e+02 1.880209171772003174e+02 2.000000000000000000e+00
5.125732421875000000e+02 1.906834387779235840e+02 5.048574638366699219e+02 1.856695818901062012e+02 4.966886901855468750e+02 1.833561515808105469e+02 2.000000000000000000e+00
4.822316932678222656e+02 1.679467606544494629e+02 4.744451045989990234e+02 1.629291772842407227e+02 4.662755489349365234e+02 1.605490708351135254e+02 2.000000000000000000e+00
1.735632324218750000e+02 4.119722700119018555e+02 1.661009025573730469e+02 4.071980094909667969e+02 1.578997993469238281e+02 4.049084186553955078e+02 2.000000000000000000e+00
4.098074340820312500e+02 3.424638748168945312e+01 4.021066570281982422e+02 2.920319080352783203e+01 3.939787912368774414e+02 2.682532310485839844e+01 2.000000000000000000e+00
1.886772632598876953e+02 3.998754644393920898e+02 1.811721611022949219e+02 3.951001596450805664e+02 1.730926609039306641e+02 3.927971220016479492e+02 2.000000000000000000e+00
5.294783973693847656e+02 1.744589066505432129e+02 5.217907142639160156e+02 1.693503999710083008e+02 5.136199951171875000e+02 1.669848561286926270e+02 2.000000000000000000e+00
2.267509174346923828e+02 1.735602807998657227e+02 2.223818683624267578e+02 1.695875787734985352e+02 2.175145721435546875e+02 1.683700346946716309e+02 1.000000000000000000e+00
4.831403160095214844e+02 1.847949028015136719e+02 4.752878475189208984e+02 1.798000001907348633e+02 4.671399211883544922e+02 1.774638319015502930e+02 2.000000000000000000e+00
3.397755742073059082e+02 3.970998001098632812e+02 3.323084723949432373e+02 3.921400165557861328e+02 3.242705994844436646e+02 3.897906589508056641e+02 2.000000000000000000e+00
1.868367481231689453e+02 4.277234601974487305e+02 1.793769168853759766e+02 4.228706216812133789e+02 1.712559795379638672e+02 4.206544017791748047e+02 2.000000000000000000e+00
4.922521018981933594e+02 3.951566505432128906e+02 4.847377395629882812e+02 3.900079965591430664e+02 4.767269611358642578e+02 3.874924421310424805e+02 2.000000000000000000e+00
2.670515441894531250e+02 2.210630017518997192e+02 2.619183969497680664e+02 2.167483663558959961e+02 2.563442373275756836e+02 2.149839001893997192e+02 1.000000000000000000e+00
4.593888854980468750e+02 1.698444914817810059e+02 4.517202186584472656e+02 1.649771404266357422e+02 4.436871051788330078e+02 1.626225972175598145e+02 2.000000000000000000e+00
1.917055225372314453e+02 4.217391443252563477e+02 1.842109966278076172e+02 4.168786954879760742e+02 1.761244201660156250e+02 4.146523904800415039e+02 2.000000000000000000e+00
5.115130996704101562e+02 1.487607979774475098e+02 5.037401390075683594e+02 1.437668538093566895e+02 4.954997825622558594e+02 1.414416146278381348e+02 2.000000000000000000e+00
4.995355606079101562e+02 1.608316898345947266e+02 4.917119216918945312e+02 1.558768272399902344e+02 4.836651420593261719e+02 1.535109043121337891e+02 2.000000000000000000e+00
4.402142047882080078e+02 1.129997634887695312e+02 4.324106788635253906e+02 1.080220413208007812e+02 4.242833614349365234e+02 1.056190395355224609e+02 2.000000000000000000e+00
1.221643638610839844e+02 3.985673618316650391e+02 1.145690536499023438e+02 3.937693548202514648e+02 1.063223838806152344e+02 3.915777969360351562e+02 2.000000000000000000e+00
1.586298561096191406e+02 2.811887848377227783e+02 1.510543441772460938e+02 2.763376772403717041e+02 1.428864097595214844e+02 2.741120624542236328e+02 2.000000000000000000e+00
5.063686561584472656e+02 1.807113003730773926e+02 4.986543273925781250e+02 1.756750917434692383e+02 4.904734611511230469e+02 1.733657169342041016e+02 2.000000000000000000e+00
4.455446815490722656e+02 2.589095163345336914e+02 4.379504394531250000e+02 2.538623356819152832e+02 4.299868202209472656e+02 2.515814521908760071e+02 2.000000000000000000e+00
4.619448280334472656e+02 1.110189342498779297e+02 4.542079448699951172e+02 1.060675334930419922e+02 4.459966754913330078e+02 1.036725997924804688e+02 2.000000000000000000e+00
2.969671010971069336e+02 2.458320924639701843e+02 2.893498826026916504e+02 2.410849762335419655e+02 2.812847590446472168e+02 2.386995849385857582e+02 2.000000000000000000e+00
2.905472397804260254e+02 1.985706460475921631e+02 2.850259995460510254e+02 1.942794942855834961e+02 2.793488454818725586e+02 1.925516939163208008e+02 1.000000000000000000e+00
2.613406991958618164e+02 2.129750651121139526e+02 2.564815378189086914e+02 2.087048935890197754e+02 2.511115550994873047e+02 2.069323253631591797e+02 1.000000000000000000e+00
4.891449928283691406e+02 1.896951413154602051e+02 4.812438011169433594e+02 1.847007572650909424e+02 4.730607891082763672e+02 1.823599505424499512e+02 2.000000000000000000e+00
4.610008239746093750e+02 1.220007133483886719e+02 4.532193279266357422e+02 1.170057964324951172e+02 4.451089477539062500e+02 1.146323490142822266e+02 2.000000000000000000e+00
3.843345022201538086e+02 1.583695006370544434e+02 3.766934823989868164e+02 1.534015274047851562e+02 3.685704374313354492e+02 1.510338521003723145e+02 2.000000000000000000e+00
3.928391408920288086e+02 1.301873230934143066e+02 3.850289297103881836e+02 1.252110815048217773e+02 3.769526386260986328e+02 1.227955341339111328e+02 2.000000000000000000e+00
5.352853393554687500e+02 1.597017002105712891e+02 5.275501823425292969e+02 1.547345852851867676e+02 5.193818473815917969e+02 1.524191093444824219e+02 2.000000000000000000e+00
3.086675107479095459e+02 3.516859459877014160e+02 3.012194514274597168e+02 3.467455816268920898e+02 2.932338261604309082e+02 3.444384241104125977e+02 2.000000000000000000e+00
4.356465435028076172e+02 3.812999725341796875e+01 4.278711605072021484e+02 3.311755657196044922e+01 4.196749019622802734e+02 3.070981979370117188e+01 2.000000000000000000e+00
3.690424203872680664e+02 7.729933261871337891e+01 3.614577627182006836e+02 7.231787681579589844e+01 3.532277846336364746e+02 6.992842197418212891e+01 2.000000000000000000e+00
2.071151447296142578e+02 1.815535390377044678e+02 2.032787322998046875e+02 1.775577521324157715e+02 1.984862518310546875e+02 1.762929797172546387e+02 1.000000000000000000e+00
4.610402870178222656e+02 1.320516014099121094e+02 4.532269573211669922e+02 1.270541596412658691e+02 4.451545143127441406e+02 1.247053098678588867e+02 2.000000000000000000e+00
3.990804767608642578e+02 2.800538349151611328e+02 3.914794921875000000e+02 2.752047443389892578e+02 3.834747028350830078e+02 2.727814650535583496e+02 2.000000000000000000e+00
3.564996957778930664e+02 3.432978272438049316e+02 3.488906550407409668e+02 3.383545589447021484e+02 3.409402155876159668e+02 3.360001873970031738e+02 2.000000000000000000e+00
2.812636113166809082e+02 2.075242888927459717e+02 2.761827373504638672e+02 2.033031749725341797e+02 2.706044006347656250e+02 2.015485060214996338e+02 1.000000000000000000e+00
3.199798889155499637e+02 4.122936201095581055e+02 3.124807435274124146e+02 4.073378133773803711e+02 3.044727778434753418e+02 4.049644804000854492e+02 2.000000000000000000e+00
4.540437602996826172e+02 1.280773115158081055e+02 4.462388324737548828e+02 1.230857849121093750e+02 4.381539058685302734e+02 1.207071447372436523e+02 2.000000000000000000e+00
4.313280010223388672e+02 1.361596798896789551e+02 4.236438655853271484e+02 1.311587619781494141e+02 4.154883098602294922e+02 1.287775683403015137e+02 2.000000000000000000e+00
1.906729412078857422e+02 4.147353029251098633e+02 1.831697559356689453e+02 4.098859405517578125e+02 1.750731945037841797e+02 4.076556158065795898e+02 2.000000000000000000e+00
3.704650259017944336e+02 1.326801252365112305e+02 3.628071594238281250e+02 1.277148127555847168e+02 3.546509718894958496e+02 1.253768992424011230e+02 2.000000000000000000e+00
4.033915138244628906e+02 4.070065069198608398e+02 3.958013916015625000e+02 4.020266532897949219e+02 3.878180837631225586e+02 3.996119213104248047e+02 2.000000000000000000e+00
5.307769203186035156e+02 1.905011272430419922e+02 5.231370353698730469e+02 1.854014861583709717e+02 5.148558425903320312e+02 1.831615269184112549e+02 2.000000000000000000e+00
1.279551506042480469e+02 4.116269588470458984e+02 1.205170249938964844e+02 4.068112277984619141e+02 1.123304557800292969e+02 4.046243619918823242e+02 2.000000000000000000e+00
1.129648590087890625e+02 4.128157424926757812e+02 1.053601074218750000e+02 4.080957126617431641e+02 9.728315353393554688e+01 4.058205413818359375e+02 2.000000000000000000e+00
1.473848533630371094e+02 4.094360446929931641e+02 1.397457504272460938e+02 4.046182394027709961e+02 1.317047309875488281e+02 4.024147367477416992e+02 2.000000000000000000e+00
4.732101440429687500e+02 1.730210709571838379e+02 4.654488849639892578e+02 1.679962706565856934e+02 4.573478126525878906e+02 1.655954718589782715e+02 2.000000000000000000e+00
1.200153732299804688e+02 4.117561483383178711e+02 1.124544143676757812e+02 4.070320844650268555e+02 1.043433189392089844e+02 4.047674989700317383e+02 2.000000000000000000e+00
4.506794738769531250e+02 2.904261589050292969e+01 4.428517150878906250e+02 2.413617610931396484e+01 4.347313213348388672e+02 2.171286106109619141e+01 2.000000000000000000e+00
3.664622211456298828e+02 3.372238183021545410e+02 3.588057255744934082e+02 3.322229361534118652e+02 3.508381056785583496e+02 3.298409199714660645e+02 2.000000000000000000e+00
5.150000572204589844e+02 2.203572750091552734e+01 5.072454643249511719e+02 1.697958469390869141e+01 4.990842628479003906e+02 1.464390277862548828e+01 2.000000000000000000e+00
4.451905536651611328e+02 1.280748224258422852e+02 4.374032592773437500e+02 1.230705285072326660e+02 4.292674255371093750e+02 1.206894707679748535e+02 2.000000000000000000e+00
4.472717571258544922e+02 1.471181774139404297e+02 4.394412231445312500e+02 1.421079182624816895e+02 4.313388061523437500e+02 1.397336697578430176e+02 2.000000000000000000e+00
1.512580871582031250e+02 3.924197816848754883e+02 1.435403442382812500e+02 3.875885438919067383e+02 1.355265617370605469e+02 3.853822946548461914e+02 2.000000000000000000e+00
2.048568439483642578e+02 4.196273660659790039e+02 1.973945903778076172e+02 4.147681331634521484e+02 1.892594242095947266e+02 4.125191974639892578e+02 2.000000000000000000e+00
3.388043522834777832e+02 4.279698514938354492e+02 3.313571774959564209e+02 4.228727531433105469e+02 3.233246764540672302e+02 4.205784416198730469e+02 2.000000000000000000e+00
4.248950481414794922e+02 7.619587898254394531e+01 4.171593379974365234e+02 7.118423938751220703e+01 4.090717506408691406e+02 6.879169464111328125e+01 2.000000000000000000e+00
5.355692863464355469e+02 1.844364595413208008e+02 5.278601646423339844e+02 1.793910813331604004e+02 5.196182250976562500e+02 1.771155238151550293e+02 2.000000000000000000e+00
3.456409001350402832e+02 3.634094953536987305e+02 3.380961918830871582e+02 3.584623146057128906e+02 3.301016235351562500e+02 3.560820078849792480e+02 2.000000000000000000e+00
5.210448074340820312e+02 1.962994194030761719e+02 5.132982826232910156e+02 1.912900042533874512e+02 5.051632118225097656e+02 1.889468193054199219e+02 2.000000000000000000e+00
3.174174803495407104e+02 2.987686800956726074e+02 3.098595583438873291e+02 2.939162313938140869e+02 3.018015742301940918e+02 2.915692484378814697e+02 2.000000000000000000e+00
4.107328224182128906e+02 2.650613415241241455e+02 4.031004619598388672e+02 2.601623851060867310e+02 3.949896240234375000e+02 2.577222597599029541e+02 2.000000000000000000e+00
3.754470205307006836e+02 3.490293002128601074e+02 3.678778409957885742e+02 3.440872263908386230e+02 3.598089003562927246e+02 3.416832661628723145e+02 2.000000000000000000e+00
4.557301044464111328e+02 3.363252639770507812e+02 4.482111549377441406e+02 3.313344168663024902e+02 4.401965045928955078e+02 3.289076256752014160e+02 2.000000000000000000e+00
4.242431354522705078e+02 1.111717271804809570e+02 4.164128112792968750e+02 1.061090183258056641e+02 4.082208919525146484e+02 1.037197637557983398e+02 2.000000000000000000e+00
4.714085674285888672e+02 1.670863151550292969e+02 4.636292171478271484e+02 1.620546340942382812e+02 4.555329895019531250e+02 1.596548080444335938e+02 2.000000000000000000e+00
1.818993473052978516e+02 1.940819227695465088e+02 1.776910400390625000e+02 1.897279179096221924e+02 1.728552818298339844e+02 1.879057288169860840e+02 1.000000000000000000e+00
4.840686416625976562e+02 1.749435853958129883e+02 4.763576030731201172e+02 1.698922204971313477e+02 4.681819438934326172e+02 1.675479841232299805e+02 2.000000000000000000e+00
3.254227906465530396e+02 3.222784495353698730e+02 3.178458556532859802e+02 3.172698068618774414e+02 3.098828125000000000e+02 3.148973107337951660e+02 2.000000000000000000e+00
1.743682861328125000e+02 1.886197936534881592e+02 1.701284599304199219e+02 1.841217327117919922e+02 1.653154468536376953e+02 1.820775568485260010e+02 1.000000000000000000e+00
3.067171013355255127e+02 2.487828066945075989e+02 2.991288137435913086e+02 2.440475159883499146e+02 2.910950922966003418e+02 2.416758424043655396e+02 2.000000000000000000e+00
4.461286354064941406e+02 1.138866806030273438e+02 4.383472347259521484e+02 1.089098596572875977e+02 4.302149105072021484e+02 1.065342807769775391e+02 2.000000000000000000e+00
3.804313993453979492e+02 3.747937059402465820e+02 3.728595590591430664e+02 3.697481203079223633e+02 3.649136066436767578e+02 3.673833417892456055e+02 2.000000000000000000e+00
4.664126586914062500e+02 1.850017368793487549e+02 4.586189270019531250e+02 1.799131894111633301e+02 4.505818843841552734e+02 1.775938367843627930e+02 2.000000000000000000e+00
3.256346744298934937e+02 3.685202693939208984e+02 3.181748045980930328e+02 3.636006832122802734e+02 3.101826781034469604e+02 3.612781763076782227e+02 2.000000000000000000e+00
4.035305500030517578e+02 1.387264037132263184e+02 3.957420063018798828e+02 1.338667702674865723e+02 3.876627826690673828e+02 1.315416526794433594e+02 2.000000000000000000e+00
4.024587440490722656e+02 1.502988553047180176e+02 3.946750497817993164e+02 1.454000830650329590e+02 3.865751981735229492e+02 1.430614399909973145e+02 2.000000000000000000e+00
4.928786277770996094e+02 1.479080271720886230e+02 4.851579093933105469e+02 1.428659319877624512e+02 4.769621276855468750e+02 1.405049371719360352e+02 2.000000000000000000e+00
5.249583244323730469e+02 3.397516250610351562e+01 5.172399902343750000e+02 2.891721725463867188e+01 5.090110206604003906e+02 2.661118984222412109e+01 2.000000000000000000e+00
3.853598356246948242e+02 3.827832412719726562e+02 3.777996826171875000e+02 3.777345371246337891e+02 3.698177814483642578e+02 3.753882551193237305e+02 2.000000000000000000e+00
3.507953190803527832e+02 4.129054069519042969e+02 3.433249521255493164e+02 4.078858423233032227e+02 3.353281247615814209e+02 4.055085182189941406e+02 2.000000000000000000e+00
1.754539966583251953e+02 3.790471315383911133e+02 1.678797149658203125e+02 3.742542457580566406e+02 1.598417091369628906e+02 3.719561862945556641e+02 2.000000000000000000e+00
5.211200523376464844e+02 2.082870483398437500e+02 5.132264518737792969e+02 2.033547806739807129e+02 5.049983215332031250e+02 2.009534132480621338e+02 2.000000000000000000e+00
3.556394362449645996e+02 3.940917491912841797e+02 3.482011103630065918e+02 3.891587591171264648e+02 3.402064204216003418e+02 3.867028284072875977e+02 2.000000000000000000e+00
4.647356605529785156e+02 3.380495023727416992e+02 4.572281169891357422e+02 3.330249953269958496e+02 4.492298889160156250e+02 3.306082534790039062e+02 2.000000000000000000e+00
2.305677795410156250e+02 2.079085385799407959e+02 2.252520465850830078e+02 2.036595761775970459e+02 2.202288055419921875e+02 2.021986234188079834e+02 1.000000000000000000e+00
2.779704284667968750e+02 2.084872126579284668e+02 2.730343914031982422e+02 2.041434001922607422e+02 2.675552654266357422e+02 2.023142695426940918e+02 1.000000000000000000e+00
5.323540687561035156e+02 1.686549639701843262e+02 5.246173667907714844e+02 1.636695241928100586e+02 5.164547729492187500e+02 1.613250660896301270e+02 2.000000000000000000e+00
4.320507812500000000e+02 4.086811637878417969e+02 4.245362567901611328e+02 4.036174392700195312e+02 4.165489482879638672e+02 4.012655782699584961e+02 2.000000000000000000e+00
2.544510936737060547e+02 1.867167949676513672e+02 2.498733949661254883e+02 1.827636086940765381e+02 2.445186758041381836e+02 1.814097261428833008e+02 1.000000000000000000e+00
3.004473876953125000e+02 1.988208889961242676e+02 2.948162841796875000e+02 1.944728529453277588e+02 2.888894963264465332e+02 1.927648901939392090e+02 1.000000000000000000e+00
2.098610019683837891e+02 2.078150618076324463e+02 2.050232219696044922e+02 2.038933396339416504e+02 1.998648929595947266e+02 2.020291256904602051e+02 1.000000000000000000e+00
3.595234990119934082e+02 3.512387752532958984e+02 3.519626474380493164e+02 3.463207769393920898e+02 3.439971613883972168e+02 3.439596033096313477e+02 2.000000000000000000e+00
3.765835905075073242e+02 4.254397058486938477e+02 3.691219186782836914e+02 4.204052209854125977e+02 3.611372709274291992e+02 4.180275392532348633e+02 2.000000000000000000e+00
2.723544931411743164e+02 2.172166585922241211e+02 2.673144817352294922e+02 2.126848733425140381e+02 2.618040466308593750e+02 2.109762865304946899e+02 1.000000000000000000e+00
4.520606422424316406e+02 1.351182961463928223e+02 4.442201519012451172e+02 1.301306390762329102e+02 4.361504268646240234e+02 1.277526855468750000e+02 2.000000000000000000e+00
1.596572303771972656e+02 2.871525299549102783e+02 1.520942687988281250e+02 2.823024916648864746e+02 1.439082717895507812e+02 2.800624394416809082e+02 2.000000000000000000e+00
4.308082294464111328e+02 5.488775253295898438e+01 4.230186176300048828e+02 4.990709781646728516e+01 4.148336791992187500e+02 4.751635551452636719e+01 2.000000000000000000e+00
2.447498607635498047e+02 2.010237264633178711e+02 2.401755189895629883e+02 1.970076441764831543e+02 2.349193668365478516e+02 1.954554426670074463e+02 1.000000000000000000e+00
2.266606235504150391e+02 1.817548656463623047e+02 2.223029804229736328e+02 1.778257083892822266e+02 2.174043273925781250e+02 1.764220261573791504e+02 1.000000000000000000e+00
3.516062021255493164e+02 3.553492212295532227e+02 3.440444946289062500e+02 3.503985643386840820e+02 3.360821235179901123e+02 3.480384564399719238e+02 2.000000000000000000e+00
3.184821471571922302e+02 3.181566524505615234e+02 3.108748775720596313e+02 3.131676363945007324e+02 3.028703606128692627e+02 3.108126568794250488e+02 2.000000000000000000e+00
3.253572082519531250e+02 3.132049584388732910e+02 3.177454528212547302e+02 3.082527494430541992e+02 3.097475886344909668e+02 3.059149217605590820e+02 2.000000000000000000e+00
4.242308712005615234e+02 4.027827501296997070e+02 4.167019081115722656e+02 3.977355766296386719e+02 4.087300395965576172e+02 3.953577947616577148e+02 2.000000000000000000e+00
2.638152742385864258e+02 1.756649422645568848e+02 2.594034099578857422e+02 1.720460486412048340e+02 2.541279602050781250e+02 1.705764555931091309e+02 1.000000000000000000e+00
4.358956050872802734e+02 4.224892044067382812e+02 4.284675884246826172e+02 4.174054384231567383e+02 4.204850769042968750e+02 4.150210046768188477e+02 2.000000000000000000e+00
2.643947124481201172e+02 2.078588712215423584e+02 2.594407653808593750e+02 2.036328256130218506e+02 2.539627504348754883e+02 2.019034409523010254e+02 1.000000000000000000e+00
3.366038823127746582e+02 3.407658433914184570e+02 3.290997010469436646e+02 3.358104014396667480e+02 3.211018371582031250e+02 3.335269546508789062e+02 2.000000000000000000e+00
3.536197829246520996e+02 3.633302021026611328e+02 3.460769343376159668e+02 3.584110450744628906e+02 3.381022346019744873e+02 3.560106253623962402e+02 2.000000000000000000e+00
3.683372211456298828e+02 1.124641227722167969e+02 3.606134366989135742e+02 1.074933815002441406e+02 3.524897766113281250e+02 1.051723766326904297e+02 2.000000000000000000e+00
3.934064340591430664e+02 4.171331834793090820e+02 3.859086608886718750e+02 4.121115159988403320e+02 3.779087543487548828e+02 4.097293138504028320e+02 2.000000000000000000e+00
1.707571125030517578e+02 4.299824666976928711e+02 1.632898521423339844e+02 4.252174758911132812e+02 1.551559638977050781e+02 4.229196310043334961e+02 2.000000000000000000e+00
3.162352904677391052e+02 1.872597026824951172e+02 3.104253846406936646e+02 1.831954479217529297e+02 3.041732180118560791e+02 1.814936041831970215e+02 1.000000000000000000e+00
3.159536743164062500e+02 4.241632747650146484e+02 3.084425044059753418e+02 4.192919969558715820e+02 3.004560542106628418e+02 4.169348573684692383e+02 2.000000000000000000e+00
3.492123103141784668e+02 2.756959247589111328e+02 3.416892099380493164e+02 2.707059645652770996e+02 3.336732482910156250e+02 2.684122323989868164e+02 2.000000000000000000e+00
4.059074687957763672e+02 2.748485112190246582e+02 3.984119558334350586e+02 2.700335705280303955e+02 3.903475046157836914e+02 2.675997018814086914e+02 2.000000000000000000e+00
3.845007944107055664e+02 4.273263645172119141e+02 3.770231962203979492e+02 4.223014354705810547e+02 3.690934133529663086e+02 4.198986053466796875e+02 2.000000000000000000e+00
3.264970397949218750e+02 3.339245653152465820e+02 3.189611816406250000e+02 3.289650893211364746e+02 3.109641414880752563e+02 3.266352581977844238e+02 2.000000000000000000e+00
4.049008846282958984e+02 1.838118553161621094e+02 3.973625516891479492e+02 1.791077399253845215e+02 3.892759704589843750e+02 1.767626953125000000e+02 2.000000000000000000e+00
3.465244746208190918e+02 3.463974380493164062e+02 3.389464724063873291e+02 3.414316463470458984e+02 3.310397946834564209e+02 3.390862154960632324e+02 2.000000000000000000e+00
1.977982425689697266e+02 4.196700525283813477e+02 1.903133392333984375e+02 4.148015213012695312e+02 1.822196006774902344e+02 4.125793790817260742e+02 2.000000000000000000e+00
3.258746951818466187e+02 3.974535369873046875e+02 3.183888854086399078e+02 3.924659442901611328e+02 3.103679198026657104e+02 3.901374578475952148e+02 2.000000000000000000e+00
5.100931167602539062e+02 2.798050403594970703e+01 5.023427200317382812e+02 2.296272754669189453e+01 4.942016029357910156e+02 2.064479827880859375e+01 2.000000000000000000e+00
3.405628061294555664e+02 3.494273757934570312e+02 3.330179750919342041e+02 3.444538593292236328e+02 3.250427550077438354e+02 3.421399283409118652e+02 2.000000000000000000e+00
4.741135311126708984e+02 1.858942222595214844e+02 4.663319396972656250e+02 1.808548700809478760e+02 4.582601070404052734e+02 1.785344195365905762e+02 2.000000000000000000e+00
3.690127897262573242e+02 5.834517002105712891e+01 3.613572406768798828e+02 5.332574844360351562e+01 3.532002258300781250e+02 5.094267368316650391e+01 2.000000000000000000e+00
3.634733581542968750e+02 3.432588529586791992e+02 3.558517765998840332e+02 3.383204698562622070e+02 3.478753972053527832e+02 3.359438824653625488e+02 2.000000000000000000e+00
5.437411499023437500e+02 1.384427618980407715e+02 5.360185623168945312e+02 1.333733010292053223e+02 5.277968788146972656e+02 1.310333204269409180e+02 2.000000000000000000e+00
2.813243103027343750e+02 1.626164817810058594e+02 2.763585519790649414e+02 1.589369773864746094e+02 2.709710359573364258e+02 1.576211500167846680e+02 1.000000000000000000e+00
4.270893001556396484e+02 3.316266560554504395e+02 4.194563579559326172e+02 3.266025710105895996e+02 4.114841365814208984e+02 3.242217779159545898e+02 2.000000000000000000e+00
3.527025461196899414e+02 4.019163894653320312e+02 3.452564692497253418e+02 3.969806241989135742e+02 3.372481083869934082e+02 3.945665073394775391e+02 2.000000000000000000e+00
2.224523639678955078e+02 3.445638513565063477e+02 2.149706745147705078e+02 3.397682833671569824e+02 2.068696403503417969e+02 3.375216436386108398e+02 2.000000000000000000e+00
1.666858005523681641e+02 2.922069740295410156e+02 1.591281127929687500e+02 2.873687446117401123e+02 1.509163665771484375e+02 2.851279628276824951e+02 2.000000000000000000e+00
4.878022766113281250e+02 2.142302387952804565e+02 4.798346900939941406e+02 2.092452228069305420e+02 4.758179378509521484e+02 2.072999703884124756e+02 2.000000000000000000e+00
4.020745849609375000e+02 6.925170421600341797e+01 3.944994211196899414e+02 6.430262088775634766e+01 3.863764667510986328e+02 6.191895961761474609e+01 2.000000000000000000e+00
4.157123088836669922e+02 3.022589206695556641e+01 4.079732990264892578e+02 2.518906116485595703e+01 3.998445129394531250e+02 2.279498577117919922e+01 2.000000000000000000e+00
4.055691242218017578e+02 2.019840717315673828e+01 3.979034423828125000e+02 1.514961719512939453e+01 3.897742033004760742e+02 1.271750450134277344e+01 2.000000000000000000e+00
5.033655166625976562e+02 3.403864860534667969e+01 4.955924797058105469e+02 2.904238700866699219e+01 4.874226188659667969e+02 2.670720577239990234e+01 2.000000000000000000e+00
1.281746101379394531e+02 3.925414466857910156e+02 1.205414390563964844e+02 3.877400922775268555e+02 1.123793411254882812e+02 3.855359888076782227e+02 2.000000000000000000e+00
4.882766532897949219e+02 1.811987400054931641e+01 4.806064796447753906e+02 1.299333572387695312e+01 4.724347209930419922e+02 1.064879894256591797e+01 2.000000000000000000e+00
2.573331594467163086e+02 1.751153397560119629e+02 2.529212808609008789e+02 1.714297628402709961e+02 2.477414560317993164e+02 1.700173902511596680e+02 1.000000000000000000e+00
3.680613422393798828e+02 9.432672500610351562e+01 3.602850055694580078e+02 8.938532352447509766e+01 3.522100830078125000e+02 8.703133106231689453e+01 2.000000000000000000e+00
2.226259326934814453e+02 2.016681182384490967e+02 2.176668548583984375e+02 1.979444718360900879e+02 2.126186943054199219e+02 1.960540151596069336e+02 1.000000000000000000e+00
4.134762287139892578e+02 1.790780925750732422e+02 4.058226299285888672e+02 1.740544080734252930e+02 3.977215576171875000e+02 1.716711831092834473e+02 2.000000000000000000e+00
4.270363807678222656e+02 4.156128931045532227e+02 4.195380878448486328e+02 4.105430746078491211e+02 4.115521907806396484e+02 4.081807279586791992e+02 2.000000000000000000e+00
4.257097148895263672e+02 1.725241184234619141e+01 4.178528499603271484e+02 1.217491149902343750e+01 4.097370910644531250e+02 9.737877845764160156e+00 2.000000000000000000e+00
4.258972835540771484e+02 9.022639274597167969e+01 4.181226825714111328e+02 8.511045455932617188e+01 4.099975585937500000e+02 8.269530773162841797e+01 2.000000000000000000e+00
1.845521354675292969e+02 3.790366315841674805e+02 1.769989299774169922e+02 3.742509555816650391e+02 1.689415550231933594e+02 3.719321966171264648e+02 2.000000000000000000e+00
3.209597473591566086e+02 4.191559267044067383e+02 3.134751588106155396e+02 4.142368555068969727e+02 3.054736018180847168e+02 4.118465709686279297e+02 2.000000000000000000e+00
3.479660034179687500e+02 3.237533569335937500e+01 3.401040959358215332e+02 2.736170768737792969e+01 3.319414985179901123e+02 2.494904994964599609e+01 2.000000000000000000e+00
5.135031700134277344e+02 1.766805839538574219e+02 5.058089637756347656e+02 1.715895223617553711e+02 4.976954650878906250e+02 1.692386555671691895e+02 2.000000000000000000e+00
1.613714599609375000e+02 2.640703743696212769e+02 1.536301994323730469e+02 2.591982740163803101e+02 1.454303169250488281e+02 2.568616336584091187e+02 2.000000000000000000e+00
5.395590782165527344e+02 2.034638500213623047e+02 5.320403480529785156e+02 1.984193408489227295e+02 5.238811683654785156e+02 1.960852324962615967e+02 2.000000000000000000e+00
2.926624441146850586e+02 3.489820933341979980e+02 2.851791691780090332e+02 3.440866756439208984e+02 2.771861267089843750e+02 3.417236709594726562e+02 2.000000000000000000e+00
1.304276466369628906e+02 4.315334844589233398e+02 1.228414344787597656e+02 4.268225526809692383e+02 1.147024917602539062e+02 4.245439481735229492e+02 2.000000000000000000e+00
3.813421630859375000e+02 3.580084562301635742e+02 3.738132333755493164e+02 3.530876541137695312e+02 3.657829618453979492e+02 3.506532669067382812e+02 2.000000000000000000e+00
1.688096427917480469e+02 1.703587174415588379e+02 1.649896049499511719e+02 1.664523267745971680e+02 1.604629325866699219e+02 1.650198769569396973e+02 1.000000000000000000e+00
2.937391662597656250e+02 1.942879307270050049e+02 2.883118271827697754e+02 1.902546679973602295e+02 2.824870896339416504e+02 1.885093832015991211e+02 1.000000000000000000e+00
3.103657835721969604e+02 3.028401517868041992e+02 3.028928220272064209e+02 2.979445517063140869e+02 2.948528432846069336e+02 2.956113302707672119e+02 2.000000000000000000e+00
3.798181152343750000e+02 4.526988029479980469e+01 3.721108388900756836e+02 4.030451774597167969e+01 3.639287137985229492e+02 3.791459083557128906e+01 2.000000000000000000e+00
3.984401273727416992e+02 3.623512887954711914e+02 3.909054279327392578e+02 3.573011255264282227e+02 3.828534841537475586e+02 3.549722671508789062e+02 2.000000000000000000e+00
4.586501789093017578e+02 2.805690765380859375e+01 4.507711505889892578e+02 2.313330173492431641e+01 4.426629066467285156e+02 2.074081420898437500e+01 2.000000000000000000e+00
3.326184391975402832e+02 3.705680894851684570e+02 3.251448363065719604e+02 3.656020545959472656e+02 3.171536558866500854e+02 3.632834529876708984e+02 2.000000000000000000e+00
2.187325096130371094e+02 1.781008243560791016e+02 2.143863201141357422e+02 1.741370844841003418e+02 2.095267581939697266e+02 1.727568626403808594e+02 1.000000000000000000e+00
2.883006882667541504e+02 1.801937699317932129e+02 2.825505971908569336e+02 1.762268972396850586e+02 2.764323711395263672e+02 1.746515750885009766e+02 1.000000000000000000e+00
3.690928030014038086e+02 8.329911231994628906e+01 3.614520263671875000e+02 7.832272052764892578e+01 3.532351088523864746e+02 7.594285011291503906e+01 2.000000000000000000e+00
2.428730154037475586e+02 2.053565812110900879e+02 2.380165672302246094e+02 2.013107907772064209e+02 2.321549224853515625e+02 1.996565222740173340e+02 1.000000000000000000e+00
3.363453066349029541e+02 2.897148478031158447e+02 3.286952209472656250e+02 2.847703564167022705e+02 3.206943054497241974e+02 2.824487936496734619e+02 2.000000000000000000e+00
3.847676086425781250e+02 3.126065254211425781e+01 3.770953083038330078e+02 2.620031833648681641e+01 3.689549255371093750e+02 2.377618789672851562e+01 2.000000000000000000e+00
3.918525695800781250e+02 4.318684101104736328e+01 3.842673635482788086e+02 3.815505981445312500e+01 3.761276578903198242e+02 3.577261447906494141e+01 2.000000000000000000e+00
1.020198440551757812e+02 4.129162359237670898e+02 9.438442230224609375e+01 4.082219982147216797e+02 8.626779556274414062e+01 4.059785842895507812e+02 2.000000000000000000e+00
4.813226318359375000e+02 3.015479564666748047e+01 4.735964107513427734e+02 2.513131141662597656e+01 4.654447650909423828e+02 2.276135444641113281e+01 2.000000000000000000e+00
4.908979797363281250e+02 1.827513563632965088e+02 4.830778884887695312e+02 1.777315950393676758e+02 4.748722553253173828e+02 1.753954267501831055e+02 2.000000000000000000e+00
2.667355632781982422e+02 1.605869722366333008e+02 2.619537973403930664e+02 1.570625138282775879e+02 2.567179250717163086e+02 1.557193422317504883e+02 1.000000000000000000e+00
2.813478684425354004e+02 1.946706962585449219e+02 2.763446331024169922e+02 1.906305670738220215e+02 2.708659648895263672e+02 1.890077483654022217e+02 1.000000000000000000e+00
4.365470886230468750e+02 2.737306845188140869e+02 4.289454936981201172e+02 2.688241285085678101e+02 4.210339641571044922e+02 2.665126669406890869e+02 2.000000000000000000e+00
4.394419574737548828e+02 2.817222619056701660e+02 4.318238830566406250e+02 2.768084120750427246e+02 4.239185237884521484e+02 2.744946920871734619e+02 2.000000000000000000e+00
4.813400840759277344e+02 3.912152481079101562e+02 4.738748836517333984e+02 3.861321830749511719e+02 4.658934974670410156e+02 3.835573482513427734e+02 2.000000000000000000e+00
3.648540639877319336e+02 4.245927572250366211e+02 3.573438429832458496e+02 4.195422792434692383e+02 3.493639230728149414e+02 4.171836090087890625e+02 2.000000000000000000e+00
4.395942974090576172e+02 2.598391431570053101e+02 4.320190143585205078e+02 2.547985544800758362e+02 4.240809917449951172e+02 2.525245517492294312e+02 2.000000000000000000e+00
3.208378601074218750e+02 4.024304866790771484e+02 3.133825069665908813e+02 3.974358558654785156e+02 3.053842163085937500e+02 3.950704050064086914e+02 2.000000000000000000e+00
4.409083271026611328e+02 3.947680377960205078e+02 4.333433818817138672e+02 3.896287250518798828e+02 4.253814411163330078e+02 3.873066759109497070e+02 2.000000000000000000e+00
4.422018146514892578e+02 1.361724829673767090e+02 4.344182109832763672e+02 1.311639618873596191e+02 4.263212299346923828e+02 1.287772321701049805e+02 2.000000000000000000e+00
2.870705556869506836e+02 1.348516917228698730e+02 2.820948791503906250e+02 1.312350726127624512e+02 2.764679574966430664e+02 1.299547648429870605e+02 1.000000000000000000e+00
2.825214838981628418e+02 3.342105174064636230e+02 2.749673748016357422e+02 3.293099713325500488e+02 2.669003915786743164e+02 3.268901753425598145e+02 2.000000000000000000e+00
1.729699420928955078e+02 1.824061703681945801e+02 1.690400218963623047e+02 1.783956599235534668e+02 1.645505523681640625e+02 1.767542052268981934e+02 1.000000000000000000e+00
3.044835507869720459e+02 3.108434200286865234e+02 2.969133901596069336e+02 3.059084486961364746e+02 2.889030766487121582e+02 3.035869145393371582e+02 2.000000000000000000e+00
3.560375666618347168e+02 4.036521434783935547e+01 3.481511545181274414e+02 3.534650802612304688e+01 3.400310373306274414e+02 3.291372299194335938e+01 2.000000000000000000e+00
1.596832084655761719e+02 2.931818282604217529e+02 1.521347427368164062e+02 2.883440279960632324e+02 1.439224815368652344e+02 2.860975062847137451e+02 2.000000000000000000e+00
1.766172122955322266e+02 1.741458249092102051e+02 1.727609729766845703e+02 1.702351069450378418e+02 1.683041095733642578e+02 1.688720083236694336e+02 1.000000000000000000e+00
4.400819110870361328e+02 1.622984719276428223e+02 4.319020366668701172e+02 1.571584582328796387e+02 4.238024330139160156e+02 1.547851538658142090e+02 2.000000000000000000e+00
3.814622497558593750e+02 1.245901823043823242e+02 3.738323974609375000e+02 1.195455551147460938e+02 3.657141113281250000e+02 1.172049808502197266e+02 2.000000000000000000e+00
5.169991493225097656e+02 2.797526836395263672e+01 5.092964172363281250e+02 2.293099880218505859e+01 5.010789299011230469e+02 2.060982227325439453e+01 2.000000000000000000e+00
4.898832702636718750e+02 1.669074797630310059e+02 4.821631431579589844e+02 1.619098806381225586e+02 4.740285968780517578e+02 1.595301461219787598e+02 2.000000000000000000e+00
3.717295837402343750e+02 4.165550565719604492e+02 3.643420124053955078e+02 4.114908170700073242e+02 3.563591003417968750e+02 4.091406297683715820e+02 2.000000000000000000e+00
3.176667174696922302e+02 3.664691591262817383e+02 3.102216184139251709e+02 3.615843629837036133e+02 3.022095024585723877e+02 3.592641949653625488e+02 2.000000000000000000e+00
3.866914701461791992e+02 1.511935043334960938e+02 3.791225910186767578e+02 1.462442135810852051e+02 3.708999967575073242e+02 1.438493013381958008e+02 2.000000000000000000e+00
1.344170761108398438e+02 4.205247545242309570e+02 1.269160079956054688e+02 4.157740545272827148e+02 1.186893463134765625e+02 4.135615682601928711e+02 2.000000000000000000e+00
4.633999061584472656e+02 1.640241050720214844e+02 4.556813335418701172e+02 1.590644645690917969e+02 4.475974750518798828e+02 1.566747665405273438e+02 2.000000000000000000e+00
3.444456791877746582e+02 3.783055257797241211e+02 3.369141852855682373e+02 3.733583450317382812e+02 3.289519041776657104e+02 3.709788322448730469e+02 2.000000000000000000e+00
4.482851886749267578e+02 1.670217847824096680e+02 4.405766582489013672e+02 1.620453143119812012e+02 4.324522113800048828e+02 1.596806001663208008e+02 2.000000000000000000e+00
5.293632316589355469e+02 2.013573145866394043e+02 5.217169761657714844e+02 1.963672614097595215e+02 5.135682487487792969e+02 1.940289294719696045e+02 2.000000000000000000e+00
4.234599018096923828e+02 1.729904007911682129e+02 4.157674312591552734e+02 1.680238437652587891e+02 4.076923561096191406e+02 1.656529784202575684e+02 2.000000000000000000e+00
4.348991680145263672e+02 6.288908958435058594e+01 4.271195125579833984e+02 5.790268421173095703e+01 4.189845561981201172e+02 5.553371429443359375e+01 2.000000000000000000e+00
5.002574729919433594e+02 2.806157112121582031e+01 4.924779319763183594e+02 2.298827648162841797e+01 4.843524169921875000e+02 2.068624019622802734e+01 2.000000000000000000e+00
3.998341369628906250e+02 3.228006362915039062e+01 3.921703481674194336e+02 2.718651294708251953e+01 3.841059875488281250e+02 2.479223728179931641e+01 2.000000000000000000e+00
3.184107054769992828e+02 3.090199899673461914e+02 3.107984006404876709e+02 3.041028141975402832e+02 3.027857971191406250e+02 3.017630338668823242e+02 2.000000000000000000e+00
3.454946899414062500e+02 3.842384433746337891e+02 3.380150759220123291e+02 3.793037509918212891e+02 3.300180053710937500e+02 3.768977737426757812e+02 2.000000000000000000e+00
3.436193251609802246e+02 3.553732037544250488e+02 3.360745549201965332e+02 3.503779649734497070e+02 3.281088870763778687e+02 3.480169129371643066e+02 2.000000000000000000e+00
2.815884089469909668e+02 3.410652852058410645e+02 2.740778493881225586e+02 3.361635160446166992e+02 2.660231637954711914e+02 3.337644124031066895e+02 2.000000000000000000e+00
3.727501249313354492e+02 3.961909532546997070e+02 3.653092956542968750e+02 3.911461830139160156e+02 3.573625802993774414e+02 3.887817764282226562e+02 2.000000000000000000e+00
1.500471305847167969e+02 2.510261079668998718e+02 1.423998832702636719e+02 2.461775363981723785e+02 1.341684150695800781e+02 2.438593295216560364e+02 2.000000000000000000e+00
3.405023813247680664e+02 3.338323116302490234e+02 3.329566657543182373e+02 3.288663697242736816e+02 3.249653321504592896e+02 3.265287494659423828e+02 2.000000000000000000e+00
3.574590754508972168e+02 3.373432374000549316e+02 3.498518681526184082e+02 3.323803424835205078e+02 3.419001770019531250e+02 3.300255489349365234e+02 2.000000000000000000e+00
3.903813791275024414e+02 3.746653175354003906e+02 3.828331327438354492e+02 3.695833539962768555e+02 3.748227834701538086e+02 3.672323656082153320e+02 2.000000000000000000e+00
4.653496456146240234e+02 1.699073481559753418e+02 4.576373958587646484e+02 1.649874973297119141e+02 4.495550537109375000e+02 1.626268243789672852e+02 2.000000000000000000e+00
3.873846435546875000e+02 3.917419481277465820e+02 3.798205900192260742e+02 3.867057323455810547e+02 3.718283987045288086e+02 3.843548297882080078e+02 2.000000000000000000e+00
3.974460744857788086e+02 1.133001279830932617e+02 3.896898221969604492e+02 1.082664155960083008e+02 3.815767812728881836e+02 1.058666324615478516e+02 2.000000000000000000e+00
2.002632141113281250e+02 3.358780574798583984e+02 1.926746463775634766e+02 3.311663246154785156e+02 1.845804405212402344e+02 3.288491249084472656e+02 2.000000000000000000e+00
3.754933166503906250e+02 1.256212234497070312e+02 3.678751230239868164e+02 1.205867815017700195e+02 3.596472167968750000e+02 1.182584667205810547e+02 2.000000000000000000e+00
3.749632883071899414e+02 5.236458778381347656e+01 3.672671508789062500e+02 4.734030246734619141e+01 3.591415405273437500e+02 4.496220588684082031e+01 2.000000000000000000e+00
3.249097594618797302e+02 4.241146659851074219e+02 3.174208372831344604e+02 4.191995286941528320e+02 3.094320678710937500e+02 4.168143653869628906e+02 2.000000000000000000e+00
3.294293212890625000e+02 2.877186012268066406e+02 3.217499695718288422e+02 2.827626371383666992e+02 3.137615048885345459e+02 2.804457736015319824e+02 2.000000000000000000e+00
4.597474670410156250e+02 7.615825653076171875e+01 4.519813251495361328e+02 7.100368022918701172e+01 4.439174556732177734e+02 6.868959903717041016e+01 2.000000000000000000e+00
3.825756549835205078e+02 4.154873514175415039e+02 3.751496601104736328e+02 4.104734945297241211e+02 3.671986103057861328e+02 4.081214332580566406e+02 2.000000000000000000e+00
1.810513591766357422e+02 3.260473966598510742e+02 1.734058666229248047e+02 3.211884212493896484e+02 1.652887439727783203e+02 3.189308810234069824e+02 2.000000000000000000e+00
5.253519248962402344e+02 1.217427849769592285e+02 5.176395225524902344e+02 1.167657852172851562e+02 5.094285011291503906e+02 1.144766664505004883e+02 2.000000000000000000e+00
2.575629281997680664e+02 2.023202347755432129e+02 2.529370117187500000e+02 1.982807743549346924e+02 2.474871349334716797e+02 1.968040609359741211e+02 1.000000000000000000e+00
3.457938838005065918e+02 4.208947563171386719e+02 3.383566892147064209e+02 4.158169698715209961e+02 3.303158879280090332e+02 4.134989404678344727e+02 2.000000000000000000e+00
4.103207683563232422e+02 4.050258207321166992e+02 4.027368164062500000e+02 4.000793266296386719e+02 3.947553396224975586e+02 3.976432943344116211e+02 2.000000000000000000e+00
4.066597652435302734e+02 3.649826145172119141e+02 3.991950082778930664e+02 3.598595666885375977e+02 3.911837482452392578e+02 3.575593900680541992e+02 2.000000000000000000e+00
3.127060240507125854e+02 3.615793275833129883e+02 3.052344965934753418e+02 3.566718506813049316e+02 2.972221684455871582e+02 3.543550157546997070e+02 2.000000000000000000e+00
2.149830150604248047e+02 1.750896549224853516e+02 2.111390972137451172e+02 1.711046576499938965e+02 2.063390350341796875e+02 1.697643971443176270e+02 1.000000000000000000e+00
2.506022500991821289e+02 2.054417109489440918e+02 2.459884500503540039e+02 2.013011598587036133e+02 2.404784393310546875e+02 1.996509361267089844e+02 1.000000000000000000e+00
2.763536071777343750e+02 2.025991916656494141e+01 2.685663127899169922e+02 1.531233787536621094e+01 2.603215646743774414e+02 1.288530349731445312e+01 2.000000000000000000e+00
4.043549823760986328e+02 3.833169651031494141e+02 3.967845153808593750e+02 3.783035945892333984e+02 3.887928485870361328e+02 3.758649015426635742e+02 2.000000000000000000e+00
2.560578584671020508e+02 4.228876447677612305e+02 2.485532665252685547e+02 4.179674434661865234e+02 2.405169534683227539e+02 4.156714582443237305e+02 2.000000000000000000e+00
2.389516544342041016e+02 3.963192844390869141e+02 2.313764476776123047e+02 3.914083671569824219e+02 2.232647228240966797e+02 3.890695238113403320e+02 2.000000000000000000e+00
3.196998596191406250e+02 3.536294031143188477e+02 3.122022092342376709e+02 3.486464881896972656e+02 3.041887509822845459e+02 3.463577628135681152e+02 2.000000000000000000e+00
5.192092323303222656e+02 2.093592345714569092e+02 5.113136100769042969e+02 2.044045686721801758e+02 5.030674743652343750e+02 2.020161116123199463e+02 2.000000000000000000e+00
4.103476905822753906e+02 4.109152936935424805e+02 4.027473735809326172e+02 4.059875535964965820e+02 3.947741079330444336e+02 4.035694313049316406e+02 2.000000000000000000e+00
5.229310989379882812e+02 3.612223577499389648e+02 5.151751708984375000e+02 3.560653781890869141e+02 5.071759033203125000e+02 3.536418843269348145e+02 2.000000000000000000e+00
3.304872739315032959e+02 3.388093042373657227e+02 3.229944458603858948e+02 3.338631963729858398e+02 3.149481201171875000e+02 3.315584778785705566e+02 2.000000000000000000e+00
5.055588722229003906e+02 2.019191873073577881e+02 4.978019523620605469e+02 1.969243454933166504e+02 4.896594810485839844e+02 1.945854306221008301e+02 2.000000000000000000e+00
3.660109281539916992e+02 6.647684097290039062e+01 3.584262394905090332e+02 6.128869056701660156e+01 3.502133178710937500e+02 5.897831439971923828e+01 2.000000000000000000e+00
4.379337215423583984e+02 8.003329753875732422e+01 4.301278114318847656e+02 7.496699810028076172e+01 4.220232582092285156e+02 7.258635520935058594e+01 2.000000000000000000e+00
4.073798274993896484e+02 4.169014692306518555e+02 3.997719144821166992e+02 4.119353771209716797e+02 3.918402099609375000e+02 4.095448064804077148e+02 2.000000000000000000e+00
3.306479489803314209e+02 3.645597553253173828e+02 3.231569519639015198e+02 3.595947003364562988e+02 3.151558837294578552e+02 3.572645330429077148e+02 2.000000000000000000e+00
3.935969877243041992e+02 3.628316402435302734e+01 3.859537982940673828e+02 3.120377540588378906e+01 3.778669452667236328e+02 2.881831169128417969e+01 2.000000000000000000e+00
3.345985722541809082e+02 3.525227737426757812e+02 3.271110534667968750e+02 3.475267410278320312e+02 3.191004943847656250e+02 3.451993489265441895e+02 2.000000000000000000e+00
3.784090280532836914e+02 3.828536510467529297e+02 3.708441495895385742e+02 3.777954483032226562e+02 3.629113769531250000e+02 3.754397106170654297e+02 2.000000000000000000e+00
4.917374992370605469e+02 1.329412007331848145e+02 4.840244483947753906e+02 1.279016232490539551e+02 4.758652973175048828e+02 1.255620360374450684e+02 2.000000000000000000e+00
3.674680185317993164e+02 3.540925025939941406e+02 3.599483656883239746e+02 3.492067909240722656e+02 3.519087219238281250e+02 3.467982244491577148e+02 2.000000000000000000e+00
3.205811462551355362e+02 3.330568313598632812e+02 3.130688172578811646e+02 3.281124329566955566e+02 3.050086367130279541e+02 3.257382273674011230e+02 2.000000000000000000e+00
3.099543154239654541e+02 4.142171430587768555e+02 3.024777221679687500e+02 4.093111896514892578e+02 2.944109487533569336e+02 4.069293594360351562e+02 2.000000000000000000e+00
3.075513911247253418e+02 3.318187022209167480e+02 3.000805962085723877e+02 3.268844032287597656e+02 2.920090937614440918e+02 3.245680260658264160e+02 2.000000000000000000e+00
2.617316579818725586e+02 3.582765269279479980e+02 2.542697906494140625e+02 3.533612751960754395e+02 2.462055635452270508e+02 3.510886001586914062e+02 2.000000000000000000e+00
4.355383586883544922e+02 2.421431064605712891e+01 4.277648925781250000e+02 1.914027214050292969e+01 4.196811580657958984e+02 1.669321060180664062e+01 2.000000000000000000e+00
1.423163414001464844e+02 4.145423126220703125e+02 1.347982597351074219e+02 4.097224473953247070e+02 1.266201972961425781e+02 4.075730037689208984e+02 2.000000000000000000e+00
1.612953758239746094e+02 2.510686343908309937e+02 1.536011695861816406e+02 2.462122195959091187e+02 1.454309654235839844e+02 2.438409273326396942e+02 2.000000000000000000e+00
5.403152465820312500e+02 1.092630815505981445e+02 5.324705886840820312e+02 1.040536451339721680e+02 5.243139076232910156e+02 1.017714071273803711e+02 2.000000000000000000e+00
2.428022432327270508e+02 5.752940654754638672e+01 2.348221588134765625e+02 5.265307903289794922e+01 2.266696166992187500e+02 5.026625633239746094e+01 2.000000000000000000e+00
3.467402958869934082e+02 3.950930500030517578e+02 3.392762148380279541e+02 3.901441669464111328e+02 3.312559509277343750e+02 3.877338981628417969e+02 2.000000000000000000e+00
1.372674751281738281e+02 4.084500503540039062e+02 1.296730041503906250e+02 4.036193990707397461e+02 1.215802955627441406e+02 4.014489269256591797e+02 2.000000000000000000e+00
3.535322880744934082e+02 3.105164194107055664e+02 3.459098815917968750e+02 3.055185270309448242e+02 3.379300844669342041e+02 3.032751488685607910e+02 2.000000000000000000e+00
1.433679962158203125e+02 4.244853544235229492e+02 1.358979988098144531e+02 4.196439599990844727e+02 1.276405525207519531e+02 4.174892377853393555e+02 2.000000000000000000e+00
4.822976493835449219e+02 3.349652767181396484e+02 4.746506977081298828e+02 3.298642015457153320e+02 4.666429138183593750e+02 3.274829149246215820e+02 2.000000000000000000e+00
2.759189128875732422e+02 3.779936313629150391e+02 2.684040498733520508e+02 3.731046152114868164e+02 2.604152202606201172e+02 3.707625246047973633e+02 2.000000000000000000e+00
3.650303030014038086e+02 4.931143283843994141e+01 3.573035287857055664e+02 4.427992343902587891e+01 3.491582655906677246e+02 4.188139915466308594e+01 2.000000000000000000e+00
4.093869686126708984e+02 3.971194267272949219e+02 4.018945312500000000e+02 3.921073007583618164e+02 3.938067960739135742e+02 3.896672201156616211e+02 2.000000000000000000e+00
4.421996498107910156e+02 1.200379014015197754e+02 4.343816566467285156e+02 1.150373125076293945e+02 4.262564373016357422e+02 1.126328659057617188e+02 2.000000000000000000e+00
4.177125549316406250e+02 2.223036289215087891e+01 4.099242877960205078e+02 1.717934131622314453e+01 4.018240356445312500e+02 1.476938724517822266e+01 2.000000000000000000e+00
3.171871033310890198e+02 2.768970966339111328e+02 3.095645439624786377e+02 2.719961249828338623e+02 3.015294492244720459e+02 2.696758747100830078e+02 2.000000000000000000e+00
4.718731403350830078e+02 3.467604446411132812e+02 4.643003559112548828e+02 3.417091083526611328e+02 4.562113666534423828e+02 3.393780541419982910e+02 2.000000000000000000e+00
2.017617607116699219e+02 4.007330131530761719e+02 1.943600749969482422e+02 3.959447765350341797e+02 1.861749744415283203e+02 3.936602497100830078e+02 2.000000000000000000e+00
1.991088581085205078e+02 2.020509481430053711e+02 1.951391601562500000e+02 1.983450293540954590e+02 1.901920890808105469e+02 1.964621865749359131e+02 1.000000000000000000e+00
1.201606178283691406e+02 4.056453037261962891e+02 1.126100349426269531e+02 4.008346652984619141e+02 1.044369316101074219e+02 3.986316347122192383e+02 2.000000000000000000e+00
3.808127450942993164e+02 3.627511024475097656e+01 3.731174945831298828e+02 3.121172904968261719e+01 3.649257516860961914e+02 2.879128932952880859e+01 2.000000000000000000e+00
2.871375107765197754e+02 1.701960253715515137e+02 2.817766404151916504e+02 1.664535927772521973e+02 2.761025667190551758e+02 1.650221943855285645e+02 1.000000000000000000e+00
5.171577835083007812e+02 2.145533126592636108e+02 5.095130920410156250e+02 2.096404409408569336e+02 5.015180778503417969e+02 2.073303365707397461e+02 2.000000000000000000e+00
3.873759794235229492e+02 3.518786644935607910e+02 3.798535156250000000e+02 3.468779969215393066e+02 3.718125629425048828e+02 3.445436453819274902e+02 2.000000000000000000e+00
3.856814289093017578e+02 2.433706283569335938e+01 3.779017019271850586e+02 1.923508644104003906e+01 3.697890615463256836e+02 1.681879520416259766e+01 2.000000000000000000e+00
2.761997652053833008e+02 1.621579241752624512e+02 2.713309621810913086e+02 1.585479712486267090e+02 2.660726022720336914e+02 1.572422719001770020e+02 1.000000000000000000e+00
4.396690654754638672e+02 2.552277070283889771e+02 4.321966552734375000e+02 2.502014315128326416e+02 4.241999244689941406e+02 2.477800905704498291e+02 2.000000000000000000e+00
3.152275085449218750e+02 4.343831634521484375e+02 3.077389216423034668e+02 4.294569253921508789e+02 2.997748112678527832e+02 4.271021890640258789e+02 2.000000000000000000e+00
3.680255460739135742e+02 3.432279109954833984e+01 3.602622985839843750e+02 2.928746223449707031e+01 3.521578073501586914e+02 2.684916973114013672e+01 2.000000000000000000e+00
5.217872428894042969e+02 3.542406034469604492e+02 5.140491294860839844e+02 3.491038870811462402e+02 5.059652709960937500e+02 3.466457891464233398e+02 2.000000000000000000e+00
4.898523330688476562e+02 1.758501219749450684e+02 4.821509742736816406e+02 1.708159875869750977e+02 4.739581298828125000e+02 1.684842467308044434e+02 2.000000000000000000e+00
1.192571830749511719e+02 3.916654443740844727e+02 1.116483688354492188e+02 3.868906688690185547e+02 1.033939170837402344e+02 3.846444511413574219e+02 2.000000000000000000e+00
5.406795692443847656e+02 2.123152756690979004e+02 5.328843498229980469e+02 2.072371816635131836e+02 5.248883628845214844e+02 2.047791874408721924e+02 2.000000000000000000e+00
4.531559181213378906e+02 1.440702795982360840e+02 4.453505611419677734e+02 1.390940952301025391e+02 4.372721862792968750e+02 1.367225003242492676e+02 2.000000000000000000e+00
4.100973224639892578e+02 6.927590847015380859e+01 4.022893714904785156e+02 6.430081844329833984e+01 3.941633939743041992e+02 6.190748691558837891e+01 2.000000000000000000e+00
3.607634592056274414e+02 3.990277862548828125e+02 3.533380126953125000e+02 3.940475177764892578e+02 3.453198862075805664e+02 3.916197824478149414e+02 2.000000000000000000e+00
3.554544067382812500e+02 3.174755573272705078e+02 3.478831791877746582e+02 3.125199937820434570e+02 3.398523259162902832e+02 3.102324843406677246e+02 2.000000000000000000e+00
1.480931854248046875e+02 3.773932886123657227e+02 1.404751968383789062e+02 3.725370597839355469e+02 1.323384094238281250e+02 3.703701782226562500e+02 2.000000000000000000e+00
3.654572153091430664e+02 3.244318270683288574e+02 3.578433227539062500e+02 3.194495272636413574e+02 3.498615121841430664e+02 3.171511888504028320e+02 2.000000000000000000e+00
3.933651733398437500e+02 3.846329069137573242e+02 3.857724905014038086e+02 3.795866489410400391e+02 3.777847623825073242e+02 3.772221708297729492e+02 2.000000000000000000e+00
3.990890216827392578e+02 2.690190750360488892e+02 3.914726877212524414e+02 2.641835027933120728e+02 3.834475421905517578e+02 2.617552810907363892e+02 2.000000000000000000e+00
2.327764987945556641e+02 3.833355760574340820e+02 2.253072834014892578e+02 3.784624385833740234e+02 2.172043132781982422e+02 3.762057495117187500e+02 2.000000000000000000e+00
2.845044541358947754e+02 3.281352281570434570e+02 2.769535827636718750e+02 3.232917237281799316e+02 2.688692331314086914e+02 3.208598399162292480e+02 2.000000000000000000e+00
3.440601515769958496e+02 5.027539730072021484e+01 3.361827087402343750e+02 4.526099681854248047e+01 3.280276489257812500e+02 4.284367561340332031e+01 2.000000000000000000e+00
1.525559043884277344e+02 4.182473802566528320e+02 1.450823402404785156e+02 4.134149551391601562e+02 1.369015693664550781e+02 4.112233972549438477e+02 2.000000000000000000e+00
2.630787324905395508e+02 4.228417825698852539e+02 2.555675649642944336e+02 4.179234123229980469e+02 2.475370168685913086e+02 4.156388282775878906e+02 2.000000000000000000e+00
4.557055377960205078e+02 3.637959623336791992e+02 4.481529521942138672e+02 3.586418509483337402e+02 4.401979351043701172e+02 3.562994742393493652e+02 2.000000000000000000e+00
3.990615558624267578e+02 2.630437320470809937e+02 3.914429330825805664e+02 2.581965333223342896e+02 3.834579467773437500e+02 2.557611858844757080e+02 2.000000000000000000e+00
5.343726921081542969e+02 1.485806822776794434e+02 5.266139602661132812e+02 1.435402035713195801e+02 5.184506225585937500e+02 1.411620140075683594e+02 2.000000000000000000e+00
2.667180490493774414e+02 3.383095765113830566e+02 2.591675996780395508e+02 3.334242010116577148e+02 2.511487102508544922e+02 3.310414195060729980e+02 2.000000000000000000e+00
3.983690214157104492e+02 4.219174575805664062e+02 3.908555316925048828e+02 4.169458436965942383e+02 3.828894662857055664e+02 4.145660734176635742e+02 2.000000000000000000e+00
3.754541349411010742e+02 3.699516963958740234e+02 3.679057312011718750e+02 3.649257230758666992e+02 3.599843764305114746e+02 3.625825595855712891e+02 2.000000000000000000e+00
4.584607601165771484e+02 2.966050457954406738e+02 4.508490943908691406e+02 2.915720844268798828e+02 4.428507423400878906e+02 2.891374826431274414e+02 2.000000000000000000e+00
2.905987548828125000e+02 3.419895672798156738e+02 2.830581974983215332e+02 3.370993065834045410e+02 2.750205373764038086e+02 3.347371888160705566e+02 2.000000000000000000e+00
3.617483854293823242e+02 4.068677759170532227e+02 3.542901301383972168e+02 4.019009113311767578e+02 3.462919020652770996e+02 3.995138883590698242e+02 2.000000000000000000e+00
2.757157278060913086e+02 1.708013606071472168e+02 2.705769968032836914e+02 1.670109486579895020e+02 2.651155996322631836e+02 1.656348824501037598e+02 1.000000000000000000e+00
3.577557373046875000e+02 4.256701183319091797e+02 3.502539992332458496e+02 4.206102132797241211e+02 3.423002624511718750e+02 4.182682657241821289e+02 2.000000000000000000e+00
3.522591567039489746e+02 2.696525895595550537e+02 3.447001647949218750e+02 2.646647965908050537e+02 3.367083740234375000e+02 2.623705458641052246e+02 2.000000000000000000e+00
5.223488235473632812e+02 8.708629131317138672e+01 5.145397949218750000e+02 8.195069789886474609e+01 5.064082145690917969e+02 7.970682621002197266e+01 2.000000000000000000e+00
2.759922790527343750e+02 4.295334863662719727e+02 2.685884380340576172e+02 4.246272325515747070e+02 2.605945110321044922e+02 4.223513031005859375e+02 2.000000000000000000e+00
1.769598960876464844e+02 3.120202946662902832e+02 1.692653942108154297e+02 3.072537875175476074e+02 1.611292552947998047e+02 3.049094295501708984e+02 2.000000000000000000e+00
4.388424110412597656e+02 5.788490295410156250e+01 4.310427570343017578e+02 5.288187503814697266e+01 4.228835201263427734e+02 5.050343513488769531e+01 2.000000000000000000e+00
2.869159841537475586e+02 1.544424819946289062e+02 2.818849492073059082e+02 1.506651377677917480e+02 2.764797353744506836e+02 1.495483946800231934e+02 1.000000000000000000e+00
3.410512399673461914e+02 3.533234596252441406e+01 3.331833493709564209e+02 3.032089233398437500e+01 3.250177919864654541e+02 2.790827751159667969e+01 2.000000000000000000e+00
1.855680561065673828e+02 1.874367034435272217e+02 1.815584373474121094e+02 1.833762180805206299e+02 1.767634582519531250e+02 1.818178689479827881e+02 1.000000000000000000e+00
3.614574003219604492e+02 3.195056819915771484e+02 3.538434147834777832e+02 3.145157504081726074e+02 3.458518671989440918e+02 3.122412157058715820e+02 2.000000000000000000e+00
3.157345274090766907e+02 1.812995588779449463e+02 3.099117124080657959e+02 1.772685527801513672e+02 3.035600280761718750e+02 1.756564879417419434e+02 1.000000000000000000e+00
3.289781492948532104e+02 4.152252531051635742e+02 3.214467774331569672e+02 4.102348423004150391e+02 3.134659117460250854e+02 4.078540134429931641e+02 2.000000000000000000e+00
4.445355510711669922e+02 2.657849138975143433e+02 4.368943786621093750e+02 2.608131122589111328e+02 4.289454078674316406e+02 2.585314035415649414e+02 2.000000000000000000e+00
5.325922203063964844e+02 2.083258938789367676e+02 5.247753334045410156e+02 2.032892882823944092e+02 5.168420982360839844e+02 2.008616924285888672e+02 2.000000000000000000e+00
5.120593261718750000e+02 3.400820732116699219e+01 5.043918418884277344e+02 2.898083209991455078e+01 4.961753654479980469e+02 2.666387557983398438e+01 2.000000000000000000e+00
1.695155334472656250e+02 3.901270151138305664e+02 1.620023059844970703e+02 3.853187370300292969e+02 1.538529396057128906e+02 3.830531930923461914e+02 2.000000000000000000e+00
2.432608032226562500e+02 4.232059764862060547e+02 2.356887531280517578e+02 4.182903814315795898e+02 2.276614475250244141e+02 4.159837675094604492e+02 2.000000000000000000e+00
4.547498226165771484e+02 4.143841409683227539e+02 4.472939205169677734e+02 4.092928504943847656e+02 4.392831134796142578e+02 4.067800712585449219e+02 2.000000000000000000e+00
3.498060297966003418e+02 4.258191633224487305e+02 3.423083186149597168e+02 4.207217216491699219e+02 3.343293762207031250e+02 4.184068965911865234e+02 2.000000000000000000e+00
3.385117495059967041e+02 3.734922552108764648e+02 3.310130310058593750e+02 3.685234737396240234e+02 3.230213013291358948e+02 3.662045288085937500e+02 2.000000000000000000e+00
1.120869255065917969e+02 3.936750268936157227e+02 1.045161247253417969e+02 3.889428806304931641e+02 9.620038986206054688e+01 3.866704845428466797e+02 2.000000000000000000e+00
3.951203298568725586e+02 2.940091574192047119e+02 3.874940204620361328e+02 2.891292142868041992e+02 3.794915485382080078e+02 2.867276930809020996e+02 2.000000000000000000e+00
3.195295410230755806e+02 3.272023344039916992e+02 3.120098263025283813e+02 3.222339248657226562e+02 3.039521789550781250e+02 3.198369455337524414e+02 2.000000000000000000e+00
3.294874268770217896e+02 5.416337013244628906e+01 3.216864319145679474e+02 4.909948825836181641e+01 3.135367733240127563e+02 4.670761585235595703e+01 2.000000000000000000e+00
5.374176597595214844e+02 1.734310126304626465e+02 5.296959304809570312e+02 1.684212470054626465e+02 5.214984130859375000e+02 1.661225080490112305e+02 2.000000000000000000e+00
5.308444213867187500e+02 3.671480798721313477e+02 5.231565666198730469e+02 3.619515752792358398e+02 5.151510047912597656e+02 3.595905804634094238e+02 2.000000000000000000e+00
5.074457168579101562e+02 1.726947927474975586e+02 4.997415161132812500e+02 1.676161909103393555e+02 4.915981864929199219e+02 1.652569985389709473e+02 2.000000000000000000e+00
5.211961174011230469e+02 7.397336483001708984e+01 5.134063720703125000e+02 6.896312713623046875e+01 5.051414299011230469e+02 6.658747673034667969e+01 2.000000000000000000e+00
4.276427364349365234e+02 4.312542915344238281e+01 4.198594379425048828e+02 3.812870979309082031e+01 4.116134357452392578e+02 3.571605205535888672e+01 2.000000000000000000e+00
3.614343881607055664e+02 3.323692989349365234e+02 3.538235473632812500e+02 3.274085140228271484e+02 3.458492732048034668e+02 3.250487136840820312e+02 2.000000000000000000e+00
1.893048572540283203e+02 1.789742875099182129e+02 1.852102375030517578e+02 1.749036240577697754e+02 1.805706310272216797e+02 1.736461901664733887e+02 1.000000000000000000e+00
3.287910461425781250e+02 2.628310203552246094e+01 3.210400085896253586e+02 2.126063346862792969e+01 3.128706967830657959e+02 1.882372856140136719e+01 2.000000000000000000e+00
3.974416494369506836e+02 4.061449384689331055e+02 3.898450040817260742e+02 4.011105108261108398e+02 3.818933439254760742e+02 3.987050914764404297e+02 2.000000000000000000e+00
3.998217773437500000e+02 4.821189880371093750e+01 3.922625732421875000e+02 4.321779727935791016e+01 3.841337919235229492e+02 4.084154605865478516e+01 2.000000000000000000e+00
1.737646198272705078e+02 3.021584486961364746e+02 1.662062931060791016e+02 2.973110389709472656e+02 1.579807472229003906e+02 2.950334823131561279e+02 2.000000000000000000e+00
4.168155860900878906e+02 4.120744228363037109e+01 4.091394710540771484e+02 3.618003845214843750e+01 4.009904479980468750e+02 3.379381656646728516e+01 2.000000000000000000e+00
2.542022991180419922e+02 2.100785046815872192e+02 2.493928813934326172e+02 2.058413815498352051e+02 2.438692140579223633e+02 2.040406000614166260e+02 1.000000000000000000e+00
4.299007606506347656e+02 8.509562015533447266e+01 4.221047973632812500e+02 8.007960319519042969e+01 4.140099239349365234e+02 7.767594337463378906e+01 2.000000000000000000e+00
2.084091758728027344e+02 3.268759202957153320e+02 2.008166503906250000e+02 3.220696449279785156e+02 1.927660083770751953e+02 3.196943736076354980e+02 2.000000000000000000e+00
3.055673515796661377e+02 3.407424688339233398e+02 2.981138610839843750e+02 3.358521437644958496e+02 2.901095271110534668e+02 3.335507869720458984e+02 2.000000000000000000e+00
1.331994819641113281e+02 3.855213117599487305e+02 1.254997253417968750e+02 3.807837295532226562e+02 1.173350143432617188e+02 3.785129499435424805e+02 2.000000000000000000e+00
1.913447856903076172e+02 2.004197072982788086e+02 1.873218250274658203e+02 1.965180015563964844e+02 1.823954296112060547e+02 1.947851085662841797e+02 1.000000000000000000e+00
4.098458290100097656e+02 4.223532199859619141e+01 4.021843624114990234e+02 3.720442771911621094e+01 3.940444660186767578e+02 3.481870651245117188e+01 2.000000000000000000e+00
3.580538630485534668e+02 5.233604907989501953e+01 3.503922438621520996e+02 4.729747295379638672e+01 3.421575617790222168e+02 4.487593173980712891e+01 2.000000000000000000e+00
4.655715656280517578e+02 3.204811477661132812e+02 4.578771400451660156e+02 3.153430223464965820e+02 4.498578834533691406e+02 3.129197716712951660e+02 2.000000000000000000e+00
4.038182735443115234e+02 4.026034355163574219e+01 3.961484670639038086e+02 3.519437313079833984e+01 3.880718088150024414e+02 3.281621932983398438e+01 2.000000000000000000e+00
3.421895766258239746e+02 2.527214974164962769e+02 3.345960998535156250e+02 2.478038182854652405e+02 3.265581971406936646e+02 2.454740452766418457e+02 2.000000000000000000e+00
1.905328083038330078e+02 3.729800462722778320e+02 1.829538822174072266e+02 3.682230234146118164e+02 1.748558044433593750e+02 3.658736944198608398e+02 2.000000000000000000e+00
4.234607219696044922e+02 3.465083384513854980e+02 4.158710384368896484e+02 3.415300369262695312e+02 4.078532695770263672e+02 3.391328787803649902e+02 2.000000000000000000e+00
2.273911094665527344e+02 3.385087966918945312e+02 2.198937034606933594e+02 3.336951613426208496e+02 2.117846488952636719e+02 3.314582848548889160e+02 2.000000000000000000e+00
4.533188152313232422e+02 3.045710492134094238e+02 4.458035945892333984e+02 2.996136796474456787e+02 4.376800251007080078e+02 2.972468590736389160e+02 2.000000000000000000e+00
4.795075702667236328e+02 2.072491121292114258e+02 4.718193340301513672e+02 2.023502647876739502e+02 4.635970783233642578e+02 1.999280512332916260e+02 2.000000000000000000e+00
3.656186246871948242e+02 3.701277208328247070e+02 3.581530451774597168e+02 3.651654767990112305e+02 3.502128291130065918e+02 3.627996253967285156e+02 2.000000000000000000e+00
5.175183677673339844e+02 1.497348260879516602e+02 5.097538566589355469e+02 1.447069358825683594e+02 5.015325355529785156e+02 1.423899149894714355e+02 2.000000000000000000e+00
4.122125911712646484e+02 1.384222197532653809e+02 4.044610309600830078e+02 1.334287190437316895e+02 3.964154386520385742e+02 1.310499215126037598e+02 2.000000000000000000e+00
3.530861520767211914e+02 2.556796270608901978e+02 3.454722905158996582e+02 2.507845616340637207e+02 3.374614262580871582e+02 2.484684151411056519e+02 2.000000000000000000e+00
2.392814636230468750e+02 4.291583919525146484e+02 2.315998363494873047e+02 4.242672157287597656e+02 2.236692333221435547e+02 4.219736051559448242e+02 2.000000000000000000e+00
5.379479408264160156e+02 4.391561508178710938e+01 5.302694129943847656e+02 3.897118091583251953e+01 5.220459556579589844e+02 3.662472724914550781e+01 2.000000000000000000e+00
4.724376201629638672e+02 3.011695861816406250e+01 4.645606994628906250e+02 2.514364242553710938e+01 4.564282512664794922e+02 2.278422832489013672e+01 2.000000000000000000e+00
4.577114582061767578e+02 4.212926673889160156e+02 4.501912593841552734e+02 4.161897325515747070e+02 4.421941566467285156e+02 4.136960220336914062e+02 2.000000000000000000e+00
1.570814514160156250e+02 3.394078087806701660e+02 1.494303321838378906e+02 3.345679950714111328e+02 1.413417816162109375e+02 3.324241089820861816e+02 2.000000000000000000e+00
3.284844666719436646e+02 3.017379498481750488e+02 3.208572387695312500e+02 2.968169295787811279e+02 3.128398132324218750e+02 2.945330822467803955e+02 2.000000000000000000e+00
2.477468872070312500e+02 3.524057650566101074e+02 2.402041292190551758e+02 3.475270414352416992e+02 2.321603202819824219e+02 3.452342247962951660e+02 2.000000000000000000e+00
4.991226196289062500e+02 4.147211122512817383e+02 4.915006828308105469e+02 4.095393133163452148e+02 4.835272216796875000e+02 4.071529912948608398e+02 2.000000000000000000e+00
3.964929819107055664e+02 3.524983906745910645e+02 3.889599609375000000e+02 3.474788260459899902e+02 3.809380483627319336e+02 3.451991629600524902e+02 2.000000000000000000e+00
4.040143775939941406e+02 6.326677322387695312e+01 3.964679288864135742e+02 5.832384109497070312e+01 3.883777475357055664e+02 5.593624591827392578e+01 2.000000000000000000e+00
3.944082975387573242e+02 3.694238662719726562e+02 3.868467426300048828e+02 3.643195581436157227e+02 3.788268136978149414e+02 3.619761085510253906e+02 2.000000000000000000e+00
2.994450688362121582e+02 3.049373531341552734e+02 2.918893122673034668e+02 3.000306701660156250e+02 2.838841843605041504e+02 2.976423668861389160e+02 2.000000000000000000e+00
3.356104433536529541e+02 3.595230460166931152e+02 3.281124573945999146e+02 3.545039105415344238e+02 3.201290588360279799e+02 3.521544241905212402e+02 2.000000000000000000e+00
4.167218303680419922e+02 2.630004894733428955e+02 4.091162109375000000e+02 2.581169146299362183e+02 4.009769630432128906e+02 2.556875306367874146e+02 2.000000000000000000e+00
2.086681461334228516e+02 4.045590591430664062e+02 2.012454509735107422e+02 3.996082878112792969e+02 1.930760669708251953e+02 3.974479436874389648e+02 2.000000000000000000e+00
2.844573354721069336e+02 3.159216928482055664e+02 2.770027160644531250e+02 3.111563158035278320e+02 2.689208364486694336e+02 3.087677049636840820e+02 2.000000000000000000e+00
3.217394410073757172e+02 3.457615685462951660e+02 3.141929012537002563e+02 3.407682538032531738e+02 3.061489558219909668e+02 3.384858727455139160e+02 2.000000000000000000e+00
3.295779722929000854e+02 3.475935387611389160e+02 3.220426940917968750e+02 3.426336693763732910e+02 3.140217286348342896e+02 3.403676176071166992e+02 2.000000000000000000e+00
4.807040786743164062e+02 1.369846272468566895e+02 4.730234432220458984e+02 1.319783091545104980e+02 4.648837280273437500e+02 1.296816802024841309e+02 2.000000000000000000e+00
2.123722839355468750e+02 2.132614570856094360e+02 2.073177433013916016e+02 2.087222564220428467e+02 2.022825431823730469e+02 2.069946563243865967e+02 1.000000000000000000e+00
3.364379584789276123e+02 2.826720893383026123e+02 3.288129580020904541e+02 2.777355980873107910e+02 3.208244323730468750e+02 2.754088139533996582e+02 2.000000000000000000e+00
4.739855670928955078e+02 1.181899738311767578e+02 4.662585735321044922e+02 1.132268142700195312e+02 4.581468486785888672e+02 1.108253288269042969e+02 2.000000000000000000e+00
2.052915477752685547e+02 3.457724690437316895e+02 1.977306079864501953e+02 3.410112333297729492e+02 1.896523571014404297e+02 3.386934900283813477e+02 2.000000000000000000e+00
2.629123544692993164e+02 3.901347970962524414e+02 2.554581117630004883e+02 3.852647495269775391e+02 2.474535226821899414e+02 3.829181241989135742e+02 2.000000000000000000e+00
1.586883354187011719e+02 4.242256021499633789e+02 1.511867904663085938e+02 4.194272518157958984e+02 1.430593109130859375e+02 4.171697759628295898e+02 2.000000000000000000e+00
2.283458232879638672e+02 2.160316461324691772e+02 2.228757762908935547e+02 2.115211468935012817e+02 2.175858783721923828e+02 2.096402728557586670e+02 1.000000000000000000e+00
2.563468599319458008e+02 1.968899810314178467e+02 2.516863250732421875e+02 1.928772389888763428e+02 2.463364076614379883e+02 1.914611935615539551e+02 1.000000000000000000e+00
4.298456764221191406e+02 4.264146566390991211e+02 4.224443054199218750e+02 4.213326787948608398e+02 4.144073200225830078e+02 4.189081478118896484e+02 2.000000000000000000e+00
3.242619934678077698e+02 2.549089059233665466e+02 3.165924683213233948e+02 2.499273839592933655e+02 3.085704648494720459e+02 2.476246038079261780e+02 2.000000000000000000e+00
3.698823547363281250e+02 4.432288169860839844e+01 3.620897531509399414e+02 3.933128356933593750e+01 3.539182734489440918e+02 3.690628051757812500e+01 2.000000000000000000e+00
4.527380371093750000e+02 3.235932040214538574e+02 4.452442073822021484e+02 3.185472178459167480e+02 4.371417522430419922e+02 3.161760878562927246e+02 2.000000000000000000e+00
4.938109207153320312e+02 7.405311584472656250e+01 4.858321189880371094e+02 6.904625415802001953e+01 4.776445960998535156e+02 6.671547889709472656e+01 2.000000000000000000e+00
1.897224140167236328e+02 2.649043589830398560e+02 1.821044635772705078e+02 2.600289005041122437e+02 1.740036773681640625e+02 2.576971757411956787e+02 2.000000000000000000e+00
4.997200012207031250e+02 1.836979043483734131e+02 4.920257949829101562e+02 1.786651110649108887e+02 4.838021850585937500e+02 1.763428330421447754e+02 2.000000000000000000e+00
3.891413879394531250e+02 3.240504527091979980e+02 3.816185903549194336e+02 3.190336060523986816e+02 3.736341238021850586e+02 3.166666603088378906e+02 2.000000000000000000e+00
1.922002410888671875e+02 2.989194059371948242e+02 1.845234012603759766e+02 2.941502094268798828e+02 1.764168834686279297e+02 2.918393898010253906e+02 2.000000000000000000e+00
2.890989685058593750e+02 4.076216840744018555e+02 2.815627741813659668e+02 4.026867198944091797e+02 2.735757446289062500e+02 4.003937530517578125e+02 2.000000000000000000e+00
2.774364614486694336e+02 3.262344717979431152e+02 2.699297475814819336e+02 3.213678002357482910e+02 2.618251943588256836e+02 3.189655494689941406e+02 2.000000000000000000e+00
5.286514282226562500e+02 3.542280936241149902e+02 5.209118652343750000e+02 3.490865564346313477e+02 5.128543663024902344e+02 3.466269922256469727e+02 2.000000000000000000e+00
5.165910720825195312e+02 3.976810026168823242e+02 5.090685462951660156e+02 3.924584484100341797e+02 5.010450744628906250e+02 3.900848150253295898e+02 2.000000000000000000e+00
5.424384117126464844e+02 1.464054679870605469e+02 5.346757316589355469e+02 1.413465499877929688e+02 5.265143394470214844e+02 1.389598345756530762e+02 2.000000000000000000e+00
3.106307065486907959e+02 2.547100380063056946e+02 3.030203247070312500e+02 2.499801027774810791e+02 2.948981928825378418e+02 2.476465308666229248e+02 2.000000000000000000e+00
4.608026409149169922e+02 9.002510547637939453e+01 4.531041240692138672e+02 8.487266063690185547e+01 4.449452209472656250e+02 8.272713661193847656e+01 2.000000000000000000e+00
4.256920146942138672e+02 2.429512023925781250e+01 4.178912353515625000e+02 1.916346073150634766e+01 4.097499084472656250e+02 1.675827026367187500e+01 2.000000000000000000e+00
4.534506893157958984e+02 2.687317210435867310e+02 4.457682228088378906e+02 2.636725169420242310e+02 4.378228759765625000e+02 2.614020395278930664e+02 2.000000000000000000e+00
4.349576759338378906e+02 3.927315187454223633e+02 4.274285888671875000e+02 3.875978422164916992e+02 4.194417762756347656e+02 3.852575111389160156e+02 2.000000000000000000e+00
2.792411184310913086e+02 4.246189928054809570e+02 2.716854238510131836e+02 4.197239542007446289e+02 2.637154817581176758e+02 4.174474525451660156e+02 2.000000000000000000e+00
2.871474909782409668e+02 4.255150794982910156e+02 2.796815776824951172e+02 4.206356048583984375e+02 2.716905212402343750e+02 4.183471441268920898e+02 2.000000000000000000e+00
3.298812258243560791e+02 4.052676200866699219e+02 3.224093627929687500e+02 4.002583694458007812e+02 3.143986207246780396e+02 3.978899574279785156e+02 2.000000000000000000e+00
3.020170891284942627e+02 4.053717756271362305e+02 2.945259404182434082e+02 4.004400730133056641e+02 2.864871525764465332e+02 3.981461620330810547e+02 2.000000000000000000e+00
3.661691904067993164e+02 2.725963461399078369e+02 3.585645461082458496e+02 2.675714439153671265e+02 3.505639338493347168e+02 2.653025221824645996e+02 2.000000000000000000e+00
3.762797260284423828e+02 2.933194291591644287e+02 3.685226774215698242e+02 2.882112443447113037e+02 3.605478239059448242e+02 2.858786022663116455e+02 2.000000000000000000e+00
1.821924114227294922e+02 1.797367501258850098e+02 1.782513236999511719e+02 1.757046747207641602e+02 1.738062095642089844e+02 1.743078303337097168e+02 1.000000000000000000e+00
1.944766044616699219e+02 3.659433603286743164e+02 1.868823528289794922e+02 3.611750221252441406e+02 1.787601947784423828e+02 3.588394832611083984e+02 2.000000000000000000e+00
2.092854881286621094e+02 1.912929975986480713e+02 2.052148151397705078e+02 1.874741792678833008e+02 2.002677631378173828e+02 1.857791411876678467e+02 1.000000000000000000e+00
4.918638420104980469e+02 1.599031162261962891e+02 4.840759849548339844e+02 1.549325180053710938e+02 4.759822082519531250e+02 1.525622677803039551e+02 2.000000000000000000e+00
3.095208430290222168e+02 3.179960346221923828e+02 3.019376528263092041e+02 3.129893517494201660e+02 2.939106440544128418e+02 3.106738328933715820e+02 2.000000000000000000e+00
5.366757202148437500e+02 7.492012023925781250e+01 5.289308547973632812e+02 6.988390445709228516e+01 5.207750892639160156e+02 6.750902652740478516e+01 2.000000000000000000e+00
5.401796340942382812e+02 1.283946347236633301e+02 5.323707389831542969e+02 1.233717298507690430e+02 5.241701126098632812e+02 1.210223150253295898e+02 2.000000000000000000e+00
4.412449932098388672e+02 1.441575551033020020e+02 4.335274982452392578e+02 1.391426610946655273e+02 4.254302120208740234e+02 1.367671751976013184e+02 2.000000000000000000e+00
2.333169364929199219e+02 2.181117081642150879e+02 2.275965118408203125e+02 2.136226487159729004e+02 2.222230625152587891e+02 2.117268973588943481e+02 1.000000000000000000e+00
3.994267606735229492e+02 4.120174598693847656e+02 3.918711566925048828e+02 4.070060777664184570e+02 3.839001464843750000e+02 4.046019029617309570e+02 2.000000000000000000e+00
2.869616389274597168e+02 1.595014572143554688e+02 2.819169926643371582e+02 1.557006955146789551e+02 2.764898061752319336e+02 1.543901753425598145e+02 1.000000000000000000e+00
