1.018487834930419922e+02 1.107257232069969177e+02 1.126105546951293945e+02 1.127416835725307465e+02 1.240187907218933105e+02 1.151779630780220032e+02 1.000000000000000000e+00
8.356898307800292969e+01 1.081622385978698730e+02 9.350128173828125000e+01 1.100386959314346313e+02 1.038223266601562500e+02 1.123233488202095032e+02 1.000000000000000000e+00
1.257703161239624023e+02 1.199010848952457309e+02 1.372689652442932129e+02 1.221610412746667862e+02 1.491103363037109375e+02 1.246457827091217041e+02 1.000000000000000000e+00
1.333170771598815918e+02 1.111610332131385803e+02 1.448653864860534668e+02 1.132497020065784454e+02 1.569034576416015625e+02 1.155318675935268402e+02 1.000000000000000000e+00
1.434839165210723877e+02 1.178435667604207993e+02 1.551047667860984802e+02 1.198956527654081583e+02 1.670777893066406250e+02 1.223076172918081284e+02 1.000000000000000000e+00
1.135013818740844727e+02 1.179201125353574753e+02 1.246250534057617188e+02 1.201356353843584657e+02 1.363876175880432129e+02 1.226179506629705429e+02 1.000000000000000000e+00
7.203156471252441406e+01 9.841593146324157715e+01 8.135635852813720703e+01 9.991159737110137939e+01 9.092575550079345703e+01 1.018322664499282837e+02 1.000000000000000000e+00
4.189137458801269531e+01 9.238248288631439209e+01 5.010218620300292969e+01 9.393836796283721924e+01 5.851505279541015625e+01 9.604636967182159424e+01 1.000000000000000000e+00
5.034951210021972656e+01 8.916637301445007324e+01 5.861340522766113281e+01 9.056722104549407959e+01 6.717023849487304688e+01 9.249851167201995850e+01 1.000000000000000000e+00
6.675929069519042969e+01 8.732507944107055664e+01 7.544255256652832031e+01 8.866694569587707520e+01 8.436864376068115234e+01 9.025118172168731689e+01 1.000000000000000000e+00
6.054916381835937500e+01 9.418405830860137939e+01 6.925455093383789062e+01 9.563632786273956299e+01 7.817067146301269531e+01 9.755584537982940674e+01 1.000000000000000000e+00
4.444614410400390625e+01 1.055964428186416626e+02 5.258180618286132812e+01 1.072579801082611084e+02 6.104119300842285156e+01 1.094063258171081543e+02 1.000000000000000000e+00
4.443968772888183594e+01 1.226905518025159836e+02 5.260872840881347656e+01 1.248501129448413849e+02 6.125819206237792969e+01 1.276073536276817322e+02 1.000000000000000000e+00
7.835637092590332031e+01 1.249928288161754608e+02 8.887973785400390625e+01 1.273994985222816467e+02 9.951631069183349609e+01 1.301889654994010925e+02 1.000000000000000000e+00
1.299992513656616211e+02 1.271303410828113556e+02 1.415610659122467041e+02 1.294195863604545593e+02 1.536233669519424438e+02 1.319797065854072571e+02 1.000000000000000000e+00
7.501614570617675781e+01 1.155835188925266266e+02 8.495731830596923828e+01 1.175765988975763321e+02 9.518431186676025391e+01 1.199633407581131905e+02 1.000000000000000000e+00
1.226751708984375000e+02 1.002413463592529297e+02 1.341109609603881836e+02 1.022052294015884399e+02 1.457408905029296875e+02 1.043646454811096191e+02 1.000000000000000000e+00
1.393675231933593750e+02 1.304530343413352966e+02 1.510424953699111938e+02 1.328781893849372864e+02 1.631349182128906250e+02 1.356478428840637207e+02 1.000000000000000000e+00
1.216369843482971191e+02 1.100616833567619324e+02 1.331272435188293457e+02 1.121578592061996460e+02 1.449299776554107666e+02 1.144967798888683319e+02 1.000000000000000000e+00
8.668505191802978516e+01 8.738085150718688965e+01 9.561043262481689453e+01 8.871121644973754883e+01 1.049432754516601562e+02 9.088454961776733398e+01 1.000000000000000000e+00
1.114296340942382812e+02 9.812341153621673584e+01 1.224872660636901855e+02 1.000830978155136108e+02 1.338754272460937500e+02 1.022727191448211670e+02 1.000000000000000000e+00
5.418091773986816406e+01 8.699766397476196289e+01 6.235072135925292969e+01 8.846865534782409668e+01 7.075473785400390625e+01 9.023888289928436279e+01 1.000000000000000000e+00
5.064536094665527344e+01 9.624456703662872314e+01 5.892682075500488281e+01 9.778040885925292969e+01 6.746476173400878906e+01 9.985882401466369629e+01 1.000000000000000000e+00
5.840354919433593750e+01 9.549828171730041504e+01 6.701096534729003906e+01 9.700386643409729004e+01 7.576706886291503906e+01 9.892019569873809814e+01 1.000000000000000000e+00
1.234390187263488770e+02 1.271862950921058655e+02 1.348685145378112793e+02 1.294720923900604248e+02 1.467523491382598877e+02 1.320610508322715759e+02 1.000000000000000000e+00
1.215943670272827148e+02 1.132956920564174652e+02 1.330549764633178711e+02 1.153970561921596527e+02 1.448044586181640625e+02 1.177991484850645065e+02 1.000000000000000000e+00
1.172021102905273438e+02 8.671602487564086914e+01 1.264800477027893066e+02 8.826662421226501465e+01 1.359811544418334961e+02 8.974297285079956055e+01 1.000000000000000000e+00
1.332477116584777832e+02 1.080511701107025146e+02 1.447863614559173584e+02 1.101130592823028564e+02 1.568302154541015625e+02 1.124235990643501282e+02 1.000000000000000000e+00
1.350696253776550293e+02 1.022942876815795898e+02 1.465185081958770752e+02 1.041708755493164062e+02 1.584111328423023224e+02 1.063265293836593628e+02 1.000000000000000000e+00
2.687196731567382812e+01 5.985980987548828125e+01 2.509881973266601562e+01 5.965084791183471680e+01 2.293335914611816406e+01 5.989284753799438477e+01 2.000000000000000000e+00
2.691660881042480469e+01 1.032832860946655273e+01 2.518102645874023438e+01 1.018203020095825195e+01 2.302437782287597656e+01 1.030670642852783203e+01 2.000000000000000000e+00
3.789593696594238281e+01 2.834918260574340820e+01 3.618115425109863281e+01 2.821813344955444336e+01 3.402207374572753906e+01 2.835885286331176758e+01 2.000000000000000000e+00
7.203949928283691406e+01 6.259455084800720215e+01 7.031613349914550781e+01 6.248545289039611816e+01 6.820521354675292969e+01 6.261759638786315918e+01 2.000000000000000000e+00
4.291676521301269531e+01 5.855223655700683594e+01 4.113550186157226562e+01 5.839989423751831055e+01 3.896105766296386719e+01 5.857025384902954102e+01 2.000000000000000000e+00
6.807478904724121094e+01 3.748872041702270508e+01 6.634796142578125000e+01 3.735360145568847656e+01 6.424180030822753906e+01 3.748789787292480469e+01 2.000000000000000000e+00
7.410563468933105469e+01 2.344554662704467773e+01 7.236604690551757812e+01 2.330747365951538086e+01 7.025171279907226562e+01 2.345597505569458008e+01 2.000000000000000000e+00
7.013827323913574219e+01 1.143922090530395508e+01 6.839255332946777344e+01 1.130576848983764648e+01 6.625540733337402344e+01 1.145140171051025391e+01 2.000000000000000000e+00
6.709646224975585938e+01 2.945910930633544922e+01 6.535989761352539062e+01 2.931106567382812500e+01 6.324558258056640625e+01 2.945549011230468750e+01 2.000000000000000000e+00
6.410589218139648438e+01 1.943215370178222656e+01 6.237473487854003906e+01 1.928349494934082031e+01 6.023283958435058594e+01 1.943836927413940430e+01 2.000000000000000000e+00
7.504567146301269531e+01 5.151173114776611328e+01 7.331789016723632812e+01 5.138036727905273438e+01 7.120900154113769531e+01 5.152360439300537109e+01 2.000000000000000000e+00
5.295944213867187500e+01 1.043048143386840820e+01 5.122694015502929688e+01 1.024742603302001953e+01 4.904977798461914062e+01 1.043618202209472656e+01 2.000000000000000000e+00
6.504525184631347656e+01 5.453229188919067383e+01 6.330066680908203125e+01 5.438939809799194336e+01 6.118839263916015625e+01 5.454761981964111328e+01 2.000000000000000000e+00
8.013285160064697266e+01 1.446002483367919922e+01 7.838612556457519531e+01 1.432633638381958008e+01 7.625434875488281250e+01 1.446646928787231445e+01 2.000000000000000000e+00
4.290487289428710938e+01 4.241015911102294922e+01 4.118707656860351562e+01 4.228255748748779297e+01 3.901181221008300781e+01 4.242522239685058594e+01 2.000000000000000000e+00
4.194415092468261719e+01 1.039353132247924805e+01 4.021514892578125000e+01 1.020993232727050781e+01 3.801072120666503906e+01 1.039285898208618164e+01 2.000000000000000000e+00
9.599275588989257812e+00 5.436318397521972656e+01 7.859268188476562500e+00 5.417880535125732422e+01 5.773363113403320312e+00 5.436794757843017578e+01 2.000000000000000000e+00
6.658115386962890625e+00 6.251495003700256348e+01 4.962491989135742188e+00 6.233035326004028320e+01 2.825794219970703125e+00 6.253746271133422852e+01 2.000000000000000000e+00
8.503467559814453125e+01 5.053896188735961914e+01 8.330646514892578125e+01 5.042248249053955078e+01 8.119759082794189453e+01 5.054199457168579102e+01 2.000000000000000000e+00
3.088124275207519531e+01 5.043922662734985352e+01 2.912721633911132812e+01 5.024803161621093750e+01 2.697267532348632812e+01 5.046343088150024414e+01 2.000000000000000000e+00
2.202796506881713867e+02 5.750420093536376953e+00 2.185684204101562500e+02 5.712726116180419922e+00 2.164401578903198242e+02 5.745885372161865234e+00 2.000000000000000000e+00
8.008454799652099609e+01 3.347888231277465820e+01 7.835148811340332031e+01 3.333802700042724609e+01 7.624165534973144531e+01 3.347118616104125977e+01 2.000000000000000000e+00
5.014061927795410156e+01 6.741737723350524902e+01 4.832988739013671875e+01 6.727353215217590332e+01 4.619101524353027344e+01 6.743842720985412598e+01 2.000000000000000000e+00
3.315666198730468750e+01 6.642974495887756348e+01 3.134215354919433594e+01 6.625046253204345703e+01 2.922613143920898438e+01 6.645576238632202148e+01 2.000000000000000000e+00
5.903473854064941406e+01 6.497477531433105469e+01 5.731140136718750000e+01 6.480072498321533203e+01 5.522374153137207031e+01 6.500541329383850098e+01 2.000000000000000000e+00
5.502364158630371094e+01 2.540551185607910156e+01 5.331768989562988281e+01 2.523872137069702148e+01 5.115765571594238281e+01 2.542960166931152344e+01 2.000000000000000000e+00
2.182670593261718750e+01 4.641888141632080078e+01 2.011371612548828125e+01 4.621786594390869141e+01 1.800561904907226562e+01 4.643549680709838867e+01 2.000000000000000000e+00
9.018267631530761719e+01 2.549936056137084961e+01 8.839920520782470703e+01 2.538343191146850586e+01 8.630322933197021484e+01 2.550532579421997070e+01 2.000000000000000000e+00
1.075140953063964844e+01 4.641066312789916992e+01 9.036159515380859375e+00 4.620848178863525391e+01 6.959323883056640625e+00 4.643202066421508789e+01 2.000000000000000000e+00
5.696834564208984375e+01 5.549061298370361328e+01 5.526317596435546875e+01 5.534897804260253906e+01 5.313070297241210938e+01 5.550801515579223633e+01 2.000000000000000000e+00
3.691427230834960938e+01 1.839848756790161133e+01 3.519515037536621094e+01 1.820918083190917969e+01 3.302778244018554688e+01 1.838905334472656250e+01 2.000000000000000000e+00
2.611582946777343750e+02 4.044728279113769531e+00 2.594598388671875000e+02 3.938512802124023438e+00 2.573429298400878906e+02 3.913915157318115234e+00 2.000000000000000000e+00
6.611467361450195312e+01 3.437783718109130859e+00 6.438881874084472656e+01 3.281521797180175781e+00 6.220329284667968750e+01 3.458032608032226562e+00 2.000000000000000000e+00
2.101437234878540039e+02 4.089953184127807617e+01 2.084645557403564453e+02 4.079801559448242188e+01 2.063927316665649414e+02 4.083181142807006836e+01 2.000000000000000000e+00
9.116996765136718750e+01 3.450694799423217773e+01 8.938648223876953125e+01 3.439282894134521484e+01 8.729283809661865234e+01 3.450261354446411133e+01 2.000000000000000000e+00
1.812041330337524414e+02 7.668864727020263672e+00 1.794927680492401123e+02 7.597460746765136719e+00 1.774247896671295166e+02 7.662348747253417969e+00 2.000000000000000000e+00
2.111740112304687500e+02 2.983053445816040039e+01 2.094608926773071289e+02 2.975453853607177734e+01 2.073778390884399414e+02 2.981792449951171875e+01 2.000000000000000000e+00
1.972024393081665039e+02 2.177789926528930664e+01 1.954804992675781250e+02 2.169709682464599609e+01 1.933784794807434082e+02 2.178312778472900391e+01 2.000000000000000000e+00
2.122525930404663086e+02 2.084808826446533203e+01 2.105285501480102539e+02 2.079524517059326172e+01 2.084203195571899414e+02 2.085082769393920898e+01 2.000000000000000000e+00
2.391878509521484375e+02 1.085130214691162109e+01 2.375144529342651367e+02 1.078629255294799805e+01 2.354364347457885742e+02 1.077778100967407227e+01 2.000000000000000000e+00
1.000682115554809570e+02 2.551697015762329102e+01 9.830285549163818359e+01 2.540594100952148438e+01 9.626046657562255859e+01 2.551367998123168945e+01 2.000000000000000000e+00
1.722254645824432373e+02 2.969902038574218750e+01 1.705040132999420166e+02 2.961615085601806641e+01 1.684094089269638062e+02 2.968534469604492188e+01 2.000000000000000000e+00
2.386507034301757812e+01 2.335414409637451172e+01 2.213182449340820312e+01 2.317702531814575195e+01 2.004827499389648438e+01 2.333279371261596680e+01 2.000000000000000000e+00
2.787750244140625000e+01 4.032473802566528320e+01 2.616831779479980469e+01 4.017837524414062500e+01 2.399770736694335938e+01 4.033962249755859375e+01 2.000000000000000000e+00
1.441800081729888916e+02 7.657270431518554688e+00 1.425016176700592041e+02 7.565295696258544922e+00 1.404078066349029541e+02 7.646484375000000000e+00 2.000000000000000000e+00
1.456938934326171875e+02 2.217080926895141602e+02 1.438482820987701416e+02 2.216395783424377441e+02 1.419689941406250000e+02 2.217332053184509277e+02 2.000000000000000000e+00
2.002527952194213867e+02 1.078747272491455078e+01 1.985163569450378418e+02 1.071784257888793945e+01 1.964017343521118164e+02 1.079129219055175781e+01 2.000000000000000000e+00
1.297816276550292969e+01 8.271253108978271484e+00 1.126235008239746094e+01 8.019790649414062500e+00 9.168081283569335938e+00 8.220627307891845703e+00 2.000000000000000000e+00
2.281788015365600586e+02 6.731915473937988281e+00 2.265101766586303711e+02 6.695287227630615234e+00 2.244108152389526367e+02 6.713089942932128906e+00 2.000000000000000000e+00
1.808829355239868164e+02 1.856771850585937500e+02 1.791359865665435791e+02 1.855878782272338867e+02 1.771578061580657959e+02 1.856545257568359375e+02 2.000000000000000000e+00
2.222430133819580078e+02 1.373548507690429688e+01 2.205321979522705078e+02 1.369577407836914062e+01 2.184223031997680664e+02 1.372160196304321289e+01 2.000000000000000000e+00
2.937580585479736328e+02 2.288112401962280273e+02 2.918656921386718750e+02 2.287597703933715820e+02 2.900193786621093750e+02 2.287016344070434570e+02 2.000000000000000000e+00
1.562202757596969604e+02 1.168766498565673828e+01 1.545087128877639771e+02 1.162518739700317383e+01 1.524351650476455688e+02 1.169766426086425781e+01 2.000000000000000000e+00
2.671558856964111328e+02 5.003134489059448242e+01 2.654524230957031250e+02 4.999794244766235352e+01 2.634053707122802734e+02 4.998641252517700195e+01 2.000000000000000000e+00
5.697915077209472656e+01 4.146759510040283203e+01 5.527929306030273438e+01 4.131388664245605469e+01 5.316440582275390625e+01 4.146474838256835938e+01 2.000000000000000000e+00
1.782143557071685791e+02 1.971294164657592773e+01 1.765082252025604248e+02 1.964451313018798828e+01 1.744329071044921875e+02 1.970392942428588867e+01 2.000000000000000000e+00
1.301957249641418457e+02 2.364313602447509766e+01 1.284711599349975586e+02 2.353885889053344727e+01 1.263884043693542480e+02 2.363400936126708984e+01 2.000000000000000000e+00
2.132585763931274414e+02 9.743843078613281250e+00 2.115438079833984375e+02 9.702973365783691406e+00 2.094089841842651367e+02 9.745638370513916016e+00 2.000000000000000000e+00
1.392245292663574219e+01 2.333255052566528320e+01 1.220962524414062500e+01 2.311858177185058594e+01 1.009637832641601562e+01 2.331210136413574219e+01 2.000000000000000000e+00
2.346369028091430664e+02 2.117824316024780273e+02 2.328617858886718750e+02 2.117289948463439941e+02 2.308981037139892578e+02 2.117446660995483398e+02 2.000000000000000000e+00
1.276114463806152344e+01 3.336127281188964844e+01 1.097675323486328125e+01 3.314889192581176758e+01 8.872327804565429688e+00 3.336941957473754883e+01 2.000000000000000000e+00
8.105594635009765625e+01 4.149380207061767578e+01 7.932816505432128906e+01 4.136472702026367188e+01 7.722625732421875000e+01 4.148859500885009766e+01 2.000000000000000000e+00
2.425463390350341797e+02 2.117714452743530273e+02 2.407590675354003906e+02 2.117229366302490234e+02 2.387781858444213867e+02 2.117278933525085449e+02 2.000000000000000000e+00
1.151690959930419922e+02 3.457990407943725586e+01 1.134504699707031250e+02 3.447182893753051758e+01 1.113713836669921875e+02 3.457697153091430664e+01 2.000000000000000000e+00
2.192120981216430664e+02 2.487653732299804688e+01 2.174911499023437500e+02 2.481856584548950195e+01 2.154010915756225586e+02 2.485874176025390625e+01 2.000000000000000000e+00
9.509254932403564453e+01 6.444840431213378906e+00 9.327625751495361328e+01 6.337244510650634766e+00 9.115308284759521484e+01 6.456112861633300781e+00 2.000000000000000000e+00
1.557731169462203979e+02 1.877072954177856445e+02 1.539224702119827271e+02 1.876368141174316406e+02 1.520371246337890625e+02 1.877204918861389160e+02 2.000000000000000000e+00
5.497668266296386719e+01 3.344503641128540039e+01 5.330455780029296875e+01 3.330144166946411133e+01 5.114390373229980469e+01 3.344670295715332031e+01 2.000000000000000000e+00
1.261777806282043457e+02 3.565589189529418945e+01 1.244870305061340332e+02 3.554150104522705078e+01 1.223952937126159668e+02 3.561849832534790039e+01 2.000000000000000000e+00
9.110466480255126953e+01 4.451851129531860352e+01 8.935146808624267578e+01 4.442578554153442383e+01 8.726041316986083984e+01 4.451205968856811523e+01 2.000000000000000000e+00
1.682098543643951416e+02 4.700660705566406250e+00 1.665200197696685791e+02 4.632925987243652344e+00 1.644522553682327271e+02 4.679782390594482422e+00 2.000000000000000000e+00
2.741072368621826172e+02 4.108743667602539062e+00 2.724166297912597656e+02 4.021146297454833984e+00 2.703100299835205078e+02 3.988788127899169922e+00 2.000000000000000000e+00
1.844659805297851562e+01 6.795934081077575684e+01 1.668436050415039062e+01 6.772137880325317383e+01 1.459197998046875000e+01 6.799964547157287598e+01 2.000000000000000000e+00
1.894727778434753418e+02 2.317753815650939941e+02 1.876578378677368164e+02 2.317093276977539062e+02 1.857532668113708496e+02 2.317706322669982910e+02 2.000000000000000000e+00
2.515291118621826172e+02 2.137605357170104980e+02 2.497487354278564453e+02 2.137177348136901855e+02 2.478136348724365234e+02 2.137178421020507812e+02 2.000000000000000000e+00
