1.240187907218933105e+02 1.151779630780220032e+02 1.374404740333557129e+02 1.180307310819625854e+02 1.535608518123626709e+02 1.187243574857711792e+02 1.000000000000000000e+00
1.038223266601562500e+02 1.123233488202095032e+02 1.164214992523193359e+02 1.149897918105125427e+02 1.312163853645324707e+02 1.155766139924526215e+02 1.000000000000000000e+00
1.491103363037109375e+02 1.246457827091217041e+02 1.635225066542625427e+02 1.277305001020431519e+02 1.799712681770324707e+02 1.285698705911636353e+02 1.000000000000000000e+00
1.569034576416015625e+02 1.155318675935268402e+02 1.714417576789855957e+02 1.183703917264938354e+02 1.881107187271118164e+02 1.190341796725988388e+02 1.000000000000000000e+00
1.670777893066406250e+02 1.223076172918081284e+02 1.815931391716003418e+02 1.252783969044685364e+02 1.981893610954284668e+02 1.258454288542270660e+02 1.000000000000000000e+00
1.363876175880432129e+02 1.226179506629705429e+02 1.502392882108688354e+02 1.257195894420146942e+02 1.667739868164062500e+02 1.265981599688529968e+02 1.000000000000000000e+00
9.092575550079345703e+01 1.018322664499282837e+02 1.027297973632812500e+02 1.042873370647430420e+02 1.163254976272583008e+02 1.044990527629852295e+02 1.000000000000000000e+00
5.851505279541015625e+01 9.604636967182159424e+01 6.902441024780273438e+01 9.827184140682220459e+01 8.165971279144287109e+01 9.811981916427612305e+01 1.000000000000000000e+00
6.717023849487304688e+01 9.249851167201995850e+01 7.778883934020996094e+01 9.451154172420501709e+01 9.047223567962646484e+01 9.427429854869842529e+01 1.000000000000000000e+00
8.436864376068115234e+01 9.025118172168731689e+01 9.567882537841796875e+01 9.229824721813201904e+01 1.085760545730590820e+02 9.198828041553497314e+01 1.000000000000000000e+00
7.817067146301269531e+01 9.755584537982940674e+01 8.927348136901855469e+01 9.973531186580657959e+01 1.022032165527343750e+02 9.954700291156768799e+01 1.000000000000000000e+00
6.104119300842285156e+01 1.094063258171081543e+02 7.142853736877441406e+01 1.115926131606101990e+02 8.404484272003173828e+01 1.114514842629432678e+02 1.000000000000000000e+00
6.125819206237792969e+01 1.276073536276817322e+02 7.172125816345214844e+01 1.305176550149917603e+02 8.445845127105712891e+01 1.312957468628883362e+02 1.000000000000000000e+00
9.951631069183349609e+01 1.301889654994010925e+02 1.125178670883178711e+02 1.333920139074325562e+02 1.275435328483581543e+02 1.344281780719757080e+02 1.000000000000000000e+00
1.536233669519424438e+02 1.319797065854072571e+02 1.680650025606155396e+02 1.351979827880859375e+02 1.848688673973083496e+02 1.360516673326492310e+02 1.000000000000000000e+00
9.518431186676025391e+01 1.199633407581131905e+02 1.079292678833007812e+02 1.228072893619537354e+02 1.227917551994323730e+02 1.236064530909061432e+02 1.000000000000000000e+00
1.457408905029296875e+02 1.043646454811096191e+02 1.601703491248190403e+02 1.072008740901947021e+02 1.767319488525390625e+02 1.076885595917701721e+02 1.000000000000000000e+00
1.631349182128906250e+02 1.356478428840637207e+02 1.776307380199432373e+02 1.389898377656936646e+02 1.945134139060974121e+02 1.399596422910690308e+02 1.000000000000000000e+00
1.449299776554107666e+02 1.144967798888683319e+02 1.594082641601562500e+02 1.174114072322845459e+02 1.758465576171875000e+02 1.181172025948762894e+02 1.000000000000000000e+00
1.049432754516601562e+02 9.088454961776733398e+01 1.165337514877319336e+02 9.314161598682403564e+01 1.318486166000366211e+02 9.298434376716613770e+01 1.000000000000000000e+00
1.338754272460937500e+02 1.022727191448211670e+02 1.475162351131439209e+02 1.050101771950721741e+02 1.636136171221733093e+02 1.053655922412872314e+02 1.000000000000000000e+00
7.075473785400390625e+01 9.023888289928436279e+01 8.121685028076171875e+01 9.214149355888366699e+01 9.385418415069580078e+01 9.181052327156066895e+01 1.000000000000000000e+00
6.746476173400878906e+01 9.985882401466369629e+01 7.799405097961425781e+01 1.020668935775756836e+02 9.058020591735839844e+01 1.018180006742477417e+02 1.000000000000000000e+00
7.576706886291503906e+01 9.892019569873809814e+01 8.660072803497314453e+01 1.011532741785049438e+02 9.916087150573730469e+01 1.008861994743347168e+02 1.000000000000000000e+00
1.467523491382598877e+02 1.320610508322715759e+02 1.610423737019300461e+02 1.352776497602462769e+02 1.777137148380279541e+02 1.361945343017578125e+02 1.000000000000000000e+00
1.448044586181640625e+02 1.177991484850645065e+02 1.592225646972656250e+02 1.208034363202750683e+02 1.756598973274230957e+02 1.216217346489429474e+02 1.000000000000000000e+00
1.359811544418334961e+02 8.974297285079956055e+01 1.492605590820312500e+02 9.174555838108062744e+01 1.648941347002983093e+02 9.157363057136535645e+01 1.000000000000000000e+00
1.568302154541015625e+02 1.124235990643501282e+02 1.713627171516418457e+02 1.152725981175899506e+02 1.878908705711364746e+02 1.157571865618228912e+02 1.000000000000000000e+00
1.584111328423023224e+02 1.063265293836593628e+02 1.728386688232421875e+02 1.091008749604225159e+02 1.889891505241394043e+02 1.093572002649307251e+02 1.000000000000000000e+00
2.293335914611816406e+01 5.989284753799438477e+01 2.245669364929199219e+01 6.025342226028442383e+01 2.334246635437011719e+01 5.832474231719970703e+01 2.000000000000000000e+00
2.302437782287597656e+01 1.030670642852783203e+01 2.256071090698242188e+01 1.056396961212158203e+01 2.336371421813964844e+01 8.635303974151611328e+00 2.000000000000000000e+00
3.402207374572753906e+01 2.835885286331176758e+01 3.355259895324707031e+01 2.862394094467163086e+01 3.437458038330078125e+01 2.673181772232055664e+01 2.000000000000000000e+00
6.820521354675292969e+01 6.261759638786315918e+01 6.767840385437011719e+01 6.296992421150207520e+01 6.856882095336914062e+01 6.104661941528320312e+01 2.000000000000000000e+00
3.896105766296386719e+01 5.857025384902954102e+01 3.850356101989746094e+01 5.885436058044433594e+01 3.938445091247558594e+01 5.695240259170532227e+01 2.000000000000000000e+00
6.424180030822753906e+01 3.748789787292480469e+01 6.371083259582519531e+01 3.777086734771728516e+01 6.457796096801757812e+01 3.582921981811523438e+01 2.000000000000000000e+00
7.025171279907226562e+01 2.345597505569458008e+01 6.973615646362304688e+01 2.375803470611572266e+01 7.058098793029785156e+01 2.178575277328491211e+01 2.000000000000000000e+00
6.625540733337402344e+01 1.145140171051025391e+01 6.575488090515136719e+01 1.172924995422363281e+01 6.658042907714843750e+01 9.773519039154052734e+00 2.000000000000000000e+00
6.324558258056640625e+01 2.945549011230468750e+01 6.273050308227539062e+01 2.975134134292602539e+01 6.358613014221191406e+01 2.779568910598754883e+01 2.000000000000000000e+00
6.023283958435058594e+01 1.943836927413940430e+01 5.972660064697265625e+01 1.973688840866088867e+01 6.056292533874511719e+01 1.776389837265014648e+01 2.000000000000000000e+00
7.120900154113769531e+01 5.152360439300537109e+01 7.067543983459472656e+01 5.183871030807495117e+01 7.155500411987304688e+01 4.988218545913696289e+01 2.000000000000000000e+00
4.904977798461914062e+01 1.043618202209472656e+01 4.858300209045410156e+01 1.070001125335693359e+01 4.939536094665527344e+01 8.741705417633056641e+00 2.000000000000000000e+00
6.118839263916015625e+01 5.454761981964111328e+01 6.064871788024902344e+01 5.483184814453125000e+01 6.152971267700195312e+01 5.287487983703613281e+01 2.000000000000000000e+00
7.625434875488281250e+01 1.446646928787231445e+01 7.574995040893554688e+01 1.475138425827026367e+01 7.658817291259765625e+01 1.278427362442016602e+01 2.000000000000000000e+00
3.901181221008300781e+01 4.242522239685058594e+01 3.854184150695800781e+01 4.272668123245239258e+01 3.940196990966796875e+01 4.077788114547729492e+01 2.000000000000000000e+00
3.801072120666503906e+01 1.039285898208618164e+01 3.757067680358886719e+01 1.063282728195190430e+01 3.837189674377441406e+01 8.693382740020751953e+00 2.000000000000000000e+00
5.773363113403320312e+00 5.436794757843017578e+01 5.305967330932617188e+00 5.467150211334228516e+01 6.210746765136718750e+00 5.270714521408081055e+01 2.000000000000000000e+00
2.825794219970703125e+00 6.253746271133422852e+01 2.382030487060546875e+00 6.288582444190979004e+01 3.298110961914062500e+00 6.093161702156066895e+01 2.000000000000000000e+00
8.119759082794189453e+01 5.054199457168579102e+01 8.067913532257080078e+01 5.088890790939331055e+01 8.155093193054199219e+01 4.889549016952514648e+01 2.000000000000000000e+00
2.697267532348632812e+01 5.046343088150024414e+01 2.650781631469726562e+01 5.073743104934692383e+01 2.738473892211914062e+01 4.881791353225708008e+01 2.000000000000000000e+00
2.164401578903198242e+02 5.745885372161865234e+00 2.159552001953125000e+02 6.216824054718017578e+00 2.167867755889892578e+02 3.940916061401367188e+00 2.000000000000000000e+00
7.624165534973144531e+01 3.347118616104125977e+01 7.572840690612792969e+01 3.376340389251708984e+01 7.657807350158691406e+01 3.180207252502441406e+01 2.000000000000000000e+00
4.619101524353027344e+01 6.743842720985412598e+01 4.565757751464843750e+01 6.771388649940490723e+01 4.656813621520996094e+01 6.578984498977661133e+01 2.000000000000000000e+00
2.922613143920898438e+01 6.645576238632202148e+01 2.869050979614257812e+01 6.673805594444274902e+01 2.958338737487792969e+01 6.482209324836730957e+01 2.000000000000000000e+00
5.522374153137207031e+01 6.500541329383850098e+01 5.467539787292480469e+01 6.534006357192993164e+01 5.557435035705566406e+01 6.339845538139343262e+01 2.000000000000000000e+00
5.115765571594238281e+01 2.542960166931152344e+01 5.065724372863769531e+01 2.577416181564331055e+01 5.149764060974121094e+01 2.380297422409057617e+01 2.000000000000000000e+00
1.800561904907226562e+01 4.643549680709838867e+01 1.750211715698242188e+01 4.670636415481567383e+01 1.838373184204101562e+01 4.479918479919433594e+01 2.000000000000000000e+00
8.630322933197021484e+01 2.550532579421997070e+01 8.578497886657714844e+01 2.574475765228271484e+01 8.657907009124755859e+01 2.378564357757568359e+01 2.000000000000000000e+00
6.959323883056640625e+00 4.643202066421508789e+01 6.442556381225585938e+00 4.666832685470581055e+01 7.357635498046875000e+00 4.473312377929687500e+01 2.000000000000000000e+00
5.313070297241210938e+01 5.550801515579223633e+01 5.263554573059082031e+01 5.581046104431152344e+01 5.352227210998535156e+01 5.385380744934082031e+01 2.000000000000000000e+00
3.302778244018554688e+01 1.838905334472656250e+01 3.256224632263183594e+01 1.865228176116943359e+01 3.337101936340332031e+01 1.672049045562744141e+01 2.000000000000000000e+00
2.573429298400878906e+02 3.913915157318115234e+00 2.568290996551513672e+02 4.425659179687500000e+00 2.576374816894531250e+02 2.197072505950927734e+00 2.000000000000000000e+00
6.220329284667968750e+01 3.458032608032226562e+00 6.171205520629882812e+01 3.744456768035888672e+00 6.253753662109375000e+01 1.762461662292480469e+00 2.000000000000000000e+00
2.063927316665649414e+02 4.083181142807006836e+01 2.059361886978149414e+02 4.133538722991943359e+01 2.067589282989501953e+02 3.915193319320678711e+01 2.000000000000000000e+00
8.729283809661865234e+01 3.450261354446411133e+01 8.676064968109130859e+01 3.474482774734497070e+01 8.759191989898681641e+01 3.278847455978393555e+01 2.000000000000000000e+00
1.774247896671295166e+02 7.662348747253417969e+00 1.769629979133605957e+02 8.132221698760986328e+00 1.777300107479095459e+02 5.930750370025634766e+00 2.000000000000000000e+00
2.073778390884399414e+02 2.981792449951171875e+01 2.069145345687866211e+02 3.029259681701660156e+01 2.077301359176635742e+02 2.811703920364379883e+01 2.000000000000000000e+00
1.933784794807434082e+02 2.178312778472900391e+01 1.929026198387145996e+02 2.225391626358032227e+01 1.937150573730468750e+02 2.010947227478027344e+01 2.000000000000000000e+00
2.084203195571899414e+02 2.085082769393920898e+01 2.079588317871093750e+02 2.130849123001098633e+01 2.087665700912475586e+02 1.913771867752075195e+01 2.000000000000000000e+00
2.354364347457885742e+02 1.077778100967407227e+01 2.348950672149658203e+02 1.132326364517211914e+01 2.357463073730468750e+02 9.078462123870849609e+00 2.000000000000000000e+00
9.626046657562255859e+01 2.551367998123168945e+01 9.576060295104980469e+01 2.578207969665527344e+01 9.655456542968750000e+01 2.376925706863403320e+01 2.000000000000000000e+00
1.684094089269638062e+02 2.968534469604492188e+01 1.679563444852828979e+02 3.016032457351684570e+01 1.687478488683700562e+02 2.796715021133422852e+01 2.000000000000000000e+00
2.004827499389648438e+01 2.333279371261596680e+01 1.955230712890625000e+01 2.358967781066894531e+01 2.037676811218261719e+01 2.168338537216186523e+01 2.000000000000000000e+00
2.399770736694335938e+01 4.033962249755859375e+01 2.352831840515136719e+01 4.064197540283203125e+01 2.437643051147460938e+01 3.872461080551147461e+01 2.000000000000000000e+00
1.404078066349029541e+02 7.646484375000000000e+00 1.399194931983947754e+02 8.045346736907958984e+00 1.407533109188079834e+02 5.964195728302001953e+00 2.000000000000000000e+00
1.419689941406250000e+02 2.217332053184509277e+02 1.413947451114654541e+02 2.221891379356384277e+02 1.424921262264251709e+02 2.200882744789123535e+02 2.000000000000000000e+00
1.964017343521118164e+02 1.079129219055175781e+01 1.959274291992187500e+02 1.123185396194458008e+01 1.967139744758605957e+02 9.073619842529296875e+00 2.000000000000000000e+00
9.168081283569335938e+00 8.220627307891845703e+00 8.668069839477539062e+00 8.491337299346923828e+00 9.497709274291992188e+00 6.575002670288085938e+00 2.000000000000000000e+00
2.244108152389526367e+02 6.713089942932128906e+00 2.238986539840698242e+02 7.184543609619140625e+00 2.247500610351562500e+02 4.912211894989013672e+00 2.000000000000000000e+00
1.771578061580657959e+02 1.856545257568359375e+02 1.766097104549407959e+02 1.860942721366882324e+02 1.775503242015838623e+02 1.839832162857055664e+02 2.000000000000000000e+00
2.184223031997680664e+02 1.372160196304321289e+01 2.179392099380493164e+02 1.419956445693969727e+01 2.187636899948120117e+02 1.193809032440185547e+01 2.000000000000000000e+00
2.900193786621093750e+02 2.287016344070434570e+02 2.893258953094482422e+02 2.292758059501647949e+02 2.905776691436767578e+02 2.268972229957580566e+02 2.000000000000000000e+00
1.524351650476455688e+02 1.169766426086425781e+01 1.519315034151077271e+02 1.200111865997314453e+01 1.527483671903610229e+02 9.935238361358642578e+00 2.000000000000000000e+00
2.634053707122802734e+02 4.998641252517700195e+01 2.629312419891357422e+02 5.041331291198730469e+01 2.637519550323486328e+02 4.818848848342895508e+01 2.000000000000000000e+00
5.316440582275390625e+01 4.146474838256835938e+01 5.265408515930175781e+01 4.179347276687622070e+01 5.352011680603027344e+01 3.983019590377807617e+01 2.000000000000000000e+00
1.744329071044921875e+02 1.970392942428588867e+01 1.739827573299407959e+02 2.019808530807495117e+01 1.747546696662902832e+02 1.800724267959594727e+01 2.000000000000000000e+00
1.263884043693542480e+02 2.363400936126708984e+01 1.259896993637084961e+02 2.401542663574218750e+01 1.267858958244323730e+02 2.189653873443603516e+01 2.000000000000000000e+00
2.094089841842651367e+02 9.745638370513916016e+00 2.089363718032836914e+02 1.022182703018188477e+01 2.097469663619995117e+02 7.973105907440185547e+00 2.000000000000000000e+00
1.009637832641601562e+01 2.331210136413574219e+01 9.609727859497070312e+00 2.357843399047851562e+01 1.047492980957031250e+01 2.165371656417846680e+01 2.000000000000000000e+00
2.308981037139892578e+02 2.117446660995483398e+02 2.304527616500854492e+02 2.122407603263854980e+02 2.314038991928100586e+02 2.099872756004333496e+02 2.000000000000000000e+00
8.872327804565429688e+00 3.336941957473754883e+01 8.448076248168945312e+00 3.360934495925903320e+01 9.291610717773437500e+00 3.168293952941894531e+01 2.000000000000000000e+00
7.722625732421875000e+01 4.148859500885009766e+01 7.670331001281738281e+01 4.181019544601440430e+01 7.757222175598144531e+01 3.984485149383544922e+01 2.000000000000000000e+00
2.387781858444213867e+02 2.117278933525085449e+02 2.383303213119506836e+02 2.122163414955139160e+02 2.393101501464843750e+02 2.099595522880554199e+02 2.000000000000000000e+00
1.113713836669921875e+02 3.457697153091430664e+01 1.108691453933715820e+02 3.487643480300903320e+01 1.117253923416137695e+02 3.281796455383300781e+01 2.000000000000000000e+00
2.154010915756225586e+02 2.485874176025390625e+01 2.149294137954711914e+02 2.531881570816040039e+01 2.157568073272705078e+02 2.313680648803710938e+01 2.000000000000000000e+00
9.115308284759521484e+01 6.456112861633300781e+00 9.062629699707031250e+01 6.718704700469970703e+00 9.145416736602783203e+01 4.773116111755371094e+00 2.000000000000000000e+00
1.520371246337890625e+02 1.877204918861389160e+02 1.515106964111328125e+02 1.881601452827453613e+02 1.525402981042861938e+02 1.860371446609497070e+02 2.000000000000000000e+00
5.114390373229980469e+01 3.344670295715332031e+01 5.064559936523437500e+01 3.375411272048950195e+01 5.149817466735839844e+01 3.179953336715698242e+01 2.000000000000000000e+00
1.223952937126159668e+02 3.561849832534790039e+01 1.218980407714843750e+02 3.597960948944091797e+01 1.227676463127136230e+02 3.387312412261962891e+01 2.000000000000000000e+00
8.726041316986083984e+01 4.451205968856811523e+01 8.673427581787109375e+01 4.486379384994506836e+01 8.761669158935546875e+01 4.286388158798217773e+01 2.000000000000000000e+00
1.644522553682327271e+02 4.679782390594482422e+00 1.639844208955764771e+02 5.111532211303710938e+00 1.647706604003906250e+02 2.948141098022460938e+00 2.000000000000000000e+00
2.703100299835205078e+02 3.988788127899169922e+00 2.698013019561767578e+02 4.447760581970214844e+00 2.706078529357910156e+02 2.212386131286621094e+00 2.000000000000000000e+00
1.459197998046875000e+01 6.799964547157287598e+01 1.412931442260742188e+01 6.834290742874145508e+01 1.501247406005859375e+01 6.640671372413635254e+01 2.000000000000000000e+00
1.857532668113708496e+02 2.317706322669982910e+02 1.852617645263671875e+02 2.322657036781311035e+02 1.861643385887145996e+02 2.300212025642395020e+02 2.000000000000000000e+00
2.478136348724365234e+02 2.137178421020507812e+02 2.473418331146240234e+02 2.141894245147705078e+02 2.483618927001953125e+02 2.119180011749267578e+02 2.000000000000000000e+00
