1.192681312561035156e+02 4.249997663497924805e+02 1.100913619995117188e+02 4.198292970657348633e+02 1.024147987365722656e+02 4.151367902755737305e+02 2.000000000000000000e+00
1.305753707885742188e+02 4.347540664672851562e+02 1.213517951965332031e+02 4.295969581604003906e+02 1.137481880187988281e+02 4.248938083648681641e+02 2.000000000000000000e+00
4.001394653320312500e+02 2.785336947441101074e+02 3.910571908950805664e+02 2.731199061870574951e+02 3.834687805175781250e+02 2.682879048585891724e+02 2.000000000000000000e+00
2.028953361511230469e+02 4.102224540710449219e+02 1.936813831329345703e+02 4.047810173034667969e+02 1.861997222900390625e+02 3.999834108352661133e+02 2.000000000000000000e+00
1.666596317291259766e+02 4.114761114120483398e+02 1.574269294738769531e+02 4.062749433517456055e+02 1.498172760009765625e+02 4.014786529541015625e+02 2.000000000000000000e+00
2.941388845443725586e+02 2.062181389331817627e+02 2.874208974838256836e+02 2.015526258945465088e+02 2.820030808448791504e+02 1.972309541702270508e+02 1.000000000000000000e+00
1.424270629882812500e+02 4.028159523010253906e+02 1.332032966613769531e+02 3.975095558166503906e+02 1.255494308471679688e+02 3.926872587203979492e+02 2.000000000000000000e+00
2.059569644927978516e+02 4.191242122650146484e+02 1.966911888122558594e+02 4.136892414093017578e+02 1.892003631591796875e+02 4.088261175155639648e+02 2.000000000000000000e+00
1.366265296936035156e+02 4.308042669296264648e+02 1.273803520202636719e+02 4.255599117279052734e+02 1.197917938232421875e+02 4.208475494384765625e+02 2.000000000000000000e+00
1.868245792388916016e+02 3.914482784271240234e+02 1.775669670104980469e+02 3.860524320602416992e+02 1.700301837921142578e+02 3.812603902816772461e+02 2.000000000000000000e+00
2.117370128631591797e+02 1.778856182098388672e+02 2.061535739898681641e+02 1.736699938774108887e+02 2.023306560516357422e+02 1.696730017662048340e+02 1.000000000000000000e+00
4.881864929199218750e+02 2.686320519447326660e+02 4.792162513732910156e+02 2.634813541173934937e+02 4.716590881347656250e+02 2.584317326545715332e+02 2.000000000000000000e+00
1.858241081237792969e+02 3.974459266662597656e+02 1.765222263336181641e+02 3.919978666305541992e+02 1.690320110321044922e+02 3.872134494781494141e+02 2.000000000000000000e+00
2.321295928955078125e+02 4.317207384109497070e+02 2.229926776885986328e+02 4.263477945327758789e+02 2.154856204986572266e+02 4.214665031433105469e+02 2.000000000000000000e+00
4.536178588867187500e+02 3.020606732368469238e+02 4.446406269073486328e+02 2.966194188594818115e+02 4.370220947265625000e+02 2.916606473922729492e+02 2.000000000000000000e+00
5.494874954223632812e+02 1.691325330734252930e+02 5.403186035156250000e+02 1.636903166770935059e+02 5.325944900512695312e+02 1.586710596084594727e+02 2.000000000000000000e+00
5.275327110290527344e+02 1.620252013206481934e+02 5.184964561462402344e+02 1.567271375656127930e+02 5.107407569885253906e+02 1.516977024078369141e+02 2.000000000000000000e+00
4.468229103088378906e+02 5.444980144500732422e+01 4.377310180664062500e+02 4.897553443908691406e+01 4.299291133880615234e+02 4.398892879486083984e+01 2.000000000000000000e+00
1.898822116851806641e+02 4.343093919754028320e+02 1.807447910308837891e+02 4.288134813308715820e+02 1.732728862762451172e+02 4.239967775344848633e+02 2.000000000000000000e+00
4.021613216400146484e+02 7.677165985107421875e+01 3.930260610580444336e+02 7.128623485565185547e+01 3.853317594528198242e+02 6.632729530334472656e+01 2.000000000000000000e+00
1.678461742401123047e+02 3.047210741043090820e+02 1.586837196350097656e+02 2.991838717460632324e+02 1.511636734008789062e+02 2.943438148498535156e+02 2.000000000000000000e+00
1.839484500885009766e+02 4.273843145370483398e+02 1.747441101074218750e+02 4.219136810302734375e+02 1.672838687896728516e+02 4.171601057052612305e+02 2.000000000000000000e+00
3.217694091796875000e+02 1.989590263366699219e+02 3.149122315645217896e+02 1.941691553592681885e+02 3.092250978946685791e+02 1.897176182270050049e+02 1.000000000000000000e+00
2.687604045867919922e+02 2.234436035156250000e+02 2.625476360321044922e+02 2.186796855926513672e+02 2.575609445571899414e+02 2.143579995632171631e+02 1.000000000000000000e+00
1.727535533905029297e+02 4.144900274276733398e+02 1.634962272644042969e+02 4.092012977600097656e+02 1.559506797790527344e+02 4.044043922424316406e+02 2.000000000000000000e+00
1.743166446685791016e+02 1.648984766006469727e+02 1.692417240142822266e+02 1.605060839653015137e+02 1.654346179962158203e+02 1.566543531417846680e+02 1.000000000000000000e+00
2.038650035858154297e+02 4.042833280563354492e+02 1.946905803680419922e+02 3.988196182250976562e+02 1.872208881378173828e+02 3.940372753143310547e+02 2.000000000000000000e+00
2.130099487304687500e+02 4.329021978378295898e+02 2.038572788238525391e+02 4.276202774047851562e+02 1.963945007324218750e+02 4.227469825744628906e+02 2.000000000000000000e+00
4.433177852630615234e+02 1.244559216499328613e+02 4.342303466796875000e+02 1.190566635131835938e+02 4.264477539062500000e+02 1.140365266799926758e+02 2.000000000000000000e+00
1.968767833709716797e+02 4.123145771026611328e+02 1.876665973663330078e+02 4.068613386154174805e+02 1.801604270935058594e+02 4.020677518844604492e+02 2.000000000000000000e+00
5.087693786621093750e+02 1.333843803405761719e+02 4.996908569335937500e+02 1.279912662506103516e+02 4.919171524047851562e+02 1.229441714286804199e+02 2.000000000000000000e+00
5.047774124145507812e+02 1.822895944118499756e+02 4.957392311096191406e+02 1.767980933189392090e+02 4.880523490905761719e+02 1.717868041992187500e+02 2.000000000000000000e+00
1.769148540496826172e+02 2.874486708641052246e+02 1.677135467529296875e+02 2.821692216396331787e+02 1.601320743560791016e+02 2.773165011405944824e+02 2.000000000000000000e+00
1.555492591857910156e+02 4.086500358581542969e+02 1.463711738586425781e+02 4.034704685211181641e+02 1.387084007263183594e+02 3.986496019363403320e+02 2.000000000000000000e+00
4.949128723144531250e+02 1.283139252662658691e+02 4.858259963989257812e+02 1.229496932029724121e+02 4.781406879425048828e+02 1.179680299758911133e+02 2.000000000000000000e+00
1.759655761718750000e+02 4.244015836715698242e+02 1.666952514648437500e+02 4.190309572219848633e+02 1.592102432250976562e+02 4.142495155334472656e+02 2.000000000000000000e+00
3.951663208007812500e+02 2.825459933280944824e+02 3.860836172103881836e+02 2.771239936351776123e+02 3.784641408920288086e+02 2.722918403148651123e+02 2.000000000000000000e+00
4.026499366760253906e+02 1.426285171508789062e+02 3.936189889907836914e+02 1.370951199531555176e+02 3.858103036880493164e+02 1.321620726585388184e+02 2.000000000000000000e+00
1.758560657501220703e+02 3.057004451751708984e+02 1.666985893249511719e+02 3.001799011230468750e+02 1.591676902770996094e+02 2.953446686267852783e+02 2.000000000000000000e+00
2.848975205421447754e+02 2.046210014820098877e+02 2.787143564224243164e+02 2.001532423496246338e+02 2.736873149871826172e+02 1.960388624668121338e+02 1.000000000000000000e+00
2.741179513931274414e+02 2.013460385799407959e+02 2.679320049285888672e+02 1.968794059753417969e+02 2.631460571289062500e+02 1.928594505786895752e+02 1.000000000000000000e+00
1.676705265045166016e+02 4.367180871963500977e+02 1.585279655456542969e+02 4.313508939743041992e+02 1.509239578247070312e+02 4.265380668640136719e+02 2.000000000000000000e+00
2.190685558319091797e+02 4.318443632125854492e+02 2.099200916290283203e+02 4.265602254867553711e+02 2.024647331237792969e+02 4.216583919525146484e+02 2.000000000000000000e+00
1.937640953063964844e+02 3.984001493453979492e+02 1.845513153076171875e+02 3.929882240295410156e+02 1.769841575622558594e+02 3.881792306900024414e+02 2.000000000000000000e+00
2.039570426940917969e+02 4.330680370330810547e+02 1.948613834381103516e+02 4.276744222640991211e+02 1.873857402801513672e+02 4.228030443191528320e+02 2.000000000000000000e+00
4.641655921936035156e+02 1.213775825500488281e+02 4.549851989746093750e+02 1.160272264480590820e+02 4.472245216369628906e+02 1.110372018814086914e+02 2.000000000000000000e+00
4.001413631439208984e+02 6.671672344207763672e+01 3.909934377670288086e+02 6.121955394744873047e+01 3.833161020278930664e+02 5.626889705657958984e+01 2.000000000000000000e+00
1.868130302429199219e+02 4.123907804489135742e+02 1.775259208679199219e+02 4.069744062423706055e+02 1.700668811798095703e+02 4.021725797653198242e+02 2.000000000000000000e+00
1.787185192108154297e+02 4.054355192184448242e+02 1.695105266571044922e+02 4.000838470458984375e+02 1.619886016845703125e+02 3.952625226974487305e+02 2.000000000000000000e+00
1.657603740692138672e+02 4.184451627731323242e+02 1.565098953247070312e+02 4.132052421569824219e+02 1.489348793029785156e+02 4.084313392639160156e+02 2.000000000000000000e+00
1.909175205230712891e+02 4.223647212982177734e+02 1.817462635040283203e+02 4.169162750244140625e+02 1.742442035675048828e+02 4.121326017379760742e+02 2.000000000000000000e+00
3.982375812530517578e+02 2.983379852771759033e+02 3.891662931442260742e+02 2.929710102081298828e+02 3.814988708496093750e+02 2.881036090850830078e+02 2.000000000000000000e+00
4.463400268554687500e+02 1.316225194931030273e+02 4.372536945343017578e+02 1.261201286315917969e+02 4.294992733001708984e+02 1.211235952377319336e+02 2.000000000000000000e+00
4.140385437011718750e+02 2.012357604503631592e+02 4.070968055725097656e+02 1.966419661045074463e+02 4.050186443328857422e+02 1.922776472568511963e+02 2.000000000000000000e+00
4.124659729003906250e+02 1.364411544799804688e+02 4.034492206573486328e+02 1.308288359642028809e+02 3.956651639938354492e+02 1.259761404991149902e+02 2.000000000000000000e+00
5.487322425842285156e+02 2.008765089511871338e+02 5.395450401306152344e+02 1.954483473300933838e+02 5.319281005859375000e+02 1.903724348545074463e+02 2.000000000000000000e+00
5.217405509948730469e+02 1.961972773075103760e+02 5.125732421875000000e+02 1.906834387779235840e+02 5.048574638366699219e+02 1.856695818901062012e+02 2.000000000000000000e+00
4.913442039489746094e+02 1.733613109588623047e+02 4.822316932678222656e+02 1.679467606544494629e+02 4.744451045989990234e+02 1.629291772842407227e+02 2.000000000000000000e+00
1.828045749664306641e+02 4.173964977264404297e+02 1.735632324218750000e+02 4.119722700119018555e+02 1.661009025573730469e+02 4.071980094909667969e+02 2.000000000000000000e+00
4.190636348724365234e+02 3.962046146392822266e+01 4.098074340820312500e+02 3.424638748168945312e+01 4.021066570281982422e+02 2.920319080352783203e+01 2.000000000000000000e+00
1.978729248046875000e+02 4.053341102600097656e+02 1.886772632598876953e+02 3.998754644393920898e+02 1.811721611022949219e+02 3.951001596450805664e+02 2.000000000000000000e+00
5.386283683776855469e+02 1.799354195594787598e+02 5.294783973693847656e+02 1.744589066505432129e+02 5.217907142639160156e+02 1.693503999710083008e+02 2.000000000000000000e+00
2.320877170562744141e+02 1.777575516700744629e+02 2.267509174346923828e+02 1.735602807998657227e+02 2.223818683624267578e+02 1.695875787734985352e+02 1.000000000000000000e+00
4.923428344726562500e+02 1.902235078811645508e+02 4.831403160095214844e+02 1.847949028015136719e+02 4.752878475189208984e+02 1.798000001907348633e+02 2.000000000000000000e+00
3.489012765884399414e+02 4.025167322158813477e+02 3.397755742073059082e+02 3.970998001098632812e+02 3.323084723949432373e+02 3.921400165557861328e+02 2.000000000000000000e+00
1.959023094177246094e+02 4.332406425476074219e+02 1.868367481231689453e+02 4.277234601974487305e+02 1.793769168853759766e+02 4.228706216812133789e+02 2.000000000000000000e+00
5.014903259277343750e+02 4.005851840972900391e+02 4.922521018981933594e+02 3.951566505432128906e+02 4.847377395629882812e+02 3.900079965591430664e+02 2.000000000000000000e+00
2.733592224121093750e+02 2.258319389820098877e+02 2.670515441894531250e+02 2.210630017518997192e+02 2.619183969497680664e+02 2.167483663558959961e+02 1.000000000000000000e+00
4.686152935028076172e+02 1.754016065597534180e+02 4.593888854980468750e+02 1.698444914817810059e+02 4.517202186584472656e+02 1.649771404266357422e+02 2.000000000000000000e+00
2.008466148376464844e+02 4.271231174468994141e+02 1.917055225372314453e+02 4.217391443252563477e+02 1.842109966278076172e+02 4.168786954879760742e+02 2.000000000000000000e+00
5.205015945434570312e+02 1.541623520851135254e+02 5.115130996704101562e+02 1.487607979774475098e+02 5.037401390075683594e+02 1.437668538093566895e+02 2.000000000000000000e+00
5.085127639770507812e+02 1.663300895690917969e+02 4.995355606079101562e+02 1.608316898345947266e+02 4.917119216918945312e+02 1.558768272399902344e+02 2.000000000000000000e+00
4.493033790588378906e+02 1.184164094924926758e+02 4.402142047882080078e+02 1.129997634887695312e+02 4.324106788635253906e+02 1.080220413208007812e+02 2.000000000000000000e+00
1.313582801818847656e+02 4.039988136291503906e+02 1.221643638610839844e+02 3.985673618316650391e+02 1.145690536499023438e+02 3.937693548202514648e+02 2.000000000000000000e+00
1.678233432769775391e+02 2.864546835422515869e+02 1.586298561096191406e+02 2.811887848377227783e+02 1.510543441772460938e+02 2.763376772403717041e+02 2.000000000000000000e+00
5.155171012878417969e+02 1.862032592296600342e+02 5.063686561584472656e+02 1.807113003730773926e+02 4.986543273925781250e+02 1.756750917434692383e+02 2.000000000000000000e+00
4.546686077117919922e+02 2.642528700828552246e+02 4.455446815490722656e+02 2.589095163345336914e+02 4.379504394531250000e+02 2.538623356819152832e+02 2.000000000000000000e+00
4.711032390594482422e+02 1.163789319992065430e+02 4.619448280334472656e+02 1.110189342498779297e+02 4.542079448699951172e+02 1.060675334930419922e+02 2.000000000000000000e+00
3.061416923999786377e+02 2.514969795942306519e+02 2.969671010971069336e+02 2.458320924639701843e+02 2.893498826026916504e+02 2.410849762335419655e+02 2.000000000000000000e+00
2.973468613624572754e+02 2.032475566864013672e+02 2.905472397804260254e+02 1.985706460475921631e+02 2.850259995460510254e+02 1.942794942855834961e+02 1.000000000000000000e+00
2.674951457977294922e+02 2.176381373405456543e+02 2.613406991958618164e+02 2.129750651121139526e+02 2.564815378189086914e+02 2.087048935890197754e+02 1.000000000000000000e+00
4.983784294128417969e+02 1.950641298294067383e+02 4.891449928283691406e+02 1.896951413154602051e+02 4.812438011169433594e+02 1.847007572650909424e+02 2.000000000000000000e+00
4.702016925811767578e+02 1.273672342300415039e+02 4.610008239746093750e+02 1.220007133483886719e+02 4.532193279266357422e+02 1.170057964324951172e+02 2.000000000000000000e+00
3.933222341537475586e+02 1.637002658843994141e+02 3.843345022201538086e+02 1.583695006370544434e+02 3.766934823989868164e+02 1.534015274047851562e+02 2.000000000000000000e+00
4.018101215362548828e+02 1.356719183921813965e+02 3.928391408920288086e+02 1.301873230934143066e+02 3.850289297103881836e+02 1.252110815048217773e+02 2.000000000000000000e+00
5.444758415222167969e+02 1.650891709327697754e+02 5.352853393554687500e+02 1.597017002105712891e+02 5.275501823425292969e+02 1.547345852851867676e+02 2.000000000000000000e+00
3.178217467665672302e+02 3.571522879600524902e+02 3.086675107479095459e+02 3.516859459877014160e+02 3.012194514274597168e+02 3.467455816268920898e+02 2.000000000000000000e+00
4.447424316406250000e+02 4.354946136474609375e+01 4.356465435028076172e+02 3.812999725341796875e+01 4.278711605072021484e+02 3.311755657196044922e+01 2.000000000000000000e+00
3.781229877471923828e+02 8.276726245880126953e+01 3.690424203872680664e+02 7.729933261871337891e+01 3.614577627182006836e+02 7.231787681579589844e+01 2.000000000000000000e+00
2.127082633972167969e+02 1.858673357963562012e+02 2.071151447296142578e+02 1.815535390377044678e+02 2.032787322998046875e+02 1.775577521324157715e+02 1.000000000000000000e+00
4.702108764648437500e+02 1.374545073509216309e+02 4.610402870178222656e+02 1.320516014099121094e+02 4.532269573211669922e+02 1.270541596412658691e+02 2.000000000000000000e+00
4.081903743743896484e+02 2.854716217517852783e+02 3.990804767608642578e+02 2.800538349151611328e+02 3.914794921875000000e+02 2.752047443389892578e+02 2.000000000000000000e+00
3.656190204620361328e+02 3.486512231826782227e+02 3.564996957778930664e+02 3.432978272438049316e+02 3.488906550407409668e+02 3.383545589447021484e+02 2.000000000000000000e+00
2.875439453125000000e+02 2.121904438734054565e+02 2.812636113166809082e+02 2.075242888927459717e+02 2.761827373504638672e+02 2.033031749725341797e+02 1.000000000000000000e+00
3.290223997831344604e+02 4.176738739013671875e+02 3.199798889155499637e+02 4.122936201095581055e+02 3.124807435274124146e+02 4.073378133773803711e+02 2.000000000000000000e+00
4.632287025451660156e+02 1.334508919715881348e+02 4.540437602996826172e+02 1.280773115158081055e+02 4.462388324737548828e+02 1.230857849121093750e+02 2.000000000000000000e+00
4.404088783264160156e+02 1.416011023521423340e+02 4.313280010223388672e+02 1.361596798896789551e+02 4.236438655853271484e+02 1.311587619781494141e+02 2.000000000000000000e+00
1.998780155181884766e+02 4.202044486999511719e+02 1.906729412078857422e+02 4.147353029251098633e+02 1.831697559356689453e+02 4.098859405517578125e+02 2.000000000000000000e+00
3.794789457321166992e+02 1.380600500106811523e+02 3.704650259017944336e+02 1.326801252365112305e+02 3.628071594238281250e+02 1.277148127555847168e+02 2.000000000000000000e+00
4.124115276336669922e+02 4.124994850158691406e+02 4.033915138244628906e+02 4.070065069198608398e+02 3.958013916015625000e+02 4.020266532897949219e+02 2.000000000000000000e+00
5.398676872253417969e+02 1.959897887706756592e+02 5.307769203186035156e+02 1.905011272430419922e+02 5.231370353698730469e+02 1.854014861583709717e+02 2.000000000000000000e+00
1.374062347412109375e+02 4.169448995590209961e+02 1.279551506042480469e+02 4.116269588470458984e+02 1.205170249938964844e+02 4.068112277984619141e+02 2.000000000000000000e+00
1.221641731262207031e+02 4.180417585372924805e+02 1.129648590087890625e+02 4.128157424926757812e+02 1.053601074218750000e+02 4.080957126617431641e+02 2.000000000000000000e+00
1.565766334533691406e+02 4.145896339416503906e+02 1.473848533630371094e+02 4.094360446929931641e+02 1.397457504272460938e+02 4.046182394027709961e+02 2.000000000000000000e+00
4.823659324645996094e+02 1.784477663040161133e+02 4.732101440429687500e+02 1.730210709571838379e+02 4.654488849639892578e+02 1.679962706565856934e+02 2.000000000000000000e+00
1.292780303955078125e+02 4.169811201095581055e+02 1.200153732299804688e+02 4.117561483383178711e+02 1.124544143676757812e+02 4.070320844650268555e+02 2.000000000000000000e+00
4.598758888244628906e+02 3.451977252960205078e+01 4.506794738769531250e+02 2.904261589050292969e+01 4.428517150878906250e+02 2.413617610931396484e+01 2.000000000000000000e+00
3.756003141403198242e+02 3.426088643074035645e+02 3.664622211456298828e+02 3.372238183021545410e+02 3.588057255744934082e+02 3.322229361534118652e+02 2.000000000000000000e+00
5.241603469848632812e+02 2.747846603393554688e+01 5.150000572204589844e+02 2.203572750091552734e+01 5.072454643249511719e+02 1.697958469390869141e+01 2.000000000000000000e+00
4.543465614318847656e+02 1.335308289527893066e+02 4.451905536651611328e+02 1.280748224258422852e+02 4.374032592773437500e+02 1.230705285072326660e+02 2.000000000000000000e+00
4.564353942871093750e+02 1.524540352821350098e+02 4.472717571258544922e+02 1.471181774139404297e+02 4.394412231445312500e+02 1.421079182624816895e+02 2.000000000000000000e+00
1.604256916046142578e+02 3.977000141143798828e+02 1.512580871582031250e+02 3.924197816848754883e+02 1.435403442382812500e+02 3.875885438919067383e+02 2.000000000000000000e+00
2.140376091003417969e+02 4.248857545852661133e+02 2.048568439483642578e+02 4.196273660659790039e+02 1.973945903778076172e+02 4.147681331634521484e+02 2.000000000000000000e+00
3.478735041618347168e+02 4.333538675308227539e+02 3.388043522834777832e+02 4.279698514938354492e+02 3.313571774959564209e+02 4.228727531433105469e+02 2.000000000000000000e+00
4.341109657287597656e+02 8.155833721160888672e+01 4.248950481414794922e+02 7.619587898254394531e+01 4.171593379974365234e+02 7.118423938751220703e+01 2.000000000000000000e+00
5.446442985534667969e+02 1.900322091579437256e+02 5.355692863464355469e+02 1.844364595413208008e+02 5.278601646423339844e+02 1.793910813331604004e+02 2.000000000000000000e+00
3.546875000000000000e+02 3.687697792053222656e+02 3.456409001350402832e+02 3.634094953536987305e+02 3.380961918830871582e+02 3.584623146057128906e+02 2.000000000000000000e+00
5.301180458068847656e+02 2.016648066043853760e+02 5.210448074340820312e+02 1.962994194030761719e+02 5.132982826232910156e+02 1.912900042533874512e+02 2.000000000000000000e+00
3.264559328556060791e+02 3.042577242851257324e+02 3.174174803495407104e+02 2.987686800956726074e+02 3.098595583438873291e+02 2.939162313938140869e+02 2.000000000000000000e+00
4.198061561584472656e+02 2.706928110122680664e+02 4.107328224182128906e+02 2.650613415241241455e+02 4.031004619598388672e+02 2.601623851060867310e+02 2.000000000000000000e+00
3.844976520538330078e+02 3.544538354873657227e+02 3.754470205307006836e+02 3.490293002128601074e+02 3.678778409957885742e+02 3.440872263908386230e+02 2.000000000000000000e+00
4.647963237762451172e+02 3.417143583297729492e+02 4.557301044464111328e+02 3.363252639770507812e+02 4.482111549377441406e+02 3.313344168663024902e+02 2.000000000000000000e+00
4.333247661590576172e+02 1.165207958221435547e+02 4.242431354522705078e+02 1.111717271804809570e+02 4.164128112792968750e+02 1.061090183258056641e+02 2.000000000000000000e+00
4.804944229125976562e+02 1.723403763771057129e+02 4.714085674285888672e+02 1.670863151550292969e+02 4.636292171478271484e+02 1.620546340942382812e+02 2.000000000000000000e+00
1.873901367187500000e+02 1.989338493347167969e+02 1.818993473052978516e+02 1.940819227695465088e+02 1.776910400390625000e+02 1.897279179096221924e+02 1.000000000000000000e+00
4.931919860839843750e+02 1.803892493247985840e+02 4.840686416625976562e+02 1.749435853958129883e+02 4.763576030731201172e+02 1.698922204971313477e+02 2.000000000000000000e+00
3.344972229003906250e+02 3.274917984008789062e+02 3.254227906465530396e+02 3.222784495353698730e+02 3.178458556532859802e+02 3.172698068618774414e+02 2.000000000000000000e+00
1.798686218261718750e+02 1.936874198913574219e+02 1.743682861328125000e+02 1.886197936534881592e+02 1.701284599304199219e+02 1.841217327117919922e+02 1.000000000000000000e+00
3.158711853623390198e+02 2.544757086038589478e+02 3.067171013355255127e+02 2.487828066945075989e+02 2.991288137435913086e+02 2.440475159883499146e+02 2.000000000000000000e+00
4.552877807617187500e+02 1.192909240722656250e+02 4.461286354064941406e+02 1.138866806030273438e+02 4.383472347259521484e+02 1.089098596572875977e+02 2.000000000000000000e+00
3.895424222946166992e+02 3.802225971221923828e+02 3.804313993453979492e+02 3.747937059402465820e+02 3.728595590591430664e+02 3.697481203079223633e+02 2.000000000000000000e+00
4.756472206115722656e+02 1.904465925693511963e+02 4.664126586914062500e+02 1.850017368793487549e+02 4.586189270019531250e+02 1.799131894111633301e+02 2.000000000000000000e+00
3.347220456600189209e+02 3.739366149902343750e+02 3.256346744298934937e+02 3.685202693939208984e+02 3.181748045980930328e+02 3.636006832122802734e+02 2.000000000000000000e+00
4.125425148010253906e+02 1.443648004531860352e+02 4.035305500030517578e+02 1.387264037132263184e+02 3.957420063018798828e+02 1.338667702674865723e+02 2.000000000000000000e+00
4.115080261230468750e+02 1.558172249794006348e+02 4.024587440490722656e+02 1.502988553047180176e+02 3.946750497817993164e+02 1.454000830650329590e+02 2.000000000000000000e+00
5.020589256286621094e+02 1.533291721343994141e+02 4.928786277770996094e+02 1.479080271720886230e+02 4.851579093933105469e+02 1.428659319877624512e+02 2.000000000000000000e+00
5.341005897521972656e+02 3.939286708831787109e+01 5.249583244323730469e+02 3.397516250610351562e+01 5.172399902343750000e+02 2.891721725463867188e+01 2.000000000000000000e+00
3.944617605209350586e+02 3.882491540908813477e+02 3.853598356246948242e+02 3.827832412719726562e+02 3.777996826171875000e+02 3.777345371246337891e+02 2.000000000000000000e+00
3.598490595817565918e+02 4.183493471145629883e+02 3.507953190803527832e+02 4.129054069519042969e+02 3.433249521255493164e+02 4.078858423233032227e+02 2.000000000000000000e+00
1.846669101715087891e+02 3.844353103637695312e+02 1.754539966583251953e+02 3.790471315383911133e+02 1.678797149658203125e+02 3.742542457580566406e+02 2.000000000000000000e+00
5.296524620056152344e+02 2.136696463823318481e+02 5.211200523376464844e+02 2.082870483398437500e+02 5.132264518737792969e+02 2.033547806739807129e+02 2.000000000000000000e+00
3.647452116012573242e+02 3.994808721542358398e+02 3.556394362449645996e+02 3.940917491912841797e+02 3.482011103630065918e+02 3.891587591171264648e+02 2.000000000000000000e+00
4.738163757324218750e+02 3.435694599151611328e+02 4.647356605529785156e+02 3.380495023727416992e+02 4.572281169891357422e+02 3.330249953269958496e+02 2.000000000000000000e+00
2.368534088134765625e+02 2.125222760438919067e+02 2.305677795410156250e+02 2.079085385799407959e+02 2.252520465850830078e+02 2.036595761775970459e+02 1.000000000000000000e+00
2.842673039436340332e+02 2.130617666244506836e+02 2.779704284667968750e+02 2.084872126579284668e+02 2.730343914031982422e+02 2.041434001922607422e+02 1.000000000000000000e+00
5.415366935729980469e+02 1.740299463272094727e+02 5.323540687561035156e+02 1.686549639701843262e+02 5.246173667907714844e+02 1.636695241928100586e+02 2.000000000000000000e+00
4.411326885223388672e+02 4.142073154449462891e+02 4.320507812500000000e+02 4.086811637878417969e+02 4.245362567901611328e+02 4.036174392700195312e+02 2.000000000000000000e+00
2.604170846939086914e+02 1.910717761516571045e+02 2.544510936737060547e+02 1.867167949676513672e+02 2.498733949661254883e+02 1.827636086940765381e+02 1.000000000000000000e+00
3.072981560230255127e+02 2.034432184696197510e+02 3.004473876953125000e+02 1.988208889961242676e+02 2.948162841796875000e+02 1.944728529453277588e+02 1.000000000000000000e+00
2.157238578796386719e+02 2.124372696876525879e+02 2.098610019683837891e+02 2.078150618076324463e+02 2.050232219696044922e+02 2.038933396339416504e+02 1.000000000000000000e+00
3.686118459701538086e+02 3.566122198104858398e+02 3.595234990119934082e+02 3.512387752532958984e+02 3.519626474380493164e+02 3.463207769393920898e+02 2.000000000000000000e+00
3.856455993652343750e+02 4.309184646606445312e+02 3.765835905075073242e+02 4.254397058486938477e+02 3.691219186782836914e+02 4.204052209854125977e+02 2.000000000000000000e+00
2.785989999771118164e+02 2.219234615564346313e+02 2.723544931411743164e+02 2.172166585922241211e+02 2.673144817352294922e+02 2.126848733425140381e+02 1.000000000000000000e+00
4.612315654754638672e+02 1.405254006385803223e+02 4.520606422424316406e+02 1.351182961463928223e+02 4.442201519012451172e+02 1.301306390762329102e+02 2.000000000000000000e+00
1.688373661041259766e+02 2.924223339557647705e+02 1.596572303771972656e+02 2.871525299549102783e+02 1.520942687988281250e+02 2.823024916648864746e+02 2.000000000000000000e+00
4.399094295501708984e+02 6.037919998168945312e+01 4.308082294464111328e+02 5.488775253295898438e+01 4.230186176300048828e+02 4.990709781646728516e+01 2.000000000000000000e+00
2.507601594924926758e+02 2.054104149341583252e+02 2.447498607635498047e+02 2.010237264633178711e+02 2.401755189895629883e+02 1.970076441764831543e+02 1.000000000000000000e+00
2.320250034332275391e+02 1.860340404510498047e+02 2.266606235504150391e+02 1.817548656463623047e+02 2.223029804229736328e+02 1.778257083892822266e+02 1.000000000000000000e+00
3.606704092025756836e+02 3.606784772872924805e+02 3.516062021255493164e+02 3.553492212295532227e+02 3.440444946289062500e+02 3.503985643386840820e+02 2.000000000000000000e+00
3.275176090002059937e+02 3.234219074249267578e+02 3.184821471571922302e+02 3.181566524505615234e+02 3.108748775720596313e+02 3.131676363945007324e+02 2.000000000000000000e+00
3.343840336799621582e+02 3.184563946723937988e+02 3.253572082519531250e+02 3.132049584388732910e+02 3.177454528212547302e+02 3.082527494430541992e+02 2.000000000000000000e+00
4.333390235900878906e+02 4.082773160934448242e+02 4.242308712005615234e+02 4.027827501296997070e+02 4.167019081115722656e+02 3.977355766296386719e+02 2.000000000000000000e+00
2.697149038314819336e+02 1.799350404739379883e+02 2.638152742385864258e+02 1.756649422645568848e+02 2.594034099578857422e+02 1.720460486412048340e+02 1.000000000000000000e+00
4.450391292572021484e+02 4.279348897933959961e+02 4.358956050872802734e+02 4.224892044067382812e+02 4.284675884246826172e+02 4.174054384231567383e+02 2.000000000000000000e+00
2.705754995346069336e+02 2.124383980035781860e+02 2.643947124481201172e+02 2.078588712215423584e+02 2.594407653808593750e+02 2.036328256130218506e+02 1.000000000000000000e+00
3.456278681755065918e+02 3.461399602890014648e+02 3.366038823127746582e+02 3.407658433914184570e+02 3.290997010469436646e+02 3.358104014396667480e+02 2.000000000000000000e+00
3.626514291763305664e+02 3.686875677108764648e+02 3.536197829246520996e+02 3.633302021026611328e+02 3.460769343376159668e+02 3.584110450744628906e+02 2.000000000000000000e+00
3.774319171905517578e+02 1.179384183883666992e+02 3.683372211456298828e+02 1.124641227722167969e+02 3.606134366989135742e+02 1.074933815002441406e+02 2.000000000000000000e+00
4.024848079681396484e+02 4.225924444198608398e+02 3.934064340591430664e+02 4.171331834793090820e+02 3.859086608886718750e+02 4.121115159988403320e+02 2.000000000000000000e+00
1.799306774139404297e+02 4.354055643081665039e+02 1.707571125030517578e+02 4.299824666976928711e+02 1.632898521423339844e+02 4.252174758911132812e+02 2.000000000000000000e+00
3.233284303545951843e+02 1.916083180904388428e+02 3.162352904677391052e+02 1.872597026824951172e+02 3.104253846406936646e+02 1.831954479217529297e+02 1.000000000000000000e+00
3.251334232091903687e+02 4.296253824234008789e+02 3.159536743164062500e+02 4.241632747650146484e+02 3.084425044059753418e+02 4.192919969558715820e+02 2.000000000000000000e+00
3.582948303222656250e+02 2.810693085193634033e+02 3.492123103141784668e+02 2.756959247589111328e+02 3.416892099380493164e+02 2.707059645652770996e+02 2.000000000000000000e+00
4.150010967254638672e+02 2.803994464874267578e+02 4.059074687957763672e+02 2.748485112190246582e+02 3.984119558334350586e+02 2.700335705280303955e+02 2.000000000000000000e+00
3.935771799087524414e+02 4.327982568740844727e+02 3.845007944107055664e+02 4.273263645172119141e+02 3.770231962203979492e+02 4.223014354705810547e+02 2.000000000000000000e+00
3.354831242561340332e+02 3.392713379859924316e+02 3.264970397949218750e+02 3.339245653152465820e+02 3.189611816406250000e+02 3.289650893211364746e+02 2.000000000000000000e+00
4.136424922943115234e+02 1.884034538269042969e+02 4.049008846282958984e+02 1.838118553161621094e+02 3.973625516891479492e+02 1.791077399253845215e+02 2.000000000000000000e+00
3.556251525878906250e+02 3.517348980903625488e+02 3.465244746208190918e+02 3.463974380493164062e+02 3.389464724063873291e+02 3.414316463470458984e+02 2.000000000000000000e+00
2.069246673583984375e+02 4.249973917007446289e+02 1.977982425689697266e+02 4.196700525283813477e+02 1.903133392333984375e+02 4.148015213012695312e+02 2.000000000000000000e+00
3.348388981819152832e+02 4.027947235107421875e+02 3.258746951818466187e+02 3.974535369873046875e+02 3.183888854086399078e+02 3.924659442901611328e+02 2.000000000000000000e+00
5.191768264770507812e+02 3.343377113342285156e+01 5.100931167602539062e+02 2.798050403594970703e+01 5.023427200317382812e+02 2.296272754669189453e+01 2.000000000000000000e+00
3.496541452407836914e+02 3.548000264167785645e+02 3.405628061294555664e+02 3.494273757934570312e+02 3.330179750919342041e+02 3.444538593292236328e+02 2.000000000000000000e+00
4.832843589782714844e+02 1.913966631889343262e+02 4.741135311126708984e+02 1.858942222595214844e+02 4.663319396972656250e+02 1.808548700809478760e+02 2.000000000000000000e+00
3.781377267837524414e+02 6.372615337371826172e+01 3.690127897262573242e+02 5.834517002105712891e+01 3.613572406768798828e+02 5.332574844360351562e+01 2.000000000000000000e+00
3.725770282745361328e+02 3.486390423774719238e+02 3.634733581542968750e+02 3.432588529586791992e+02 3.558517765998840332e+02 3.383204698562622070e+02 2.000000000000000000e+00
5.529545974731445312e+02 1.437696504592895508e+02 5.437411499023437500e+02 1.384427618980407715e+02 5.360185623168945312e+02 1.333733010292053223e+02 2.000000000000000000e+00
2.873774099349975586e+02 1.667037606239318848e+02 2.813243103027343750e+02 1.626164817810058594e+02 2.763585519790649414e+02 1.589369773864746094e+02 1.000000000000000000e+00
4.362160015106201172e+02 3.370511198043823242e+02 4.270893001556396484e+02 3.316266560554504395e+02 4.194563579559326172e+02 3.266025710105895996e+02 2.000000000000000000e+00
3.617901611328125000e+02 4.073839759826660156e+02 3.527025461196899414e+02 4.019163894653320312e+02 3.452564692497253418e+02 3.969806241989135742e+02 2.000000000000000000e+00
2.316378784179687500e+02 3.500310730934143066e+02 2.224523639678955078e+02 3.445638513565063477e+02 2.149706745147705078e+02 3.397682833671569824e+02 2.000000000000000000e+00
1.758517265319824219e+02 2.976688563823699951e+02 1.666858005523681641e+02 2.922069740295410156e+02 1.591281127929687500e+02 2.873687446117401123e+02 2.000000000000000000e+00
4.972146415710449219e+02 2.195945584774017334e+02 4.878022766113281250e+02 2.142302387952804565e+02 4.798346900939941406e+02 2.092452228069305420e+02 2.000000000000000000e+00
4.112940406799316406e+02 7.474990367889404297e+01 4.020745849609375000e+02 6.925170421600341797e+01 3.944994211196899414e+02 6.430262088775634766e+01 2.000000000000000000e+00
4.249494647979736328e+02 3.562192440032958984e+01 4.157123088836669922e+02 3.022589206695556641e+01 4.079732990264892578e+02 2.518906116485595703e+01 2.000000000000000000e+00
4.148347473144531250e+02 2.567746639251708984e+01 4.055691242218017578e+02 2.019840717315673828e+01 3.979034423828125000e+02 1.514961719512939453e+01 2.000000000000000000e+00
5.123841667175292969e+02 3.945336341857910156e+01 5.033655166625976562e+02 3.403864860534667969e+01 4.955924797058105469e+02 2.904238700866699219e+01 2.000000000000000000e+00
1.373996925354003906e+02 3.978881549835205078e+02 1.281746101379394531e+02 3.925414466857910156e+02 1.205414390563964844e+02 3.877400922775268555e+02 2.000000000000000000e+00
4.974392127990722656e+02 2.352261543273925781e+01 4.882766532897949219e+02 1.811987400054931641e+01 4.806064796447753906e+02 1.299333572387695312e+01 2.000000000000000000e+00
2.631609773635864258e+02 1.793418216705322266e+02 2.573331594467163086e+02 1.751153397560119629e+02 2.529212808609008789e+02 1.714297628402709961e+02 1.000000000000000000e+00
3.771282958984375000e+02 9.979235172271728516e+01 3.680613422393798828e+02 9.432672500610351562e+01 3.602850055694580078e+02 8.938532352447509766e+01 2.000000000000000000e+00
2.284894371032714844e+02 2.062685537338256836e+02 2.226259326934814453e+02 2.016681182384490967e+02 2.176668548583984375e+02 1.979444718360900879e+02 1.000000000000000000e+00
4.225535869598388672e+02 1.844916665554046631e+02 4.134762287139892578e+02 1.790780925750732422e+02 4.058226299285888672e+02 1.740544080734252930e+02 2.000000000000000000e+00
4.361041545867919922e+02 4.211087751388549805e+02 4.270363807678222656e+02 4.156128931045532227e+02 4.195380878448486328e+02 4.105430746078491211e+02 2.000000000000000000e+00
4.347363567352294922e+02 2.264452457427978516e+01 4.257097148895263672e+02 1.725241184234619141e+01 4.178528499603271484e+02 1.217491149902343750e+01 2.000000000000000000e+00
4.351029396057128906e+02 9.558398723602294922e+01 4.258972835540771484e+02 9.022639274597167969e+01 4.181226825714111328e+02 8.511045455932617188e+01 2.000000000000000000e+00
1.937436485290527344e+02 3.844349813461303711e+02 1.845521354675292969e+02 3.790366315841674805e+02 1.769989299774169922e+02 3.742509555816650391e+02 2.000000000000000000e+00
3.301296079158782959e+02 4.246267747879028320e+02 3.209597473591566086e+02 4.191559267044067383e+02 3.134751588106155396e+02 4.142368555068969727e+02 2.000000000000000000e+00
3.572556471824645996e+02 3.780891895294189453e+01 3.479660034179687500e+02 3.237533569335937500e+01 3.401040959358215332e+02 2.736170768737792969e+01 2.000000000000000000e+00
5.227095985412597656e+02 1.820113348960876465e+02 5.135031700134277344e+02 1.766805839538574219e+02 5.058089637756347656e+02 1.715895223617553711e+02 2.000000000000000000e+00
1.705338001251220703e+02 2.694757407903671265e+02 1.613714599609375000e+02 2.640703743696212769e+02 1.536301994323730469e+02 2.591982740163803101e+02 2.000000000000000000e+00
5.487130737304687500e+02 2.088256967067718506e+02 5.395590782165527344e+02 2.034638500213623047e+02 5.320403480529785156e+02 1.984193408489227295e+02 2.000000000000000000e+00
3.017897331714630127e+02 3.543066143989562988e+02 2.926624441146850586e+02 3.489820933341979980e+02 2.851791691780090332e+02 3.440866756439208984e+02 2.000000000000000000e+00
1.396792793273925781e+02 4.367844343185424805e+02 1.304276466369628906e+02 4.315334844589233398e+02 1.228414344787597656e+02 4.268225526809692383e+02 2.000000000000000000e+00
3.905162048339843750e+02 3.634296369552612305e+02 3.813421630859375000e+02 3.580084562301635742e+02 3.738132333755493164e+02 3.530876541137695312e+02 2.000000000000000000e+00
1.739836692810058594e+02 1.747472190856933594e+02 1.688096427917480469e+02 1.703587174415588379e+02 1.649896049499511719e+02 1.664523267745971680e+02 1.000000000000000000e+00
3.002561950683593750e+02 1.988024568557739258e+02 2.937391662597656250e+02 1.942879307270050049e+02 2.883118271827697754e+02 1.902546679973602295e+02 1.000000000000000000e+00
3.194547729566693306e+02 3.083156132698059082e+02 3.103657835721969604e+02 3.028401517868041992e+02 3.028928220272064209e+02 2.979445517063140869e+02 2.000000000000000000e+00
3.888671875000000000e+02 5.078873634338378906e+01 3.798181152343750000e+02 4.526988029479980469e+01 3.721108388900756836e+02 4.030451774597167969e+01 2.000000000000000000e+00
4.075339031219482422e+02 3.677416133880615234e+02 3.984401273727416992e+02 3.623512887954711914e+02 3.909054279327392578e+02 3.573011255264282227e+02 2.000000000000000000e+00
4.677981567382812500e+02 3.351157665252685547e+01 4.586501789093017578e+02 2.805690765380859375e+01 4.507711505889892578e+02 2.313330173492431641e+01 2.000000000000000000e+00
3.417545771598815918e+02 3.759285593032836914e+02 3.326184391975402832e+02 3.705680894851684570e+02 3.251448363065719604e+02 3.656020545959472656e+02 2.000000000000000000e+00
2.240646839141845703e+02 1.823498046398162842e+02 2.187325096130371094e+02 1.781008243560791016e+02 2.143863201141357422e+02 1.741370844841003418e+02 1.000000000000000000e+00
2.948702383041381836e+02 1.845489335060119629e+02 2.883006882667541504e+02 1.801937699317932129e+02 2.825505971908569336e+02 1.762268972396850586e+02 1.000000000000000000e+00
3.781170654296875000e+02 8.876173496246337891e+01 3.690928030014038086e+02 8.329911231994628906e+01 3.614520263671875000e+02 7.832272052764892578e+01 2.000000000000000000e+00
2.490820312500000000e+02 2.097916245460510254e+02 2.428730154037475586e+02 2.053565812110900879e+02 2.380165672302246094e+02 2.013107907772064209e+02 1.000000000000000000e+00
3.453811335563659668e+02 2.951498150825500488e+02 3.363453066349029541e+02 2.897148478031158447e+02 3.286952209472656250e+02 2.847703564167022705e+02 2.000000000000000000e+00
3.939035940170288086e+02 3.666114807128906250e+01 3.847676086425781250e+02 3.126065254211425781e+01 3.770953083038330078e+02 2.620031833648681641e+01 2.000000000000000000e+00
4.008864784240722656e+02 4.872786998748779297e+01 3.918525695800781250e+02 4.318684101104736328e+01 3.842673635482788086e+02 3.815505981445312500e+01 2.000000000000000000e+00
1.111886787414550781e+02 4.180886363983154297e+02 1.020198440551757812e+02 4.129162359237670898e+02 9.438442230224609375e+01 4.082219982147216797e+02 2.000000000000000000e+00
4.904377174377441406e+02 3.548734188079833984e+01 4.813226318359375000e+02 3.015479564666748047e+01 4.735964107513427734e+02 2.513131141662597656e+01 2.000000000000000000e+00
4.999747657775878906e+02 1.881709563732147217e+02 4.908979797363281250e+02 1.827513563632965088e+02 4.830778884887695312e+02 1.777315950393676758e+02 2.000000000000000000e+00
2.728486919403076172e+02 1.647608327865600586e+02 2.667355632781982422e+02 1.605869722366333008e+02 2.619537973403930664e+02 1.570625138282775879e+02 1.000000000000000000e+00
2.875214529037475586e+02 1.992434835433959961e+02 2.813478684425354004e+02 1.946706962585449219e+02 2.763446331024169922e+02 1.906305670738220215e+02 1.000000000000000000e+00
4.456881141662597656e+02 2.791930854320526123e+02 4.365470886230468750e+02 2.737306845188140869e+02 4.289454936981201172e+02 2.688241285085678101e+02 2.000000000000000000e+00
4.486285114288330078e+02 2.871695280075073242e+02 4.394419574737548828e+02 2.817222619056701660e+02 4.318238830566406250e+02 2.768084120750427246e+02 2.000000000000000000e+00
4.905860900878906250e+02 3.966471290588378906e+02 4.813400840759277344e+02 3.912152481079101562e+02 4.738748836517333984e+02 3.861321830749511719e+02 2.000000000000000000e+00
3.739063739776611328e+02 4.300667810440063477e+02 3.648540639877319336e+02 4.245927572250366211e+02 3.573438429832458496e+02 4.195422792434692383e+02 2.000000000000000000e+00
4.487217998504638672e+02 2.652135640382766724e+02 4.395942974090576172e+02 2.598391431570053101e+02 4.320190143585205078e+02 2.547985544800758362e+02 2.000000000000000000e+00
3.298684388399124146e+02 4.077284002304077148e+02 3.208378601074218750e+02 4.024304866790771484e+02 3.133825069665908813e+02 3.974358558654785156e+02 2.000000000000000000e+00
4.500795269012451172e+02 4.002618169784545898e+02 4.409083271026611328e+02 3.947680377960205078e+02 4.333433818817138672e+02 3.896287250518798828e+02 2.000000000000000000e+00
4.513475322723388672e+02 1.416090202331542969e+02 4.422018146514892578e+02 1.361724829673767090e+02 4.344182109832763672e+02 1.311639618873596191e+02 2.000000000000000000e+00
2.933323669433593750e+02 1.389456152915954590e+02 2.870705556869506836e+02 1.348516917228698730e+02 2.820948791503906250e+02 1.312350726127624512e+02 1.000000000000000000e+00
2.916989731788635254e+02 3.394726610183715820e+02 2.825214838981628418e+02 3.342105174064636230e+02 2.749673748016357422e+02 3.293099713325500488e+02 2.000000000000000000e+00
1.781287384033203125e+02 1.868216371536254883e+02 1.729699420928955078e+02 1.824061703681945801e+02 1.690400218963623047e+02 1.783956599235534668e+02 1.000000000000000000e+00
3.135768735408782959e+02 3.163324642181396484e+02 3.044835507869720459e+02 3.108434200286865234e+02 2.969133901596069336e+02 3.059084486961364746e+02 2.000000000000000000e+00
3.652780151367187500e+02 4.573908805847167969e+01 3.560375666618347168e+02 4.036521434783935547e+01 3.481511545181274414e+02 3.534650802612304688e+01 2.000000000000000000e+00
1.688525485992431641e+02 2.986584806442260742e+02 1.596832084655761719e+02 2.931818282604217529e+02 1.521347427368164062e+02 2.883440279960632324e+02 2.000000000000000000e+00
1.818036651611328125e+02 1.785099005699157715e+02 1.766172122955322266e+02 1.741458249092102051e+02 1.727609729766845703e+02 1.702351069450378418e+02 1.000000000000000000e+00
4.488412761688232422e+02 1.676905632019042969e+02 4.400819110870361328e+02 1.622984719276428223e+02 4.319020366668701172e+02 1.571584582328796387e+02 2.000000000000000000e+00
3.903936147689819336e+02 1.299941468238830566e+02 3.814622497558593750e+02 1.245901823043823242e+02 3.738323974609375000e+02 1.195455551147460938e+02 2.000000000000000000e+00
5.261470413208007812e+02 3.345362663269042969e+01 5.169991493225097656e+02 2.797526836395263672e+01 5.092964172363281250e+02 2.293099880218505859e+01 2.000000000000000000e+00
4.990102577209472656e+02 1.723920536041259766e+02 4.898832702636718750e+02 1.669074797630310059e+02 4.821631431579589844e+02 1.619098806381225586e+02 2.000000000000000000e+00
3.808105182647705078e+02 4.219815158843994141e+02 3.717295837402343750e+02 4.165550565719604492e+02 3.643420124053955078e+02 4.114908170700073242e+02 2.000000000000000000e+00
3.267229616641998291e+02 3.719017410278320312e+02 3.176667174696922302e+02 3.664691591262817383e+02 3.102216184139251709e+02 3.615843629837036133e+02 2.000000000000000000e+00
3.957132291793823242e+02 1.565443253517150879e+02 3.866914701461791992e+02 1.511935043334960938e+02 3.791225910186767578e+02 1.462442135810852051e+02 2.000000000000000000e+00
1.436820220947265625e+02 4.257524156570434570e+02 1.344170761108398438e+02 4.205247545242309570e+02 1.269160079956054688e+02 4.157740545272827148e+02 2.000000000000000000e+00
4.725291156768798828e+02 1.693364238739013672e+02 4.633999061584472656e+02 1.640241050720214844e+02 4.556813335418701172e+02 1.590644645690917969e+02 2.000000000000000000e+00
3.535894465446472168e+02 3.836612319946289062e+02 3.444456791877746582e+02 3.783055257797241211e+02 3.369141852855682373e+02 3.733583450317382812e+02 2.000000000000000000e+00
4.573372840881347656e+02 1.725530076026916504e+02 4.482851886749267578e+02 1.670217847824096680e+02 4.405766582489013672e+02 1.620453143119812012e+02 2.000000000000000000e+00
5.382444572448730469e+02 2.066673266887664795e+02 5.293632316589355469e+02 2.013573145866394043e+02 5.217169761657714844e+02 1.963672614097595215e+02 2.000000000000000000e+00
4.325472736358642578e+02 1.784390830993652344e+02 4.234599018096923828e+02 1.729904007911682129e+02 4.157674312591552734e+02 1.680238437652587891e+02 2.000000000000000000e+00
4.440577411651611328e+02 6.835896492004394531e+01 4.348991680145263672e+02 6.288908958435058594e+01 4.271195125579833984e+02 5.790268421173095703e+01 2.000000000000000000e+00
5.092905616760253906e+02 3.351048946380615234e+01 5.002574729919433594e+02 2.806157112121582031e+01 4.924779319763183594e+02 2.298827648162841797e+01 2.000000000000000000e+00
4.090427303314208984e+02 3.770625114440917969e+01 3.998341369628906250e+02 3.228006362915039062e+01 3.921703481674194336e+02 2.718651294708251953e+01 2.000000000000000000e+00
3.274661868810653687e+02 3.143768978118896484e+02 3.184107054769992828e+02 3.090199899673461914e+02 3.107984006404876709e+02 3.041028141975402832e+02 2.000000000000000000e+00
3.546825265884399414e+02 3.896165513992309570e+02 3.454946899414062500e+02 3.842384433746337891e+02 3.380150759220123291e+02 3.793037509918212891e+02 2.000000000000000000e+00
3.527317500114440918e+02 3.607499742507934570e+02 3.436193251609802246e+02 3.553732037544250488e+02 3.360745549201965332e+02 3.503779649734497070e+02 2.000000000000000000e+00
2.907585740089416504e+02 3.463838553428649902e+02 2.815884089469909668e+02 3.410652852058410645e+02 2.740778493881225586e+02 3.361635160446166992e+02 2.000000000000000000e+00
3.817744159698486328e+02 4.015437412261962891e+02 3.727501249313354492e+02 3.961909532546997070e+02 3.653092956542968750e+02 3.911461830139160156e+02 2.000000000000000000e+00
1.591697120666503906e+02 2.563293153047561646e+02 1.500471305847167969e+02 2.510261079668998718e+02 1.423998832702636719e+02 2.461775363981723785e+02 2.000000000000000000e+00
3.495088815689086914e+02 3.391540002822875977e+02 3.405023813247680664e+02 3.338323116302490234e+02 3.329566657543182373e+02 3.288663697242736816e+02 2.000000000000000000e+00
3.665703439712524414e+02 3.426854896545410156e+02 3.574590754508972168e+02 3.373432374000549316e+02 3.498518681526184082e+02 3.323803424835205078e+02 2.000000000000000000e+00
3.995130920410156250e+02 3.800862550735473633e+02 3.903813791275024414e+02 3.746653175354003906e+02 3.828331327438354492e+02 3.695833539962768555e+02 2.000000000000000000e+00
4.744947242736816406e+02 1.753648352622985840e+02 4.653496456146240234e+02 1.699073481559753418e+02 4.576373958587646484e+02 1.649874973297119141e+02 2.000000000000000000e+00
3.964938068389892578e+02 3.972444248199462891e+02 3.873846435546875000e+02 3.917419481277465820e+02 3.798205900192260742e+02 3.867057323455810547e+02 2.000000000000000000e+00
4.065841102600097656e+02 1.187975406646728516e+02 3.974460744857788086e+02 1.133001279830932617e+02 3.896898221969604492e+02 1.082664155960083008e+02 2.000000000000000000e+00
2.093869113922119141e+02 3.412596487998962402e+02 2.002632141113281250e+02 3.358780574798583984e+02 1.926746463775634766e+02 3.311663246154785156e+02 2.000000000000000000e+00
3.845218229293823242e+02 1.309742403030395508e+02 3.754933166503906250e+02 1.256212234497070312e+02 3.678751230239868164e+02 1.205867815017700195e+02 2.000000000000000000e+00
3.840432119369506836e+02 5.778840065002441406e+01 3.749632883071899414e+02 5.236458778381347656e+01 3.672671508789062500e+02 4.734030246734619141e+01 2.000000000000000000e+00
3.340974128246307373e+02 4.296258401870727539e+02 3.249097594618797302e+02 4.241146659851074219e+02 3.174208372831344604e+02 4.191995286941528320e+02 2.000000000000000000e+00
3.384338378906250000e+02 2.931344926357269287e+02 3.294293212890625000e+02 2.877186012268066406e+02 3.217499695718288422e+02 2.827626371383666992e+02 2.000000000000000000e+00
4.689141845703125000e+02 8.143837451934814453e+01 4.597474670410156250e+02 7.615825653076171875e+01 4.519813251495361328e+02 7.100368022918701172e+01 2.000000000000000000e+00
3.917358112335205078e+02 4.209548091888427734e+02 3.825756549835205078e+02 4.154873514175415039e+02 3.751496601104736328e+02 4.104734945297241211e+02 2.000000000000000000e+00
1.901970195770263672e+02 3.313339877128601074e+02 1.810513591766357422e+02 3.260473966598510742e+02 1.734058666229248047e+02 3.211884212493896484e+02 2.000000000000000000e+00
5.344783401489257812e+02 1.270517778396606445e+02 5.253519248962402344e+02 1.217427849769592285e+02 5.176395225524902344e+02 1.167657852172851562e+02 2.000000000000000000e+00
2.636762666702270508e+02 2.067300260066986084e+02 2.575629281997680664e+02 2.023202347755432129e+02 2.529370117187500000e+02 1.982807743549346924e+02 1.000000000000000000e+00
3.548571467399597168e+02 4.263516998291015625e+02 3.457938838005065918e+02 4.208947563171386719e+02 3.383566892147064209e+02 4.158169698715209961e+02 2.000000000000000000e+00
4.192860126495361328e+02 4.105199432373046875e+02 4.103207683563232422e+02 4.050258207321166992e+02 4.027368164062500000e+02 4.000793266296386719e+02 2.000000000000000000e+00
4.157730770111083984e+02 3.704071426391601562e+02 4.066597652435302734e+02 3.649826145172119141e+02 3.991950082778930664e+02 3.598595666885375977e+02 2.000000000000000000e+00
3.217568664252758026e+02 3.670278453826904297e+02 3.127060240507125854e+02 3.615793275833129883e+02 3.052344965934753418e+02 3.566718506813049316e+02 2.000000000000000000e+00
2.206063556671142578e+02 1.793386316299438477e+02 2.149830150604248047e+02 1.750896549224853516e+02 2.111390972137451172e+02 1.711046576499938965e+02 1.000000000000000000e+00
2.568228149414062500e+02 2.100677168369293213e+02 2.506022500991821289e+02 2.054417109489440918e+02 2.459884500503540039e+02 2.013011598587036133e+02 1.000000000000000000e+00
2.857684922218322754e+02 2.584582328796386719e+01 2.763536071777343750e+02 2.025991916656494141e+01 2.685663127899169922e+02 1.531233787536621094e+01 2.000000000000000000e+00
4.134540462493896484e+02 3.887896871566772461e+02 4.043549823760986328e+02 3.833169651031494141e+02 3.967845153808593750e+02 3.783035945892333984e+02 2.000000000000000000e+00
2.651263093948364258e+02 4.282784557342529297e+02 2.560578584671020508e+02 4.228876447677612305e+02 2.485532665252685547e+02 4.179674434661865234e+02 2.000000000000000000e+00
2.479495859146118164e+02 4.016254377365112305e+02 2.389516544342041016e+02 3.963192844390869141e+02 2.313764476776123047e+02 3.914083671569824219e+02 2.000000000000000000e+00
3.287566226720809937e+02 3.590304923057556152e+02 3.196998596191406250e+02 3.536294031143188477e+02 3.122022092342376709e+02 3.486464881896972656e+02 2.000000000000000000e+00
5.277496910095214844e+02 2.147022700309753418e+02 5.192092323303222656e+02 2.093592345714569092e+02 5.113136100769042969e+02 2.044045686721801758e+02 2.000000000000000000e+00
4.193062496185302734e+02 4.164715003967285156e+02 4.103476905822753906e+02 4.109152936935424805e+02 4.027473735809326172e+02 4.059875535964965820e+02 2.000000000000000000e+00
5.320656204223632812e+02 3.666800022125244141e+02 5.229310989379882812e+02 3.612223577499389648e+02 5.151751708984375000e+02 3.560653781890869141e+02 2.000000000000000000e+00
3.394845283031463623e+02 3.441743803024291992e+02 3.304872739315032959e+02 3.388093042373657227e+02 3.229944458603858948e+02 3.338631963729858398e+02 2.000000000000000000e+00
5.147657585144042969e+02 2.073417198657989502e+02 5.055588722229003906e+02 2.019191873073577881e+02 4.978019523620605469e+02 1.969243454933166504e+02 2.000000000000000000e+00
3.751297330856323242e+02 7.177126407623291016e+01 3.660109281539916992e+02 6.647684097290039062e+01 3.584262394905090332e+02 6.128869056701660156e+01 2.000000000000000000e+00
4.471044349670410156e+02 8.551843643188476562e+01 4.379337215423583984e+02 8.003329753875732422e+01 4.301278114318847656e+02 7.496699810028076172e+01 2.000000000000000000e+00
4.163846492767333984e+02 4.224697637557983398e+02 4.073798274993896484e+02 4.169014692306518555e+02 3.997719144821166992e+02 4.119353771209716797e+02 2.000000000000000000e+00
3.397239387035369873e+02 3.699476337432861328e+02 3.306479489803314209e+02 3.645597553253173828e+02 3.231569519639015198e+02 3.595947003364562988e+02 2.000000000000000000e+00
4.027267456054687500e+02 4.174354076385498047e+01 3.935969877243041992e+02 3.628316402435302734e+01 3.859537982940673828e+02 3.120377540588378906e+01 2.000000000000000000e+00
3.437400507926940918e+02 3.579003667831420898e+02 3.345985722541809082e+02 3.525227737426757812e+02 3.271110534667968750e+02 3.475267410278320312e+02 2.000000000000000000e+00
3.874654245376586914e+02 3.883329248428344727e+02 3.784090280532836914e+02 3.828536510467529297e+02 3.708441495895385742e+02 3.777954483032226562e+02 2.000000000000000000e+00
5.008236694335937500e+02 1.382974219322204590e+02 4.917374992370605469e+02 1.329412007331848145e+02 4.840244483947753906e+02 1.279016232490539551e+02 2.000000000000000000e+00
3.765270709991455078e+02 3.594764184951782227e+02 3.674680185317993164e+02 3.540925025939941406e+02 3.599483656883239746e+02 3.492067909240722656e+02 2.000000000000000000e+00
3.295741271972656250e+02 3.383780550956726074e+02 3.205811462551355362e+02 3.330568313598632812e+02 3.130688172578811646e+02 3.281124329566955566e+02 2.000000000000000000e+00
3.190640563517808914e+02 4.196083116531372070e+02 3.099543154239654541e+02 4.142171430587768555e+02 3.024777221679687500e+02 4.093111896514892578e+02 2.000000000000000000e+00
3.165601500868797302e+02 3.371899151802062988e+02 3.075513911247253418e+02 3.318187022209167480e+02 3.000805962085723877e+02 3.268844032287597656e+02 2.000000000000000000e+00
2.708972787857055664e+02 3.635222482681274414e+02 2.617316579818725586e+02 3.582765269279479980e+02 2.542697906494140625e+02 3.533612751960754395e+02 2.000000000000000000e+00
4.446847534179687500e+02 2.958808422088623047e+01 4.355383586883544922e+02 2.421431064605712891e+01 4.277648925781250000e+02 1.914027214050292969e+01 2.000000000000000000e+00
1.515548324584960938e+02 4.197087478637695312e+02 1.423163414001464844e+02 4.145423126220703125e+02 1.347982597351074219e+02 4.097224473953247070e+02 2.000000000000000000e+00
1.704612731933593750e+02 2.563635867834091187e+02 1.612953758239746094e+02 2.510686343908309937e+02 1.536011695861816406e+02 2.462122195959091187e+02 2.000000000000000000e+00
5.494481849670410156e+02 1.145923519134521484e+02 5.403152465820312500e+02 1.092630815505981445e+02 5.324705886840820312e+02 1.040536451339721680e+02 2.000000000000000000e+00
2.517143249511718750e+02 6.297311782836914062e+01 2.428022432327270508e+02 5.752940654754638672e+01 2.348221588134765625e+02 5.265307903289794922e+01 2.000000000000000000e+00
3.558755493164062500e+02 4.005114269256591797e+02 3.467402958869934082e+02 3.950930500030517578e+02 3.392762148380279541e+02 3.901441669464111328e+02 2.000000000000000000e+00
1.465033149719238281e+02 4.137288236618041992e+02 1.372674751281738281e+02 4.084500503540039062e+02 1.296730041503906250e+02 4.036193990707397461e+02 2.000000000000000000e+00
3.626144742965698242e+02 3.158573985099792480e+02 3.535322880744934082e+02 3.105164194107055664e+02 3.459098815917968750e+02 3.055185270309448242e+02 2.000000000000000000e+00
1.526695442199707031e+02 4.297694206237792969e+02 1.433679962158203125e+02 4.244853544235229492e+02 1.358979988098144531e+02 4.196439599990844727e+02 2.000000000000000000e+00
4.914275550842285156e+02 3.403732323646545410e+02 4.822976493835449219e+02 3.349652767181396484e+02 4.746506977081298828e+02 3.298642015457153320e+02 2.000000000000000000e+00
2.849811697006225586e+02 3.834004640579223633e+02 2.759189128875732422e+02 3.779936313629150391e+02 2.684040498733520508e+02 3.731046152114868164e+02 2.000000000000000000e+00
3.741039133071899414e+02 5.471940994262695312e+01 3.650303030014038086e+02 4.931143283843994141e+01 3.573035287857055664e+02 4.427992343902587891e+01 2.000000000000000000e+00
4.183775329589843750e+02 4.025556707382202148e+02 4.093869686126708984e+02 3.971194267272949219e+02 4.018945312500000000e+02 3.921073007583618164e+02 2.000000000000000000e+00
4.512997436523437500e+02 1.254546117782592773e+02 4.421996498107910156e+02 1.200379014015197754e+02 4.343816566467285156e+02 1.150373125076293945e+02 2.000000000000000000e+00
4.269850158691406250e+02 2.767187118530273438e+01 4.177125549316406250e+02 2.223036289215087891e+01 4.099242877960205078e+02 1.717934131622314453e+01 2.000000000000000000e+00
3.263137817382812500e+02 2.823598945140838623e+02 3.171871033310890198e+02 2.768970966339111328e+02 3.095645439624786377e+02 2.719961249828338623e+02 2.000000000000000000e+00
4.809589576721191406e+02 3.523587369918823242e+02 4.718731403350830078e+02 3.467604446411132812e+02 4.643003559112548828e+02 3.417091083526611328e+02 2.000000000000000000e+00
2.108766746520996094e+02 4.062507104873657227e+02 2.017617607116699219e+02 4.007330131530761719e+02 1.943600749969482422e+02 3.959447765350341797e+02 2.000000000000000000e+00
2.046794700622558594e+02 2.066735959053039551e+02 1.991088581085205078e+02 2.020509481430053711e+02 1.951391601562500000e+02 1.983450293540954590e+02 1.000000000000000000e+00
1.294758033752441406e+02 4.110585737228393555e+02 1.201606178283691406e+02 4.056453037261962891e+02 1.126100349426269531e+02 4.008346652984619141e+02 2.000000000000000000e+00
3.899071359634399414e+02 4.170837879180908203e+01 3.808127450942993164e+02 3.627511024475097656e+01 3.731174945831298828e+02 3.121172904968261719e+01 2.000000000000000000e+00
2.935268855094909668e+02 1.744379997253417969e+02 2.871375107765197754e+02 1.701960253715515137e+02 2.817766404151916504e+02 1.664535927772521973e+02 1.000000000000000000e+00
5.233477210998535156e+02 2.199094837903976440e+02 5.171577835083007812e+02 2.145533126592636108e+02 5.095130920410156250e+02 2.096404409408569336e+02 2.000000000000000000e+00
3.964972829818725586e+02 3.573050022125244141e+02 3.873759794235229492e+02 3.518786644935607910e+02 3.798535156250000000e+02 3.468779969215393066e+02 2.000000000000000000e+00
3.948013019561767578e+02 2.968372821807861328e+01 3.856814289093017578e+02 2.433706283569335938e+01 3.779017019271850586e+02 1.923508644104003906e+01 2.000000000000000000e+00
2.822676086425781250e+02 1.662810301780700684e+02 2.761997652053833008e+02 1.621579241752624512e+02 2.713309621810913086e+02 1.585479712486267090e+02 1.000000000000000000e+00
4.488242816925048828e+02 2.605974733829498291e+02 4.396690654754638672e+02 2.552277070283889771e+02 4.321966552734375000e+02 2.502014315128326416e+02 2.000000000000000000e+00
3.243609926104545593e+02 4.398685455322265625e+02 3.152275085449218750e+02 4.343831634521484375e+02 3.077389216423034668e+02 4.294569253921508789e+02 2.000000000000000000e+00
3.771545410156250000e+02 3.974653244018554688e+01 3.680255460739135742e+02 3.432279109954833984e+01 3.602622985839843750e+02 2.928746223449707031e+01 2.000000000000000000e+00
5.308887290954589844e+02 3.596686434745788574e+02 5.217872428894042969e+02 3.542406034469604492e+02 5.140491294860839844e+02 3.491038870811462402e+02 2.000000000000000000e+00
4.989409828186035156e+02 1.813501095771789551e+02 4.898523330688476562e+02 1.758501219749450684e+02 4.821509742736816406e+02 1.708159875869750977e+02 2.000000000000000000e+00
1.284153175354003906e+02 3.970752954483032227e+02 1.192571830749511719e+02 3.916654443740844727e+02 1.116483688354492188e+02 3.868906688690185547e+02 2.000000000000000000e+00
5.496426391601562500e+02 2.177150255441665649e+02 5.406795692443847656e+02 2.123152756690979004e+02 5.328843498229980469e+02 2.072371816635131836e+02 2.000000000000000000e+00
4.623265361785888672e+02 1.494593596458435059e+02 4.531559181213378906e+02 1.440702795982360840e+02 4.453505611419677734e+02 1.390940952301025391e+02 2.000000000000000000e+00
4.187915039062500000e+02 7.471796035766601562e+01 4.100973224639892578e+02 6.927590847015380859e+01 4.022893714904785156e+02 6.430081844329833984e+01 2.000000000000000000e+00
3.698194885253906250e+02 4.044408416748046875e+02 3.607634592056274414e+02 3.990277862548828125e+02 3.533380126953125000e+02 3.940475177764892578e+02 2.000000000000000000e+00
3.645775747299194336e+02 3.228255987167358398e+02 3.554544067382812500e+02 3.174755573272705078e+02 3.478831791877746582e+02 3.125199937820434570e+02 2.000000000000000000e+00
1.572671890258789062e+02 3.826525068283081055e+02 1.480931854248046875e+02 3.773932886123657227e+02 1.404751968383789062e+02 3.725370597839355469e+02 2.000000000000000000e+00
3.745636606216430664e+02 3.297111582756042480e+02 3.654572153091430664e+02 3.244318270683288574e+02 3.578433227539062500e+02 3.194495272636413574e+02 2.000000000000000000e+00
4.024775123596191406e+02 3.901492738723754883e+02 3.933651733398437500e+02 3.846329069137573242e+02 3.857724905014038086e+02 3.795866489410400391e+02 2.000000000000000000e+00
4.081496906280517578e+02 2.744814777374267578e+02 3.990890216827392578e+02 2.690190750360488892e+02 3.914726877212524414e+02 2.641835027933120728e+02 2.000000000000000000e+00
2.419065237045288086e+02 3.886625719070434570e+02 2.327764987945556641e+02 3.833355760574340820e+02 2.253072834014892578e+02 3.784624385833740234e+02 2.000000000000000000e+00
2.937341904640197754e+02 3.334530973434448242e+02 2.845044541358947754e+02 3.281352281570434570e+02 2.769535827636718750e+02 3.232917237281799316e+02 2.000000000000000000e+00
3.533303833007812500e+02 5.573540210723876953e+01 3.440601515769958496e+02 5.027539730072021484e+01 3.361827087402343750e+02 4.526099681854248047e+01 2.000000000000000000e+00
1.617595386505126953e+02 4.235041952133178711e+02 1.525559043884277344e+02 4.182473802566528320e+02 1.450823402404785156e+02 4.134149551391601562e+02 2.000000000000000000e+00
2.721508789062500000e+02 4.282861375808715820e+02 2.630787324905395508e+02 4.228417825698852539e+02 2.555675649642944336e+02 4.179234123229980469e+02 2.000000000000000000e+00
4.648489093780517578e+02 3.692783260345458984e+02 4.557055377960205078e+02 3.637959623336791992e+02 4.481529521942138672e+02 3.586418509483337402e+02 2.000000000000000000e+00
4.082147216796875000e+02 2.686038225889205933e+02 3.990615558624267578e+02 2.630437320470809937e+02 3.914429330825805664e+02 2.581965333223342896e+02 2.000000000000000000e+00
5.435482788085937500e+02 1.538935232162475586e+02 5.343726921081542969e+02 1.485806822776794434e+02 5.266139602661132812e+02 1.435402035713195801e+02 2.000000000000000000e+00
2.757414865493774414e+02 3.435874414443969727e+02 2.667180490493774414e+02 3.383095765113830566e+02 2.591675996780395508e+02 3.334242010116577148e+02 2.000000000000000000e+00
4.075300025939941406e+02 4.274573707580566406e+02 3.983690214157104492e+02 4.219174575805664062e+02 3.908555316925048828e+02 4.169458436965942383e+02 2.000000000000000000e+00
3.845387268066406250e+02 3.753315210342407227e+02 3.754541349411010742e+02 3.699516963958740234e+02 3.679057312011718750e+02 3.649257230758666992e+02 2.000000000000000000e+00
4.676735591888427734e+02 3.019181227684020996e+02 4.584607601165771484e+02 2.966050457954406738e+02 4.508490943908691406e+02 2.915720844268798828e+02 2.000000000000000000e+00
2.997751164436340332e+02 3.473033165931701660e+02 2.905987548828125000e+02 3.419895672798156738e+02 2.830581974983215332e+02 3.370993065834045410e+02 2.000000000000000000e+00
3.707636404037475586e+02 4.123276805877685547e+02 3.617483854293823242e+02 4.068677759170532227e+02 3.542901301383972168e+02 4.019009113311767578e+02 2.000000000000000000e+00
2.820655822753906250e+02 1.751868438720703125e+02 2.757157278060913086e+02 1.708013606071472168e+02 2.705769968032836914e+02 1.670109486579895020e+02 1.000000000000000000e+00
3.668517446517944336e+02 4.311522674560546875e+02 3.577557373046875000e+02 4.256701183319091797e+02 3.502539992332458496e+02 4.206102132797241211e+02 2.000000000000000000e+00
3.613307809829711914e+02 2.749925565719604492e+02 3.522591567039489746e+02 2.696525895595550537e+02 3.447001647949218750e+02 2.646647965908050537e+02 2.000000000000000000e+00
5.316157913208007812e+02 9.245650291442871094e+01 5.223488235473632812e+02 8.708629131317138672e+01 5.145397949218750000e+02 8.195069789886474609e+01 2.000000000000000000e+00
2.849142146110534668e+02 4.349517631530761719e+02 2.759922790527343750e+02 4.295334863662719727e+02 2.685884380340576172e+02 4.246272325515747070e+02 2.000000000000000000e+00
1.861836242675781250e+02 3.173649644851684570e+02 1.769598960876464844e+02 3.120202946662902832e+02 1.692653942108154297e+02 3.072537875175476074e+02 2.000000000000000000e+00
4.479364681243896484e+02 6.336359024047851562e+01 4.388424110412597656e+02 5.788490295410156250e+01 4.310427570343017578e+02 5.288187503814697266e+01 2.000000000000000000e+00
2.931622910499572754e+02 1.583577561378479004e+02 2.869159841537475586e+02 1.544424819946289062e+02 2.818849492073059082e+02 1.506651377677917480e+02 1.000000000000000000e+00
3.501787424087524414e+02 4.079296588897705078e+01 3.410512399673461914e+02 3.533234596252441406e+01 3.331833493709564209e+02 3.032089233398437500e+01 2.000000000000000000e+00
1.908668994903564453e+02 1.920971488952636719e+02 1.855680561065673828e+02 1.874367034435272217e+02 1.815584373474121094e+02 1.833762180805206299e+02 1.000000000000000000e+00
3.705651235580444336e+02 3.248259043693542480e+02 3.614574003219604492e+02 3.195056819915771484e+02 3.538434147834777832e+02 3.145157504081726074e+02 2.000000000000000000e+00
3.227960816025733948e+02 1.857326173782348633e+02 3.157345274090766907e+02 1.812995588779449463e+02 3.099117124080657959e+02 1.772685527801513672e+02 1.000000000000000000e+00
3.380917358398437500e+02 4.207169008255004883e+02 3.289781492948532104e+02 4.152252531051635742e+02 3.214467774331569672e+02 4.102348423004150391e+02 2.000000000000000000e+00
4.536297035217285156e+02 2.711260986328125000e+02 4.445355510711669922e+02 2.657849138975143433e+02 4.368943786621093750e+02 2.608131122589111328e+02 2.000000000000000000e+00
5.413385009765625000e+02 2.137237071990966797e+02 5.325922203063964844e+02 2.083258938789367676e+02 5.247753334045410156e+02 2.032892882823944092e+02 2.000000000000000000e+00
5.211189651489257812e+02 3.940202236175537109e+01 5.120593261718750000e+02 3.400820732116699219e+01 5.043918418884277344e+02 2.898083209991455078e+01 2.000000000000000000e+00
1.788354778289794922e+02 3.955482244491577148e+02 1.695155334472656250e+02 3.901270151138305664e+02 1.620023059844970703e+02 3.853187370300292969e+02 2.000000000000000000e+00
2.522689342498779297e+02 4.286061429977416992e+02 2.432608032226562500e+02 4.232059764862060547e+02 2.356887531280517578e+02 4.182903814315795898e+02 2.000000000000000000e+00
4.639752864837646484e+02 4.198604536056518555e+02 4.547498226165771484e+02 4.143841409683227539e+02 4.472939205169677734e+02 4.092928504943847656e+02 2.000000000000000000e+00
3.588810420036315918e+02 4.312370681762695312e+02 3.498060297966003418e+02 4.258191633224487305e+02 3.423083186149597168e+02 4.207217216491699219e+02 2.000000000000000000e+00
3.476762700080871582e+02 3.788518381118774414e+02 3.385117495059967041e+02 3.734922552108764648e+02 3.310130310058593750e+02 3.685234737396240234e+02 2.000000000000000000e+00
1.212266349792480469e+02 3.991004133224487305e+02 1.120869255065917969e+02 3.936750268936157227e+02 1.045161247253417969e+02 3.889428806304931641e+02 2.000000000000000000e+00
4.041708374023437500e+02 2.993887674808502197e+02 3.951203298568725586e+02 2.940091574192047119e+02 3.874940204620361328e+02 2.891292142868041992e+02 2.000000000000000000e+00
3.285407108068466187e+02 3.324639344215393066e+02 3.195295410230755806e+02 3.272023344039916992e+02 3.120098263025283813e+02 3.222339248657226562e+02 2.000000000000000000e+00
3.386192631721496582e+02 5.958452224731445312e+01 3.294874268770217896e+02 5.416337013244628906e+01 3.216864319145679474e+02 4.909948825836181641e+01 2.000000000000000000e+00
5.465270423889160156e+02 1.790396547317504883e+02 5.374176597595214844e+02 1.734310126304626465e+02 5.296959304809570312e+02 1.684212470054626465e+02 2.000000000000000000e+00
5.401329421997070312e+02 3.726609277725219727e+02 5.308444213867187500e+02 3.671480798721313477e+02 5.231565666198730469e+02 3.619515752792358398e+02 2.000000000000000000e+00
5.165979003906250000e+02 1.780521368980407715e+02 5.074457168579101562e+02 1.726947927474975586e+02 4.997415161132812500e+02 1.676161909103393555e+02 2.000000000000000000e+00
5.302761268615722656e+02 7.937836647033691406e+01 5.211961174011230469e+02 7.397336483001708984e+01 5.134063720703125000e+02 6.896312713623046875e+01 2.000000000000000000e+00
4.367104530334472656e+02 4.857211589813232422e+01 4.276427364349365234e+02 4.312542915344238281e+01 4.198594379425048828e+02 3.812870979309082031e+01 2.000000000000000000e+00
3.705907011032104492e+02 3.377506470680236816e+02 3.614343881607055664e+02 3.323692989349365234e+02 3.538235473632812500e+02 3.274085140228271484e+02 2.000000000000000000e+00
1.945200824737548828e+02 1.834810459613800049e+02 1.893048572540283203e+02 1.789742875099182129e+02 1.852102375030517578e+02 1.749036240577697754e+02 1.000000000000000000e+00
3.378350532054901123e+02 3.165032386779785156e+01 3.287910461425781250e+02 2.628310203552246094e+01 3.210400085896253586e+02 2.126063346862792969e+01 2.000000000000000000e+00
4.064847469329833984e+02 4.115636014938354492e+02 3.974416494369506836e+02 4.061449384689331055e+02 3.898450040817260742e+02 4.011105108261108398e+02 2.000000000000000000e+00
4.088261699676513672e+02 5.375520229339599609e+01 3.998217773437500000e+02 4.821189880371093750e+01 3.922625732421875000e+02 4.321779727935791016e+01 2.000000000000000000e+00
1.829303550720214844e+02 3.076723337173461914e+02 1.737646198272705078e+02 3.021584486961364746e+02 1.662062931060791016e+02 2.973110389709472656e+02 2.000000000000000000e+00
4.260022926330566406e+02 4.659755229949951172e+01 4.168155860900878906e+02 4.120744228363037109e+01 4.091394710540771484e+02 3.618003845214843750e+01 2.000000000000000000e+00
2.603616952896118164e+02 2.147096550464630127e+02 2.542022991180419922e+02 2.100785046815872192e+02 2.493928813934326172e+02 2.058413815498352051e+02 1.000000000000000000e+00
4.390613746643066406e+02 9.055372238159179688e+01 4.299007606506347656e+02 8.509562015533447266e+01 4.221047973632812500e+02 8.007960319519042969e+01 2.000000000000000000e+00
2.175166893005371094e+02 3.322372198104858398e+02 2.084091758728027344e+02 3.268759202957153320e+02 2.008166503906250000e+02 3.220696449279785156e+02 2.000000000000000000e+00
3.146899718046188354e+02 3.461701083183288574e+02 3.055673515796661377e+02 3.407424688339233398e+02 2.981138610839843750e+02 3.358521437644958496e+02 2.000000000000000000e+00
1.423418045043945312e+02 3.908220291137695312e+02 1.331994819641113281e+02 3.855213117599487305e+02 1.254997253417968750e+02 3.807837295532226562e+02 2.000000000000000000e+00
1.967999744415283203e+02 2.051286005973815918e+02 1.913447856903076172e+02 2.004197072982788086e+02 1.873218250274658203e+02 1.965180015563964844e+02 1.000000000000000000e+00
4.189568233489990234e+02 4.760303020477294922e+01 4.098458290100097656e+02 4.223532199859619141e+01 4.021843624114990234e+02 3.720442771911621094e+01 2.000000000000000000e+00
3.670993947982788086e+02 5.773685932159423828e+01 3.580538630485534668e+02 5.233604907989501953e+01 3.503922438621520996e+02 4.729747295379638672e+01 2.000000000000000000e+00
4.745968627929687500e+02 3.257803416252136230e+02 4.655715656280517578e+02 3.204811477661132812e+02 4.578771400451660156e+02 3.153430223464965820e+02 2.000000000000000000e+00
4.129758644104003906e+02 4.566754817962646484e+01 4.038182735443115234e+02 4.026034355163574219e+01 3.961484670639038086e+02 3.519437313079833984e+01 2.000000000000000000e+00
3.512338566780090332e+02 2.580914926528930664e+02 3.421895766258239746e+02 2.527214974164962769e+02 3.345960998535156250e+02 2.478038182854652405e+02 2.000000000000000000e+00
1.996782398223876953e+02 3.784206247329711914e+02 1.905328083038330078e+02 3.729800462722778320e+02 1.829538822174072266e+02 3.682230234146118164e+02 2.000000000000000000e+00
4.326618957519531250e+02 3.519387245178222656e+02 4.234607219696044922e+02 3.465083384513854980e+02 4.158710384368896484e+02 3.415300369262695312e+02 2.000000000000000000e+00
2.365403461456298828e+02 3.439523077011108398e+02 2.273911094665527344e+02 3.385087966918945312e+02 2.198937034606933594e+02 3.336951613426208496e+02 2.000000000000000000e+00
4.625379943847656250e+02 3.100313758850097656e+02 4.533188152313232422e+02 3.045710492134094238e+02 4.458035945892333984e+02 2.996136796474456787e+02 2.000000000000000000e+00
4.881395530700683594e+02 2.125013870000839233e+02 4.795075702667236328e+02 2.072491121292114258e+02 4.718193340301513672e+02 2.023502647876739502e+02 2.000000000000000000e+00
3.747111225128173828e+02 3.754689645767211914e+02 3.656186246871948242e+02 3.701277208328247070e+02 3.581530451774597168e+02 3.651654767990112305e+02 2.000000000000000000e+00
5.265220451354980469e+02 1.550433754920959473e+02 5.175183677673339844e+02 1.497348260879516602e+02 5.097538566589355469e+02 1.447069358825683594e+02 2.000000000000000000e+00
4.213335323333740234e+02 1.437486076354980469e+02 4.122125911712646484e+02 1.384222197532653809e+02 4.044610309600830078e+02 1.334287190437316895e+02 2.000000000000000000e+00
3.621847248077392578e+02 2.610689395666122437e+02 3.530861520767211914e+02 2.556796270608901978e+02 3.454722905158996582e+02 2.507845616340637207e+02 2.000000000000000000e+00
2.481890726089477539e+02 4.345638227462768555e+02 2.392814636230468750e+02 4.291583919525146484e+02 2.315998363494873047e+02 4.242672157287597656e+02 2.000000000000000000e+00
5.471389770507812500e+02 4.935680866241455078e+01 5.379479408264160156e+02 4.391561508178710938e+01 5.302694129943847656e+02 3.897118091583251953e+01 2.000000000000000000e+00
4.814268875122070312e+02 3.545080661773681641e+01 4.724376201629638672e+02 3.011695861816406250e+01 4.645606994628906250e+02 2.514364242553710938e+01 2.000000000000000000e+00
4.668948364257812500e+02 4.267641735076904297e+02 4.577114582061767578e+02 4.212926673889160156e+02 4.501912593841552734e+02 4.161897325515747070e+02 2.000000000000000000e+00
1.662306499481201172e+02 3.446729779243469238e+02 1.570814514160156250e+02 3.394078087806701660e+02 1.494303321838378906e+02 3.345679950714111328e+02 2.000000000000000000e+00
3.374180603027343750e+02 3.071655607223510742e+02 3.284844666719436646e+02 3.017379498481750488e+02 3.208572387695312500e+02 2.968169295787811279e+02 2.000000000000000000e+00
2.568668794631958008e+02 3.577811336517333984e+02 2.477468872070312500e+02 3.524057650566101074e+02 2.402041292190551758e+02 3.475270414352416992e+02 2.000000000000000000e+00
5.083205223083496094e+02 4.204093408584594727e+02 4.991226196289062500e+02 4.147211122512817383e+02 4.915006828308105469e+02 4.095393133163452148e+02 2.000000000000000000e+00
4.055498981475830078e+02 3.579306077957153320e+02 3.964929819107055664e+02 3.524983906745910645e+02 3.889599609375000000e+02 3.474788260459899902e+02 2.000000000000000000e+00
4.131901836395263672e+02 6.869193077087402344e+01 4.040143775939941406e+02 6.326677322387695312e+01 3.964679288864135742e+02 5.832384109497070312e+01 2.000000000000000000e+00
4.035465431213378906e+02 3.748033189773559570e+02 3.944082975387573242e+02 3.694238662719726562e+02 3.868467426300048828e+02 3.643195581436157227e+02 2.000000000000000000e+00
3.084348142147064209e+02 3.104218196868896484e+02 2.994450688362121582e+02 3.049373531341552734e+02 2.918893122673034668e+02 3.000306701660156250e+02 2.000000000000000000e+00
3.447488403320312500e+02 3.649050951004028320e+02 3.356104433536529541e+02 3.595230460166931152e+02 3.281124573945999146e+02 3.545039105415344238e+02 2.000000000000000000e+00
4.257744121551513672e+02 2.686523759365081787e+02 4.167218303680419922e+02 2.630004894733428955e+02 4.091162109375000000e+02 2.581169146299362183e+02 2.000000000000000000e+00
2.179103183746337891e+02 4.100029134750366211e+02 2.086681461334228516e+02 4.045590591430664062e+02 2.012454509735107422e+02 3.996082878112792969e+02 2.000000000000000000e+00
2.935828232765197754e+02 3.214422655105590820e+02 2.844573354721069336e+02 3.159216928482055664e+02 2.770027160644531250e+02 3.111563158035278320e+02 2.000000000000000000e+00
3.306603085994720459e+02 3.511545753479003906e+02 3.217394410073757172e+02 3.457615685462951660e+02 3.141929012537002563e+02 3.407682538032531738e+02 2.000000000000000000e+00
3.385957038402557373e+02 3.529854512214660645e+02 3.295779722929000854e+02 3.475935387611389160e+02 3.220426940917968750e+02 3.426336693763732910e+02 2.000000000000000000e+00
4.898083496093750000e+02 1.423860454559326172e+02 4.807040786743164062e+02 1.369846272468566895e+02 4.730234432220458984e+02 1.319783091545104980e+02 2.000000000000000000e+00
2.182375335693359375e+02 2.179319751262664795e+02 2.123722839355468750e+02 2.132614570856094360e+02 2.073177433013916016e+02 2.087222564220428467e+02 1.000000000000000000e+00
3.454494643211364746e+02 2.881132829189300537e+02 3.364379584789276123e+02 2.826720893383026123e+02 3.288129580020904541e+02 2.777355980873107910e+02 2.000000000000000000e+00
4.831692886352539062e+02 1.235209465026855469e+02 4.739855670928955078e+02 1.181899738311767578e+02 4.662585735321044922e+02 1.132268142700195312e+02 2.000000000000000000e+00
2.144360351562500000e+02 3.512331604957580566e+02 2.052915477752685547e+02 3.457724690437316895e+02 1.977306079864501953e+02 3.410112333297729492e+02 2.000000000000000000e+00
2.721120309829711914e+02 3.954571580886840820e+02 2.629123544692993164e+02 3.901347970962524414e+02 2.554581117630004883e+02 3.852647495269775391e+02 2.000000000000000000e+00
1.679498100280761719e+02 4.295806646347045898e+02 1.586883354187011719e+02 4.242256021499633789e+02 1.511867904663085938e+02 4.194272518157958984e+02 2.000000000000000000e+00
2.346556186676025391e+02 2.207998806238174438e+02 2.283458232879638672e+02 2.160316461324691772e+02 2.228757762908935547e+02 2.115211468935012817e+02 1.000000000000000000e+00
2.624003601074218750e+02 2.013371729850769043e+02 2.563468599319458008e+02 1.968899810314178467e+02 2.516863250732421875e+02 1.928772389888763428e+02 1.000000000000000000e+00
4.390299415588378906e+02 4.318328905105590820e+02 4.298456764221191406e+02 4.264146566390991211e+02 4.224443054199218750e+02 4.213326787948608398e+02 2.000000000000000000e+00
3.333305966854095459e+02 2.603033459186553955e+02 3.242619934678077698e+02 2.549089059233665466e+02 3.165924683213233948e+02 2.499273839592933655e+02 2.000000000000000000e+00
3.789221191406250000e+02 4.975539207458496094e+01 3.698823547363281250e+02 4.432288169860839844e+01 3.620897531509399414e+02 3.933128356933593750e+01 2.000000000000000000e+00
4.618442058563232422e+02 3.289404344558715820e+02 4.527380371093750000e+02 3.235932040214538574e+02 4.452442073822021484e+02 3.185472178459167480e+02 2.000000000000000000e+00
5.027719497680664062e+02 7.946009159088134766e+01 4.938109207153320312e+02 7.405311584472656250e+01 4.858321189880371094e+02 6.904625415802001953e+01 2.000000000000000000e+00
1.989085388183593750e+02 2.702841496467590332e+02 1.897224140167236328e+02 2.649043589830398560e+02 1.821044635772705078e+02 2.600289005041122437e+02 2.000000000000000000e+00
5.087888908386230469e+02 1.891404104232788086e+02 4.997200012207031250e+02 1.836979043483734131e+02 4.920257949829101562e+02 1.786651110649108887e+02 2.000000000000000000e+00
3.982479858398437500e+02 3.294095492362976074e+02 3.891413879394531250e+02 3.240504527091979980e+02 3.816185903549194336e+02 3.190336060523986816e+02 2.000000000000000000e+00
2.013696289062500000e+02 3.043466234207153320e+02 1.922002410888671875e+02 2.989194059371948242e+02 1.845234012603759766e+02 2.941502094268798828e+02 2.000000000000000000e+00
2.982166743278503418e+02 4.130877399444580078e+02 2.890989685058593750e+02 4.076216840744018555e+02 2.815627741813659668e+02 4.026867198944091797e+02 2.000000000000000000e+00
2.867122483253479004e+02 3.315019583702087402e+02 2.774364614486694336e+02 3.262344717979431152e+02 2.699297475814819336e+02 3.213678002357482910e+02 2.000000000000000000e+00
5.377652549743652344e+02 3.596443533897399902e+02 5.286514282226562500e+02 3.542280936241149902e+02 5.209118652343750000e+02 3.490865564346313477e+02 2.000000000000000000e+00
5.258633995056152344e+02 4.031714200973510742e+02 5.165910720825195312e+02 3.976810026168823242e+02 5.090685462951660156e+02 3.924584484100341797e+02 2.000000000000000000e+00
5.516127395629882812e+02 1.517308330535888672e+02 5.424384117126464844e+02 1.464054679870605469e+02 5.346757316589355469e+02 1.413465499877929688e+02 2.000000000000000000e+00
3.198282775841653347e+02 2.604649364948272705e+02 3.106307065486907959e+02 2.547100380063056946e+02 3.030203247070312500e+02 2.499801027774810791e+02 2.000000000000000000e+00
4.700230693817138672e+02 9.551922798156738281e+01 4.608026409149169922e+02 9.002510547637939453e+01 4.531041240692138672e+02 8.487266063690185547e+01 2.000000000000000000e+00
4.349471473693847656e+02 2.963896751403808594e+01 4.256920146942138672e+02 2.429512023925781250e+01 4.178912353515625000e+02 1.916346073150634766e+01 2.000000000000000000e+00
4.625461769104003906e+02 2.740983581542968750e+02 4.534506893157958984e+02 2.687317210435867310e+02 4.457682228088378906e+02 2.636725169420242310e+02 2.000000000000000000e+00
4.441437053680419922e+02 3.982403898239135742e+02 4.349576759338378906e+02 3.927315187454223633e+02 4.274285888671875000e+02 3.875978422164916992e+02 2.000000000000000000e+00
2.882059311866760254e+02 4.300530481338500977e+02 2.792411184310913086e+02 4.246189928054809570e+02 2.716854238510131836e+02 4.197239542007446289e+02 2.000000000000000000e+00
2.961792898178100586e+02 4.309340858459472656e+02 2.871474909782409668e+02 4.255150794982910156e+02 2.796815776824951172e+02 4.206356048583984375e+02 2.000000000000000000e+00
3.388983762264251709e+02 4.106796312332153320e+02 3.298812258243560791e+02 4.052676200866699219e+02 3.224093627929687500e+02 4.002583694458007812e+02 2.000000000000000000e+00
3.110941773653030396e+02 4.107289552688598633e+02 3.020170891284942627e+02 4.053717756271362305e+02 2.945259404182434082e+02 4.004400730133056641e+02 2.000000000000000000e+00
3.752539062500000000e+02 2.779447352886199951e+02 3.661691904067993164e+02 2.725963461399078369e+02 3.585645461082458496e+02 2.675714439153671265e+02 2.000000000000000000e+00
3.853932523727416992e+02 2.988327062129974365e+02 3.762797260284423828e+02 2.933194291591644287e+02 3.685226774215698242e+02 2.882112443447113037e+02 2.000000000000000000e+00
1.873795795440673828e+02 1.842355012893676758e+02 1.821924114227294922e+02 1.797367501258850098e+02 1.782513236999511719e+02 1.757046747207641602e+02 1.000000000000000000e+00
2.036046314239501953e+02 3.713789463043212891e+02 1.944766044616699219e+02 3.659433603286743164e+02 1.868823528289794922e+02 3.611750221252441406e+02 2.000000000000000000e+00
2.150111961364746094e+02 1.958030068874359131e+02 2.092854881286621094e+02 1.912929975986480713e+02 2.052148151397705078e+02 1.874741792678833008e+02 1.000000000000000000e+00
5.008877372741699219e+02 1.654141688346862793e+02 4.918638420104980469e+02 1.599031162261962891e+02 4.840759849548339844e+02 1.549325180053710938e+02 2.000000000000000000e+00
3.185785217583179474e+02 3.233427786827087402e+02 3.095208430290222168e+02 3.179960346221923828e+02 3.019376528263092041e+02 3.129893517494201660e+02 2.000000000000000000e+00
5.458400344848632812e+02 8.027014732360839844e+01 5.366757202148437500e+02 7.492012023925781250e+01 5.289308547973632812e+02 6.988390445709228516e+01 2.000000000000000000e+00
5.493449211120605469e+02 1.338109374046325684e+02 5.401796340942382812e+02 1.283946347236633301e+02 5.323707389831542969e+02 1.233717298507690430e+02 2.000000000000000000e+00
4.504685688018798828e+02 1.495220017433166504e+02 4.412449932098388672e+02 1.441575551033020020e+02 4.335274982452392578e+02 1.391426610946655273e+02 2.000000000000000000e+00
2.400212526321411133e+02 2.229657590389251709e+02 2.333169364929199219e+02 2.181117081642150879e+02 2.275965118408203125e+02 2.136226487159729004e+02 1.000000000000000000e+00
4.084870338439941406e+02 4.175046157836914062e+02 3.994267606735229492e+02 4.120174598693847656e+02 3.918711566925048828e+02 4.070060777664184570e+02 2.000000000000000000e+00
2.931918025016784668e+02 1.635262227058410645e+02 2.869616389274597168e+02 1.595014572143554688e+02 2.819169926643371582e+02 1.557006955146789551e+02 1.000000000000000000e+00
