1.598494529724121094e+02 2.118582147359848022e+02 1.631613922119140625e+02 2.122512656450271606e+02 1.653732776641845703e+02 2.131661814451217651e+02 1.000000000000000000e+00
7.216112136840820312e+01 2.298810571432113647e+02 7.584325790405273438e+01 2.305274802446365356e+02 7.847160339355468750e+01 2.313209375739097595e+02 1.000000000000000000e+00
1.497678565979003906e+02 2.208827966451644897e+02 1.529221534729003906e+02 2.212493276596069336e+02 1.549078178405761719e+02 2.222854918241500854e+02 1.000000000000000000e+00
9.603336334228515625e+01 2.175941920280456543e+02 9.845088958740234375e+01 2.180811899900436401e+02 9.965860366821289062e+01 2.190761089324951172e+02 1.000000000000000000e+00
1.466633796691894531e+02 2.113891428709030151e+02 1.497407722473144531e+02 2.116761463880538940e+02 1.517074966430664062e+02 2.125391381978988647e+02 1.000000000000000000e+00
1.649990940093994141e+02 2.107175284624099731e+02 1.683896923065185547e+02 2.111768013238906860e+02 1.707120609283447266e+02 2.119923394918441772e+02 1.000000000000000000e+00
9.188087463378906250e+01 2.082212054729461670e+02 9.429559707641601562e+01 2.087014138698577881e+02 9.550704956054687500e+01 2.095302093029022217e+02 1.000000000000000000e+00
7.374803543090820312e+01 2.088422226905822754e+02 7.609455108642578125e+01 2.092564237117767334e+02 7.730260848999023438e+01 2.101373881101608276e+02 1.000000000000000000e+00
1.576589775085449219e+02 2.128622120618820190e+02 1.608731365203857422e+02 2.132464581727981567e+02 1.630172443389892578e+02 2.141656780242919922e+02 1.000000000000000000e+00
1.659322929382324219e+02 2.168745410442352295e+02 1.693715000152587891e+02 2.173653101921081543e+02 1.716986656188964844e+02 2.183440536260604858e+02 1.000000000000000000e+00
1.652221679687500000e+02 2.292652738094329834e+02 1.696649265289306641e+02 2.297454679012298584e+02 1.729935264587402344e+02 2.307672268152236938e+02 1.000000000000000000e+00
9.353803634643554688e+01 2.137299638986587524e+02 9.593282699584960938e+01 2.143061202764511108e+02 9.718915939331054688e+01 2.151031172275543213e+02 1.000000000000000000e+00
1.598304748535156250e+02 2.172203350067138672e+02 1.631748008728027344e+02 2.175661754608154297e+02 1.653918933868408203e+02 2.185337519645690918e+02 1.000000000000000000e+00
7.630933761596679688e+01 2.152830791473388672e+02 7.863164901733398438e+01 2.156836527585983276e+02 7.981285095214843750e+01 2.165399622917175293e+02 1.000000000000000000e+00
1.532146644592285156e+02 2.137872147560119629e+02 1.563498306274414062e+02 2.141570270061492920e+02 1.583790397644042969e+02 2.150640392303466797e+02 1.000000000000000000e+00
7.121101379394531250e+01 2.368437957018613815e+02 7.500448226928710938e+01 2.375907895714044571e+02 7.767154693603515625e+01 2.383775787055492401e+02 1.000000000000000000e+00
1.538710975646972656e+02 2.176987910270690918e+02 1.570415878295898438e+02 2.180956721305847168e+02 1.590965461730957031e+02 2.190291881561279297e+02 1.000000000000000000e+00
7.027391433715820312e+01 2.004866623878479004e+02 7.366241455078125000e+01 2.006350994110107422e+02 7.501596450805664062e+01 2.014629042148590088e+02 1.000000000000000000e+00
8.538028717041015625e+01 2.079380178451538086e+02 8.765329360961914062e+01 2.084142136573791504e+02 8.883537292480468750e+01 2.092707645893096924e+02 1.000000000000000000e+00
1.473676872253417969e+02 2.303043821454048157e+02 1.515756416320800781e+02 2.307044979929924011e+02 1.549341773986816406e+02 2.318587034940719604e+02 1.000000000000000000e+00
8.938772201538085938e+01 1.934419834613800049e+02 9.162433624267578125e+01 1.936401486396789551e+02 9.284971237182617188e+01 1.943000614643096924e+02 1.000000000000000000e+00
1.551692962646484375e+02 1.942446434497833252e+02 1.583305549621582031e+02 1.945425832271575928e+02 1.602472400665283203e+02 1.949992203712463379e+02 1.000000000000000000e+00
1.535760307312011719e+02 1.994138932228088379e+02 1.565729331970214844e+02 1.997204411029815674e+02 1.586544609069824219e+02 2.004298996925354004e+02 1.000000000000000000e+00
1.075702667236328125e+02 1.983692908287048340e+02 1.086360931396484375e+02 1.986265075206756592e+02 1.097628021240234375e+02 1.992779839038848877e+02 1.000000000000000000e+00
1.392788314819335938e+02 1.986042308807373047e+02 1.423416709899902344e+02 1.988811457157135010e+02 1.438299751281738281e+02 1.995178055763244629e+02 1.000000000000000000e+00
1.625450706481933594e+02 2.209068435430526733e+02 1.660327720642089844e+02 2.213012534379959106e+02 1.683992099761962891e+02 2.223033893108367920e+02 1.000000000000000000e+00
1.475426292419433594e+02 2.149724417924880981e+02 1.506286239624023438e+02 2.153088515996932983e+02 1.526045417785644531e+02 2.162082052230834961e+02 1.000000000000000000e+00
1.657950687408447266e+02 2.010014641284942627e+02 1.694879722595214844e+02 2.014621853828430176e+02 1.718043804168701172e+02 2.022126746177673340e+02 1.000000000000000000e+00
8.193801879882812500e+01 2.127443379163742065e+02 8.419122695922851562e+01 2.132140338420867920e+02 8.526588439941406250e+01 2.140780770778656006e+02 1.000000000000000000e+00
8.277446746826171875e+01 1.886170184612274170e+02 8.505199432373046875e+01 1.887672400474548340e+02 8.627346038818359375e+01 1.893588531017303467e+02 1.000000000000000000e+00
8.927978515625000000e+01 1.968030524253845215e+02 9.136173248291015625e+01 1.971595287322998047e+02 9.253057479858398438e+01 1.977765619754791260e+02 1.000000000000000000e+00
1.573320198059082031e+02 2.175684034824371338e+02 1.605370140075683594e+02 2.179383677244186401e+02 1.626594352722167969e+02 2.188941639661788940e+02 1.000000000000000000e+00
6.913358688354492188e+01 2.119297170639038086e+02 7.176786422729492188e+01 2.122673481702804565e+02 7.302331924438476562e+01 2.131741315126419067e+02 1.000000000000000000e+00
7.826667785644531250e+01 2.300239706039428711e+02 8.193811416625976562e+01 2.305637964606285095e+02 8.459281921386718750e+01 2.313494101166725159e+02 1.000000000000000000e+00
8.229593276977539062e+01 2.079944300651550293e+02 8.450960159301757812e+01 2.084345984458923340e+02 8.556596755981445312e+01 2.093081510066986084e+02 1.000000000000000000e+00
8.489969253540039062e+01 1.966310691833496094e+02 8.699300765991210938e+01 1.969065213203430176e+02 8.804265975952148438e+01 1.976007378101348877e+02 1.000000000000000000e+00
7.115938186645507812e+01 4.097723007202148438e+01 7.634914398193359375e+01 4.230723381042480469e+01 8.094015121459960938e+01 4.406910896301269531e+01 2.000000000000000000e+00
2.818074941635131836e+02 4.448938035964965820e+02 2.865418696403503418e+02 4.463873147964477539e+02 2.905981755256652832e+02 4.480797243118286133e+02 2.000000000000000000e+00
3.496513676643371582e+02 4.536459159851074219e+02 3.543965768814086914e+02 4.552305650711059570e+02 3.584097290039062500e+02 4.569291830062866211e+02 2.000000000000000000e+00
3.423898005485534668e+02 2.686440145969390869e+02 3.472763371467590332e+02 2.701694369316101074e+02 3.514517211914062500e+02 2.718342590332031250e+02 2.000000000000000000e+00
3.107718807458877563e+02 4.497744512557983398e+02 3.155591735243797302e+02 4.513022947311401367e+02 3.196377868577837944e+02 4.529184007644653320e+02 2.000000000000000000e+00
2.781374216079711914e+02 3.640495777130126953e+01 2.832627868652343750e+02 3.784914493560791016e+01 2.876602172851562500e+02 3.967217445373535156e+01 2.000000000000000000e+00
2.967211914062500000e+02 4.549427604675292969e+02 3.014449763298034668e+02 4.564543819427490234e+02 3.055500185489654541e+02 4.580686712265014648e+02 2.000000000000000000e+00
3.147598266601562500e+02 4.566451835632324219e+02 3.195563659444451332e+02 4.581990766525268555e+02 3.236206665635108948e+02 4.598492002487182617e+02 2.000000000000000000e+00
3.116906124353408813e+02 4.607467174530029297e+02 3.164749145507812500e+02 4.622978639602661133e+02 3.205870056152343750e+02 4.639305210113525391e+02 2.000000000000000000e+00
3.487456369400024414e+02 4.587955999374389648e+02 3.535180354118347168e+02 4.604429197311401367e+02 3.575155043601989746e+02 4.621149444580078125e+02 2.000000000000000000e+00
1.408091545104980469e+02 5.357367038726806641e+01 1.459624290466308594e+02 5.502593994140625000e+01 1.506207275390625000e+02 5.669952392578125000e+01 2.000000000000000000e+00
3.309456789493560791e+02 4.318368387222290039e+02 3.356893312931060791e+02 4.332899522781372070e+02 3.397945868968963623e+02 4.350721836090087891e+02 2.000000000000000000e+00
3.378494870662689209e+02 4.425966882705688477e+02 3.425546884536743164e+02 4.441864156723022461e+02 3.466354680061340332e+02 4.458683538436889648e+02 2.000000000000000000e+00
3.159426268935203552e+02 3.381868314743041992e+02 3.207574158161878586e+02 3.393664312362670898e+02 3.249775084853172302e+02 3.412412738800048828e+02 2.000000000000000000e+00
3.047408747673034668e+02 4.498469066619873047e+02 3.095154416561126709e+02 4.513597869873046875e+02 3.135981136560440063e+02 4.529836606979370117e+02 2.000000000000000000e+00
1.724013614654541016e+02 2.797076439857482910e+02 1.773582744598388672e+02 2.811035799980163574e+02 1.815901660919189453e+02 2.827007782459259033e+02 2.000000000000000000e+00
2.676574993133544922e+02 4.602180004119873047e+02 2.722729778289794922e+02 4.616450071334838867e+02 2.764442729949951172e+02 4.633355283737182617e+02 2.000000000000000000e+00
3.276865237951278687e+02 4.597414112091064453e+02 3.324900209903717041e+02 4.613061904907226562e+02 3.366054379940032959e+02 4.629419946670532227e+02 2.000000000000000000e+00
3.427876281738281250e+02 4.465966558456420898e+02 3.475000309944152832e+02 4.481989288330078125e+02 3.515238642692565918e+02 4.498867893218994141e+02 2.000000000000000000e+00
2.687233877182006836e+02 4.448799276351928711e+02 2.736454439163208008e+02 4.463922500610351562e+02 2.777956819534301758e+02 4.481267738342285156e+02 2.000000000000000000e+00
3.369055485725402832e+02 4.476148223876953125e+02 3.416084909439086914e+02 4.491663551330566406e+02 3.456802988052368164e+02 4.508516407012939453e+02 2.000000000000000000e+00
2.607445955276489258e+02 4.622319459915161133e+02 2.653389596939086914e+02 4.636529588699340820e+02 2.695579814910888672e+02 4.653511476516723633e+02 2.000000000000000000e+00
9.110464096069335938e+01 6.430631160736083984e+01 9.635305404663085938e+01 6.563637256622314453e+01 1.008833312988281250e+02 6.733263015747070312e+01 2.000000000000000000e+00
3.535480666160583496e+02 4.486477088928222656e+02 3.582702946662902832e+02 4.502593803405761719e+02 3.623990488052368164e+02 4.519410467147827148e+02 2.000000000000000000e+00
2.890350341796875000e+02 2.845690727233886719e+01 2.940602421760559082e+02 2.995857238769531250e+01 2.985593867301940918e+02 3.167936325073242188e+01 2.000000000000000000e+00
1.664208316802978516e+02 2.787070012092590332e+02 1.713167572021484375e+02 2.800740694999694824e+02 1.755931854248046875e+02 2.816914379596710205e+02 2.000000000000000000e+00
3.227973327040672302e+02 4.486888217926025391e+02 3.276053470373153687e+02 4.502395677566528320e+02 3.316896367073059082e+02 4.518807792663574219e+02 2.000000000000000000e+00
1.083437728881835938e+02 4.672360897064208984e+02 1.131895256042480469e+02 4.684312820434570312e+02 1.173425102233886719e+02 4.699922275543212891e+02 2.000000000000000000e+00
3.318754279613494873e+02 4.486118316650390625e+02 3.365999758243560791e+02 4.501863241195678711e+02 3.406676340103149414e+02 4.518411970138549805e+02 2.000000000000000000e+00
3.060043942928314209e+02 3.381962656974792480e+02 3.107953488826751709e+02 3.393579769134521484e+02 3.151330566406250000e+02 3.412430477142333984e+02 2.000000000000000000e+00
3.308512878417968750e+02 4.536262607574462891e+02 3.356552731990814209e+02 4.552124691009521484e+02 3.396207273006439209e+02 4.568687868118286133e+02 2.000000000000000000e+00
1.235951042175292969e+02 8.461053371429443359e+01 1.287429809570312500e+02 8.606848239898681641e+01 1.333816719055175781e+02 8.769723415374755859e+01 2.000000000000000000e+00
3.057337641716003418e+02 4.617741537094116211e+02 3.105214232206344604e+02 4.633178186416625977e+02 3.145922851562500000e+02 4.649398612976074219e+02 2.000000000000000000e+00
3.278807067871093750e+02 4.357581281661987305e+02 3.326549994945526123e+02 4.372897768020629883e+02 3.367922055721282959e+02 4.390187215805053711e+02 2.000000000000000000e+00
3.348959958553314209e+02 4.566850662231445312e+02 3.396407163143157959e+02 4.582260847091674805e+02 3.436439824104309082e+02 4.599010705947875977e+02 2.000000000000000000e+00
2.577862834930419922e+02 4.020551204681396484e+02 2.626297903060913086e+02 4.035294342041015625e+02 2.668167114257812500e+02 4.052122020721435547e+02 2.000000000000000000e+00
3.477223515510559082e+02 4.446003484725952148e+02 3.524668884277343750e+02 4.461632823944091797e+02 3.564755558967590332e+02 4.478683233261108398e+02 2.000000000000000000e+00
2.765815734863281250e+02 4.601136016845703125e+02 2.812941884994506836e+02 4.615372180938720703e+02 2.852691960334777832e+02 4.632710981369018555e+02 2.000000000000000000e+00
3.267796629667282104e+02 4.229211759567260742e+02 3.315489804744720459e+02 4.243643903732299805e+02 3.356222534179687500e+02 4.261092996597290039e+02 2.000000000000000000e+00
1.774557971954345703e+02 2.827946805953979492e+02 1.824177265167236328e+02 2.841782855987548828e+02 1.866340637207031250e+02 2.857789635658264160e+02 2.000000000000000000e+00
3.309309995174407959e+02 4.416361427307128906e+02 3.357114565372467041e+02 4.432195186614990234e+02 3.397571408748626709e+02 4.449047613143920898e+02 2.000000000000000000e+00
2.916835927963256836e+02 4.540074920654296875e+02 2.963972783088684082e+02 4.554903745651245117e+02 3.005150449275970459e+02 4.571423149108886719e+02 2.000000000000000000e+00
3.197680358774960041e+02 4.576697874069213867e+02 3.245478516817092896e+02 4.592017650604248047e+02 3.286117249727249146e+02 4.608706140518188477e+02 2.000000000000000000e+00
5.372678184509277344e+02 1.528244304656982422e+02 5.422880363464355469e+02 1.543803334236145020e+02 5.466370201110839844e+02 1.561799097061157227e+02 2.000000000000000000e+00
3.060382080078125000e+02 3.177707576751708984e+02 3.108241575956344604e+02 3.192352938652038574e+02 3.151495665311813354e+02 3.210619568824768066e+02 2.000000000000000000e+00
5.316562461853027344e+02 9.392259120941162109e+01 5.366144371032714844e+02 9.555190086364746094e+01 5.410299110412597656e+02 9.738409996032714844e+01 2.000000000000000000e+00
2.587901306152343750e+02 3.951669645309448242e+02 2.636188936233520508e+02 3.966032552719116211e+02 2.677801513671875000e+02 3.982516908645629883e+02 2.000000000000000000e+00
3.478645634651184082e+02 4.086963272094726562e+02 3.526470947265625000e+02 4.101818275451660156e+02 3.568251037597656250e+02 4.118851661682128906e+02 2.000000000000000000e+00
3.170016479492187500e+02 3.177986812591552734e+02 3.218204346299171448e+02 3.192656278610229492e+02 3.260102844238281250e+02 3.210947012901306152e+02 2.000000000000000000e+00
2.787614107131958008e+02 4.409466075897216797e+02 2.835190129280090332e+02 4.424209356307983398e+02 2.876258540153503418e+02 4.440838766098022461e+02 2.000000000000000000e+00
8.020469665527343750e+01 4.806160926818847656e+01 8.546186447143554688e+01 4.940311431884765625e+01 8.996683120727539062e+01 5.113225936889648438e+01 2.000000000000000000e+00
9.311628341674804688e+01 5.930530071258544922e+01 9.838760375976562500e+01 6.065633296966552734e+01 1.029300117492675781e+02 6.233317852020263672e+01 2.000000000000000000e+00
2.558380270004272461e+02 3.438779640197753906e+02 2.606848430633544922e+02 3.453883695602416992e+02 2.648809194564819336e+02 3.472032523155212402e+02 2.000000000000000000e+00
3.018411254882812500e+02 4.377285575866699219e+02 3.066987907886505127e+02 4.392596912384033203e+02 3.107955628633499146e+02 4.409835863113403320e+02 2.000000000000000000e+00
2.128833770751953125e+01 6.699733257293701172e+01 2.645933151245117188e+01 6.832049846649169922e+01 3.136133193969726562e+01 7.000961780548095703e+01 2.000000000000000000e+00
5.226396560668945312e+02 4.043249273300170898e+02 5.273916625976562500e+02 4.058590507507324219e+02 5.316195678710937500e+02 4.077754640579223633e+02 2.000000000000000000e+00
3.207980041950941086e+02 4.069818449020385742e+02 3.255822145938873291e+02 4.084113550186157227e+02 3.296418154239654541e+02 4.101785373687744141e+02 2.000000000000000000e+00
5.075202941894531250e+02 4.418782711029052734e+02 5.123611450195312500e+02 4.434703159332275391e+02 5.165534019470214844e+02 4.454430055618286133e+02 2.000000000000000000e+00
3.508569025993347168e+02 4.007506513595581055e+02 3.556424260139465332e+02 4.022662067413330078e+02 3.598517775535583496e+02 4.040047931671142578e+02 2.000000000000000000e+00
3.237522888183593750e+02 4.546584033966064453e+02 3.285979002714157104e+02 4.562258434295654297e+02 3.325907599925994873e+02 4.578779411315917969e+02 2.000000000000000000e+00
3.855400991439819336e+02 3.876609563827514648e+02 3.904383563995361328e+02 3.891828632354736328e+02 3.945613098144531250e+02 3.910191106796264648e+02 2.000000000000000000e+00
5.345273399353027344e+02 3.744863319396972656e+02 5.393186759948730469e+02 3.761980390548706055e+02 5.436154747009277344e+02 3.781951045989990234e+02 2.000000000000000000e+00
3.887205839157104492e+02 4.234488058090209961e+02 3.934491586685180664e+02 4.249885082244873047e+02 3.975953054428100586e+02 4.267835855484008789e+02 2.000000000000000000e+00
2.998653864860534668e+02 4.197765541076660156e+02 3.046289980411529541e+02 4.212401247024536133e+02 3.087628471851348877e+02 4.229873514175415039e+02 2.000000000000000000e+00
3.290296632051467896e+02 3.897828769683837891e+02 3.338532102108001709e+02 3.913371706008911133e+02 3.379625248908996582e+02 3.931060552597045898e+02 2.000000000000000000e+00
4.243330669403076172e+02 4.625298929214477539e+02 4.290251159667968750e+02 4.640684938430786133e+02 4.332538795471191406e+02 4.658696365356445312e+02 2.000000000000000000e+00
4.512236309051513672e+02 1.772303581237792969e+01 4.562987709045410156e+02 1.931193351745605469e+01 4.606039714813232422e+02 2.104504108428955078e+01 2.000000000000000000e+00
3.090208733081817627e+02 3.758748292922973633e+02 3.138004451990127563e+02 3.773935031890869141e+02 3.179609069228172302e+02 3.790987300872802734e+02 2.000000000000000000e+00
3.340217292308807373e+02 3.907477855682373047e+02 3.387905883789062500e+02 3.923249244689941406e+02 3.429248666763305664e+02 3.940457296371459961e+02 2.000000000000000000e+00
2.958007192611694336e+02 4.499207925796508789e+02 3.005647885799407959e+02 4.514101696014404297e+02 3.046219789981842041e+02 4.530427408218383789e+02 2.000000000000000000e+00
3.367130124568939209e+02 4.238589334487915039e+02 3.415039372444152832e+02 4.253185558319091797e+02 3.455960392951965332e+02 4.270576572418212891e+02 2.000000000000000000e+00
5.263049888610839844e+02 4.438907575607299805e+02 5.311308670043945312e+02 4.456371545791625977e+02 5.353347206115722656e+02 4.475381326675415039e+02 2.000000000000000000e+00
4.898941040039062500e+02 3.576146006584167480e+02 4.948054504394531250e+02 3.593002080917358398e+02 4.990023231506347656e+02 3.610605525970458984e+02 2.000000000000000000e+00
3.317148745059967041e+02 4.628979635238647461e+02 3.364877021312713623e+02 4.644063234329223633e+02 3.405638742446899414e+02 4.661142396926879883e+02 2.000000000000000000e+00
1.498875617980957031e+02 4.605497217178344727e+02 1.546180534362792969e+02 4.619926929473876953e+02 1.588934516906738281e+02 4.635070323944091797e+02 2.000000000000000000e+00
2.576445293426513672e+02 4.400150871276855469e+02 2.625162363052368164e+02 4.414228677749633789e+02 2.667161560058593750e+02 4.431738138198852539e+02 2.000000000000000000e+00
3.218213196098804474e+02 4.218777608871459961e+02 3.265618288516998291e+02 4.233157396316528320e+02 3.306874084472656250e+02 4.250547838211059570e+02 2.000000000000000000e+00
3.210114135593175888e+02 3.988899564743041992e+02 3.258140563964843750e+02 4.003665304183959961e+02 3.298272097110748291e+02 4.021725511550903320e+02 2.000000000000000000e+00
5.423502922058105469e+02 3.883980417251586914e+02 5.471440505981445312e+02 3.899952220916748047e+02 5.514744949340820312e+02 3.919160842895507812e+02 2.000000000000000000e+00
3.427449655532836914e+02 4.166725587844848633e+02 3.475736093521118164e+02 4.182186698913574219e+02 3.517114877700805664e+02 4.199058008193969727e+02 2.000000000000000000e+00
9.916280746459960938e+01 4.525830745697021484e+01 1.044431495666503906e+02 4.663458824157714844e+01 1.090683937072753906e+02 4.827276706695556641e+01 2.000000000000000000e+00
3.011601865291595459e+02 3.728955173492431641e+02 3.059578859806060791e+02 3.744136762619018555e+02 3.100364989042282104e+02 3.761047983169555664e+02 2.000000000000000000e+00
3.089593505859375000e+02 3.928614521026611328e+02 3.137267452478408813e+02 3.944459581375122070e+02 3.177911986410617828e+02 3.960942220687866211e+02 2.000000000000000000e+00
2.456277894973754883e+02 4.603530120849609375e+02 2.503095531463623047e+02 4.616512298583984375e+02 2.543738555908203125e+02 4.634245061874389648e+02 2.000000000000000000e+00
3.377127683162689209e+02 4.116965961456298828e+02 3.425054621696472168e+02 4.132361555099487305e+02 3.466773390769958496e+02 4.149424552917480469e+02 2.000000000000000000e+00
3.040050351619720459e+02 3.788849830627441406e+02 3.088192439079284668e+02 3.803692960739135742e+02 3.129194641113281250e+02 3.820630502700805664e+02 2.000000000000000000e+00
2.451199626922607422e+02 3.568257236480712891e+02 2.498182678222656250e+02 3.583929777145385742e+02 2.539868021011352539e+02 3.599552965164184570e+02 2.000000000000000000e+00
1.995296287536621094e+02 4.140753507614135742e+02 2.041936779022216797e+02 4.154825162887573242e+02 2.084415912628173828e+02 4.171268463134765625e+02 2.000000000000000000e+00
5.096705055236816406e+02 4.162925863265991211e+02 5.145047569274902344e+02 4.179373884201049805e+02 5.187392044067382812e+02 4.197784280776977539e+02 2.000000000000000000e+00
5.214745521545410156e+02 4.590680980682373047e+02 5.262516593933105469e+02 4.607632255554199219e+02 5.304272460937500000e+02 4.625772571563720703e+02 2.000000000000000000e+00
1.955483341217041016e+02 3.961564064025878906e+02 2.003947257995605469e+02 3.975541734695434570e+02 2.046192169189453125e+02 3.992128944396972656e+02 2.000000000000000000e+00
3.619376516342163086e+02 3.747930622100830078e+02 3.665675067901611328e+02 3.764052486419677734e+02 3.709071350097656250e+02 3.781137800216674805e+02 2.000000000000000000e+00
1.895389366149902344e+02 2.826668107509613037e+02 1.946120929718017578e+02 2.842194235324859619e+02 1.988510704040527344e+02 2.857548844814300537e+02 2.000000000000000000e+00
1.619593334197998047e+02 4.634446477890014648e+02 1.667197132110595703e+02 4.648252058029174805e+02 1.709854125976562500e+02 4.664130306243896484e+02 2.000000000000000000e+00
5.265092849731445312e+02 7.018175125122070312e+01 5.314710044860839844e+02 7.173262596130371094e+01 5.360344886779785156e+02 7.346872329711914062e+01 2.000000000000000000e+00
4.712438678741455078e+02 3.916186666488647461e+02 4.760123920440673828e+02 3.932465314865112305e+02 4.802052116394042969e+02 3.950182199478149414e+02 2.000000000000000000e+00
3.229166260361671448e+02 4.349076604843139648e+02 3.276690369844436646e+02 4.363516330718994141e+02 3.318442380428314209e+02 4.380918645858764648e+02 2.000000000000000000e+00
4.860418701171875000e+02 3.397156763076782227e+02 4.908721351623535156e+02 3.414693331718444824e+02 4.951922607421875000e+02 3.433069825172424316e+02 2.000000000000000000e+00
3.417811274528503418e+02 4.556150865554809570e+02 3.465138244628906250e+02 4.572431516647338867e+02 3.505163264274597168e+02 4.588792848587036133e+02 2.000000000000000000e+00
5.314101600646972656e+02 1.317700409889221191e+02 5.363429069519042969e+02 1.333772706985473633e+02 5.407857704162597656e+02 1.352327799797058105e+02 2.000000000000000000e+00
3.390155637264251709e+02 3.847644138336181641e+02 3.437854003906250000e+02 3.863526105880737305e+02 3.479269099235534668e+02 3.880259513854980469e+02 2.000000000000000000e+00
2.265381908416748047e+02 4.341326951980590820e+02 2.313169670104980469e+02 4.354889917373657227e+02 2.355165386199951172e+02 4.371342945098876953e+02 2.000000000000000000e+00
3.149773555994033813e+02 3.268184280395507812e+02 3.197906799241900444e+02 3.283014607429504395e+02 3.240414735674858093e+02 3.301328158378601074e+02 2.000000000000000000e+00
1.417319679260253906e+02 4.534914636611938477e+02 1.465398979187011719e+02 4.547905969619750977e+02 1.507961082458496094e+02 4.563653039932250977e+02 2.000000000000000000e+00
2.986203002929687500e+02 4.618609142303466797e+02 3.034953916072845459e+02 4.633628654479980469e+02 3.075500488281250000e+02 4.650987052917480469e+02 2.000000000000000000e+00
4.969908142089843750e+02 3.795393419265747070e+02 5.018752479553222656e+02 3.811510419845581055e+02 5.061538505554199219e+02 3.829496526718139648e+02 2.000000000000000000e+00
5.236123657226562500e+02 3.814510202407836914e+02 5.284538650512695312e+02 3.832213783264160156e+02 5.326967239379882812e+02 3.850330924987792969e+02 2.000000000000000000e+00
3.099485170841217041e+02 3.350993371009826660e+02 3.147814941406250000e+02 3.363168668746948242e+02 3.190189819037914276e+02 3.381928467750549316e+02 2.000000000000000000e+00
4.827478027343750000e+02 4.590897274017333984e+02 4.874654579162597656e+02 4.606913280487060547e+02 4.917055702209472656e+02 4.626613855361938477e+02 2.000000000000000000e+00
4.234554481506347656e+02 4.345030689239501953e+02 4.282601356506347656e+02 4.362066078186035156e+02 4.324183940887451172e+02 4.379350090026855469e+02 2.000000000000000000e+00
5.242985343933105469e+02 4.378862142562866211e+02 5.291337394714355469e+02 4.396320247650146484e+02 5.333248329162597656e+02 4.415679073333740234e+02 2.000000000000000000e+00
1.715826892852783203e+02 4.770996093750000000e+01 1.766713237762451172e+02 4.910970211029052734e+01 1.812423419952392578e+02 5.077238559722900391e+01 2.000000000000000000e+00
3.715080261230468750e+02 4.427371072769165039e+02 3.761294555664062500e+02 4.443966722488403320e+02 3.803838491439819336e+02 4.461615085601806641e+02 2.000000000000000000e+00
2.305379962921142578e+02 4.371356678009033203e+02 2.352921581268310547e+02 4.384829235076904297e+02 2.395166110992431641e+02 4.401446342468261719e+02 2.000000000000000000e+00
5.345164299011230469e+02 3.794723939895629883e+02 5.393002891540527344e+02 3.811742019653320312e+02 5.436092567443847656e+02 3.830942487716674805e+02 2.000000000000000000e+00
5.364175987243652344e+02 4.112821197509765625e+02 5.412481689453125000e+02 4.127736854553222656e+02 5.453908157348632812e+02 4.147806215286254883e+02 2.000000000000000000e+00
2.725818157196044922e+02 4.631437826156616211e+02 2.772876596450805664e+02 4.645114803314208984e+02 2.812581777572631836e+02 4.662447595596313477e+02 2.000000000000000000e+00
3.446466994285583496e+02 4.628186130523681641e+02 3.494362497329711914e+02 4.644559764862060547e+02 3.534631967544555664e+02 4.661323928833007812e+02 2.000000000000000000e+00
5.149819374084472656e+02 3.068873333930969238e+02 5.199765014648437500e+02 3.085444951057434082e+02 5.242360877990722656e+02 3.103798270225524902e+02 2.000000000000000000e+00
3.318205869197845459e+02 4.238700914382934570e+02 3.365936887264251709e+02 4.253305721282958984e+02 3.406709909439086914e+02 4.270624780654907227e+02 2.000000000000000000e+00
4.876888084411621094e+02 4.460806131362915039e+02 4.925030899047851562e+02 4.476939153671264648e+02 4.967125320434570312e+02 4.496287679672241211e+02 2.000000000000000000e+00
2.927520442008972168e+02 3.848296308517456055e+02 2.976684570312500000e+02 3.862846469879150391e+02 3.017929375171661377e+02 3.879791879653930664e+02 2.000000000000000000e+00
3.787617826461791992e+02 4.215552520751953125e+02 3.834494924545288086e+02 4.230798768997192383e+02 3.875823354721069336e+02 4.248663997650146484e+02 2.000000000000000000e+00
4.801293373107910156e+02 3.316870450973510742e+02 4.850422096252441406e+02 3.334297227859497070e+02 4.893295097351074219e+02 3.352418875694274902e+02 2.000000000000000000e+00
2.559296274185180664e+02 3.611256122589111328e+02 2.607237863540649414e+02 3.624503231048583984e+02 2.648073720932006836e+02 3.640374755859375000e+02 2.000000000000000000e+00
4.908910179138183594e+02 4.073394870758056641e+02 4.956807518005371094e+02 4.090524387359619141e+02 4.998793411254882812e+02 4.108103370666503906e+02 2.000000000000000000e+00
1.174318885803222656e+02 4.672017002105712891e+02 1.223055648803710938e+02 4.684695911407470703e+02 1.263998985290527344e+02 4.700192356109619141e+02 2.000000000000000000e+00
2.269342327117919922e+02 4.403876781463623047e+01 2.321174430847167969e+02 4.548427104949951172e+01 2.365252971649169922e+02 4.725717544555664062e+01 2.000000000000000000e+00
2.698872375488281250e+02 4.380011701583862305e+02 2.746625041961669922e+02 4.394594192504882812e+02 2.787751436233520508e+02 4.411393833160400391e+02 2.000000000000000000e+00
2.196439838409423828e+02 3.871550703048706055e+02 2.244351291656494141e+02 3.885263156890869141e+02 2.286038494110107422e+02 3.901677274703979492e+02 2.000000000000000000e+00
5.126443481445312500e+02 4.042514419555664062e+02 5.174417686462402344e+02 4.058520841598510742e+02 5.216835975646972656e+02 4.077478408813476562e+02 2.000000000000000000e+00
4.076614665985107422e+02 3.826624774932861328e+02 4.124657344818115234e+02 3.842689847946166992e+02 4.167038917541503906e+02 3.861251020431518555e+02 2.000000000000000000e+00
3.230184936523437500e+02 3.738380241394042969e+02 3.277530521154403687e+02 3.753714323043823242e+02 3.319646298885345459e+02 3.770371198654174805e+02 2.000000000000000000e+00
3.091463625431060791e+02 2.979539537429809570e+02 3.138916927576065063e+02 2.993380451202392578e+02 3.182253722846508026e+02 3.011505460739135742e+02 2.000000000000000000e+00
3.896032094955444336e+02 4.626519870758056641e+02 3.944122028350830078e+02 4.642266654968261719e+02 3.984658813476562500e+02 4.660299539566040039e+02 2.000000000000000000e+00
4.126675415039062500e+02 3.866335487365722656e+02 4.174318885803222656e+02 3.882356929779052734e+02 4.216941547393798828e+02 3.900713253021240234e+02 2.000000000000000000e+00
5.206636428833007812e+02 3.952789735794067383e+02 5.255333328247070312e+02 3.968946361541748047e+02 5.297450637817382812e+02 3.987915372848510742e+02 2.000000000000000000e+00
2.926774597167968750e+02 3.927911424636840820e+02 2.975418996810913086e+02 3.942962121963500977e+02 3.017109072208404541e+02 3.959640312194824219e+02 2.000000000000000000e+00
2.797407531738281250e+02 4.360322427749633789e+02 2.844797658920288086e+02 4.374451446533203125e+02 2.886155700683593750e+02 4.390910196304321289e+02 2.000000000000000000e+00
3.977600717544555664e+02 4.415259218215942383e+02 4.025154399871826172e+02 4.431330728530883789e+02 4.066579627990722656e+02 4.448868513107299805e+02 2.000000000000000000e+00
2.598336791992187500e+02 3.397791481018066406e+02 2.646607637405395508e+02 3.413235211372375488e+02 2.688503408432006836e+02 3.431575369834899902e+02 2.000000000000000000e+00
3.593840336799621582e+02 4.659138536453247070e+02 3.641264677047729492e+02 4.674294233322143555e+02 3.681178283691406250e+02 4.692958831787109375e+02 2.000000000000000000e+00
5.315238761901855469e+02 7.218388080596923828e+01 5.364582633972167969e+02 7.374335289001464844e+01 5.410377883911132812e+02 7.545566082000732422e+01 2.000000000000000000e+00
1.508867835998535156e+02 3.218387603759765625e+01 1.561794853210449219e+02 3.364502906799316406e+01 1.606746387481689453e+02 3.540584564208984375e+01 2.000000000000000000e+00
3.524740219116210938e+01 4.549054384231567383e+02 4.011066436767578125e+01 4.561296558380126953e+02 4.429512023925781250e+01 4.575180101394653320e+02 2.000000000000000000e+00
5.315660476684570312e+02 5.799247741699218750e+01 5.363653564453125000e+02 5.957958698272705078e+01 5.409251213073730469e+02 6.138522148132324219e+01 2.000000000000000000e+00
1.539010620117187500e+02 4.544728803634643555e+02 1.586542701721191406e+02 4.557917547225952148e+02 1.629521465301513672e+02 4.574108934402465820e+02 2.000000000000000000e+00
5.432472610473632812e+02 5.792763233184814453e+01 5.481374549865722656e+02 5.952724456787109375e+01 5.527092361450195312e+02 6.134170532226562500e+01 2.000000000000000000e+00
1.793453502655029297e+02 4.030542039871215820e+02 1.842121124267578125e+02 4.045158720016479492e+02 1.883828735351562500e+02 4.060580205917358398e+02 2.000000000000000000e+00
1.682858562469482422e+02 4.182521724700927734e+02 1.731907653808593750e+02 4.194750165939331055e+02 1.773704528808593750e+02 4.212485074996948242e+02 2.000000000000000000e+00
3.079766845703125000e+02 3.237535429000854492e+02 3.127859497070312500e+02 3.252571463584899902e+02 3.170330199599266052e+02 3.270836806297302246e+02 2.000000000000000000e+00
4.919914245605468750e+02 3.685232019424438477e+02 4.968410110473632812e+02 3.701511240005493164e+02 5.010929298400878906e+02 3.719220972061157227e+02 2.000000000000000000e+00
3.448483896255493164e+02 4.347166585922241211e+02 3.495556640625000000e+02 4.362111568450927734e+02 3.536481642723083496e+02 4.380597925186157227e+02 2.000000000000000000e+00
3.120663756132125854e+02 3.808201074600219727e+02 3.167864990234375000e+02 3.823543739318847656e+02 3.209909363090991974e+02 3.840680551528930664e+02 2.000000000000000000e+00
4.662976741790771484e+02 3.467417979240417480e+02 4.712036418914794922e+02 3.483970999717712402e+02 4.753388118743896484e+02 3.501908898353576660e+02 2.000000000000000000e+00
3.068110048770904541e+02 4.368789482116699219e+02 3.116770321130752563e+02 4.383675956726074219e+02 3.157754820585250854e+02 4.401196718215942383e+02 2.000000000000000000e+00
5.275278282165527344e+02 6.316436290740966797e+01 5.324686241149902344e+02 6.471334934234619141e+01 5.370477867126464844e+02 6.645368099212646484e+01 2.000000000000000000e+00
3.228452759981155396e+02 4.397599840164184570e+02 3.276856994628906250e+02 4.412821483612060547e+02 3.317948913574218750e+02 4.429889345169067383e+02 2.000000000000000000e+00
5.077578544616699219e+02 3.884599685668945312e+02 5.126508140563964844e+02 3.900538444519042969e+02 5.167774772644042969e+02 3.918738412857055664e+02 2.000000000000000000e+00
2.084526920318603516e+02 4.291863155364990234e+02 2.132644939422607422e+02 4.304835319519042969e+02 2.174902629852294922e+02 4.322069549560546875e+02 2.000000000000000000e+00
5.166479492187500000e+02 3.844496297836303711e+02 5.215469360351562500e+02 3.861368751525878906e+02 5.256813430786132812e+02 3.879339122772216797e+02 2.000000000000000000e+00
5.019246864318847656e+02 4.930609703063964844e+01 5.070190429687500000e+02 5.077799320220947266e+01 5.114591026306152344e+02 5.257883548736572266e+01 2.000000000000000000e+00
1.032361602783203125e+02 4.660660171508789062e+02 1.080331039428710938e+02 4.673238945007324219e+02 1.121964836120605469e+02 4.688397645950317383e+02 2.000000000000000000e+00
4.847375869750976562e+02 4.540637969970703125e+02 4.894629859924316406e+02 4.556624507904052734e+02 4.936901855468750000e+02 4.576230239868164062e+02 2.000000000000000000e+00
5.245870399475097656e+02 3.922926950454711914e+02 5.294437217712402344e+02 3.939498996734619141e+02 5.336292839050292969e+02 3.957945299148559570e+02 2.000000000000000000e+00
3.149593812227249146e+02 3.321344017982482910e+02 3.197897643968462944e+02 3.333546495437622070e+02 3.240327149629592896e+02 3.352130198478698730e+02 2.000000000000000000e+00
1.459721565246582031e+02 4.346391677856445312e+01 1.511565780639648438e+02 4.482406139373779297e+01 1.557551765441894531e+02 4.658316135406494141e+01 2.000000000000000000e+00
4.791478919982910156e+02 3.916325998306274414e+02 4.839200401306152344e+02 3.932832098007202148e+02 4.880903625488281250e+02 3.950139570236206055e+02 2.000000000000000000e+00
5.314424514770507812e+02 1.129273653030395508e+02 5.365051269531250000e+02 1.144897127151489258e+02 5.408878135681152344e+02 1.162788248062133789e+02 2.000000000000000000e+00
4.304093074798583984e+02 4.605522823333740234e+02 4.351232337951660156e+02 4.621345567703247070e+02 4.393153381347656250e+02 4.639007091522216797e+02 2.000000000000000000e+00
5.175115394592285156e+02 5.424724102020263672e+01 5.226053428649902344e+02 5.569886684417724609e+01 5.270227622985839844e+02 5.752594470977783203e+01 2.000000000000000000e+00
1.419447135925292969e+02 3.872456073760986328e+02 1.467816352844238281e+02 3.884834003448486328e+02 1.510102462768554688e+02 3.900449895858764648e+02 2.000000000000000000e+00
5.018803787231445312e+02 3.755210351943969727e+02 5.067336463928222656e+02 3.771316337585449219e+02 5.109716606140136719e+02 3.789317464828491211e+02 2.000000000000000000e+00
3.058500969409942627e+02 4.227720451354980469e+02 3.106264644861221313e+02 4.242286491394042969e+02 3.147793883085250854e+02 4.260249710083007812e+02 2.000000000000000000e+00
4.860323143005371094e+02 4.113557767868041992e+02 4.908179283142089844e+02 4.130526208877563477e+02 4.950169944763183594e+02 4.148656654357910156e+02 2.000000000000000000e+00
9.514839172363281250e+01 5.225584030151367188e+01 1.004025077819824219e+02 5.365998744964599609e+01 1.049973869323730469e+02 5.530370235443115234e+01 2.000000000000000000e+00
1.604323863983154297e+02 2.746518266201019287e+02 1.652723407745361328e+02 2.760250246524810791e+02 1.695727634429931641e+02 2.776470673084259033e+02 2.000000000000000000e+00
3.022814333438873291e+02 3.660486888885498047e+02 3.070765984058380127e+02 3.675071239471435547e+02 3.110744017362594604e+02 3.692125654220581055e+02 2.000000000000000000e+00
3.279178774356842041e+02 4.018635892868041992e+02 3.327605283260345459e+02 4.033598041534423828e+02 3.368899536132812500e+02 4.051236963272094727e+02 2.000000000000000000e+00
7.780094146728515625e+01 4.154435777664184570e+02 8.272535324096679688e+01 4.166431045532226562e+02 8.708530426025390625e+01 4.181950521469116211e+02 2.000000000000000000e+00
1.044626426696777344e+02 2.410926818847656250e+01 1.097460365295410156e+02 2.547347545623779297e+01 1.143971252441406250e+02 2.718645572662353516e+01 2.000000000000000000e+00
3.327893066406250000e+02 4.067903280258178711e+02 3.375617063045501709e+02 4.082882165908813477e+02 3.417550969123840332e+02 4.100680017471313477e+02 2.000000000000000000e+00
4.032551002502441406e+02 2.938128948211669922e+01 4.082424354553222656e+02 3.071907520294189453e+01 4.126126098632812500e+02 3.260122776031494141e+01 2.000000000000000000e+00
1.285221290588378906e+02 4.597435140609741211e+02 1.334561347961425781e+02 4.610624456405639648e+02 1.376645088195800781e+02 4.626690244674682617e+02 2.000000000000000000e+00
2.997957158088684082e+02 3.907639789581298828e+02 3.046665036678314209e+02 3.923495578765869141e+02 3.087719118595123291e+02 3.939617013931274414e+02 2.000000000000000000e+00
4.543954753875732422e+02 3.905042123794555664e+02 4.591745281219482422e+02 3.921097469329833984e+02 4.634384822845458984e+02 3.938714075088500977e+02 2.000000000000000000e+00
3.148338621854782104e+02 4.358121728897094727e+02 3.195691833272576332e+02 4.374267339706420898e+02 3.237655335664749146e+02 4.390924787521362305e+02 2.000000000000000000e+00
1.421139335632324219e+02 3.562182354927062988e+02 1.468955993652343750e+02 3.574522447586059570e+02 1.511235046386718750e+02 3.591709685325622559e+02 2.000000000000000000e+00
5.344221305847167969e+02 3.933029794692993164e+02 5.393122673034667969e+02 3.949370813369750977e+02 5.435418128967285156e+02 3.968328952789306641e+02 2.000000000000000000e+00
3.230777588486671448e+02 3.848402452468872070e+02 3.278554993867874146e+02 3.863885593414306641e+02 3.320527648925781250e+02 3.881155157089233398e+02 2.000000000000000000e+00
5.295845413208007812e+02 8.123495578765869141e+01 5.345298576354980469e+02 8.270718097686767578e+01 5.390234947204589844e+02 8.448251724243164062e+01 2.000000000000000000e+00
2.025331115722656250e+02 4.211146402359008789e+02 2.072440147399902344e+02 4.224463319778442383e+02 2.114530754089355469e+02 4.241282129287719727e+02 2.000000000000000000e+00
1.321663856506347656e+02 4.658782768249511719e+02 1.369834136962890625e+02 4.672229146957397461e+02 1.411475944519042969e+02 4.687434482574462891e+02 2.000000000000000000e+00
3.057988584041595459e+02 4.177532386779785156e+02 3.105610656738281250e+02 4.192444610595703125e+02 3.147109371423721313e+02 4.209747362136840820e+02 2.000000000000000000e+00
2.244629669189453125e+02 4.079483127593994141e+02 2.293687725067138672e+02 4.093657064437866211e+02 2.334384918212890625e+02 4.110493612289428711e+02 2.000000000000000000e+00
2.277885532379150391e+02 3.729791307449340820e+02 2.325218677520751953e+02 3.743697595596313477e+02 2.366952228546142578e+02 3.760079383850097656e+02 2.000000000000000000e+00
3.329550778865814209e+02 3.807446050643920898e+02 3.377747499942779541e+02 3.823141908645629883e+02 3.418749094009399414e+02 3.839668893814086914e+02 2.000000000000000000e+00
5.413722610473632812e+02 1.458219695091247559e+02 5.464190673828125000e+02 1.473740172386169434e+02 5.507346153259277344e+02 1.492131757736206055e+02 2.000000000000000000e+00
1.386859321594238281e+02 4.678628969192504883e+02 1.434739303588867188e+02 4.692215681076049805e+02 1.476267814636230469e+02 4.707560920715332031e+02 2.000000000000000000e+00
3.379524838924407959e+02 3.787398719787597656e+02 3.427361750602722168e+02 3.803178548812866211e+02 3.469107055664062500e+02 3.819238901138305664e+02 2.000000000000000000e+00
8.001125335693359375e+01 8.040089607238769531e+01 8.529270172119140625e+01 8.170732498168945312e+01 8.982812881469726562e+01 8.339504241943359375e+01 2.000000000000000000e+00
1.965833568572998047e+02 4.644330883026123047e+02 2.013113212585449219e+02 4.657907152175903320e+02 2.054682159423828125e+02 4.674658298492431641e+02 2.000000000000000000e+00
5.453972816467285156e+02 4.143326568603515625e+02 5.503246498107910156e+02 4.158972930908203125e+02 5.543280029296875000e+02 4.177797317504882812e+02 2.000000000000000000e+00
3.787545156478881836e+02 4.166033363342285156e+02 3.834763813018798828e+02 4.181230258941650391e+02 3.876037311553955078e+02 4.199047279357910156e+02 2.000000000000000000e+00
5.400271034240722656e+02 1.696035289764404297e+02 5.450150108337402344e+02 1.712662911415100098e+02 5.494688796997070312e+02 1.731437516212463379e+02 2.000000000000000000e+00
3.899915456771850586e+02 2.944752216339111328e+01 3.945757436752319336e+02 3.074230670928955078e+01 3.987403869628906250e+02 3.263889312744140625e+01 2.000000000000000000e+00
2.166741657257080078e+02 3.821198129653930664e+02 2.215007877349853516e+02 3.835043764114379883e+02 2.256771564483642578e+02 3.851370906829833984e+02 2.000000000000000000e+00
3.685584115982055664e+02 4.486450338363647461e+02 3.731718158721923828e+02 4.503468990325927734e+02 3.774024677276611328e+02 4.520679473876953125e+02 2.000000000000000000e+00
5.019953727722167969e+02 3.208382034301757812e+02 5.067988395690917969e+02 3.224602389335632324e+02 5.111185646057128906e+02 3.242829322814941406e+02 2.000000000000000000e+00
4.106168556213378906e+02 4.005886602401733398e+02 4.153768348693847656e+02 4.021651697158813477e+02 4.196012020111083984e+02 4.038994216918945312e+02 2.000000000000000000e+00
4.771385860443115234e+02 3.538499522209167480e+02 4.820251274108886719e+02 3.555225920677185059e+02 4.862228393554687500e+02 3.572754549980163574e+02 2.000000000000000000e+00
7.243118286132812500e+01 2.900895595550537109e+01 7.765474319458007812e+01 3.022230148315429688e+01 8.218313217163085938e+01 3.197294712066650391e+01 2.000000000000000000e+00
4.997935485839843750e+02 4.122186613082885742e+02 5.045998001098632812e+02 4.139045476913452148e+02 5.087943077087402344e+02 4.157232141494750977e+02 2.000000000000000000e+00
5.232542800903320312e+02 4.498984193801879883e+02 5.280894279479980469e+02 4.516654729843139648e+02 5.322733116149902344e+02 4.535207891464233398e+02 2.000000000000000000e+00
4.993318557739257812e+01 3.038048458099365234e+02 5.489067077636718750e+01 3.051609206199645996e+02 5.929218292236328125e+01 3.066672420501708984e+02 2.000000000000000000e+00
3.459020686149597168e+02 4.016950464248657227e+02 3.506579279899597168e+02 4.032027339935302734e+02 3.548563838005065918e+02 4.049654674530029297e+02 2.000000000000000000e+00
1.185060310363769531e+02 3.862661218643188477e+02 1.234245109558105469e+02 3.874782514572143555e+02 1.276305389404296875e+02 3.890684938430786133e+02 2.000000000000000000e+00
5.068445396423339844e+02 4.222955417633056641e+02 5.116271400451660156e+02 4.239332342147827148e+02 5.158888626098632812e+02 4.258071327209472656e+02 2.000000000000000000e+00
3.529378962516784668e+02 3.747970104217529297e+02 3.576551508903503418e+02 3.764146471023559570e+02 3.619484567642211914e+02 3.781223773956298828e+02 2.000000000000000000e+00
3.247610169649124146e+02 4.147764730453491211e+02 3.295496827363967896e+02 4.163009691238403320e+02 3.336719667911529541e+02 4.180035495758056641e+02 2.000000000000000000e+00
3.346885383129119873e+02 4.167098236083984375e+02 3.395038759708404541e+02 4.182339620590209961e+02 3.436210036277770996e+02 4.199081468582153320e+02 2.000000000000000000e+00
5.384386062622070312e+02 3.843907785415649414e+02 5.432379722595214844e+02 3.860499715805053711e+02 5.475427246093750000e+02 3.879801034927368164e+02 2.000000000000000000e+00
4.205653381347656250e+02 3.996150255203247070e+02 4.253754329681396484e+02 4.012319469451904297e+02 4.295596313476562500e+02 4.030389547348022461e+02 2.000000000000000000e+00
3.149055176973342896e+02 4.298717737197875977e+02 3.196650085225701332e+02 4.313848114013671875e+02 3.238115844130516052e+02 4.331117391586303711e+02 2.000000000000000000e+00
9.926710128784179688e+01 3.917090892791748047e+01 1.045083999633789062e+02 4.054358482360839844e+01 1.091947937011718750e+02 4.220515251159667969e+01 2.000000000000000000e+00
4.811026382446289062e+02 4.064277362823486328e+02 4.858812332153320312e+02 4.081376123428344727e+02 4.900655555725097656e+02 4.099341201782226562e+02 2.000000000000000000e+00
5.058383750915527344e+02 3.795358371734619141e+02 5.106886100769042969e+02 3.811573219299316406e+02 5.149295616149902344e+02 3.829634428024291992e+02 2.000000000000000000e+00
4.571123695373535156e+02 4.552870559692382812e+02 4.618910884857177734e+02 4.569169664382934570e+02 4.660555744171142578e+02 4.587211990356445312e+02 2.000000000000000000e+00
2.609268188476562500e+01 4.549394989013671875e+02 3.078445434570312500e+01 4.562161016464233398e+02 3.510231018066406250e+01 4.575761175155639648e+02 2.000000000000000000e+00
2.269292926788330078e+02 1.097557067871093750e+01 2.320535373687744141e+02 1.242741107940673828e+01 2.365644645690917969e+02 1.412358283996582031e+01 2.000000000000000000e+00
4.353493404388427734e+02 4.203852939605712891e+02 4.401914405822753906e+02 4.220808792114257812e+02 4.443230342864990234e+02 4.238047599792480469e+02 2.000000000000000000e+00
4.426076698303222656e+02 3.726673078536987305e+02 4.473827552795410156e+02 3.742283391952514648e+02 4.515167903900146484e+02 3.759651517868041992e+02 2.000000000000000000e+00
2.855869746208190918e+02 4.569293260574340820e+02 2.903732609748840332e+02 4.585314130783081055e+02 2.944566655158996582e+02 4.602296304702758789e+02 2.000000000000000000e+00
1.884102725982666016e+02 4.060435581207275391e+02 1.931724834442138672e+02 4.074635124206542969e+02 1.974238872528076172e+02 4.090409374237060547e+02 2.000000000000000000e+00
1.511950302124023438e+02 4.181729793548583984e+02 1.558202552795410156e+02 4.195183467864990234e+02 1.599958801269531250e+02 4.212043619155883789e+02 2.000000000000000000e+00
5.068584632873535156e+02 3.735604047775268555e+02 5.116511917114257812e+02 3.751670837402343750e+02 5.159286499023437500e+02 3.769853639602661133e+02 2.000000000000000000e+00
2.968075871467590332e+02 4.257307577133178711e+02 3.015981447696685791e+02 4.272482728958129883e+02 3.057603454589843750e+02 4.290296745300292969e+02 2.000000000000000000e+00
3.590308547019958496e+02 4.156761503219604492e+02 3.638593769073486328e+02 4.173236417770385742e+02 3.680062246322631836e+02 4.189315938949584961e+02 2.000000000000000000e+00
5.364530754089355469e+02 6.918037891387939453e+01 5.414198112487792969e+02 7.074162483215332031e+01 5.459933471679687500e+02 7.245181560516357422e+01 2.000000000000000000e+00
1.186694145202636719e+02 4.103481817245483398e+02 1.234560775756835938e+02 4.115975761413574219e+02 1.277231979370117188e+02 4.132068586349487305e+02 2.000000000000000000e+00
3.161132812500000000e+02 3.918405818939208984e+02 3.208385925740003586e+02 3.933926153182983398e+02 3.249842223525047302e+02 3.950669002532958984e+02 2.000000000000000000e+00
5.451025962829589844e+02 1.737376642227172852e+02 5.500279617309570312e+02 1.753345298767089844e+02 5.544302940368652344e+02 1.771384978294372559e+02 2.000000000000000000e+00
4.602655982971191406e+02 4.055476427078247070e+02 4.651425457000732422e+02 4.071643209457397461e+02 4.693434143066406250e+02 4.089224052429199219e+02 2.000000000000000000e+00
3.589883422851562500e+02 3.977150058746337891e+02 3.638347196578979492e+02 3.992480278015136719e+02 3.680425739288330078e+02 4.010070848464965820e+02 2.000000000000000000e+00
2.697452402114868164e+02 3.507930064201354980e+02 2.746429443359375000e+02 3.521838712692260742e+02 2.788885784149169922e+02 3.539166641235351562e+02 2.000000000000000000e+00
3.017778313159942627e+02 4.327999305725097656e+02 3.066335451602935791e+02 4.342959022521972656e+02 3.107361143827438354e+02 4.360111856460571289e+02 2.000000000000000000e+00
3.367797243595123291e+02 4.037140560150146484e+02 3.415620112419128418e+02 4.052440309524536133e+02 3.457524418830871582e+02 4.070056200027465820e+02 2.000000000000000000e+00
2.095015048980712891e+02 4.140027523040771484e+02 2.142386341094970703e+02 4.154486846923828125e+02 2.184246349334716797e+02 4.170731592178344727e+02 2.000000000000000000e+00
3.157351988554000854e+02 4.487543678283691406e+02 3.205563049390912056e+02 4.502956008911132812e+02 3.246231994032859802e+02 4.519725751876831055e+02 2.000000000000000000e+00
2.666901826858520508e+02 4.319619226455688477e+02 2.715299654006958008e+02 4.334870767593383789e+02 2.758148479461669922e+02 4.351683425903320312e+02 2.000000000000000000e+00
5.295437049865722656e+02 3.814656400680541992e+02 5.344041824340820312e+02 3.832065153121948242e+02 5.386488723754882812e+02 3.851139307022094727e+02 2.000000000000000000e+00
4.292247009277343750e+02 3.560275554656982422e+01 4.342472267150878906e+02 3.716151237487792969e+01 4.387488746643066406e+02 3.887569427490234375e+01 2.000000000000000000e+00
4.293920040130615234e+02 4.666219854354858398e+02 4.340772724151611328e+02 4.681726169586181641e+02 4.382622718811035156e+02 4.699264383316040039e+02 2.000000000000000000e+00
3.379547429084777832e+02 3.956984281539916992e+02 3.426914668083190918e+02 3.972712755203247070e+02 3.468549203872680664e+02 3.990021085739135742e+02 2.000000000000000000e+00
3.388355720043182373e+02 4.318373250961303711e+02 3.435786437988281250e+02 4.332862329483032227e+02 3.476911330223083496e+02 4.350937271118164062e+02 2.000000000000000000e+00
4.553079605102539062e+01 4.286850070953369141e+02 5.045545578002929688e+01 4.298920011520385742e+02 5.456079483032226562e+01 4.314010477066040039e+02 2.000000000000000000e+00
5.374691772460937500e+02 5.897741317749023438e+01 5.423281860351562500e+02 6.060959815979003906e+01 5.468942260742187500e+02 6.242643356323242188e+01 2.000000000000000000e+00
4.830004310607910156e+02 3.547002625465393066e+02 4.879004478454589844e+02 3.563912701606750488e+02 4.921114921569824219e+02 3.582027053833007812e+02 2.000000000000000000e+00
5.286347770690917969e+02 3.674831628799438477e+02 5.334259033203125000e+02 3.692583131790161133e+02 5.377075195312500000e+02 3.711856412887573242e+02 2.000000000000000000e+00
2.154809284210205078e+02 4.160868072509765625e+02 2.203168201446533203e+02 4.174815130233764648e+02 2.244233989715576172e+02 4.191208648681640625e+02 2.000000000000000000e+00
3.646810913085937500e+02 4.276575136184692383e+02 3.695211505889892578e+02 4.292730188369750977e+02 3.736771535873413086e+02 4.309533834457397461e+02 2.000000000000000000e+00
5.189779663085937500e+02 3.494689393043518066e+02 5.237438964843750000e+02 3.510702896118164062e+02 5.280440711975097656e+02 3.529850220680236816e+02 2.000000000000000000e+00
3.398805546760559082e+02 3.737985277175903320e+02 3.446912550926208496e+02 3.753324651718139648e+02 3.488424086570739746e+02 3.769890546798706055e+02 2.000000000000000000e+00
9.234798431396484375e+01 3.933693552017211914e+02 9.719404220581054688e+01 3.945638465881347656e+02 1.015148162841796875e+02 3.961147212982177734e+02 2.000000000000000000e+00
5.336547279357910156e+02 3.030164194107055664e+02 5.385762405395507812e+02 3.046630311012268066e+02 5.428257560729980469e+02 3.064545607566833496e+02 2.000000000000000000e+00
4.969716262817382812e+02 3.685316276550292969e+02 5.017924880981445312e+02 3.701289367675781250e+02 5.060818862915039062e+02 3.719404649734497070e+02 2.000000000000000000e+00
9.948328018188476562e+01 3.943832445144653320e+02 1.043243598937988281e+02 3.955947303771972656e+02 1.086147117614746094e+02 3.971600389480590820e+02 2.000000000000000000e+00
3.107793271541595459e+02 4.398749828338623047e+02 3.156075134873390198e+02 4.413938426971435547e+02 3.197369995154440403e+02 4.430807018280029297e+02 2.000000000000000000e+00
4.748776245117187500e+02 4.602129650115966797e+02 4.795904827117919922e+02 4.617703056335449219e+02 4.838673782348632812e+02 4.637056446075439453e+02 2.000000000000000000e+00
2.366045379638671875e+02 4.361256551742553711e+02 2.413009166717529297e+02 4.374658584594726562e+02 2.454955148696899414e+02 4.391130208969116211e+02 2.000000000000000000e+00
4.711701679229736328e+02 3.347255873680114746e+02 4.760593891143798828e+02 3.364550542831420898e+02 4.802528762817382812e+02 3.382495164871215820e+02 2.000000000000000000e+00
1.812676715850830078e+02 4.482161378860473633e+02 1.858753490447998047e+02 4.495609474182128906e+02 1.901855564117431641e+02 4.511879110336303711e+02 2.000000000000000000e+00
3.657345581054687500e+02 4.226488065719604492e+02 3.705700397491455078e+02 4.242997598648071289e+02 3.746799612045288086e+02 4.259018325805664062e+02 2.000000000000000000e+00
2.509406566619873047e+02 3.580822205543518066e+02 2.557267618179321289e+02 3.594436383247375488e+02 2.598644113540649414e+02 3.610373926162719727e+02 2.000000000000000000e+00
3.897583007812500000e+02 4.334328746795654297e+02 3.944994497299194336e+02 4.350128316879272461e+02 3.985792875289916992e+02 4.367576980590820312e+02 2.000000000000000000e+00
3.568656325340270996e+02 4.056948280334472656e+02 3.617237567901611328e+02 4.072570610046386719e+02 3.658687448501586914e+02 4.089540195465087891e+02 2.000000000000000000e+00
2.795989656448364258e+02 4.549848747253417969e+02 2.843330693244934082e+02 4.564326953887939453e+02 2.882857060432434082e+02 4.581554031372070312e+02 2.000000000000000000e+00
1.034416961669921875e+02 3.903781843185424805e+02 1.083277511596679688e+02 3.915923595428466797e+02 1.124817085266113281e+02 3.930970287322998047e+02 2.000000000000000000e+00
5.214418983459472656e+02 4.651102352142333984e+02 5.262530517578125000e+02 4.668200826644897461e+02 5.304299354553222656e+02 4.686791753768920898e+02 2.000000000000000000e+00
5.451989173889160156e+02 4.140287876129150391e+01 5.501073646545410156e+02 4.288258552551269531e+01 5.547397422790527344e+02 4.465464591979980469e+01 2.000000000000000000e+00
4.894514274597167969e+02 6.972993850708007812e+01 4.946322059631347656e+02 7.126825332641601562e+01 4.990735435485839844e+02 7.305258750915527344e+01 2.000000000000000000e+00
4.926035881042480469e+02 4.429922962188720703e+02 4.974231910705566406e+02 4.446419191360473633e+02 5.016095924377441406e+02 4.465483474731445312e+02 2.000000000000000000e+00
1.916070270538330078e+02 3.529684782028198242e+02 1.963373374938964844e+02 3.542593145370483398e+02 2.006646060943603516e+02 3.561052322387695312e+02 2.000000000000000000e+00
5.066588783264160156e+02 3.944161462783813477e+02 5.115501785278320312e+02 3.960369014739990234e+02 5.157164382934570312e+02 3.978932619094848633e+02 2.000000000000000000e+00
3.805844116210937500e+02 3.857536697387695312e+02 3.854234933853149414e+02 3.872476816177368164e+02 3.895960378646850586e+02 3.890257930755615234e+02 2.000000000000000000e+00
1.001761436462402344e+02 4.536133289337158203e+02 1.052173805236816406e+02 4.548104667663574219e+02 1.093849372863769531e+02 4.564301204681396484e+02 2.000000000000000000e+00
5.315646934509277344e+02 1.019575738906860352e+02 5.366216468811035156e+02 1.035499906539916992e+02 5.410380935668945312e+02 1.053729200363159180e+02 2.000000000000000000e+00
1.792561817169189453e+02 4.563817834854125977e+02 1.838718128204345703e+02 4.576474428176879883e+02 1.881487751007080078e+02 4.593421411514282227e+02 2.000000000000000000e+00
4.184406471252441406e+02 4.604938173294067383e+02 4.231825923919677734e+02 4.620155382156372070e+02 4.273607158660888672e+02 4.637894725799560547e+02 2.000000000000000000e+00
4.146625518798828125e+01 4.357125949859619141e+02 4.637479782104492188e+01 4.369886827468872070e+02 5.054620742797851562e+01 4.384133148193359375e+02 2.000000000000000000e+00
1.763508605957031250e+02 3.991865301132202148e+02 1.811806488037109375e+02 4.005964136123657227e+02 1.853647422790527344e+02 4.022119188308715820e+02 2.000000000000000000e+00
3.100469666719436646e+02 3.689388799667358398e+02 3.148469543457031250e+02 3.704162120819091797e+02 3.188649597018957138e+02 3.721285772323608398e+02 2.000000000000000000e+00
1.732540416717529297e+02 3.562235498428344727e+02 1.781489562988281250e+02 3.574858474731445312e+02 1.823244953155517578e+02 3.591305923461914062e+02 2.000000000000000000e+00
4.462022686004638672e+02 4.574296617507934570e+02 4.510830402374267578e+02 4.590527486801147461e+02 4.550954341888427734e+02 4.607989311218261719e+02 2.000000000000000000e+00
4.879654502868652344e+02 3.744844436645507812e+02 4.928508567810058594e+02 3.761626052856445312e+02 4.971103477478027344e+02 3.778948116302490234e+02 2.000000000000000000e+00
4.938368225097656250e+02 4.113053369522094727e+02 4.986300659179687500e+02 4.129794359207153320e+02 5.028153991699218750e+02 4.147577619552612305e+02 2.000000000000000000e+00
4.906136894226074219e+02 4.570376157760620117e+02 4.953361511230468750e+02 4.586544370651245117e+02 4.995740318298339844e+02 4.606249809265136719e+02 2.000000000000000000e+00
2.124793720245361328e+02 4.030727577209472656e+02 2.173292827606201172e+02 4.044934129714965820e+02 2.215065002441406250e+02 4.061635208129882812e+02 2.000000000000000000e+00
3.118479305505752563e+02 4.228347015380859375e+02 3.166370239853858948e+02 4.242897748947143555e+02 3.207449340820312500e+02 4.260511922836303711e+02 2.000000000000000000e+00
3.702600097656250000e+02 4.586588001251220703e+02 3.750454711914062500e+02 4.602808713912963867e+02 3.792799091339111328e+02 4.620790815353393555e+02 2.000000000000000000e+00
2.361784839630126953e+02 3.596697807312011719e+01 2.412645244598388672e+02 3.744199275970458984e+01 2.457032918930053711e+02 3.921954631805419922e+01 2.000000000000000000e+00
2.475015878677368164e+02 4.311850976943969727e+02 2.522257852554321289e+02 4.324374818801879883e+02 2.563796663284301758e+02 4.342808961868286133e+02 2.000000000000000000e+00
5.116913795471191406e+02 3.964009523391723633e+02 5.165241813659667969e+02 3.980199050903320312e+02 5.207482337951660156e+02 3.998772954940795898e+02 2.000000000000000000e+00
1.216037368774414062e+02 4.053726339340209961e+02 1.263928794860839844e+02 4.065859794616699219e+02 1.306312561035156250e+02 4.082158613204956055e+02 2.000000000000000000e+00
3.757419443130493164e+02 3.877972555160522461e+02 3.805955219268798828e+02 3.892931270599365234e+02 3.847536325454711914e+02 3.910362911224365234e+02 2.000000000000000000e+00
5.314841270446777344e+02 4.002511739730834961e+02 5.363698196411132812e+02 4.018180274963378906e+02 5.405614662170410156e+02 4.037672853469848633e+02 2.000000000000000000e+00
3.449365854263305664e+02 3.807467365264892578e+02 3.497493600845336914e+02 3.823406696319580078e+02 3.539407348632812500e+02 3.839573764801025391e+02 2.000000000000000000e+00
