1.593804740905761719e+02 2.119399702548980713e+02 1.586406898498535156e+02 2.119837778806686401e+02 1.598494529724121094e+02 2.118582147359848022e+02 1.000000000000000000e+00
7.090030670166015625e+01 2.291929319500923157e+02 7.068616867065429688e+01 2.298569029569625854e+02 7.216112136840820312e+01 2.298810571432113647e+02 1.000000000000000000e+00
1.495623970031738281e+02 2.208351588249206543e+02 1.487098884582519531e+02 2.209445643424987793e+02 1.497678565979003906e+02 2.208827966451644897e+02 1.000000000000000000e+00
9.741985321044921875e+01 2.176363509893417358e+02 9.583906173706054688e+01 2.177908158302307129e+02 9.603336334228515625e+01 2.175941920280456543e+02 1.000000000000000000e+00
1.465410041809082031e+02 2.114761948585510254e+02 1.456287765502929688e+02 2.114945518970489502e+02 1.466633796691894531e+02 2.113891428709030151e+02 1.000000000000000000e+00
1.643004703521728516e+02 2.108682990074157715e+02 1.636861896514892578e+02 2.108869314193725586e+02 1.649990940093994141e+02 2.107175284624099731e+02 1.000000000000000000e+00
9.329784393310546875e+01 2.083995044231414795e+02 9.169197082519531250e+01 2.084909641742706299e+02 9.188087463378906250e+01 2.082212054729461670e+02 1.000000000000000000e+00
7.530307769775390625e+01 2.090197885036468506e+02 7.360576629638671875e+01 2.091099536418914795e+02 7.374803543090820312e+01 2.088422226905822754e+02 1.000000000000000000e+00
1.573179054260253906e+02 2.129202103614807129e+02 1.565266036987304688e+02 2.129708236455917358e+02 1.576589775085449219e+02 2.128622120618820190e+02 1.000000000000000000e+00
1.652052021026611328e+02 2.167285913228988647e+02 1.646163654327392578e+02 2.168787825107574463e+02 1.659322929382324219e+02 2.168745410442352295e+02 1.000000000000000000e+00
1.626234436035156250e+02 2.289476618170738220e+02 1.629686832427978516e+02 2.292112424969673157e+02 1.652221679687500000e+02 2.292652738094329834e+02 1.000000000000000000e+00
9.492406845092773438e+01 2.139075601100921631e+02 9.338628768920898438e+01 2.140386486053466797e+02 9.353803634643554688e+01 2.137299638986587524e+02 1.000000000000000000e+00
1.593190956115722656e+02 2.172349995374679565e+02 1.586109352111816406e+02 2.173110955953598022e+02 1.598304748535156250e+02 2.172203350067138672e+02 1.000000000000000000e+00
7.776323318481445312e+01 2.153945446014404297e+02 7.609851837158203125e+01 2.154990381002426147e+02 7.630933761596679688e+01 2.152830791473388672e+02 1.000000000000000000e+00
1.529928398132324219e+02 2.138528126478195190e+02 1.521638298034667969e+02 2.138978111743927002e+02 1.532146644592285156e+02 2.137872147560119629e+02 1.000000000000000000e+00
6.960163116455078125e+01 2.361037749052047729e+02 6.952980041503906250e+01 2.367737882584333420e+02 7.121101379394531250e+01 2.368437957018613815e+02 1.000000000000000000e+00
1.536339759826660156e+02 2.177309256792068481e+02 1.528089904785156250e+02 2.177986282110214233e+02 1.538710975646972656e+02 2.176987910270690918e+02 1.000000000000000000e+00
7.057451248168945312e+01 2.007129192352294922e+02 6.933076858520507812e+01 2.007898521423339844e+02 7.027391433715820312e+01 2.004866623878479004e+02 1.000000000000000000e+00
8.689910888671875000e+01 2.081190776824951172e+02 8.525522232055664062e+01 2.082217991352081299e+02 8.538028717041015625e+01 2.079380178451538086e+02 1.000000000000000000e+00
1.453229713439941406e+02 2.299741208553314209e+02 1.454715919494628906e+02 2.302283164858818054e+02 1.473676872253417969e+02 2.303043821454048157e+02 1.000000000000000000e+00
9.091449737548828125e+01 1.939390075206756592e+02 8.917310714721679688e+01 1.937745022773742676e+02 8.938772201538085938e+01 1.934419834613800049e+02 1.000000000000000000e+00
1.550202751159667969e+02 1.947348439693450928e+02 1.541893386840820312e+02 1.945972430706024170e+02 1.551692962646484375e+02 1.942446434497833252e+02 1.000000000000000000e+00
1.535198783874511719e+02 1.996813344955444336e+02 1.525801467895507812e+02 1.996173834800720215e+02 1.535760307312011719e+02 1.994138932228088379e+02 1.000000000000000000e+00
1.081647491455078125e+02 1.987138938903808594e+02 1.065807533264160156e+02 1.986650991439819336e+02 1.075702667236328125e+02 1.983692908287048340e+02 1.000000000000000000e+00
1.393074607849121094e+02 1.989768791198730469e+02 1.385033607482910156e+02 1.988798975944519043e+02 1.392788314819335938e+02 1.986042308807373047e+02 1.000000000000000000e+00
1.617974853515625000e+02 2.207503652572631836e+02 1.612209606170654297e+02 2.209358364343643188e+02 1.625450706481933594e+02 2.209068435430526733e+02 1.000000000000000000e+00
1.474187088012695312e+02 2.150511914491653442e+02 1.465105819702148438e+02 2.150891107320785522e+02 1.475426292419433594e+02 2.149724417924880981e+02 1.000000000000000000e+00
1.646946430206298828e+02 2.012855815887451172e+02 1.642709064483642578e+02 2.012511277198791504e+02 1.657950687408447266e+02 2.010014641284942627e+02 1.000000000000000000e+00
8.354124069213867188e+01 2.129063397645950317e+02 8.179815292358398438e+01 2.130103290081024170e+02 8.193801879882812500e+01 2.127443379163742065e+02 1.000000000000000000e+00
8.438356399536132812e+01 1.891997802257537842e+02 8.264211654663085938e+01 1.889971446990966797e+02 8.277446746826171875e+01 1.886170184612274170e+02 1.000000000000000000e+00
9.093801498413085938e+01 1.972696208953857422e+02 8.908052444458007812e+01 1.972108733654022217e+02 8.927978515625000000e+01 1.968030524253845215e+02 1.000000000000000000e+00
1.569341468811035156e+02 2.175800925493240356e+02 1.561905479431152344e+02 2.176522654294967651e+02 1.573320198059082031e+02 2.175684034824371338e+02 1.000000000000000000e+00
7.006078720092773438e+01 2.121402114629745483e+02 6.879444122314453125e+01 2.121879869699478149e+02 6.913358688354492188e+01 2.119297170639038086e+02 1.000000000000000000e+00
7.702552795410156250e+01 2.294106745719909668e+02 7.678022384643554688e+01 2.300071558356285095e+02 7.826667785644531250e+01 2.300239706039428711e+02 1.000000000000000000e+00
8.393211364746093750e+01 2.081720244884490967e+02 8.221246719360351562e+01 2.082629084587097168e+02 8.229593276977539062e+01 2.079944300651550293e+02 1.000000000000000000e+00
8.662775039672851562e+01 1.970701289176940918e+02 8.477464675903320312e+01 1.969975411891937256e+02 8.489969253540039062e+01 1.966310691833496094e+02 1.000000000000000000e+00
6.845087051391601562e+01 3.931075572967529297e+01 6.850763320922851562e+01 4.029918193817138672e+01 7.115938186645507812e+01 4.097723007202148438e+01 2.000000000000000000e+00
2.793720102310180664e+02 4.433094549179077148e+02 2.795136117935180664e+02 4.442464685440063477e+02 2.818074941635131836e+02 4.448938035964965820e+02 2.000000000000000000e+00
3.470858764648437500e+02 4.520304107666015625e+02 3.472473454475402832e+02 4.529289007186889648e+02 3.496513676643371582e+02 4.536459159851074219e+02 2.000000000000000000e+00
3.399423217773437500e+02 2.670279246568679810e+02 3.399841916561126709e+02 2.678522050380706787e+02 3.423898005485534668e+02 2.686440145969390869e+02 2.000000000000000000e+00
3.083616936206817627e+02 4.482015466690063477e+02 3.084920346736907959e+02 4.490767621994018555e+02 3.107718807458877563e+02 4.497744512557983398e+02 2.000000000000000000e+00
2.755945110321044922e+02 3.478537559509277344e+01 2.756547212600708008e+02 3.561035156250000000e+01 2.781374216079711914e+02 3.640495777130126953e+01 2.000000000000000000e+00
2.943949580192565918e+02 4.532903909683227539e+02 2.944174504280090332e+02 4.541721010208129883e+02 2.967211914062500000e+02 4.549427604675292969e+02 2.000000000000000000e+00
3.123275756835937500e+02 4.551192140579223633e+02 3.124256592988967896e+02 4.559506273269653320e+02 3.147598266601562500e+02 4.566451835632324219e+02 2.000000000000000000e+00
3.093284904956817627e+02 4.591750860214233398e+02 3.094343566894531250e+02 4.600239944458007812e+02 3.116906124353408813e+02 4.607467174530029297e+02 2.000000000000000000e+00
3.461770629882812500e+02 4.571748447418212891e+02 3.463965153694152832e+02 4.581537866592407227e+02 3.487456369400024414e+02 4.587955999374389648e+02 2.000000000000000000e+00
1.382150459289550781e+02 5.199965000152587891e+01 1.382199859619140625e+02 5.294878005981445312e+01 1.408091545104980469e+02 5.357367038726806641e+01 2.000000000000000000e+00
3.285658264160156250e+02 4.302116489410400391e+02 3.285487365722656250e+02 4.309816646575927734e+02 3.309456789493560791e+02 4.318368387222290039e+02 2.000000000000000000e+00
3.353984379768371582e+02 4.410323238372802734e+02 3.354114079475402832e+02 4.419271087646484375e+02 3.378494870662689209e+02 4.425966882705688477e+02 2.000000000000000000e+00
3.135026854276657104e+02 3.364722633361816406e+02 3.135798645019531250e+02 3.371733784675598145e+02 3.159426268935203552e+02 3.381868314743041992e+02 2.000000000000000000e+00
3.023282778263092041e+02 4.482581233978271484e+02 3.024509584903717041e+02 4.491064596176147461e+02 3.047408747673034668e+02 4.498469066619873047e+02 2.000000000000000000e+00
1.700695514678955078e+02 2.781609821319580078e+02 1.700829410552978516e+02 2.790671396255493164e+02 1.724013614654541016e+02 2.797076439857482910e+02 2.000000000000000000e+00
2.651929903030395508e+02 4.586068296432495117e+02 2.653706645965576172e+02 4.595014715194702148e+02 2.676574993133544922e+02 4.602180004119873047e+02 2.000000000000000000e+00
3.252903747558593750e+02 4.581946849822998047e+02 3.253990477323532104e+02 4.590489006042480469e+02 3.276865237951278687e+02 4.597414112091064453e+02 2.000000000000000000e+00
3.402771925926208496e+02 4.450170707702636719e+02 3.403591012954711914e+02 4.459109973907470703e+02 3.427876281738281250e+02 4.465966558456420898e+02 2.000000000000000000e+00
2.664597177505493164e+02 4.433679056167602539e+02 2.666021728515625000e+02 4.442279720306396484e+02 2.687233877182006836e+02 4.448799276351928711e+02 2.000000000000000000e+00
3.344257199764251709e+02 4.460219764709472656e+02 3.344664311408996582e+02 4.469081211090087891e+02 3.369055485725402832e+02 4.476148223876953125e+02 2.000000000000000000e+00
2.583137512207031250e+02 4.606001758575439453e+02 2.583274841308593750e+02 4.615183210372924805e+02 2.607445955276489258e+02 4.622319459915161133e+02 2.000000000000000000e+00
8.847314834594726562e+01 6.260165691375732422e+01 8.851535797119140625e+01 6.355596542358398438e+01 9.110464096069335938e+01 6.430631160736083984e+01 2.000000000000000000e+00
3.511204528808593750e+02 4.470143222808837891e+02 3.512014460563659668e+02 4.479661417007446289e+02 3.535480666160583496e+02 4.486477088928222656e+02 2.000000000000000000e+00
2.865003037452697754e+02 2.680656909942626953e+01 2.865442490577697754e+02 2.768538951873779297e+01 2.890350341796875000e+02 2.845690727233886719e+01 2.000000000000000000e+00
1.639821624755859375e+02 2.771379733085632324e+02 1.640169525146484375e+02 2.780496239662170410e+02 1.664208316802978516e+02 2.787070012092590332e+02 2.000000000000000000e+00
3.204241028055548668e+02 4.471209812164306641e+02 3.205182800441980362e+02 4.480100870132446289e+02 3.227973327040672302e+02 4.486888217926025391e+02 2.000000000000000000e+00
1.058681297302246094e+02 4.655597019195556641e+02 1.060230827331542969e+02 4.665534210205078125e+02 1.083437728881835938e+02 4.672360897064208984e+02 2.000000000000000000e+00
3.293988341093063354e+02 4.470493268966674805e+02 3.294212955236434937e+02 4.479241704940795898e+02 3.318754279613494873e+02 4.486118316650390625e+02 2.000000000000000000e+00
3.034716796875000000e+02 3.364864540100097656e+02 3.035481560230255127e+02 3.371736216545104980e+02 3.060043942928314209e+02 3.381962656974792480e+02 2.000000000000000000e+00
3.283845520019531250e+02 4.520887327194213867e+02 3.285225528478622437e+02 4.529481983184814453e+02 3.308512878417968750e+02 4.536262607574462891e+02 2.000000000000000000e+00
1.210219192504882812e+02 8.304393768310546875e+01 1.211126518249511719e+02 8.394766330718994141e+01 1.235951042175292969e+02 8.461053371429443359e+01 2.000000000000000000e+00
3.033753657341003418e+02 4.601937675476074219e+02 3.034470820426940918e+02 4.610672664642333984e+02 3.057337641716003418e+02 4.617741537094116211e+02 2.000000000000000000e+00
3.255430603027343750e+02 4.341877269744873047e+02 3.255322265625000000e+02 4.350842142105102539e+02 3.278807067871093750e+02 4.357581281661987305e+02 2.000000000000000000e+00
3.324056398868560791e+02 4.550889444351196289e+02 3.325567328929901123e+02 4.559395837783813477e+02 3.348959958553314209e+02 4.566850662231445312e+02 2.000000000000000000e+00
2.554714632034301758e+02 4.005267477035522461e+02 2.555455017089843750e+02 4.014042377471923828e+02 2.577862834930419922e+02 4.020551204681396484e+02 2.000000000000000000e+00
3.452419734001159668e+02 4.429868602752685547e+02 3.452921748161315918e+02 4.438524341583251953e+02 3.477223515510559082e+02 4.446003484725952148e+02 2.000000000000000000e+00
2.740652465820312500e+02 4.585514688491821289e+02 2.744162607192993164e+02 4.593554449081420898e+02 2.765815734863281250e+02 4.601136016845703125e+02 2.000000000000000000e+00
3.243868407607078552e+02 4.212461042404174805e+02 3.244919434189796448e+02 4.220787477493286133e+02 3.267796629667282104e+02 4.229211759567260742e+02 2.000000000000000000e+00
1.751298236846923828e+02 2.812158536911010742e+02 1.751364898681640625e+02 2.821306478977203369e+02 1.774557971954345703e+02 2.827946805953979492e+02 2.000000000000000000e+00
3.285122984647750854e+02 4.400842952728271484e+02 3.285554808378219604e+02 4.409540176391601562e+02 3.309309995174407959e+02 4.416361427307128906e+02 2.000000000000000000e+00
2.893700861930847168e+02 4.523604297637939453e+02 2.894667363166809082e+02 4.532168626785278320e+02 2.916835927963256836e+02 4.540074920654296875e+02 2.000000000000000000e+00
3.173299559950828552e+02 4.561326169967651367e+02 3.174385985732078552e+02 4.569245481491088867e+02 3.197680358774960041e+02 4.576697874069213867e+02 2.000000000000000000e+00
5.348295974731445312e+02 1.511378717422485352e+02 5.348064041137695312e+02 1.518841052055358887e+02 5.372678184509277344e+02 1.528244304656982422e+02 2.000000000000000000e+00
3.035328972339630127e+02 3.163196754455566406e+02 3.036362910270690918e+02 3.171179223060607910e+02 3.060382080078125000e+02 3.177707576751708984e+02 2.000000000000000000e+00
5.290108108520507812e+02 9.236761093139648438e+01 5.290507888793945312e+02 9.317872524261474609e+01 5.316562461853027344e+02 9.392259120941162109e+01 2.000000000000000000e+00
2.564512920379638672e+02 3.935860919952392578e+02 2.565316772460937500e+02 3.944564008712768555e+02 2.587901306152343750e+02 3.951669645309448242e+02 2.000000000000000000e+00
3.455042433738708496e+02 4.070914936065673828e+02 3.455834650993347168e+02 4.078738117218017578e+02 3.478645634651184082e+02 4.086963272094726562e+02 2.000000000000000000e+00
3.145637816190719604e+02 3.163568186759948730e+02 3.146432191133499146e+02 3.171491718292236328e+02 3.170016479492187500e+02 3.177986812591552734e+02 2.000000000000000000e+00
2.763934612274169922e+02 4.393225765228271484e+02 2.765108013153076172e+02 4.402717638015747070e+02 2.787614107131958008e+02 4.409466075897216797e+02 2.000000000000000000e+00
7.752302169799804688e+01 4.639589309692382812e+01 7.758106231689453125e+01 4.737055778503417969e+01 8.020469665527343750e+01 4.806160926818847656e+01 2.000000000000000000e+00
9.050439834594726562e+01 5.759553909301757812e+01 9.050403594970703125e+01 5.857832908630371094e+01 9.311628341674804688e+01 5.930530071258544922e+01 2.000000000000000000e+00
2.534825563430786133e+02 3.425991296768188477e+02 2.536278533935546875e+02 3.432777142524719238e+02 2.558380270004272461e+02 3.438779640197753906e+02 2.000000000000000000e+00
2.995429992675781250e+02 4.362096118927001953e+02 2.996243882179260254e+02 4.370936965942382812e+02 3.018411254882812500e+02 4.377285575866699219e+02 2.000000000000000000e+00
1.887434005737304688e+01 6.535042762756347656e+01 1.895540237426757812e+01 6.645741462707519531e+01 2.128833770751953125e+01 6.699733257293701172e+01 2.000000000000000000e+00
5.201527786254882812e+02 4.026810979843139648e+02 5.203143310546875000e+02 4.034643030166625977e+02 5.226396560668945312e+02 4.043249273300170898e+02 2.000000000000000000e+00
3.184216003119945526e+02 4.053497743606567383e+02 3.184913329780101776e+02 4.061668825149536133e+02 3.207980041950941086e+02 4.069818449020385742e+02 2.000000000000000000e+00
5.050793838500976562e+02 4.402968835830688477e+02 5.052565574645996094e+02 4.410142564773559570e+02 5.075202941894531250e+02 4.418782711029052734e+02 2.000000000000000000e+00
3.484929203987121582e+02 3.991987323760986328e+02 3.485406804084777832e+02 3.999358892440795898e+02 3.508569025993347168e+02 4.007506513595581055e+02 2.000000000000000000e+00
3.213974915444850922e+02 4.531117343902587891e+02 3.214912720024585724e+02 4.539678096771240234e+02 3.237522888183593750e+02 4.546584033966064453e+02 2.000000000000000000e+00
3.832551288604736328e+02 3.860022354125976562e+02 3.832848501205444336e+02 3.867634391784667969e+02 3.855400991439819336e+02 3.876609563827514648e+02 2.000000000000000000e+00
5.321809768676757812e+02 3.729576444625854492e+02 5.321499061584472656e+02 3.736484384536743164e+02 5.345273399353027344e+02 3.744863319396972656e+02 2.000000000000000000e+00
3.862791156768798828e+02 4.218319129943847656e+02 3.863832092285156250e+02 4.226398658752441406e+02 3.887205839157104492e+02 4.234488058090209961e+02 2.000000000000000000e+00
2.975172734260559082e+02 4.182491540908813477e+02 2.975584101676940918e+02 4.190029335021972656e+02 2.998653864860534668e+02 4.197765541076660156e+02 2.000000000000000000e+00
3.266237795352935791e+02 3.882505846023559570e+02 3.267159730195999146e+02 3.891061162948608398e+02 3.290296632051467896e+02 3.897828769683837891e+02 2.000000000000000000e+00
4.218450069427490234e+02 4.608396720886230469e+02 4.220414733886718750e+02 4.616748189926147461e+02 4.243330669403076172e+02 4.625298929214477539e+02 2.000000000000000000e+00
4.486575031280517578e+02 1.610654354095458984e+01 4.487849426269531250e+02 1.695652484893798828e+01 4.512236309051513672e+02 1.772303581237792969e+01 2.000000000000000000e+00
3.065848386287689209e+02 3.743040275573730469e+02 3.066408991813659668e+02 3.751549100875854492e+02 3.090208733081817627e+02 3.758748292922973633e+02 2.000000000000000000e+00
3.315912783145904541e+02 3.892208290100097656e+02 3.316586005687713623e+02 3.900435876846313477e+02 3.340217292308807373e+02 3.907477855682373047e+02 2.000000000000000000e+00
2.935209345817565918e+02 4.482822132110595703e+02 2.935826706886291504e+02 4.491249132156372070e+02 2.958007192611694336e+02 4.499207925796508789e+02 2.000000000000000000e+00
3.343711853027343750e+02 4.222142171859741211e+02 3.344599914550781250e+02 4.230361747741699219e+02 3.367130124568939209e+02 4.238589334487915039e+02 2.000000000000000000e+00
5.238115882873535156e+02 4.423649740219116211e+02 5.240141677856445312e+02 4.431382799148559570e+02 5.263049888610839844e+02 4.438907575607299805e+02 2.000000000000000000e+00
4.875200462341308594e+02 3.560705924034118652e+02 4.876073646545410156e+02 3.568035006523132324e+02 4.898941040039062500e+02 3.576146006584167480e+02 2.000000000000000000e+00
3.292590028047561646e+02 4.613162612915039062e+02 3.293778687715530396e+02 4.621790027618408203e+02 3.317148745059967041e+02 4.628979635238647461e+02 2.000000000000000000e+00
1.474479484558105469e+02 4.589410829544067383e+02 1.474792861938476562e+02 4.599350738525390625e+02 1.498875617980957031e+02 4.605497217178344727e+02 2.000000000000000000e+00
2.555014944076538086e+02 4.384955549240112305e+02 2.555883455276489258e+02 4.393335342407226562e+02 2.576445293426513672e+02 4.400150871276855469e+02 2.000000000000000000e+00
3.194944152608513832e+02 4.202439022064208984e+02 3.194981689378619194e+02 4.210440158843994141e+02 3.218213196098804474e+02 4.218777608871459961e+02 2.000000000000000000e+00
3.186063842475414276e+02 3.972882843017578125e+02 3.186581420898437500e+02 3.981489086151123047e+02 3.210114135593175888e+02 3.988899564743041992e+02 2.000000000000000000e+00
5.399276733398437500e+02 3.867506790161132812e+02 5.399848747253417969e+02 3.875000095367431641e+02 5.423502922058105469e+02 3.883980417251586914e+02 2.000000000000000000e+00
3.404004836082458496e+02 4.151032447814941406e+02 3.405111384391784668e+02 4.159436130523681641e+02 3.427449655532836914e+02 4.166725587844848633e+02 2.000000000000000000e+00
9.663320541381835938e+01 4.349365711212158203e+01 9.662147521972656250e+01 4.449266910552978516e+01 9.916280746459960938e+01 4.525830745697021484e+01 2.000000000000000000e+00
2.987090444564819336e+02 3.713162612915039062e+02 2.987512803077697754e+02 3.721669006347656250e+02 3.011601865291595459e+02 3.728955173492431641e+02 2.000000000000000000e+00
3.064741206169128418e+02 3.913841342926025391e+02 3.066496276855468750e+02 3.922330713272094727e+02 3.089593505859375000e+02 3.928614521026611328e+02 2.000000000000000000e+00
2.431115865707397461e+02 4.586628198623657227e+02 2.432744598388671875e+02 4.595084667205810547e+02 2.456277894973754883e+02 4.603530120849609375e+02 2.000000000000000000e+00
3.353844916820526123e+02 4.101431608200073242e+02 3.354549562931060791e+02 4.109384822845458984e+02 3.377127683162689209e+02 4.116965961456298828e+02 2.000000000000000000e+00
3.015733635425567627e+02 3.772886466979980469e+02 3.016461181640625000e+02 3.781376123428344727e+02 3.040050351619720459e+02 3.788849830627441406e+02 2.000000000000000000e+00
2.426378774642944336e+02 3.553416180610656738e+02 2.426895570755004883e+02 3.562481117248535156e+02 2.451199626922607422e+02 3.568257236480712891e+02 2.000000000000000000e+00
1.969804096221923828e+02 4.125553321838378906e+02 1.970694828033447266e+02 4.134064435958862305e+02 1.995296287536621094e+02 4.140753507614135742e+02 2.000000000000000000e+00
5.071909141540527344e+02 4.146728897094726562e+02 5.073036003112792969e+02 4.154370260238647461e+02 5.096705055236816406e+02 4.162925863265991211e+02 2.000000000000000000e+00
5.190041542053222656e+02 4.574168872833251953e+02 5.191333007812500000e+02 4.582072591781616211e+02 5.214745521545410156e+02 4.590680980682373047e+02 2.000000000000000000e+00
1.931851291656494141e+02 3.945793247222900391e+02 1.933155822753906250e+02 3.955134630203247070e+02 1.955483341217041016e+02 3.961564064025878906e+02 2.000000000000000000e+00
3.595602416992187500e+02 3.732430458068847656e+02 3.596042490005493164e+02 3.740582084655761719e+02 3.619376516342163086e+02 3.747930622100830078e+02 2.000000000000000000e+00
1.872454929351806641e+02 2.811924147605895996e+02 1.872663116455078125e+02 2.820765101909637451e+02 1.895389366149902344e+02 2.826668107509613037e+02 2.000000000000000000e+00
1.595553016662597656e+02 4.619661998748779297e+02 1.595882987976074219e+02 4.628614854812622070e+02 1.619593334197998047e+02 4.634446477890014648e+02 2.000000000000000000e+00
5.240771484375000000e+02 6.850224494934082031e+01 5.240634727478027344e+02 6.935661792755126953e+01 5.265092849731445312e+02 7.018175125122070312e+01 2.000000000000000000e+00
4.688320922851562500e+02 3.900285100936889648e+02 4.689536762237548828e+02 3.908015871047973633e+02 4.712438678741455078e+02 3.916186666488647461e+02 2.000000000000000000e+00
3.205847778543829918e+02 4.332422590255737305e+02 3.205408325418829918e+02 4.341048717498779297e+02 3.229166260361671448e+02 4.349076604843139648e+02 2.000000000000000000e+00
4.836484146118164062e+02 3.382026743888854980e+02 4.837143325805664062e+02 3.389093971252441406e+02 4.860418701171875000e+02 3.397156763076782227e+02 2.000000000000000000e+00
3.392312932014465332e+02 4.540066337585449219e+02 3.394248962402343750e+02 4.549498128890991211e+02 3.417811274528503418e+02 4.556150865554809570e+02 2.000000000000000000e+00
5.288698768615722656e+02 1.301858282089233398e+02 5.288790321350097656e+02 1.309468317031860352e+02 5.314101600646972656e+02 1.317700409889221191e+02 2.000000000000000000e+00
3.364997565746307373e+02 3.832465839385986328e+02 3.366379392147064209e+02 3.840637636184692383e+02 3.390155637264251709e+02 3.847644138336181641e+02 2.000000000000000000e+00
2.241628837585449219e+02 4.325331258773803711e+02 2.242804431915283203e+02 4.333699178695678711e+02 2.265381908416748047e+02 4.341326951980590820e+02 2.000000000000000000e+00
3.125025939941406250e+02 3.254065275192260742e+02 3.125865781307220459e+02 3.261857056617736816e+02 3.149773555994033813e+02 3.268184280395507812e+02 2.000000000000000000e+00
1.393390846252441406e+02 4.517631912231445312e+02 1.393887710571289062e+02 4.527704858779907227e+02 1.417319679260253906e+02 4.534914636611938477e+02 2.000000000000000000e+00
2.962842702865600586e+02 4.603475475311279297e+02 2.964021897315979004e+02 4.611313962936401367e+02 2.986203002929687500e+02 4.618609142303466797e+02 2.000000000000000000e+00
4.946598815917968750e+02 3.779324054718017578e+02 4.947488403320312500e+02 3.786569309234619141e+02 4.969908142089843750e+02 3.795393419265747070e+02 2.000000000000000000e+00
5.212466430664062500e+02 3.798679018020629883e+02 5.212787437438964844e+02 3.806410932540893555e+02 5.236123657226562500e+02 3.814510202407836914e+02 2.000000000000000000e+00
3.074828791618347168e+02 3.334408020973205566e+02 3.075529170036315918e+02 3.341181063652038574e+02 3.099485170841217041e+02 3.350993371009826660e+02 2.000000000000000000e+00
4.804067802429199219e+02 4.573921966552734375e+02 4.804155540466308594e+02 4.582343530654907227e+02 4.827478027343750000e+02 4.590897274017333984e+02 2.000000000000000000e+00
4.210897541046142578e+02 4.329540824890136719e+02 4.211736774444580078e+02 4.338235330581665039e+02 4.234554481506347656e+02 4.345030689239501953e+02 2.000000000000000000e+00
5.218170738220214844e+02 4.363873672485351562e+02 5.219978141784667969e+02 4.371243095397949219e+02 5.242985343933105469e+02 4.378862142562866211e+02 2.000000000000000000e+00
1.690659618377685547e+02 4.604042530059814453e+01 1.690441894531250000e+02 4.696369171142578125e+01 1.715826892852783203e+02 4.770996093750000000e+01 2.000000000000000000e+00
3.690269804000854492e+02 4.412146997451782227e+02 3.691398334503173828e+02 4.420697736740112305e+02 3.715080261230468750e+02 4.427371072769165039e+02 2.000000000000000000e+00
2.281323814392089844e+02 4.355298328399658203e+02 2.282736015319824219e+02 4.363781547546386719e+02 2.305379962921142578e+02 4.371356678009033203e+02 2.000000000000000000e+00
5.321495437622070312e+02 3.779114198684692383e+02 5.321673583984375000e+02 3.786133432388305664e+02 5.345164299011230469e+02 3.794723939895629883e+02 2.000000000000000000e+00
5.340963745117187500e+02 4.096618366241455078e+02 5.341316032409667969e+02 4.103825712203979492e+02 5.364175987243652344e+02 4.112821197509765625e+02 2.000000000000000000e+00
2.700657320022583008e+02 4.615334558486938477e+02 2.703506755828857422e+02 4.623487043380737305e+02 2.725818157196044922e+02 4.631437826156616211e+02 2.000000000000000000e+00
3.420929884910583496e+02 4.612471389770507812e+02 3.423164987564086914e+02 4.622137928009033203e+02 3.446466994285583496e+02 4.628186130523681641e+02 2.000000000000000000e+00
5.126002883911132812e+02 3.051939153671264648e+02 5.126832962036132812e+02 3.060540175437927246e+02 5.149819374084472656e+02 3.068873333930969238e+02 2.000000000000000000e+00
3.294595950841903687e+02 4.222238302230834961e+02 3.295472717285156250e+02 4.230548858642578125e+02 3.318205869197845459e+02 4.238700914382934570e+02 2.000000000000000000e+00
4.854196166992187500e+02 4.444830751419067383e+02 4.854529190063476562e+02 4.452726602554321289e+02 4.876888084411621094e+02 4.460806131362915039e+02 2.000000000000000000e+00
2.904341125488281250e+02 3.832781410217285156e+02 2.905904221534729004e+02 3.841149616241455078e+02 2.927520442008972168e+02 3.848296308517456055e+02 2.000000000000000000e+00
3.762733793258666992e+02 4.199830055236816406e+02 3.763867807388305664e+02 4.207834196090698242e+02 3.787617826461791992e+02 4.215552520751953125e+02 2.000000000000000000e+00
4.777425289154052734e+02 3.301898574829101562e+02 4.778701496124267578e+02 3.309573411941528320e+02 4.801293373107910156e+02 3.316870450973510742e+02 2.000000000000000000e+00
2.535171794891357422e+02 3.593218731880187988e+02 2.535492563247680664e+02 3.603320074081420898e+02 2.559296274185180664e+02 3.611256122589111328e+02 2.000000000000000000e+00
4.884667968750000000e+02 4.056819534301757812e+02 4.886030960083007812e+02 4.065274715423583984e+02 4.908910179138183594e+02 4.073394870758056641e+02 2.000000000000000000e+00
1.150314521789550781e+02 4.655209493637084961e+02 1.151702690124511719e+02 4.665492010116577148e+02 1.174318885803222656e+02 4.672017002105712891e+02 2.000000000000000000e+00
2.242359924316406250e+02 4.246859550476074219e+01 2.243274211883544922e+02 4.335165023803710938e+01 2.269342327117919922e+02 4.403876781463623047e+01 2.000000000000000000e+00
2.674266052246093750e+02 4.363886260986328125e+02 2.675589609146118164e+02 4.372749423980712891e+02 2.698872375488281250e+02 4.380011701583862305e+02 2.000000000000000000e+00
2.172372722625732422e+02 3.855738258361816406e+02 2.172376251220703125e+02 3.863942956924438477e+02 2.196439838409423828e+02 3.871550703048706055e+02 2.000000000000000000e+00
5.101585197448730469e+02 4.026654195785522461e+02 5.103436279296875000e+02 4.033882856369018555e+02 5.126443481445312500e+02 4.042514419555664062e+02 2.000000000000000000e+00
4.052644634246826172e+02 3.810467576980590820e+02 4.053150081634521484e+02 3.818750381469726562e+02 4.076614665985107422e+02 3.826624774932861328e+02 2.000000000000000000e+00
3.205679016187787056e+02 3.722848606109619141e+02 3.206076660379767418e+02 3.731707191467285156e+02 3.230184936523437500e+02 3.738380241394042969e+02 2.000000000000000000e+00
3.068009340763092041e+02 2.963872396945953369e+02 3.067773437500000000e+02 2.971516764163970947e+02 3.091463625431060791e+02 2.979539537429809570e+02 2.000000000000000000e+00
3.872117948532104492e+02 4.610820150375366211e+02 3.873364257812500000e+02 4.618834590911865234e+02 3.896032094955444336e+02 4.626519870758056641e+02 2.000000000000000000e+00
4.102843379974365234e+02 3.849845981597900391e+02 4.103126525878906250e+02 3.858254098892211914e+02 4.126675415039062500e+02 3.866335487365722656e+02 2.000000000000000000e+00
5.182633018493652344e+02 3.936649274826049805e+02 5.183992385864257812e+02 3.944903326034545898e+02 5.206636428833007812e+02 3.952789735794067383e+02 2.000000000000000000e+00
2.903809189796447754e+02 3.912783622741699219e+02 2.905411982536315918e+02 3.921336793899536133e+02 2.926774597167968750e+02 3.927911424636840820e+02 2.000000000000000000e+00
2.773606538772583008e+02 4.343473577499389648e+02 2.774687194824218750e+02 4.352981615066528320e+02 2.797407531738281250e+02 4.360322427749633789e+02 2.000000000000000000e+00
3.954393005371093750e+02 4.399942159652709961e+02 3.955728483200073242e+02 4.407324886322021484e+02 3.977600717544555664e+02 4.415259218215942383e+02 2.000000000000000000e+00
2.574601125717163086e+02 3.385339379310607910e+02 2.576106548309326172e+02 3.392280006408691406e+02 2.598336791992187500e+02 3.397791481018066406e+02 2.000000000000000000e+00
3.568770146369934082e+02 4.643217945098876953e+02 3.570680546760559082e+02 4.651031255722045898e+02 3.593840336799621582e+02 4.659138536453247070e+02 2.000000000000000000e+00
5.290509605407714844e+02 7.051036834716796875e+01 5.290333366394042969e+02 7.136518478393554688e+01 5.315238761901855469e+02 7.218388080596923828e+01 2.000000000000000000e+00
1.483621788024902344e+02 3.053056240081787109e+01 1.484189987182617188e+02 3.147165298461914062e+01 1.508867835998535156e+02 3.218387603759765625e+01 2.000000000000000000e+00
3.304771423339843750e+01 4.532270622253417969e+02 3.310562133789062500e+01 4.543016481399536133e+02 3.524740219116210938e+01 4.549054384231567383e+02 2.000000000000000000e+00
5.289503288269042969e+02 5.639067649841308594e+01 5.288723182678222656e+02 5.721196174621582031e+01 5.315660476684570312e+02 5.799247741699218750e+01 2.000000000000000000e+00
1.515169143676757812e+02 4.528919792175292969e+02 1.515437698364257812e+02 4.537900829315185547e+02 1.539010620117187500e+02 4.544728803634643555e+02 2.000000000000000000e+00
5.407692909240722656e+02 5.631890773773193359e+01 5.405794143676757812e+02 5.714608669281005859e+01 5.432472610473632812e+02 5.792763233184814453e+01 2.000000000000000000e+00
1.769503879547119141e+02 4.014519739151000977e+02 1.770458316802978516e+02 4.023946952819824219e+02 1.793453502655029297e+02 4.030542039871215820e+02 2.000000000000000000e+00
1.660274219512939453e+02 4.166381978988647461e+02 1.659794616699218750e+02 4.175201511383056641e+02 1.682858562469482422e+02 4.182521724700927734e+02 2.000000000000000000e+00
3.055004882812500000e+02 3.223444247245788574e+02 3.055877077579498291e+02 3.231267142295837402e+02 3.079766845703125000e+02 3.237535429000854492e+02 2.000000000000000000e+00
4.896166992187500000e+02 3.669637870788574219e+02 4.897138023376464844e+02 3.676758813858032227e+02 4.919914245605468750e+02 3.685232019424438477e+02 2.000000000000000000e+00
3.424059152603149414e+02 4.332032632827758789e+02 3.423512578010559082e+02 4.338697671890258789e+02 3.448483896255493164e+02 4.347166585922241211e+02 2.000000000000000000e+00
3.096305847167968750e+02 3.792910480499267578e+02 3.096583247184753418e+02 3.801002597808837891e+02 3.120663756132125854e+02 3.808201074600219727e+02 2.000000000000000000e+00
4.638711547851562500e+02 3.452875113487243652e+02 4.640069580078125000e+02 3.459411692619323730e+02 4.662976741790771484e+02 3.467417979240417480e+02 2.000000000000000000e+00
3.045027768611907959e+02 4.353064441680908203e+02 3.045938110351562500e+02 4.361457967758178711e+02 3.068110048770904541e+02 4.368789482116699219e+02 2.000000000000000000e+00
5.250737380981445312e+02 6.149538516998291016e+01 5.249942588806152344e+02 6.234186172485351562e+01 5.275278282165527344e+02 6.316436290740966797e+01 2.000000000000000000e+00
3.205498046800494194e+02 4.381806707382202148e+02 3.205726928636431694e+02 4.390542125701904297e+02 3.228452759981155396e+02 4.397599840164184570e+02 2.000000000000000000e+00
5.054144668579101562e+02 3.868422889709472656e+02 5.054580688476562500e+02 3.876177692413330078e+02 5.077578544616699219e+02 3.884599685668945312e+02 2.000000000000000000e+00
2.061251544952392578e+02 4.276218080520629883e+02 2.061500644683837891e+02 4.284364414215087891e+02 2.084526920318603516e+02 4.291863155364990234e+02 2.000000000000000000e+00
5.142655754089355469e+02 3.828787565231323242e+02 5.143358802795410156e+02 3.836400890350341797e+02 5.166479492187500000e+02 3.844496297836303711e+02 2.000000000000000000e+00
4.995627784729003906e+02 4.760629177093505859e+01 4.995331192016601562e+02 4.846368312835693359e+01 5.019246864318847656e+02 4.930609703063964844e+01 2.000000000000000000e+00
1.007605552673339844e+02 4.644737291336059570e+02 1.008470726013183594e+02 4.654362630844116211e+02 1.032361602783203125e+02 4.660660171508789062e+02 2.000000000000000000e+00
4.823529052734375000e+02 4.524011707305908203e+02 4.824104118347167969e+02 4.532111692428588867e+02 4.847375869750976562e+02 4.540637969970703125e+02 2.000000000000000000e+00
5.221892166137695312e+02 3.906771898269653320e+02 5.222768020629882812e+02 3.914671754837036133e+02 5.245870399475097656e+02 3.922926950454711914e+02 2.000000000000000000e+00
3.124859005212783813e+02 3.304431796073913574e+02 3.125756531953811646e+02 3.311645579338073730e+02 3.149593812227249146e+02 3.321344017982482910e+02 2.000000000000000000e+00
1.434048461914062500e+02 4.180489540100097656e+01 1.434243774414062500e+02 4.272771835327148438e+01 1.459721565246582031e+02 4.346391677856445312e+01 2.000000000000000000e+00
4.767088985443115234e+02 3.899891424179077148e+02 4.768414020538330078e+02 3.908157062530517578e+02 4.791478919982910156e+02 3.916325998306274414e+02 2.000000000000000000e+00
5.289176750183105469e+02 1.113334035873413086e+02 5.289636802673339844e+02 1.120811605453491211e+02 5.314424514770507812e+02 1.129273653030395508e+02 2.000000000000000000e+00
4.278752803802490234e+02 4.588971376419067383e+02 4.281114864349365234e+02 4.596902561187744141e+02 4.304093074798583984e+02 4.605522823333740234e+02 2.000000000000000000e+00
5.149957275390625000e+02 5.249168872833251953e+01 5.151139640808105469e+02 5.335046768188476562e+01 5.175115394592285156e+02 5.424724102020263672e+01 2.000000000000000000e+00
1.394848823547363281e+02 3.855582046508789062e+02 1.395192146301269531e+02 3.864837169647216797e+02 1.419447135925292969e+02 3.872456073760986328e+02 2.000000000000000000e+00
4.995230484008789062e+02 3.739353704452514648e+02 4.995921707153320312e+02 3.746504259109497070e+02 5.018803787231445312e+02 3.755210351943969727e+02 2.000000000000000000e+00
3.034501945972442627e+02 4.212333726882934570e+02 3.035508728027343750e+02 4.219827604293823242e+02 3.058500969409942627e+02 4.227720451354980469e+02 2.000000000000000000e+00
4.835819816589355469e+02 4.097212314605712891e+02 4.836866569519042969e+02 4.105691242218017578e+02 4.860323143005371094e+02 4.113557767868041992e+02 2.000000000000000000e+00
9.257516860961914062e+01 5.055496215820312500e+01 9.257970809936523438e+01 5.156507492065429688e+01 9.514839172363281250e+01 5.225584030151367188e+01 2.000000000000000000e+00
1.579831504821777344e+02 2.730420541763305664e+02 1.579985427856445312e+02 2.739953935146331787e+02 1.604323863983154297e+02 2.746518266201019287e+02 2.000000000000000000e+00
2.997592759132385254e+02 3.644045162200927734e+02 2.998668217658996582e+02 3.652312088012695312e+02 3.022814333438873291e+02 3.660486888885498047e+02 2.000000000000000000e+00
3.255458682775497437e+02 4.002773809432983398e+02 3.256629943847656250e+02 4.010926580429077148e+02 3.279178774356842041e+02 4.018635892868041992e+02 2.000000000000000000e+00
7.558383941650390625e+01 4.138838338851928711e+02 7.554628372192382812e+01 4.147301673889160156e+02 7.780094146728515625e+01 4.154435777664184570e+02 2.000000000000000000e+00
1.018884658813476562e+02 2.247875690460205078e+01 1.018858337402343750e+02 2.334410190582275391e+01 1.044626426696777344e+02 2.410926818847656250e+01 2.000000000000000000e+00
3.303943789005279541e+02 4.052290391921997070e+02 3.304844665527343750e+02 4.060120868682861328e+02 3.327893066406250000e+02 4.067903280258178711e+02 2.000000000000000000e+00
4.006632423400878906e+02 2.765152931213378906e+01 4.006760597229003906e+02 2.844800949096679688e+01 4.032551002502441406e+02 2.938128948211669922e+01 2.000000000000000000e+00
1.261603355407714844e+02 4.581830835342407227e+02 1.262456321716308594e+02 4.591278791427612305e+02 1.285221290588378906e+02 4.597435140609741211e+02 2.000000000000000000e+00
2.974378347396850586e+02 3.892612695693969727e+02 2.975971984863281250e+02 3.901363563537597656e+02 2.997957158088684082e+02 3.907639789581298828e+02 2.000000000000000000e+00
4.520432758331298828e+02 3.887407064437866211e+02 4.520773315429687500e+02 3.895974254608154297e+02 4.543954753875732422e+02 3.905042123794555664e+02 2.000000000000000000e+00
3.124016112089157104e+02 4.343652820587158203e+02 3.125523680448532104e+02 4.352320718765258789e+02 3.148338621854782104e+02 4.358121728897094727e+02 2.000000000000000000e+00
1.396195602416992188e+02 3.546150541305541992e+02 1.397375679016113281e+02 3.554898118972778320e+02 1.421139335632324219e+02 3.562182354927062988e+02 2.000000000000000000e+00
5.320258903503417969e+02 3.916767597198486328e+02 5.321524620056152344e+02 3.924518251419067383e+02 5.344221305847167969e+02 3.933029794692993164e+02 2.000000000000000000e+00
3.206473083794116974e+02 3.832868671417236328e+02 3.206990661472082138e+02 3.841741132736206055e+02 3.230777588486671448e+02 3.848402452468872070e+02 2.000000000000000000e+00
5.270219230651855469e+02 7.955062866210937500e+01 5.270293617248535156e+02 8.037441730499267578e+01 5.295845413208007812e+02 8.123495578765869141e+01 2.000000000000000000e+00
2.000660514831542969e+02 4.195525646209716797e+02 2.001288414001464844e+02 4.203828763961791992e+02 2.025331115722656250e+02 4.211146402359008789e+02 2.000000000000000000e+00
1.297524452209472656e+02 4.642936277389526367e+02 1.298278617858886719e+02 4.652413702011108398e+02 1.321663856506347656e+02 4.658782768249511719e+02 2.000000000000000000e+00
3.034170532226562500e+02 4.162276983261108398e+02 3.034779655933380127e+02 4.169911050796508789e+02 3.057988584041595459e+02 4.177532386779785156e+02 2.000000000000000000e+00
2.220485687255859375e+02 4.064484643936157227e+02 2.221745109558105469e+02 4.072784185409545898e+02 2.244629669189453125e+02 4.079483127593994141e+02 2.000000000000000000e+00
2.253734397888183594e+02 3.713966417312622070e+02 2.253630828857421875e+02 3.722451496124267578e+02 2.277885532379150391e+02 3.729791307449340820e+02 2.000000000000000000e+00
3.305406796932220459e+02 3.791847324371337891e+02 3.306173408031463623e+02 3.800573873519897461e+02 3.329550778865814209e+02 3.807446050643920898e+02 2.000000000000000000e+00
5.389259719848632812e+02 1.441925311088562012e+02 5.389429283142089844e+02 1.448850345611572266e+02 5.413722610473632812e+02 1.458219695091247559e+02 2.000000000000000000e+00
1.362141799926757812e+02 4.662630701065063477e+02 1.363524055480957031e+02 4.672122287750244141e+02 1.386859321594238281e+02 4.678628969192504883e+02 2.000000000000000000e+00
3.355189216136932373e+02 3.771820163726806641e+02 3.355722963809967041e+02 3.780293083190917969e+02 3.379524838924407959e+02 3.787398719787597656e+02 2.000000000000000000e+00
7.743633270263671875e+01 7.863248348236083984e+01 7.747632980346679688e+01 7.967308044433593750e+01 8.001125335693359375e+01 8.040089607238769531e+01 2.000000000000000000e+00
1.941374683380126953e+02 4.628310298919677734e+02 1.942045593261718750e+02 4.636704254150390625e+02 1.965833568572998047e+02 4.644330883026123047e+02 2.000000000000000000e+00
5.429768753051757812e+02 4.126556825637817383e+02 5.431201744079589844e+02 4.133972597122192383e+02 5.453972816467285156e+02 4.143326568603515625e+02 2.000000000000000000e+00
3.763138437271118164e+02 4.150370550155639648e+02 3.764195585250854492e+02 4.158506011962890625e+02 3.787545156478881836e+02 4.166033363342285156e+02 2.000000000000000000e+00
5.377193641662597656e+02 1.681391286849975586e+02 5.376094436645507812e+02 1.688124203681945801e+02 5.400271034240722656e+02 1.696035289764404297e+02 2.000000000000000000e+00
3.874774169921875000e+02 2.771185398101806641e+01 3.872837543487548828e+02 2.850284099578857422e+01 3.899915456771850586e+02 2.944752216339111328e+01 2.000000000000000000e+00
2.142942523956298828e+02 3.805319309234619141e+02 2.142983722686767578e+02 3.813506555557250977e+02 2.166741657257080078e+02 3.821198129653930664e+02 2.000000000000000000e+00
3.660963439941406250e+02 4.471393489837646484e+02 3.662253141403198242e+02 4.480165529251098633e+02 3.685584115982055664e+02 4.486450338363647461e+02 2.000000000000000000e+00
4.995741653442382812e+02 3.191945242881774902e+02 4.995751380920410156e+02 3.200056171417236328e+02 5.019953727722167969e+02 3.208382034301757812e+02 2.000000000000000000e+00
4.082338905334472656e+02 3.989397668838500977e+02 4.083511352539062500e+02 3.997766447067260742e+02 4.106168556213378906e+02 4.005886602401733398e+02 2.000000000000000000e+00
4.747408771514892578e+02 3.523677706718444824e+02 4.748261737823486328e+02 3.530372643470764160e+02 4.771385860443115234e+02 3.538499522209167480e+02 2.000000000000000000e+00
6.979957580566406250e+01 2.718925952911376953e+01 6.986782073974609375e+01 2.818802833557128906e+01 7.243118286132812500e+01 2.900895595550537109e+01 2.000000000000000000e+00
4.973403930664062500e+02 4.105877208709716797e+02 4.974487304687500000e+02 4.114129114151000977e+02 4.997935485839843750e+02 4.122186613082885742e+02 2.000000000000000000e+00
5.208068275451660156e+02 4.483260011672973633e+02 5.210062217712402344e+02 4.491598033905029297e+02 5.232542800903320312e+02 4.498984193801879883e+02 2.000000000000000000e+00
4.746103286743164062e+01 3.022908639907836914e+02 4.746116638183593750e+01 3.032648348808288574e+02 4.993318557739257812e+01 3.038048458099365234e+02 2.000000000000000000e+00
3.435153818130493164e+02 4.001436281204223633e+02 3.435793471336364746e+02 4.008472681045532227e+02 3.459020686149597168e+02 4.016950464248657227e+02 2.000000000000000000e+00
1.161256790161132812e+02 3.846213483810424805e+02 1.161065864562988281e+02 3.855155467987060547e+02 1.185060310363769531e+02 3.862661218643188477e+02 2.000000000000000000e+00
5.044076347351074219e+02 4.206842994689941406e+02 5.044606399536132812e+02 4.214454460144042969e+02 5.068445396423339844e+02 4.222955417633056641e+02 2.000000000000000000e+00
3.505380249023437500e+02 3.732727432250976562e+02 3.506001901626586914e+02 3.740797233581542969e+02 3.529378962516784668e+02 3.747970104217529297e+02 2.000000000000000000e+00
3.223763123154640198e+02 4.132119798660278320e+02 3.224579162895679474e+02 4.140138387680053711e+02 3.247610169649124146e+02 4.147764730453491211e+02 2.000000000000000000e+00
3.323320007324218750e+02 4.151440286636352539e+02 3.324276733398437500e+02 4.159774017333984375e+02 3.346885383129119873e+02 4.167098236083984375e+02 2.000000000000000000e+00
5.360567665100097656e+02 3.828154420852661133e+02 5.360525512695312500e+02 3.835151195526123047e+02 5.384386062622070312e+02 3.843907785415649414e+02 2.000000000000000000e+00
4.181689453125000000e+02 3.980832910537719727e+02 4.182799434661865234e+02 3.989067506790161133e+02 4.205653381347656250e+02 3.996150255203247070e+02 2.000000000000000000e+00
3.124493712186813354e+02 4.283341455459594727e+02 3.125754392147064209e+02 4.291524410247802734e+02 3.149055176973342896e+02 4.298717737197875977e+02 2.000000000000000000e+00
9.671762466430664062e+01 3.743330955505371094e+01 9.675827026367187500e+01 3.842588424682617188e+01 9.926710128784179688e+01 3.917090892791748047e+01 2.000000000000000000e+00
4.786734008789062500e+02 4.048126316070556641e+02 4.788033199310302734e+02 4.056662750244140625e+02 4.811026382446289062e+02 4.064277362823486328e+02 2.000000000000000000e+00
5.034944725036621094e+02 3.779330205917358398e+02 5.035194396972656250e+02 3.786815214157104492e+02 5.058383750915527344e+02 3.795358371734619141e+02 2.000000000000000000e+00
4.546624469757080078e+02 4.535972642898559570e+02 4.547635173797607422e+02 4.544074773788452148e+02 4.571123695373535156e+02 4.552870559692382812e+02 2.000000000000000000e+00
2.380798339843750000e+01 4.532752561569213867e+02 2.378810882568359375e+01 4.543284416198730469e+02 2.609268188476562500e+01 4.549394989013671875e+02 2.000000000000000000e+00
2.243671226501464844e+02 9.269671440124511719e+00 2.243441581726074219e+02 1.023024559020996094e+01 2.269292926788330078e+02 1.097557067871093750e+01 2.000000000000000000e+00
4.329029273986816406e+02 4.189003086090087891e+02 4.330342102050781250e+02 4.196966886520385742e+02 4.353493404388427734e+02 4.203852939605712891e+02 2.000000000000000000e+00
4.401611995697021484e+02 3.709493207931518555e+02 4.403122901916503906e+02 3.717972135543823242e+02 4.426076698303222656e+02 3.726673078536987305e+02 2.000000000000000000e+00
2.832614445686340332e+02 4.554080343246459961e+02 2.834613943099975586e+02 4.562186050415039062e+02 2.855869746208190918e+02 4.569293260574340820e+02 2.000000000000000000e+00
1.858519554138183594e+02 4.044561481475830078e+02 1.859943199157714844e+02 4.054054069519042969e+02 1.884102725982666016e+02 4.060435581207275391e+02 2.000000000000000000e+00
1.486335372924804688e+02 4.165991878509521484e+02 1.487629508972167969e+02 4.174844169616699219e+02 1.511950302124023438e+02 4.181729793548583984e+02 2.000000000000000000e+00
5.044958496093750000e+02 3.719647264480590820e+02 5.045133781433105469e+02 3.726899242401123047e+02 5.068584632873535156e+02 3.735604047775268555e+02 2.000000000000000000e+00
2.944835209846496582e+02 4.242446422576904297e+02 2.945267319679260254e+02 4.250212812423706055e+02 2.968075871467590332e+02 4.257307577133178711e+02 2.000000000000000000e+00
3.565739440917968750e+02 4.140063285827636719e+02 3.567286682128906250e+02 4.150190591812133789e+02 3.590308547019958496e+02 4.156761503219604492e+02 2.000000000000000000e+00
5.340389442443847656e+02 6.749982833862304688e+01 5.339887809753417969e+02 6.837764739990234375e+01 5.364530754089355469e+02 6.918037891387939453e+01 2.000000000000000000e+00
1.162251663208007812e+02 4.087238216400146484e+02 1.163529014587402344e+02 4.096365737915039062e+02 1.186694145202636719e+02 4.103481817245483398e+02 2.000000000000000000e+00
3.136750179529190063e+02 3.902753019332885742e+02 3.136986690759658813e+02 3.911928749084472656e+02 3.161132812500000000e+02 3.918405818939208984e+02 2.000000000000000000e+00
5.426473999023437500e+02 1.721420717239379883e+02 5.426187705993652344e+02 1.728670907020568848e+02 5.451025962829589844e+02 1.737376642227172852e+02 2.000000000000000000e+00
4.578229713439941406e+02 4.038725423812866211e+02 4.579304790496826172e+02 4.047423791885375977e+02 4.602655982971191406e+02 4.055476427078247070e+02 2.000000000000000000e+00
3.565591120719909668e+02 3.962034130096435547e+02 3.566168212890625000e+02 3.969347333908081055e+02 3.589883422851562500e+02 3.977150058746337891e+02 2.000000000000000000e+00
2.672814035415649414e+02 3.491898894309997559e+02 2.674484252929687500e+02 3.500642752647399902e+02 2.697452402114868164e+02 3.507930064201354980e+02 2.000000000000000000e+00
2.994676208496093750e+02 4.312181425094604492e+02 2.995453190803527832e+02 4.320820999145507812e+02 3.017778313159942627e+02 4.327999305725097656e+02 2.000000000000000000e+00
3.344642341136932373e+02 4.021616935729980469e+02 3.345278322696685791e+02 4.029158163070678711e+02 3.367797243595123291e+02 4.037140560150146484e+02 2.000000000000000000e+00
2.070212554931640625e+02 4.125120878219604492e+02 2.071278858184814453e+02 4.133811092376708984e+02 2.095015048980712891e+02 4.140027523040771484e+02 2.000000000000000000e+00
3.132878720760345459e+02 4.472437191009521484e+02 3.134653931856155396e+02 4.480745315551757812e+02 3.157351988554000854e+02 4.487543678283691406e+02 2.000000000000000000e+00
2.643821716308593750e+02 4.304204177856445312e+02 2.645487976074218750e+02 4.312768077850341797e+02 2.666901826858520508e+02 4.319619226455688477e+02 2.000000000000000000e+00
5.272078895568847656e+02 3.799335765838623047e+02 5.272389030456542969e+02 3.806654405593872070e+02 5.295437049865722656e+02 3.814656400680541992e+02 2.000000000000000000e+00
4.269251441955566406e+02 3.394994258880615234e+01 4.267458248138427734e+02 3.481939315795898438e+01 4.292247009277343750e+02 3.560275554656982422e+01 2.000000000000000000e+00
4.268665218353271484e+02 4.649496030807495117e+02 4.270805644989013672e+02 4.657525491714477539e+02 4.293920040130615234e+02 4.666219854354858398e+02 2.000000000000000000e+00
3.355493474006652832e+02 3.941961193084716797e+02 3.356058657169342041e+02 3.949676656723022461e+02 3.379547429084777832e+02 3.956984281539916992e+02 2.000000000000000000e+00
3.364812624454498291e+02 4.302079296112060547e+02 3.365019536018371582e+02 4.309854269027709961e+02 3.388355720043182373e+02 4.318373250961303711e+02 2.000000000000000000e+00
4.305606842041015625e+01 4.271004152297973633e+02 4.312627792358398438e+01 4.280867385864257812e+02 4.553079605102539062e+01 4.286850070953369141e+02 2.000000000000000000e+00
5.349414062500000000e+02 5.739272117614746094e+01 5.347907829284667969e+02 5.825634956359863281e+01 5.374691772460937500e+02 5.897741317749023438e+01 2.000000000000000000e+00
4.806233024597167969e+02 3.531951355934143066e+02 4.806997680664062500e+02 3.538871240615844727e+02 4.830004310607910156e+02 3.547002625465393066e+02 2.000000000000000000e+00
5.263307571411132812e+02 3.659138488769531250e+02 5.262374877929687500e+02 3.666448402404785156e+02 5.286347770690917969e+02 3.674831628799438477e+02 2.000000000000000000e+00
2.130178642272949219e+02 4.145434713363647461e+02 2.131073856353759766e+02 4.154030227661132812e+02 2.154809284210205078e+02 4.160868072509765625e+02 2.000000000000000000e+00
3.622977018356323242e+02 4.260658121109008789e+02 3.624296283721923828e+02 4.269190120697021484e+02 3.646810913085937500e+02 4.276575136184692383e+02 2.000000000000000000e+00
5.166151237487792969e+02 3.478610014915466309e+02 5.164789390563964844e+02 3.485718727111816406e+02 5.189779663085937500e+02 3.494689393043518066e+02 2.000000000000000000e+00
3.374652099609375000e+02 3.721937084197998047e+02 3.375363159179687500e+02 3.730343341827392578e+02 3.398805546760559082e+02 3.737985277175903320e+02 2.000000000000000000e+00
8.984605789184570312e+01 3.916919088363647461e+02 8.994581222534179688e+01 3.926461887359619141e+02 9.234798431396484375e+01 3.933693552017211914e+02 2.000000000000000000e+00
5.312312126159667969e+02 3.014817523956298828e+02 5.312923049926757812e+02 3.022051119804382324e+02 5.336547279357910156e+02 3.030164194107055664e+02 2.000000000000000000e+00
4.946351623535156250e+02 3.669462060928344727e+02 4.946871948242187500e+02 3.676444816589355469e+02 4.969716262817382812e+02 3.685316276550292969e+02 2.000000000000000000e+00
9.700185775756835938e+01 3.927089881896972656e+02 9.706087112426757812e+01 3.936624813079833984e+02 9.948328018188476562e+01 3.943832445144653320e+02 2.000000000000000000e+00
3.084494936466217041e+02 4.383269405364990234e+02 3.085539853572845459e+02 4.392054605484008789e+02 3.107793271541595459e+02 4.398749828338623047e+02 2.000000000000000000e+00
4.725107479095458984e+02 4.585071802139282227e+02 4.725405025482177734e+02 4.593316698074340820e+02 4.748776245117187500e+02 4.602129650115966797e+02 2.000000000000000000e+00
2.341567230224609375e+02 4.345054149627685547e+02 2.343134593963623047e+02 4.353488302230834961e+02 2.366045379638671875e+02 4.361256551742553711e+02 2.000000000000000000e+00
4.687717628479003906e+02 3.332892537117004395e+02 4.688389301300048828e+02 3.340199017524719238e+02 4.711701679229736328e+02 3.347255873680114746e+02 2.000000000000000000e+00
1.787780857086181641e+02 4.466002893447875977e+02 1.788670635223388672e+02 4.474939012527465820e+02 1.812676715850830078e+02 4.482161378860473633e+02 2.000000000000000000e+00
3.633215045928955078e+02 4.210464334487915039e+02 3.634970092773437500e+02 4.219806575775146484e+02 3.657345581054687500e+02 4.226488065719604492e+02 2.000000000000000000e+00
2.485448884963989258e+02 3.563581323623657227e+02 2.485800790786743164e+02 3.573247146606445312e+02 2.509406566619873047e+02 3.580822205543518066e+02 2.000000000000000000e+00
3.873302936553955078e+02 4.318546915054321289e+02 3.874312162399291992e+02 4.326017618179321289e+02 3.897583007812500000e+02 4.334328746795654297e+02 2.000000000000000000e+00
3.545007014274597168e+02 4.041378307342529297e+02 3.545938420295715332e+02 4.049223089218139648e+02 3.568656325340270996e+02 4.056948280334472656e+02 2.000000000000000000e+00
2.771188020706176758e+02 4.533937454223632812e+02 2.774771738052368164e+02 4.543061971664428711e+02 2.795989656448364258e+02 4.549848747253417969e+02 2.000000000000000000e+00
1.009564018249511719e+02 3.887008380889892578e+02 1.010334014892578125e+02 3.896357774734497070e+02 1.034416961669921875e+02 3.903781843185424805e+02 2.000000000000000000e+00
5.189645957946777344e+02 4.634984207153320312e+02 5.191033363342285156e+02 4.642657899856567383e+02 5.214418983459472656e+02 4.651102352142333984e+02 2.000000000000000000e+00
5.426521110534667969e+02 3.969433307647705078e+01 5.425869750976562500e+02 4.051687717437744141e+01 5.451989173889160156e+02 4.140287876129150391e+01 2.000000000000000000e+00
4.870851516723632812e+02 6.809393405914306641e+01 4.870361328125000000e+02 6.882395267486572266e+01 4.894514274597167969e+02 6.972993850708007812e+01 2.000000000000000000e+00
4.902900123596191406e+02 4.414542388916015625e+02 4.903391456604003906e+02 4.421915102005004883e+02 4.926035881042480469e+02 4.429922962188720703e+02 2.000000000000000000e+00
1.891334247589111328e+02 3.514402556419372559e+02 1.891513633728027344e+02 3.524363493919372559e+02 1.916070270538330078e+02 3.529684782028198242e+02 2.000000000000000000e+00
5.042803001403808594e+02 3.927839183807373047e+02 5.043659973144531250e+02 3.935897541046142578e+02 5.066588783264160156e+02 3.944161462783813477e+02 2.000000000000000000e+00
3.783015441894531250e+02 3.840577125549316406e+02 3.782691669464111328e+02 3.848300600051879883e+02 3.805844116210937500e+02 3.857536697387695312e+02 2.000000000000000000e+00
9.785787582397460938e+01 4.520519256591796875e+02 9.803789138793945312e+01 4.529439783096313477e+02 1.001761436462402344e+02 4.536133289337158203e+02 2.000000000000000000e+00
5.290105628967285156e+02 1.003689479827880859e+02 5.290819740295410156e+02 1.011744260787963867e+02 5.315646934509277344e+02 1.019575738906860352e+02 2.000000000000000000e+00
1.767982578277587891e+02 4.547900819778442383e+02 1.768160533905029297e+02 4.556795454025268555e+02 1.792561817169189453e+02 4.563817834854125977e+02 2.000000000000000000e+00
4.159963130950927734e+02 4.587865161895751953e+02 4.161979389190673828e+02 4.596355676651000977e+02 4.184406471252441406e+02 4.604938173294067383e+02 2.000000000000000000e+00
3.898567199707031250e+01 4.341173744201660156e+02 3.908737182617187500e+01 4.350952291488647461e+02 4.146625518798828125e+01 4.357125949859619141e+02 2.000000000000000000e+00
1.739418315887451172e+02 3.975385522842407227e+02 1.740314960479736328e+02 3.984543228149414062e+02 1.763508605957031250e+02 3.991865301132202148e+02 2.000000000000000000e+00
3.075463259220123291e+02 3.673381090164184570e+02 3.076277458667755127e+02 3.681736278533935547e+02 3.100469666719436646e+02 3.689388799667358398e+02 2.000000000000000000e+00
1.708190441131591797e+02 3.546348309516906738e+02 1.708500194549560547e+02 3.556329989433288574e+02 1.732540416717529297e+02 3.562235498428344727e+02 2.000000000000000000e+00
4.437308406829833984e+02 4.557561492919921875e+02 4.439084529876708984e+02 4.565661764144897461e+02 4.462022686004638672e+02 4.574296617507934570e+02 2.000000000000000000e+00
4.855728149414062500e+02 3.729074192047119141e+02 4.857450866699218750e+02 3.736561918258666992e+02 4.879654502868652344e+02 3.744844436645507812e+02 2.000000000000000000e+00
4.913899230957031250e+02 4.096413660049438477e+02 4.915091323852539062e+02 4.104836225509643555e+02 4.938368225097656250e+02 4.113053369522094727e+02 2.000000000000000000e+00
4.882624244689941406e+02 4.553512430191040039e+02 4.882737541198730469e+02 4.561938285827636719e+02 4.906136894226074219e+02 4.570376157760620117e+02 2.000000000000000000e+00
2.101023197174072266e+02 4.015612506866455078e+02 2.101932048797607422e+02 4.024447774887084961e+02 2.124793720245361328e+02 4.030727577209472656e+02 2.000000000000000000e+00
3.094169008731842041e+02 4.212582778930664062e+02 3.094998776912689209e+02 4.220250034332275391e+02 3.118479305505752563e+02 4.228347015380859375e+02 2.000000000000000000e+00
3.678185129165649414e+02 4.571304416656494141e+02 3.680000925064086914e+02 4.580018663406372070e+02 3.702600097656250000e+02 4.586588001251220703e+02 2.000000000000000000e+00
2.335660648345947266e+02 3.438042640686035156e+01 2.335470294952392578e+02 3.529565334320068359e+01 2.361784839630126953e+02 3.596697807312011719e+01 2.000000000000000000e+00
2.450769948959350586e+02 4.295709085464477539e+02 2.452722454071044922e+02 4.303785467147827148e+02 2.475015878677368164e+02 4.311850976943969727e+02 2.000000000000000000e+00
5.092786216735839844e+02 3.947758913040161133e+02 5.093709182739257812e+02 3.955855464935302734e+02 5.116913795471191406e+02 3.964009523391723633e+02 2.000000000000000000e+00
1.191008758544921875e+02 4.037193346023559570e+02 1.192121696472167969e+02 4.046823835372924805e+02 1.216037368774414062e+02 4.053726339340209961e+02 2.000000000000000000e+00
3.734501981735229492e+02 3.860904979705810547e+02 3.734209012985229492e+02 3.868834590911865234e+02 3.757419443130493164e+02 3.877972555160522461e+02 2.000000000000000000e+00
5.290841674804687500e+02 3.986295890808105469e+02 5.292851638793945312e+02 3.994331502914428711e+02 5.314841270446777344e+02 4.002511739730834961e+02 2.000000000000000000e+00
3.425142836570739746e+02 3.792121410369873047e+02 3.426135253906250000e+02 3.800175619125366211e+02 3.449365854263305664e+02 3.807467365264892578e+02 2.000000000000000000e+00
