9.433801651000976562e+01 4.128508043289184570e+02 8.567409515380859375e+01 4.128071737289428711e+02 8.009180068969726562e+01 4.148428201675415039e+02 2.000000000000000000e+00
1.056184577941894531e+02 4.226031303405761719e+02 9.697748184204101562e+01 4.225827169418334961e+02 9.132953643798828125e+01 4.246968841552734375e+02 2.000000000000000000e+00
3.754251098632812500e+02 2.658616036176681519e+02 3.669701528549194336e+02 2.656460273265838623e+02 3.615001249313354492e+02 2.675002759695053101e+02 2.000000000000000000e+00
1.780899143218994141e+02 3.977082252502441406e+02 1.696074485778808594e+02 3.975569915771484375e+02 1.639509582519531250e+02 3.995649433135986328e+02 2.000000000000000000e+00
1.417642974853515625e+02 3.992444801330566406e+02 1.333040046691894531e+02 3.991196680068969727e+02 1.275899124145507812e+02 4.010811853408813477e+02 2.000000000000000000e+00
2.763830232620239258e+02 1.954894673824310303e+02 2.701082754135131836e+02 1.956169402599334717e+02 2.667467927932739258e+02 1.981592988967895508e+02 1.000000000000000000e+00
1.174296760559082031e+02 3.905208778381347656e+02 1.086634445190429688e+02 3.903851652145385742e+02 1.032198905944824219e+02 3.923964071273803711e+02 2.000000000000000000e+00
1.811119174957275391e+02 4.066042613983154297e+02 1.725920200347900391e+02 4.064314985275268555e+02 1.670535564422607422e+02 4.085048675537109375e+02 2.000000000000000000e+00
1.116520500183105469e+02 4.185701751708984375e+02 1.030444717407226562e+02 4.185372447967529297e+02 9.740863800048828125e+01 4.206701517105102539e+02 2.000000000000000000e+00
1.619484519958496094e+02 3.789665937423706055e+02 1.534617233276367188e+02 3.788109827041625977e+02 1.476982116699218750e+02 3.808459568023681641e+02 2.000000000000000000e+00
1.975453472137451172e+02 1.684685611724853516e+02 1.919682025909423828e+02 1.692418456077575684e+02 1.899060821533203125e+02 1.718879842758178711e+02 1.000000000000000000e+00
4.635932636260986328e+02 2.561315006017684937e+02 4.548507976531982422e+02 2.556953126192092896e+02 4.494449806213378906e+02 2.573688966035842896e+02 2.000000000000000000e+00
1.609306907653808594e+02 3.849268198013305664e+02 1.524759292602539062e+02 3.847379779815673828e+02 1.467357826232910156e+02 3.867749691009521484e+02 2.000000000000000000e+00
2.074256420135498047e+02 4.191975259780883789e+02 1.988615131378173828e+02 4.189939069747924805e+02 1.933880615234375000e+02 4.210698080062866211e+02 2.000000000000000000e+00
4.288987445831298828e+02 2.893394815921783447e+02 4.205630779266357422e+02 2.888061547279357910e+02 4.151242351531982422e+02 2.908098793029785156e+02 2.000000000000000000e+00
5.244314575195312500e+02 1.563508558273315430e+02 5.157694053649902344e+02 1.557832431793212891e+02 5.101953125000000000e+02 1.579938769340515137e+02 2.000000000000000000e+00
5.025335121154785156e+02 1.493806385993957520e+02 4.938551139831542969e+02 1.488685584068298340e+02 4.883177566528320312e+02 1.508932757377624512e+02 2.000000000000000000e+00
4.217412471771240234e+02 4.159699916839599609e+01 4.130930233001708984e+02 4.128411769866943359e+01 4.074505043029785156e+02 4.332228183746337891e+01 2.000000000000000000e+00
1.651635074615478516e+02 4.217417335510253906e+02 1.565915870666503906e+02 4.216052627563476562e+02 1.509605789184570312e+02 4.236850690841674805e+02 2.000000000000000000e+00
3.772002553939819336e+02 6.396278858184814453e+01 3.684644460678100586e+02 6.359716415405273438e+01 3.630977201461791992e+02 6.556261539459228516e+01 2.000000000000000000e+00
1.428974533081054688e+02 2.920924401283264160e+02 1.342704963684082031e+02 2.918526327610015869e+02 1.285852813720703125e+02 2.939776647090911865e+02 2.000000000000000000e+00
1.591242027282714844e+02 4.148439788818359375e+02 1.506192588806152344e+02 4.147236442565917969e+02 1.449620437622070312e+02 4.167629528045654297e+02 2.000000000000000000e+00
3.030327761173248291e+02 1.878941166400909424e+02 2.962672424316406250e+02 1.878605639934539795e+02 2.924980759620666504e+02 1.901968502998352051e+02 1.000000000000000000e+00
2.520260286331176758e+02 2.125351238250732422e+02 2.458692312240600586e+02 2.127154380083084106e+02 2.427236461639404297e+02 2.151741009950637817e+02 1.000000000000000000e+00
1.478414535522460938e+02 4.021627235412597656e+02 1.394082450866699219e+02 4.020173692703247070e+02 1.336780929565429688e+02 4.039912748336791992e+02 2.000000000000000000e+00
1.609242343902587891e+02 1.553740167617797852e+02 1.557876586914062500e+02 1.560424017906188965e+02 1.536817169189453125e+02 1.588135671615600586e+02 1.000000000000000000e+00
1.791092681884765625e+02 3.917390155792236328e+02 1.706386566162109375e+02 3.915989828109741211e+02 1.649131107330322266e+02 3.936406660079956055e+02 2.000000000000000000e+00
1.882716369628906250e+02 4.205163002014160156e+02 1.797669982910156250e+02 4.203264570236206055e+02 1.742508411407470703e+02 4.223802566528320312e+02 2.000000000000000000e+00
4.183168983459472656e+02 1.116267442703247070e+02 4.096308040618896484e+02 1.112804031372070312e+02 4.040527057647705078e+02 1.133544445037841797e+02 2.000000000000000000e+00
1.720685100555419922e+02 3.997952985763549805e+02 1.635620689392089844e+02 3.996292448043823242e+02 1.579455184936523438e+02 4.016299581527709961e+02 2.000000000000000000e+00
4.837388610839843750e+02 1.205962228775024414e+02 4.751446247100830078e+02 1.201918959617614746e+02 4.696070861816406250e+02 1.221932744979858398e+02 2.000000000000000000e+00
4.798374366760253906e+02 1.694663357734680176e+02 4.714770507812500000e+02 1.690822076797485352e+02 4.658868122100830078e+02 1.710766267776489258e+02 2.000000000000000000e+00
1.519906234741210938e+02 2.750920736789703369e+02 1.432912063598632812e+02 2.747802758216857910e+02 1.376778030395507812e+02 2.767149674892425537e+02 2.000000000000000000e+00
1.306930160522460938e+02 3.964391326904296875e+02 1.222443580627441406e+02 3.963343906402587891e+02 1.165616226196289062e+02 3.982744789123535156e+02 2.000000000000000000e+00
4.700571346282958984e+02 1.155999755859375000e+02 4.613629817962646484e+02 1.151913213729858398e+02 4.557440185546875000e+02 1.171958827972412109e+02 2.000000000000000000e+00
1.510715293884277344e+02 4.119603109359741211e+02 1.425717163085937500e+02 4.118518495559692383e+02 1.368527412414550781e+02 4.138726329803466797e+02 2.000000000000000000e+00
3.704308795928955078e+02 2.698640155792236328e+02 3.620146512985229492e+02 2.696535962820053101e+02 3.564991760253906250e+02 2.715150761604309082e+02 2.000000000000000000e+00
3.777596426010131836e+02 1.297527122497558594e+02 3.691212463378906250e+02 1.294240021705627441e+02 3.634693288803100586e+02 1.315450501441955566e+02 2.000000000000000000e+00
1.508984375000000000e+02 2.930854833126068115e+02 1.422847175598144531e+02 2.928555321693420410e+02 1.366001319885253906e+02 2.949561488628387451e+02 2.000000000000000000e+00
2.683495473861694336e+02 1.944263112545013428e+02 2.621713542938232422e+02 1.947050607204437256e+02 2.589461374282836914e+02 1.974321269989013672e+02 1.000000000000000000e+00
2.576499032974243164e+02 1.914364457130432129e+02 2.515931987762451172e+02 1.918557250499725342e+02 2.484926128387451172e+02 1.945843040943145752e+02 1.000000000000000000e+00
1.428931236267089844e+02 4.242989015579223633e+02 1.343062973022460938e+02 4.241842174530029297e+02 1.286829185485839844e+02 4.262554693222045898e+02 2.000000000000000000e+00
1.943470001220703125e+02 4.194326877593994141e+02 1.858021354675292969e+02 4.192099714279174805e+02 1.802824497222900391e+02 4.212482643127441406e+02 2.000000000000000000e+00
1.689452457427978516e+02 3.859076929092407227e+02 1.604856586456298828e+02 3.857134437561035156e+02 1.547228813171386719e+02 3.877455282211303711e+02 2.000000000000000000e+00
1.793035602569580078e+02 4.205836343765258789e+02 1.707538318634033203e+02 4.203909730911254883e+02 1.651377105712890625e+02 4.224929666519165039e+02 2.000000000000000000e+00
4.390620422363281250e+02 1.086497068405151367e+02 4.303290748596191406e+02 1.082901477813720703e+02 4.248177528381347656e+02 1.103444623947143555e+02 2.000000000000000000e+00
3.751763629913330078e+02 5.390470504760742188e+01 3.664348173141479492e+02 5.352739334106445312e+01 3.610713195800781250e+02 5.551414489746093750e+01 2.000000000000000000e+00
1.619096088409423828e+02 3.999071073532104492e+02 1.534364700317382812e+02 3.997110986709594727e+02 1.477600097656250000e+02 4.016858625411987305e+02 2.000000000000000000e+00
1.538509178161621094e+02 3.930158758163452148e+02 1.453628540039062500e+02 3.927973651885986328e+02 1.397277641296386719e+02 3.948039579391479492e+02 2.000000000000000000e+00
1.408279037475585938e+02 4.061876964569091797e+02 1.323510742187500000e+02 4.060680341720581055e+02 1.266262817382812500e+02 4.080630826950073242e+02 2.000000000000000000e+00
1.661494731903076172e+02 4.098371601104736328e+02 1.575970077514648438e+02 4.097033500671386719e+02 1.519599342346191406e+02 4.117108297348022461e+02 2.000000000000000000e+00
3.735047292709350586e+02 2.857101452350616455e+02 3.651344299316406250e+02 2.852576637268066406e+02 3.595073246955871582e+02 2.872854959964752197e+02 2.000000000000000000e+00
4.213490962982177734e+02 1.187248992919921875e+02 4.126814937591552734e+02 1.183869123458862305e+02 4.071140766143798828e+02 1.204223799705505371e+02 2.000000000000000000e+00
4.020704936981201172e+02 1.905815255641937256e+02 3.995317983627319336e+02 1.906160116195678711e+02 3.997066974639892578e+02 1.929629480838775635e+02 2.000000000000000000e+00
3.875953674316406250e+02 1.236102318763732910e+02 3.789415597915649414e+02 1.232415962219238281e+02 3.733516550064086914e+02 1.253671646118164062e+02 2.000000000000000000e+00
5.237894248962402344e+02 1.880209171772003174e+02 5.151484489440917969e+02 1.876146841049194336e+02 5.096807861328125000e+02 1.897843909263610840e+02 2.000000000000000000e+00
4.966886901855468750e+02 1.833561515808105469e+02 4.881270408630371094e+02 1.829471397399902344e+02 4.825465202331542969e+02 1.849724078178405762e+02 2.000000000000000000e+00
4.662755489349365234e+02 1.605490708351135254e+02 4.577195167541503906e+02 1.601345801353454590e+02 4.521369647979736328e+02 1.621594190597534180e+02 2.000000000000000000e+00
1.578997993469238281e+02 4.049084186553955078e+02 1.494608497619628906e+02 4.047483015060424805e+02 1.436812591552734375e+02 4.067360973358154297e+02 2.000000000000000000e+00
3.939787912368774414e+02 2.682532310485839844e+01 3.853135061264038086e+02 2.644320487976074219e+01 3.798799467086791992e+02 2.849361419677734375e+01 2.000000000000000000e+00
1.730926609039306641e+02 3.927971220016479492e+02 1.646059226989746094e+02 3.926416969299316406e+02 1.588779830932617188e+02 3.946804332733154297e+02 2.000000000000000000e+00
5.136199951171875000e+02 1.669848561286926270e+02 5.049579238891601562e+02 1.666180515289306641e+02 4.994043922424316406e+02 1.685738968849182129e+02 2.000000000000000000e+00
2.175145721435546875e+02 1.683700346946716309e+02 2.119446372985839844e+02 1.691496562957763672e+02 2.097010612487792969e+02 1.718445253372192383e+02 1.000000000000000000e+00
4.671399211883544922e+02 1.774638319015502930e+02 4.586322689056396484e+02 1.770908188819885254e+02 4.531624507904052734e+02 1.790931987762451172e+02 2.000000000000000000e+00
3.242705994844436646e+02 3.897906589508056641e+02 3.158166807889938354e+02 3.894600534439086914e+02 3.103335875272750854e+02 3.914165782928466797e+02 2.000000000000000000e+00
1.712559795379638672e+02 4.206544017791748047e+02 1.627180576324462891e+02 4.204793787002563477e+02 1.570841789245605469e+02 4.225769090652465820e+02 2.000000000000000000e+00
4.767269611358642578e+02 3.874924421310424805e+02 4.682764911651611328e+02 3.870539903640747070e+02 4.627367305755615234e+02 3.890159654617309570e+02 2.000000000000000000e+00
2.563442373275756836e+02 2.149839001893997192e+02 2.501290273666381836e+02 2.151402729749679565e+02 2.468932199478149414e+02 2.175562727451324463e+02 1.000000000000000000e+00
4.436871051788330078e+02 1.626225972175598145e+02 4.351420021057128906e+02 1.622340488433837891e+02 4.295032024383544922e+02 1.641652464866638184e+02 2.000000000000000000e+00
1.761244201660156250e+02 4.146523904800415039e+02 1.675802707672119141e+02 4.144645786285400391e+02 1.619527721405029297e+02 4.165276622772216797e+02 2.000000000000000000e+00
4.954997825622558594e+02 1.414416146278381348e+02 4.867790222167968750e+02 1.410057592391967773e+02 4.812669944763183594e+02 1.430303120613098145e+02 2.000000000000000000e+00
4.836651420593261719e+02 1.535109043121337891e+02 4.748497962951660156e+02 1.531668233871459961e+02 4.691801738739013672e+02 1.552403211593627930e+02 2.000000000000000000e+00
4.242833614349365234e+02 1.056190395355224609e+02 4.155545997619628906e+02 1.052886486053466797e+02 4.099485492706298828e+02 1.073456096649169922e+02 2.000000000000000000e+00
1.063223838806152344e+02 3.915777969360351562e+02 9.769054412841796875e+01 3.914832830429077148e+02 9.209976196289062500e+01 3.935115194320678711e+02 2.000000000000000000e+00
1.428864097595214844e+02 2.741120624542236328e+02 1.342011642456054688e+02 2.737913525104522705e+02 1.285526466369628906e+02 2.757104802131652832e+02 2.000000000000000000e+00
4.904734611511230469e+02 1.733657169342041016e+02 4.819216728210449219e+02 1.729393100738525391e+02 4.763309955596923828e+02 1.749491071701049805e+02 2.000000000000000000e+00
4.299868202209472656e+02 2.515814521908760071e+02 4.214311504364013672e+02 2.510956120491027832e+02 4.159540462493896484e+02 2.529916235804557800e+02 2.000000000000000000e+00
4.459966754913330078e+02 1.036725997924804688e+02 4.372766113281250000e+02 1.032938003540039062e+02 4.317255878448486328e+02 1.053233671188354492e+02 2.000000000000000000e+00
2.812847590446472168e+02 2.386995849385857582e+02 2.729382324218750000e+02 2.385495756939053535e+02 2.673549509048461914e+02 2.406804810091853142e+02 2.000000000000000000e+00
2.793488454818725586e+02 1.925516939163208008e+02 2.729271554946899414e+02 1.927147650718688965e+02 2.695152568817138672e+02 1.953077995777130127e+02 1.000000000000000000e+00
2.511115550994873047e+02 2.069323253631591797e+02 2.449520730972290039e+02 2.071770000457763672e+02 2.418247222900390625e+02 2.096164226531982422e+02 1.000000000000000000e+00
4.730607891082763672e+02 1.823599505424499512e+02 4.645390987396240234e+02 1.819455528259277344e+02 4.590673542022705078e+02 1.839256882667541504e+02 2.000000000000000000e+00
4.451089477539062500e+02 1.146323490142822266e+02 4.364001178741455078e+02 1.142681550979614258e+02 4.309226131439208984e+02 1.163253879547119141e+02 2.000000000000000000e+00
3.685704374313354492e+02 1.510338521003723145e+02 3.598699641227722168e+02 1.505937767028808594e+02 3.543861699104309082e+02 1.525651216506958008e+02 2.000000000000000000e+00
3.769526386260986328e+02 1.227955341339111328e+02 3.684288024902343750e+02 1.224503159523010254e+02 3.626475524902343750e+02 1.245667505264282227e+02 2.000000000000000000e+00
5.193818473815917969e+02 1.524191093444824219e+02 5.107081604003906250e+02 1.518162775039672852e+02 5.051565361022949219e+02 1.539988660812377930e+02 2.000000000000000000e+00
2.932338261604309082e+02 3.444384241104125977e+02 2.847155141830444336e+02 3.441682505607604980e+02 2.792015695571899414e+02 3.461317777633666992e+02 2.000000000000000000e+00
4.196749019622802734e+02 3.070981979370117188e+01 4.109997844696044922e+02 3.039811134338378906e+01 4.053857421875000000e+02 3.242105484008789062e+01 2.000000000000000000e+00
3.532277846336364746e+02 6.992842197418212891e+01 3.445544123649597168e+02 6.957060813903808594e+01 3.390674436092376709e+02 7.163871288299560547e+01 2.000000000000000000e+00
1.984862518310546875e+02 1.762929797172546387e+02 1.929007434844970703e+02 1.769757199287414551e+02 1.908107757568359375e+02 1.796704816818237305e+02 1.000000000000000000e+00
4.451545143127441406e+02 1.247053098678588867e+02 4.364473628997802734e+02 1.243559360504150391e+02 4.309699440002441406e+02 1.263604331016540527e+02 2.000000000000000000e+00
3.834747028350830078e+02 2.727814650535583496e+02 3.750227975845336914e+02 2.725295412540435791e+02 3.695158100128173828e+02 2.744442772865295410e+02 2.000000000000000000e+00
3.409402155876159668e+02 3.360001873970031738e+02 3.324497985839843750e+02 3.356165528297424316e+02 3.270560914278030396e+02 3.376618123054504395e+02 2.000000000000000000e+00
2.706044006347656250e+02 2.015485060214996338e+02 2.644046926498413086e+02 2.017561769485473633e+02 2.611607980728149414e+02 2.044054841995239258e+02 1.000000000000000000e+00
3.044727778434753418e+02 4.049644804000854492e+02 2.959983515739440918e+02 4.046323013305664062e+02 2.905478501319885254e+02 4.066532421112060547e+02 2.000000000000000000e+00
4.381539058685302734e+02 1.207071447372436523e+02 4.293727111816406250e+02 1.203744435310363770e+02 4.240093421936035156e+02 1.223896408081054688e+02 2.000000000000000000e+00
4.154883098602294922e+02 1.287775683403015137e+02 4.069031047821044922e+02 1.284527850151062012e+02 4.013489437103271484e+02 1.304730963706970215e+02 2.000000000000000000e+00
1.750731945037841797e+02 4.076556158065795898e+02 1.665591239929199219e+02 4.074867010116577148e+02 1.609467887878417969e+02 4.095398283004760742e+02 2.000000000000000000e+00
3.546509718894958496e+02 1.253768992424011230e+02 3.459207773208618164e+02 1.249080276489257812e+02 3.403687453269958496e+02 1.268517065048217773e+02 2.000000000000000000e+00
3.878180837631225586e+02 3.996119213104248047e+02 3.792191171646118164e+02 3.991939830780029297e+02 3.738441181182861328e+02 4.011025142669677734e+02 2.000000000000000000e+00
5.148558425903320312e+02 1.831615269184112549e+02 5.062936401367187500e+02 1.827087843418121338e+02 5.007327651977539062e+02 1.846623980998992920e+02 2.000000000000000000e+00
1.123304557800292969e+02 4.046243619918823242e+02 1.037685966491699219e+02 4.044739437103271484e+02 9.806814193725585938e+01 4.065282726287841797e+02 2.000000000000000000e+00
9.728315353393554688e+01 4.058205413818359375e+02 8.859161376953125000e+01 4.057379865646362305e+02 8.289142608642578125e+01 4.077872943878173828e+02 2.000000000000000000e+00
1.317047309875488281e+02 4.024147367477416992e+02 1.232852745056152344e+02 4.022910261154174805e+02 1.175465965270996094e+02 4.042074108123779297e+02 2.000000000000000000e+00
4.573478126525878906e+02 1.655954718589782715e+02 4.487689876556396484e+02 1.652477717399597168e+02 4.432650184631347656e+02 1.672795844078063965e+02 2.000000000000000000e+00
1.043433189392089844e+02 4.047674989700317383e+02 9.568950653076171875e+01 4.046715545654296875e+02 8.992492675781250000e+01 4.067063426971435547e+02 2.000000000000000000e+00
4.347313213348388672e+02 2.171286106109619141e+01 4.259932899475097656e+02 2.139806270599365234e+01 4.204406166076660156e+02 2.345666885375976562e+01 2.000000000000000000e+00
3.508381056785583496e+02 3.298409199714660645e+02 3.423447275161743164e+02 3.295428228378295898e+02 3.369287717342376709e+02 3.315858221054077148e+02 2.000000000000000000e+00
4.990842628479003906e+02 1.464390277862548828e+01 4.904290199279785156e+02 1.431984901428222656e+01 4.847804069519042969e+02 1.637881278991699219e+01 2.000000000000000000e+00
4.292674255371093750e+02 1.206894707679748535e+02 4.205579853057861328e+02 1.203750872611999512e+02 4.150692749023437500e+02 1.224229502677917480e+02 2.000000000000000000e+00
4.313388061523437500e+02 1.397336697578430176e+02 4.227561092376708984e+02 1.393894886970520020e+02 4.171776771545410156e+02 1.413920545578002930e+02 2.000000000000000000e+00
1.355265617370605469e+02 3.853822946548461914e+02 1.271437072753906250e+02 3.852466249465942383e+02 1.215418624877929688e+02 3.871596479415893555e+02 2.000000000000000000e+00
1.892594242095947266e+02 4.125191974639892578e+02 1.807320404052734375e+02 4.123178243637084961e+02 1.752828979492187500e+02 4.144024801254272461e+02 2.000000000000000000e+00
3.233246764540672302e+02 4.205784416198730469e+02 3.148989564180374146e+02 4.202297830581665039e+02 3.093763422966003418e+02 4.222727823257446289e+02 2.000000000000000000e+00
4.090717506408691406e+02 6.879169464111328125e+01 4.002599811553955078e+02 6.844822883605957031e+01 3.946726369857788086e+02 7.051179885864257812e+01 2.000000000000000000e+00
5.196182250976562500e+02 1.771155238151550293e+02 5.110499954223632812e+02 1.766431832313537598e+02 5.054418373107910156e+02 1.787096500396728516e+02 2.000000000000000000e+00
3.301016235351562500e+02 3.560820078849792480e+02 3.216168212890625000e+02 3.557279706001281738e+02 3.162183836102485657e+02 3.576969337463378906e+02 2.000000000000000000e+00
5.051632118225097656e+02 1.889468193054199219e+02 4.965416908264160156e+02 1.884749722480773926e+02 4.910224723815917969e+02 1.903820157051086426e+02 2.000000000000000000e+00
3.018015742301940918e+02 2.915692484378814697e+02 2.932341909408569336e+02 2.912572038173675537e+02 2.878746938705444336e+02 2.932012653350830078e+02 2.000000000000000000e+00
3.949896240234375000e+02 2.577222597599029541e+02 3.865694284439086914e+02 2.574219971895217896e+02 3.811533212661743164e+02 2.594747632741928101e+02 2.000000000000000000e+00
3.598089003562927246e+02 3.416832661628723145e+02 3.513468623161315918e+02 3.414191651344299316e+02 3.459030151367187500e+02 3.433889222145080566e+02 2.000000000000000000e+00
4.401965045928955078e+02 3.289076256752014160e+02 4.316923522949218750e+02 3.285214304924011230e+02 4.262714862823486328e+02 3.303732991218566895e+02 2.000000000000000000e+00
4.082208919525146484e+02 1.037197637557983398e+02 3.994984149932861328e+02 1.033372592926025391e+02 3.939404010772705078e+02 1.054374074935913086e+02 2.000000000000000000e+00
4.555329895019531250e+02 1.596548080444335938e+02 4.469571208953857422e+02 1.592618680000305176e+02 4.414156532287597656e+02 1.612975859642028809e+02 2.000000000000000000e+00
1.728552818298339844e+02 1.879057288169860840e+02 1.675670433044433594e+02 1.881585073471069336e+02 1.651708793640136719e+02 1.905522286891937256e+02 1.000000000000000000e+00
4.681819438934326172e+02 1.675479841232299805e+02 4.596520423889160156e+02 1.672075438499450684e+02 4.541417884826660156e+02 1.692380332946777344e+02 2.000000000000000000e+00
3.098828125000000000e+02 3.148973107337951660e+02 3.013247370719909668e+02 3.145812749862670898e+02 2.958917546272277832e+02 3.166171574592590332e+02 2.000000000000000000e+00
1.653154468536376953e+02 1.820775568485260010e+02 1.602604007720947266e+02 1.822217059135437012e+02 1.580144691467285156e+02 1.845228087902069092e+02 1.000000000000000000e+00
2.910950922966003418e+02 2.416758424043655396e+02 2.827360534667968750e+02 2.415376587957143784e+02 2.772377300262451172e+02 2.436463015526533127e+02 2.000000000000000000e+00
4.302149105072021484e+02 1.065342807769775391e+02 4.214705848693847656e+02 1.061704444885253906e+02 4.159186744689941406e+02 1.082321405410766602e+02 2.000000000000000000e+00
3.649136066436767578e+02 3.673833417892456055e+02 3.564405512809753418e+02 3.670382738113403320e+02 3.508711552619934082e+02 3.689985752105712891e+02 2.000000000000000000e+00
4.505818843841552734e+02 1.775938367843627930e+02 4.419160461425781250e+02 1.772078347206115723e+02 4.363592815399169922e+02 1.791796088218688965e+02 2.000000000000000000e+00
3.101826781034469604e+02 3.612781763076782227e+02 3.017016601562500000e+02 3.608468627929687500e+02 2.961834716796875000e+02 3.628142166137695312e+02 2.000000000000000000e+00
3.876627826690673828e+02 1.315416526794433594e+02 3.790010976791381836e+02 1.311350226402282715e+02 3.734500455856323242e+02 1.333047294616699219e+02 2.000000000000000000e+00
3.865751981735229492e+02 1.430614399909973145e+02 3.778839731216430664e+02 1.426078104972839355e+02 3.725235319137573242e+02 1.445769882202148438e+02 2.000000000000000000e+00
4.769621276855468750e+02 1.405049371719360352e+02 4.682999324798583984e+02 1.400874567031860352e+02 4.628693866729736328e+02 1.421761608123779297e+02 2.000000000000000000e+00
5.090110206604003906e+02 2.661118984222412109e+01 5.002939414978027344e+02 2.625081539154052734e+01 4.947205543518066406e+02 2.834971904754638672e+01 2.000000000000000000e+00
3.698177814483642578e+02 3.753882551193237305e+02 3.613521432876586914e+02 3.749973821640014648e+02 3.557963252067565918e+02 3.769681406021118164e+02 2.000000000000000000e+00
3.353281247615814209e+02 4.055085182189941406e+02 3.268432009220123291e+02 4.051399040222167969e+02 3.213813781738281250e+02 4.071680688858032227e+02 2.000000000000000000e+00
1.598417091369628906e+02 3.719561862945556641e+02 1.512722396850585938e+02 3.718155956268310547e+02 1.456617164611816406e+02 3.737694168090820312e+02 2.000000000000000000e+00
5.049983215332031250e+02 2.009534132480621338e+02 4.962717056274414062e+02 2.004760122299194336e+02 4.907418823242187500e+02 2.023471355438232422e+02 2.000000000000000000e+00
3.402064204216003418e+02 3.867028284072875977e+02 3.318011784553527832e+02 3.863805055618286133e+02 3.263731384277343750e+02 3.883523941040039062e+02 2.000000000000000000e+00
4.492298889160156250e+02 3.306082534790039062e+02 4.407694149017333984e+02 3.302764034271240234e+02 4.352964496612548828e+02 3.321388006210327148e+02 2.000000000000000000e+00
2.202288055419921875e+02 2.021986234188079834e+02 2.139565563201904297e+02 2.023737323284149170e+02 2.113728141784667969e+02 2.048011314868927002e+02 1.000000000000000000e+00
2.675552654266357422e+02 2.023142695426940918e+02 2.613524770736694336e+02 2.026194584369659424e+02 2.581943655014038086e+02 2.052606940269470215e+02 1.000000000000000000e+00
5.164547729492187500e+02 1.613250660896301270e+02 5.078013992309570312e+02 1.607709932327270508e+02 5.022419548034667969e+02 1.629676008224487305e+02 2.000000000000000000e+00
4.165489482879638672e+02 4.012655782699584961e+02 4.081041908264160156e+02 4.008404302597045898e+02 4.026597023010253906e+02 4.028352499008178711e+02 2.000000000000000000e+00
2.445186758041381836e+02 1.814097261428833008e+02 2.386270236968994141e+02 1.818264448642730713e+02 2.357454776763916016e+02 1.846709704399108887e+02 1.000000000000000000e+00
2.888894963264465332e+02 1.927648901939392090e+02 2.822409367561340332e+02 1.930136525630950928e+02 2.784705495834350586e+02 1.956053602695465088e+02 1.000000000000000000e+00
1.998648929595947266e+02 2.020291256904602051e+02 1.939701366424560547e+02 2.025174558162689209e+02 1.911574840545654297e+02 2.050556766986846924e+02 1.000000000000000000e+00
3.439971613883972168e+02 3.439596033096313477e+02 3.354873967170715332e+02 3.435776138305664062e+02 3.300896000862121582e+02 3.456166148185729980e+02 2.000000000000000000e+00
3.611372709274291992e+02 4.180275392532348633e+02 3.527131056785583496e+02 4.176334047317504883e+02 3.472163391113281250e+02 4.196342325210571289e+02 2.000000000000000000e+00
2.618040466308593750e+02 2.109762865304946899e+02 2.556740570068359375e+02 2.112080973386764526e+02 2.525627136230468750e+02 2.136473375558853149e+02 1.000000000000000000e+00
4.361504268646240234e+02 1.277526855468750000e+02 4.273431682586669922e+02 1.274288177490234375e+02 4.219010639190673828e+02 1.294285655021667480e+02 2.000000000000000000e+00
1.439082717895507812e+02 2.800624394416809082e+02 1.352400016784667969e+02 2.797709369659423828e+02 1.295768165588378906e+02 2.816899430751800537e+02 2.000000000000000000e+00
4.148336791992187500e+02 4.751635551452636719e+01 4.061861896514892578e+02 4.720095634460449219e+01 4.005181598663330078e+02 4.923580169677734375e+01 2.000000000000000000e+00
2.349193668365478516e+02 1.954554426670074463e+02 2.288956546783447266e+02 1.958574199676513672e+02 2.260387420654296875e+02 1.986108219623565674e+02 1.000000000000000000e+00
2.174043273925781250e+02 1.764220261573791504e+02 2.118037414550781250e+02 1.771585822105407715e+02 2.095584964752197266e+02 1.798921322822570801e+02 1.000000000000000000e+00
3.360821235179901123e+02 3.480384564399719238e+02 3.276045227050781250e+02 3.476636409759521484e+02 3.221681213378906250e+02 3.496864700317382812e+02 2.000000000000000000e+00
3.028703606128692627e+02 3.108126568794250488e+02 2.943217468261718750e+02 3.104942035675048828e+02 2.888954162597656250e+02 3.125968694686889648e+02 2.000000000000000000e+00
3.097475886344909668e+02 3.059149217605590820e+02 3.012018120288848877e+02 3.055456852912902832e+02 2.957551574707031250e+02 3.076000070571899414e+02 2.000000000000000000e+00
4.087300395965576172e+02 3.953577947616577148e+02 4.002883625030517578e+02 3.949842023849487305e+02 3.947206115722656250e+02 3.969797801971435547e+02 2.000000000000000000e+00
2.541279602050781250e+02 1.705764555931091309e+02 2.483213329315185547e+02 1.712134337425231934e+02 2.453430318832397461e+02 1.741973376274108887e+02 1.000000000000000000e+00
4.204850769042968750e+02 4.150210046768188477e+02 4.120094585418701172e+02 4.145584774017333984e+02 4.065874958038330078e+02 4.166047525405883789e+02 2.000000000000000000e+00
2.539627504348754883e+02 2.019034409523010254e+02 2.477942180633544922e+02 2.022755277156829834e+02 2.446994161605834961e+02 2.048049437999725342e+02 1.000000000000000000e+00
3.211018371582031250e+02 3.335269546508789062e+02 3.126545101404190063e+02 3.331575036048889160e+02 3.071513056755065918e+02 3.351683092117309570e+02 2.000000000000000000e+00
3.381022346019744873e+02 3.560106253623962402e+02 3.296018069982528687e+02 3.556727385520935059e+02 3.241817018389701843e+02 3.576724576950073242e+02 2.000000000000000000e+00
3.524897766113281250e+02 1.051723766326904297e+02 3.438190317153930664e+02 1.048283529281616211e+02 3.382857978343963623e+02 1.067711448669433594e+02 2.000000000000000000e+00
3.779087543487548828e+02 4.097293138504028320e+02 3.694049072265625000e+02 4.093499279022216797e+02 3.640158987045288086e+02 4.112829351425170898e+02 2.000000000000000000e+00
1.551559638977050781e+02 4.229196310043334961e+02 1.465595245361328125e+02 4.228544139862060547e+02 1.409864997863769531e+02 4.248986005783081055e+02 2.000000000000000000e+00
3.041732180118560791e+02 1.814936041831970215e+02 2.973034048080444336e+02 1.817692995071411133e+02 2.935222458839416504e+02 1.841627776622772217e+02 1.000000000000000000e+00
3.004560542106628418e+02 4.169348573684692383e+02 2.921103811264038086e+02 4.166098737716674805e+02 2.866383957862854004e+02 4.186255216598510742e+02 2.000000000000000000e+00
3.336732482910156250e+02 2.684122323989868164e+02 3.251289367675781250e+02 2.680610364675521851e+02 3.197379760630428791e+02 2.699993294477462769e+02 2.000000000000000000e+00
3.903475046157836914e+02 2.675997018814086914e+02 3.818585824966430664e+02 2.673579114675521851e+02 3.764144611358642578e+02 2.693814718723297119e+02 2.000000000000000000e+00
3.690934133529663086e+02 4.198986053466796875e+02 3.606313800811767578e+02 4.194786500930786133e+02 3.551233220100402832e+02 4.214910650253295898e+02 2.000000000000000000e+00
3.109641414880752563e+02 3.266352581977844238e+02 3.024724733829498291e+02 3.263044810295104980e+02 2.969998764991760254e+02 3.282915401458740234e+02 2.000000000000000000e+00
3.892759704589843750e+02 1.767626953125000000e+02 3.806139516830444336e+02 1.763520455360412598e+02 3.751579904556274414e+02 1.783665919303894043e+02 2.000000000000000000e+00
3.310397946834564209e+02 3.390862154960632324e+02 3.225271913409233093e+02 3.387301683425903320e+02 3.170906981825828552e+02 3.407002902030944824e+02 2.000000000000000000e+00
1.822196006774902344e+02 4.125793790817260742e+02 1.736629772186279297e+02 4.123875474929809570e+02 1.681343841552734375e+02 4.144764518737792969e+02 2.000000000000000000e+00
3.103679198026657104e+02 3.901374578475952148e+02 3.018324577808380127e+02 3.897692012786865234e+02 2.963832998275756836e+02 3.917648649215698242e+02 2.000000000000000000e+00
4.942016029357910156e+02 2.064479827880859375e+01 4.854404258728027344e+02 2.028450965881347656e+01 4.798534297943115234e+02 2.237636089324951172e+01 2.000000000000000000e+00
3.250427550077438354e+02 3.421399283409118652e+02 3.165863952040672302e+02 3.417509222030639648e+02 3.111115109920501709e+02 3.437565350532531738e+02 2.000000000000000000e+00
4.582601070404052734e+02 1.785344195365905762e+02 4.497174739837646484e+02 1.781703901290893555e+02 4.442324542999267578e+02 1.802065086364746094e+02 2.000000000000000000e+00
3.532002258300781250e+02 5.094267368316650391e+01 3.445110487937927246e+02 5.057692050933837891e+01 3.390138554573059082e+02 5.248157501220703125e+01 2.000000000000000000e+00
3.478753972053527832e+02 3.359438824653625488e+02 3.393657839298248291e+02 3.355822491645812988e+02 3.339508056640625000e+02 3.376323580741882324e+02 2.000000000000000000e+00
5.277968788146972656e+02 1.310333204269409180e+02 5.191608238220214844e+02 1.305620813369750977e+02 5.135713005065917969e+02 1.326955962181091309e+02 2.000000000000000000e+00
2.709710359573364258e+02 1.576211500167846680e+02 2.648272991180419922e+02 1.584172654151916504e+02 2.617193269729614258e+02 1.613253879547119141e+02 1.000000000000000000e+00
4.114841365814208984e+02 3.242217779159545898e+02 4.029968261718750000e+02 3.237525701522827148e+02 3.975767517089843750e+02 3.257217121124267578e+02 2.000000000000000000e+00
3.372481083869934082e+02 3.945665073394775391e+02 3.288117372989654541e+02 3.942421960830688477e+02 3.233843994140625000e+02 3.962535810470581055e+02 2.000000000000000000e+00
2.068696403503417969e+02 3.375216436386108398e+02 1.983771038055419922e+02 3.372935199737548828e+02 1.927903842926025391e+02 3.393340516090393066e+02 2.000000000000000000e+00
1.509163665771484375e+02 2.851279628276824951e+02 1.422678565979003906e+02 2.848715221881866455e+02 1.365980720520019531e+02 2.869578588008880615e+02 2.000000000000000000e+00
4.758179378509521484e+02 2.072999703884124756e+02 4.717780780792236328e+02 2.071358156204223633e+02 4.712641620635986328e+02 2.093756854534149170e+02 2.000000000000000000e+00
3.863764667510986328e+02 6.191895961761474609e+01 3.776656198501586914e+02 6.156656742095947266e+01 3.722088956832885742e+02 6.356479167938232422e+01 2.000000000000000000e+00
3.998445129394531250e+02 2.279498577117919922e+01 3.911985778808593750e+02 2.243259429931640625e+01 3.858054828643798828e+02 2.449077129364013672e+01 2.000000000000000000e+00
3.897742033004760742e+02 1.271750450134277344e+01 3.810316467285156250e+02 1.242763996124267578e+01 3.755485248565673828e+02 1.448308467864990234e+01 2.000000000000000000e+00
4.874226188659667969e+02 2.670720577239990234e+01 4.786920452117919922e+02 2.636116504669189453e+01 4.731892681121826172e+02 2.839804172515869141e+01 2.000000000000000000e+00
1.123793411254882812e+02 3.855359888076782227e+02 1.036037254333496094e+02 3.854253959655761719e+02 9.813613891601562500e+01 3.874559354782104492e+02 2.000000000000000000e+00
4.724347209930419922e+02 1.064879894256591797e+01 4.636644268035888672e+02 1.034876346588134766e+01 4.582562255859375000e+02 1.242088794708251953e+01 2.000000000000000000e+00
2.477414560317993164e+02 1.700173902511596680e+02 2.420489501953125000e+02 1.706241846084594727e+02 2.391135215759277344e+02 1.735772395133972168e+02 1.000000000000000000e+00
3.522100830078125000e+02 8.703133106231689453e+01 3.435051274299621582e+02 8.673268318176269531e+01 3.380627143383026123e+02 8.868428707122802734e+01 2.000000000000000000e+00
2.126186943054199219e+02 1.960540151596069336e+02 2.067464542388916016e+02 1.966642749309539795e+02 2.040925598144531250e+02 1.992635321617126465e+02 1.000000000000000000e+00
3.977215576171875000e+02 1.716711831092834473e+02 3.891158771514892578e+02 1.713182616233825684e+02 3.835883474349975586e+02 1.733489513397216797e+02 2.000000000000000000e+00
4.115521907806396484e+02 4.081807279586791992e+02 4.030862712860107422e+02 4.077580976486206055e+02 3.976863098144531250e+02 4.097493982315063477e+02 2.000000000000000000e+00
4.097370910644531250e+02 9.737877845764160156e+00 4.010628032684326172e+02 9.431405067443847656e+00 3.954559040069580078e+02 1.146313190460205078e+01 2.000000000000000000e+00
4.099975585937500000e+02 8.269530773162841797e+01 4.013038063049316406e+02 8.243522644042968750e+01 3.956271696090698242e+02 8.450251579284667969e+01 2.000000000000000000e+00
1.689415550231933594e+02 3.719321966171264648e+02 1.603998851776123047e+02 3.717957830429077148e+02 1.547866249084472656e+02 3.737449979782104492e+02 2.000000000000000000e+00
3.054736018180847168e+02 4.118465709686279297e+02 2.970563054084777832e+02 4.115397977828979492e+02 2.916225576400756836e+02 4.135957717895507812e+02 2.000000000000000000e+00
3.319414985179901123e+02 2.494904994964599609e+01 3.234146729111671448e+02 2.460236549377441406e+01 3.179347534477710724e+02 2.664516448974609375e+01 2.000000000000000000e+00
4.976954650878906250e+02 1.692386555671691895e+02 4.890452003479003906e+02 1.687917923927307129e+02 4.834807777404785156e+02 1.708219385147094727e+02 2.000000000000000000e+00
1.454303169250488281e+02 2.568616336584091187e+02 1.368025398254394531e+02 2.566793525218963623e+02 1.312991714477539062e+02 2.586380624771118164e+02 2.000000000000000000e+00
5.238811683654785156e+02 1.960852324962615967e+02 5.153184890747070312e+02 1.955641901493072510e+02 5.102449607849121094e+02 1.977194201946258545e+02 2.000000000000000000e+00
2.771861267089843750e+02 3.417236709594726562e+02 2.686802673339843750e+02 3.414238929748535156e+02 2.632103872299194336e+02 3.433770203590393066e+02 2.000000000000000000e+00
1.147024917602539062e+02 4.245439481735229492e+02 1.061041831970214844e+02 4.245139503479003906e+02 1.004337501525878906e+02 4.266462850570678711e+02 2.000000000000000000e+00
3.657829618453979492e+02 3.506532669067382812e+02 3.573507094383239746e+02 3.504124188423156738e+02 3.518968820571899414e+02 3.523322510719299316e+02 2.000000000000000000e+00
1.604629325866699219e+02 1.650198769569396973e+02 1.553260993957519531e+02 1.654798221588134766e+02 1.532640266418457031e+02 1.681132793426513672e+02 1.000000000000000000e+00
2.824870896339416504e+02 1.885093832015991211e+02 2.760248422622680664e+02 1.886895132064819336e+02 2.724606609344482422e+02 1.913600277900695801e+02 1.000000000000000000e+00
2.948528432846069336e+02 2.956113302707672119e+02 2.862980961799621582e+02 2.953396010398864746e+02 2.808653569221496582e+02 2.973212313652038574e+02 2.000000000000000000e+00
3.639287137985229492e+02 3.791459083557128906e+01 3.553857731819152832e+02 3.751101493835449219e+01 3.499768376350402832e+02 3.951969623565673828e+01 2.000000000000000000e+00
3.828534841537475586e+02 3.549722671508789062e+02 3.743998432159423828e+02 3.545013213157653809e+02 3.688879728317260742e+02 3.564486479759216309e+02 2.000000000000000000e+00
4.426629066467285156e+02 2.074081420898437500e+01 4.339718341827392578e+02 2.041112422943115234e+01 4.283934688568115234e+02 2.245326519012451172e+01 2.000000000000000000e+00
3.171536558866500854e+02 3.632834529876708984e+02 3.086924743652343750e+02 3.629059839248657227e+02 3.032087397575378418e+02 3.648729372024536133e+02 2.000000000000000000e+00
2.095267581939697266e+02 1.727568626403808594e+02 2.039776420593261719e+02 1.735568189620971680e+02 2.017197132110595703e+02 1.763101744651794434e+02 1.000000000000000000e+00
2.764323711395263672e+02 1.746515750885009766e+02 2.697499084472656250e+02 1.752006053924560547e+02 2.662899780273437500e+02 1.779730510711669922e+02 1.000000000000000000e+00
3.532351088523864746e+02 7.594285011291503906e+01 3.445876479148864746e+02 7.559206008911132812e+01 3.391130983829498291e+02 7.764081001281738281e+01 2.000000000000000000e+00
2.321549224853515625e+02 1.996565222740173340e+02 2.256741428375244141e+02 2.000852179527282715e+02 2.221494770050048828e+02 2.026470458507537842e+02 1.000000000000000000e+00
3.206943054497241974e+02 2.824487936496734619e+02 3.121204525232315063e+02 2.821513688564300537e+02 3.067288208007812500e+02 2.840457165241241455e+02 2.000000000000000000e+00
3.689549255371093750e+02 2.377618789672851562e+01 3.603763723373413086e+02 2.344365119934082031e+01 3.549417424201965332e+02 2.543416500091552734e+01 2.000000000000000000e+00
3.761276578903198242e+02 3.577261447906494141e+01 3.674633169174194336e+02 3.547970294952392578e+01 3.619596242904663086e+02 3.745646953582763672e+01 2.000000000000000000e+00
8.626779556274414062e+01 4.059785842895507812e+02 7.755142211914062500e+01 4.059070158004760742e+02 7.191535949707031250e+01 4.079946041107177734e+02 2.000000000000000000e+00
4.654447650909423828e+02 2.276135444641113281e+01 4.567228412628173828e+02 2.241052150726318359e+01 4.511659240722656250e+02 2.445050239562988281e+01 2.000000000000000000e+00
4.748722553253173828e+02 1.753954267501831055e+02 4.664764690399169922e+02 1.749809503555297852e+02 4.609116554260253906e+02 1.769714355468750000e+02 2.000000000000000000e+00
2.567179250717163086e+02 1.557193422317504883e+02 2.508905315399169922e+02 1.566890645027160645e+02 2.478489971160888672e+02 1.596530842781066895e+02 1.000000000000000000e+00
2.708659648895263672e+02 1.890077483654022217e+02 2.647037029266357422e+02 1.893094897270202637e+02 2.614696931838989258e+02 1.919445025920867920e+02 1.000000000000000000e+00
4.210339641571044922e+02 2.665126669406890869e+02 4.125370788574218750e+02 2.659002703428268433e+02 4.069927120208740234e+02 2.678589802980422974e+02 2.000000000000000000e+00
4.239185237884521484e+02 2.744946920871734619e+02 4.155057430267333984e+02 2.738745439052581787e+02 4.098519611358642578e+02 2.758709728717803955e+02 2.000000000000000000e+00
4.658934974670410156e+02 3.835573482513427734e+02 4.574067687988281250e+02 3.831671476364135742e+02 4.518648433685302734e+02 3.851185941696166992e+02 2.000000000000000000e+00
3.493639230728149414e+02 4.171836090087890625e+02 3.409446716308593750e+02 4.168000316619873047e+02 3.354474794864654541e+02 4.188171243667602539e+02 2.000000000000000000e+00
4.240809917449951172e+02 2.525245517492294312e+02 4.154928016662597656e+02 2.520508128404617310e+02 4.100515747070312500e+02 2.539355170726776123e+02 2.000000000000000000e+00
3.053842163085937500e+02 3.950704050064086914e+02 2.968338012695312500e+02 3.947287416458129883e+02 2.914076828956604004e+02 3.967366790771484375e+02 2.000000000000000000e+00
4.253814411163330078e+02 3.873066759109497070e+02 4.169866371154785156e+02 3.869299650192260742e+02 4.115165424346923828e+02 3.889188337326049805e+02 2.000000000000000000e+00
4.263212299346923828e+02 1.287772321701049805e+02 4.176307964324951172e+02 1.284524774551391602e+02 4.121754455566406250e+02 1.304943823814392090e+02 2.000000000000000000e+00
2.764679574966430664e+02 1.299547648429870605e+02 2.702710866928100586e+02 1.307517457008361816e+02 2.670933818817138672e+02 1.338217234611511230e+02 1.000000000000000000e+00
2.669003915786743164e+02 3.268901753425598145e+02 2.585070466995239258e+02 3.266454792022705078e+02 2.530521821975708008e+02 3.286043715476989746e+02 2.000000000000000000e+00
1.645505523681640625e+02 1.767542052268981934e+02 1.596036911010742188e+02 1.772703051567077637e+02 1.575583648681640625e+02 1.798245692253112793e+02 1.000000000000000000e+00
2.889030766487121582e+02 3.035869145393371582e+02 2.803450918197631836e+02 3.032814073562622070e+02 2.748533010482788086e+02 3.053221750259399414e+02 2.000000000000000000e+00
3.400310373306274414e+02 3.291372299194335938e+01 3.315211188793182373e+02 3.251418113708496094e+01 3.259459841251373291e+02 3.456237316131591797e+01 2.000000000000000000e+00
1.439224815368652344e+02 2.860975062847137451e+02 1.352713394165039062e+02 2.858427464962005615e+02 1.295986366271972656e+02 2.879552042484283447e+02 2.000000000000000000e+00
1.683041095733642578e+02 1.688720083236694336e+02 1.633191967010498047e+02 1.694010901451110840e+02 1.613048648834228516e+02 1.720516347885131836e+02 1.000000000000000000e+00
4.238024330139160156e+02 1.547851538658142090e+02 4.149557781219482422e+02 1.545425963401794434e+02 4.097221660614013672e+02 1.566822767257690430e+02 2.000000000000000000e+00
3.657141113281250000e+02 1.172049808502197266e+02 3.569943547248840332e+02 1.167680025100708008e+02 3.513078308105468750e+02 1.188025617599487305e+02 2.000000000000000000e+00
5.010789299011230469e+02 2.060982227325439453e+01 4.923915100097656250e+02 2.026156425476074219e+01 4.867753028869628906e+02 2.234413146972656250e+01 2.000000000000000000e+00
4.740285968780517578e+02 1.595301461219787598e+02 4.654972553253173828e+02 1.591091251373291016e+02 4.598338985443115234e+02 1.611966848373413086e+02 2.000000000000000000e+00
3.563591003417968750e+02 4.091406297683715820e+02 3.479655766487121582e+02 4.086761569976806641e+02 3.423923945426940918e+02 4.107152223587036133e+02 2.000000000000000000e+00
3.022095024585723877e+02 3.592641949653625488e+02 2.936910390853881836e+02 3.588800096511840820e+02 2.882190847396850586e+02 3.608064937591552734e+02 2.000000000000000000e+00
3.708999967575073242e+02 1.438493013381958008e+02 3.622331237792968750e+02 1.434235453605651855e+02 3.567546391487121582e+02 1.453914570808410645e+02 2.000000000000000000e+00
1.186893463134765625e+02 4.135615682601928711e+02 1.101755905151367188e+02 4.134758949279785156e+02 1.044119071960449219e+02 4.155764865875244141e+02 2.000000000000000000e+00
4.475974750518798828e+02 1.566747665405273438e+02 4.390512084960937500e+02 1.562521648406982422e+02 4.334361934661865234e+02 1.582822537422180176e+02 2.000000000000000000e+00
3.289519041776657104e+02 3.709788322448730469e+02 3.206018982082605362e+02 3.706863498687744141e+02 3.151435852050781250e+02 3.726106595993041992e+02 2.000000000000000000e+00
4.324522113800048828e+02 1.596806001663208008e+02 4.237166118621826172e+02 1.594632983207702637e+02 4.179696369171142578e+02 1.614502501487731934e+02 2.000000000000000000e+00
5.135682487487792969e+02 1.940289294719696045e+02 5.049088096618652344e+02 1.935216665267944336e+02 4.994419670104980469e+02 1.955341172218322754e+02 2.000000000000000000e+00
4.076923561096191406e+02 1.656529784202575684e+02 3.990723562240600586e+02 1.652453255653381348e+02 3.935566091537475586e+02 1.672956347465515137e+02 2.000000000000000000e+00
4.189845561981201172e+02 5.553371429443359375e+01 4.102562236785888672e+02 5.522244930267333984e+01 4.046281719207763672e+02 5.723283290863037109e+01 2.000000000000000000e+00
4.843524169921875000e+02 2.068624019622802734e+01 4.755433368682861328e+02 2.034494876861572266e+01 4.699556922912597656e+02 2.242333889007568359e+01 2.000000000000000000e+00
3.841059875488281250e+02 2.479223728179931641e+01 3.753760385513305664e+02 2.448327541351318359e+01 3.699389362335205078e+02 2.649458885192871094e+01 2.000000000000000000e+00
3.027857971191406250e+02 3.017630338668823242e+02 2.942417287826538086e+02 3.014283514022827148e+02 2.887941575050354004e+02 3.034649705886840820e+02 2.000000000000000000e+00
3.300180053710937500e+02 3.768977737426757812e+02 3.216579590737819672e+02 3.766307687759399414e+02 3.162451782822608948e+02 3.785331773757934570e+02 2.000000000000000000e+00
3.281088870763778687e+02 3.480169129371643066e+02 3.196132507175207138e+02 3.477366685867309570e+02 3.141822814941406250e+02 3.496992230415344238e+02 2.000000000000000000e+00
2.660231637954711914e+02 3.337644124031066895e+02 2.575860881805419922e+02 3.334841036796569824e+02 2.521597146987915039e+02 3.355020833015441895e+02 2.000000000000000000e+00
3.573625802993774414e+02 3.887817764282226562e+02 3.488727426528930664e+02 3.883522081375122070e+02 3.433935546875000000e+02 3.903708028793334961e+02 2.000000000000000000e+00
1.341684150695800781e+02 2.438593295216560364e+02 1.255061531066894531e+02 2.436549532413482666e+02 1.198857116699218750e+02 2.455616913735866547e+02 2.000000000000000000e+00
3.249653321504592896e+02 3.265287494659423828e+02 3.165165099501609802e+02 3.261617445945739746e+02 3.110121154785156250e+02 3.281845164299011230e+02 2.000000000000000000e+00
3.419001770019531250e+02 3.300255489349365234e+02 3.333984982967376709e+02 3.296656250953674316e+02 3.279864197969436646e+02 3.316680049896240234e+02 2.000000000000000000e+00
3.748227834701538086e+02 3.672323656082153320e+02 3.663706064224243164e+02 3.668149852752685547e+02 3.608201599121093750e+02 3.687720394134521484e+02 2.000000000000000000e+00
4.495550537109375000e+02 1.626268243789672852e+02 4.409704303741455078e+02 1.621641683578491211e+02 4.354103755950927734e+02 1.641996860504150391e+02 2.000000000000000000e+00
3.718283987045288086e+02 3.843548297882080078e+02 3.633598661422729492e+02 3.839450168609619141e+02 3.578339242935180664e+02 3.859629964828491211e+02 2.000000000000000000e+00
3.815767812728881836e+02 1.058666324615478516e+02 3.729275512695312500e+02 1.055896568298339844e+02 3.673942565917968750e+02 1.076572465896606445e+02 2.000000000000000000e+00
1.845804405212402344e+02 3.288491249084472656e+02 1.759947204589843750e+02 3.285641527175903320e+02 1.704912567138671875e+02 3.305575275421142578e+02 2.000000000000000000e+00
3.596472167968750000e+02 1.182584667205810547e+02 3.510057377815246582e+02 1.177944517135620117e+02 3.453896498680114746e+02 1.197849655151367188e+02 2.000000000000000000e+00
3.591415405273437500e+02 4.496220588684082031e+01 3.504342651367187500e+02 4.457924365997314453e+01 3.449855351448059082e+02 4.649936199188232422e+01 2.000000000000000000e+00
3.094320678710937500e+02 4.168143653869628906e+02 3.010238647460937500e+02 4.165339994430541992e+02 2.955655217170715332e+02 4.185453844070434570e+02 2.000000000000000000e+00
3.137615048885345459e+02 2.804457736015319824e+02 3.052091979980468750e+02 2.801117277145385742e+02 2.997548818588256836e+02 2.820385158061981201e+02 2.000000000000000000e+00
4.439174556732177734e+02 6.868959903717041016e+01 4.351595497131347656e+02 6.840069293975830078e+01 4.295310688018798828e+02 7.056163787841796875e+01 2.000000000000000000e+00
3.671986103057861328e+02 4.081214332580566406e+02 3.587928462028503418e+02 4.076708793640136719e+02 3.532568669319152832e+02 4.097457075119018555e+02 2.000000000000000000e+00
1.652887439727783203e+02 3.189308810234069824e+02 1.567051124572753906e+02 3.186544847488403320e+02 1.511387825012207031e+02 3.206876277923583984e+02 2.000000000000000000e+00
5.094285011291503906e+02 1.144766664505004883e+02 5.007734107971191406e+02 1.140930747985839844e+02 4.951546669006347656e+02 1.162872076034545898e+02 2.000000000000000000e+00
2.474871349334716797e+02 1.968040609359741211e+02 2.415334177017211914e+02 1.972359430789947510e+02 2.385329532623291016e+02 1.999371314048767090e+02 1.000000000000000000e+00
3.303158879280090332e+02 4.134989404678344727e+02 3.218775939941406250e+02 4.131787204742431641e+02 3.163905027508735657e+02 4.152461099624633789e+02 2.000000000000000000e+00
3.947553396224975586e+02 3.976432943344116211e+02 3.861112976074218750e+02 3.972301483154296875e+02 3.807365417480468750e+02 3.991572332382202148e+02 2.000000000000000000e+00
3.911837482452392578e+02 3.575593900680541992e+02 3.826429748535156250e+02 3.571712422370910645e+02 3.771685791015625000e+02 3.590716624259948730e+02 2.000000000000000000e+00
2.972221684455871582e+02 3.543550157546997070e+02 2.886824035644531250e+02 3.540209984779357910e+02 2.832596421241760254e+02 3.559911274909973145e+02 2.000000000000000000e+00
2.063390350341796875e+02 1.697643971443176270e+02 2.007698917388916016e+02 1.705653834342956543e+02 1.986692619323730469e+02 1.733181738853454590e+02 1.000000000000000000e+00
2.404784393310546875e+02 1.996509361267089844e+02 2.345335960388183594e+02 1.999761343002319336e+02 2.315147686004638672e+02 2.026220548152923584e+02 1.000000000000000000e+00
2.603215646743774414e+02 1.288530349731445312e+01 2.516096782684326172e+02 1.248696327209472656e+01 2.462918853759765625e+02 1.442028522491455078e+01 2.000000000000000000e+00
3.887928485870361328e+02 3.758649015426635742e+02 3.803349018096923828e+02 3.754940271377563477e+02 3.749047565460205078e+02 3.774518823623657227e+02 2.000000000000000000e+00
2.405169534683227539e+02 4.156714582443237305e+02 2.321013927459716797e+02 4.154215764999389648e+02 2.265167045593261719e+02 4.174380826950073242e+02 2.000000000000000000e+00
2.232647228240966797e+02 3.890695238113403320e+02 2.146267700195312500e+02 3.888000297546386719e+02 2.092154788970947266e+02 3.908591938018798828e+02 2.000000000000000000e+00
3.041887509822845459e+02 3.463577628135681152e+02 2.956749558448791504e+02 3.460655879974365234e+02 2.902631211280822754e+02 3.479974722862243652e+02 2.000000000000000000e+00
5.030674743652343750e+02 2.020161116123199463e+02 4.943449783325195312e+02 2.015403735637664795e+02 4.888265419006347656e+02 2.034338343143463135e+02 2.000000000000000000e+00
3.947741079330444336e+02 4.035694313049316406e+02 3.861426115036010742e+02 4.031507921218872070e+02 3.807706594467163086e+02 4.050670194625854492e+02 2.000000000000000000e+00
5.071759033203125000e+02 3.536418843269348145e+02 4.986485671997070312e+02 3.531508541107177734e+02 4.931783485412597656e+02 3.551533555984497070e+02 2.000000000000000000e+00
3.149481201171875000e+02 3.315584778785705566e+02 3.065196228027343750e+02 3.311978173255920410e+02 3.010230100154876709e+02 3.331727671623229980e+02 2.000000000000000000e+00
4.896594810485839844e+02 1.945854306221008301e+02 4.811201286315917969e+02 1.940741264820098877e+02 4.756000709533691406e+02 1.960985541343688965e+02 2.000000000000000000e+00
3.502133178710937500e+02 5.897831439971923828e+01 3.415398573875427246e+02 5.857243537902832031e+01 3.360516059398651123e+02 6.044723510742187500e+01 2.000000000000000000e+00
4.220232582092285156e+02 7.258635520935058594e+01 4.132488155364990234e+02 7.226464748382568359e+01 4.076982116699218750e+02 7.440492153167724609e+01 2.000000000000000000e+00
3.918402099609375000e+02 4.095448064804077148e+02 3.831968688964843750e+02 4.090748119354248047e+02 3.778223896026611328e+02 4.110154867172241211e+02 2.000000000000000000e+00
3.151558837294578552e+02 3.572645330429077148e+02 3.067227470874786377e+02 3.568172335624694824e+02 3.011922907829284668e+02 3.588166880607604980e+02 2.000000000000000000e+00
3.778669452667236328e+02 2.881831169128417969e+01 3.691995859146118164e+02 2.851723194122314453e+01 3.636904287338256836e+02 3.054172039031982422e+01 2.000000000000000000e+00
3.191004943847656250e+02 3.451993489265441895e+02 3.106336057186126709e+02 3.448611831665039062e+02 3.051958620548248291e+02 3.468205332756042480e+02 2.000000000000000000e+00
3.629113769531250000e+02 3.754397106170654297e+02 3.544346308708190918e+02 3.751023674011230469e+02 3.488750004768371582e+02 3.770550012588500977e+02 2.000000000000000000e+00
4.758652973175048828e+02 1.255620360374450684e+02 4.672207355499267578e+02 1.251240777969360352e+02 4.616733455657958984e+02 1.271505403518676758e+02 2.000000000000000000e+00
3.519087219238281250e+02 3.467982244491577148e+02 3.434289240837097168e+02 3.464543795585632324e+02 3.379761350154876709e+02 3.485243010520935059e+02 2.000000000000000000e+00
3.050086367130279541e+02 3.257382273674011230e+02 2.965071105957031250e+02 3.254058909416198730e+02 2.910969543457031250e+02 3.273968553543090820e+02 2.000000000000000000e+00
2.944109487533569336e+02 4.069293594360351562e+02 2.860286259651184082e+02 4.066154193878173828e+02 2.805736374855041504e+02 4.086504364013671875e+02 2.000000000000000000e+00
2.920090937614440918e+02 3.245680260658264160e+02 2.834901428222656250e+02 3.242164063453674316e+02 2.780949687957763672e+02 3.262324547767639160e+02 2.000000000000000000e+00
2.462055635452270508e+02 3.510886001586914062e+02 2.376881408691406250e+02 3.507437181472778320e+02 2.322130584716796875e+02 3.527677059173583984e+02 2.000000000000000000e+00
4.196811580657958984e+02 1.669321060180664062e+01 4.108467388153076172e+02 1.640908241271972656e+01 4.053117656707763672e+02 1.850761413574218750e+01 2.000000000000000000e+00
1.266201972961425781e+02 4.075730037689208984e+02 1.181271362304687500e+02 4.074399805068969727e+02 1.124433517456054688e+02 4.093610572814941406e+02 2.000000000000000000e+00
1.454309654235839844e+02 2.438409273326396942e+02 1.368557929992675781e+02 2.436638031899929047e+02 1.312427902221679688e+02 2.455812379717826843e+02 2.000000000000000000e+00
5.243139076232910156e+02 1.017714071273803711e+02 5.156353187561035156e+02 1.014322185516357422e+02 5.101051139831542969e+02 1.034335756301879883e+02 2.000000000000000000e+00
2.266696166992187500e+02 5.026625633239746094e+01 2.180548572540283203e+02 4.962050914764404297e+01 2.124227142333984375e+02 5.169929981231689453e+01 2.000000000000000000e+00
3.312559509277343750e+02 3.877338981628417969e+02 3.228447571396827698e+02 3.874150800704956055e+02 3.173773193359375000e+02 3.893634080886840820e+02 2.000000000000000000e+00
1.215802955627441406e+02 4.014489269256591797e+02 1.129622077941894531e+02 4.013283491134643555e+02 1.074437904357910156e+02 4.032882785797119141e+02 2.000000000000000000e+00
3.379300844669342041e+02 3.032751488685607910e+02 3.294026798009872437e+02 3.028410673141479492e+02 3.239470216631889343e+02 3.048367309570312500e+02 2.000000000000000000e+00
1.276405525207519531e+02 4.174892377853393555e+02 1.191284751892089844e+02 4.173674154281616211e+02 1.134648895263671875e+02 4.193489742279052734e+02 2.000000000000000000e+00
4.666429138183593750e+02 3.274829149246215820e+02 4.582953834533691406e+02 3.270922279357910156e+02 4.528118896484375000e+02 3.291129827499389648e+02 2.000000000000000000e+00
2.604152202606201172e+02 3.707625246047973633e+02 2.518606996536254883e+02 3.704984807968139648e+02 2.464296102523803711e+02 3.725892734527587891e+02 2.000000000000000000e+00
3.491582655906677246e+02 4.188139915466308594e+01 3.404562377929687500e+02 4.155700206756591797e+01 3.350772094726562500e+02 4.348533153533935547e+01 2.000000000000000000e+00
3.938067960739135742e+02 3.896672201156616211e+02 3.852838468551635742e+02 3.892926692962646484e+02 3.799356079101562500e+02 3.912481212615966797e+02 2.000000000000000000e+00
4.262564373016357422e+02 1.126328659057617188e+02 4.175333595275878906e+02 1.123091697692871094e+02 4.119959735870361328e+02 1.143632698059082031e+02 2.000000000000000000e+00
4.018240356445312500e+02 1.476938724517822266e+01 3.930639028549194336e+02 1.448674678802490234e+01 3.876728534698486328e+02 1.654599666595458984e+01 2.000000000000000000e+00
3.015294492244720459e+02 2.696758747100830078e+02 2.931148672103881836e+02 2.694081741571426392e+02 2.874998474121093750e+02 2.713443017005920410e+02 2.000000000000000000e+00
4.562113666534423828e+02 3.393780541419982910e+02 4.477565002441406250e+02 3.390063500404357910e+02 4.425036048889160156e+02 3.409297513961791992e+02 2.000000000000000000e+00
1.861749744415283203e+02 3.936602497100830078e+02 1.777034473419189453e+02 3.935161542892456055e+02 1.721378421783447266e+02 3.955744171142578125e+02 2.000000000000000000e+00
1.901920890808105469e+02 1.964621865749359131e+02 1.847762107849121094e+02 1.970235407352447510e+02 1.822373294830322266e+02 1.995691502094268799e+02 1.000000000000000000e+00
1.044369316101074219e+02 3.986316347122192383e+02 9.580089569091796875e+01 3.985129165649414062e+02 9.016315460205078125e+01 4.005488061904907227e+02 2.000000000000000000e+00
3.649257516860961914e+02 2.879128932952880859e+01 3.563857436180114746e+02 2.850472927093505859e+01 3.509415292739868164e+02 3.046949386596679688e+01 2.000000000000000000e+00
2.761025667190551758e+02 1.650221943855285645e+02 2.696676301956176758e+02 1.656287670135498047e+02 2.664709472656250000e+02 1.685683536529541016e+02 1.000000000000000000e+00
5.015180778503417969e+02 2.073303365707397461e+02 4.927472877502441406e+02 2.069430363178253174e+02 4.880889701843261719e+02 2.089853489398956299e+02 2.000000000000000000e+00
3.718125629425048828e+02 3.445436453819274902e+02 3.633609914779663086e+02 3.442659330368041992e+02 3.579387831687927246e+02 3.461752367019653320e+02 2.000000000000000000e+00
3.697890615463256836e+02 1.681879520416259766e+01 3.612204313278198242e+02 1.648664474487304688e+01 3.557594609260559082e+02 1.848604202270507812e+01 2.000000000000000000e+00
2.660726022720336914e+02 1.572422719001770020e+02 2.601800537109375000e+02 1.581360912322998047e+02 2.570942974090576172e+02 1.610710859298706055e+02 1.000000000000000000e+00
4.241999244689941406e+02 2.477800905704498291e+02 4.155111408233642578e+02 2.473686070740222931e+02 4.100100708007812500e+02 2.491298988461494446e+02 2.000000000000000000e+00
2.997748112678527832e+02 4.271021890640258789e+02 2.913795471191406250e+02 4.267578506469726562e+02 2.858808279037475586e+02 4.288193178176879883e+02 2.000000000000000000e+00
3.521578073501586914e+02 2.684916973114013672e+01 3.435675048828125000e+02 2.651289939880371094e+01 3.380535280704498291e+02 2.858808517456054688e+01 2.000000000000000000e+00
5.059652709960937500e+02 3.466457891464233398e+02 4.975507545471191406e+02 3.461519551277160645e+02 4.920730972290039062e+02 3.481304669380187988e+02 2.000000000000000000e+00
4.739581298828125000e+02 1.684842467308044434e+02 4.655447673797607422e+02 1.681260323524475098e+02 4.599509620666503906e+02 1.701666069030761719e+02 2.000000000000000000e+00
1.033939170837402344e+02 3.846444511413574219e+02 9.475240707397460938e+01 3.845481634140014648e+02 8.915166854858398438e+01 3.865862846374511719e+02 2.000000000000000000e+00
5.248883628845214844e+02 2.047791874408721924e+02 5.164846229553222656e+02 2.043970012664794922e+02 5.124423217773437500e+02 2.064310133457183838e+02 2.000000000000000000e+00
4.372721862792968750e+02 1.367225003242492676e+02 4.285723018646240234e+02 1.363668608665466309e+02 4.230620479583740234e+02 1.383554148674011230e+02 2.000000000000000000e+00
3.941633939743041992e+02 6.190748691558837891e+01 3.854983854293823242e+02 6.153297901153564453e+01 3.799116849899291992e+02 6.358918190002441406e+01 2.000000000000000000e+00
3.453198862075805664e+02 3.916197824478149414e+02 3.369096076488494873e+02 3.913135385513305664e+02 3.314631652832031250e+02 3.932802772521972656e+02 2.000000000000000000e+00
3.398523259162902832e+02 3.102324843406677246e+02 3.313875734806060791e+02 3.098508667945861816e+02 3.259120792150497437e+02 3.118172049522399902e+02 2.000000000000000000e+00
1.323384094238281250e+02 3.703701782226562500e+02 1.236596488952636719e+02 3.702286434173583984e+02 1.180450820922851562e+02 3.721572589874267578e+02 2.000000000000000000e+00
3.498615121841430664e+02 3.171511888504028320e+02 3.413648676872253418e+02 3.167671823501586914e+02 3.358869636058807373e+02 3.187829017639160156e+02 2.000000000000000000e+00
3.777847623825073242e+02 3.772221708297729492e+02 3.693323993682861328e+02 3.768154907226562500e+02 3.637693500518798828e+02 3.787873935699462891e+02 2.000000000000000000e+00
3.834475421905517578e+02 2.617552810907363892e+02 3.748835134506225586e+02 2.615137642621994019e+02 3.694966459274291992e+02 2.634257823228836060e+02 2.000000000000000000e+00
2.172043132781982422e+02 3.762057495117187500e+02 2.086010265350341797e+02 3.759248113632202148e+02 2.031150054931640625e+02 3.779735755920410156e+02 2.000000000000000000e+00
2.688692331314086914e+02 3.208598399162292480e+02 2.605383300781250000e+02 3.206580233573913574e+02 2.550372600555419922e+02 3.225854516029357910e+02 2.000000000000000000e+00
3.280276489257812500e+02 4.284367561340332031e+01 3.194233703613281250e+02 4.250977993011474609e+01 3.140835875272750854e+02 4.446259975433349609e+01 2.000000000000000000e+00
1.369015693664550781e+02 4.112233972549438477e+02 1.283461761474609375e+02 4.110884857177734375e+02 1.226413536071777344e+02 4.131248903274536133e+02 2.000000000000000000e+00
2.475370168685913086e+02 4.156388282775878906e+02 2.391135120391845703e+02 4.154096746444702148e+02 2.335470390319824219e+02 4.174028778076171875e+02 2.000000000000000000e+00
4.401979351043701172e+02 3.562994742393493652e+02 4.317579078674316406e+02 3.559273767471313477e+02 4.262759685516357422e+02 3.579606413841247559e+02 2.000000000000000000e+00
3.834579467773437500e+02 2.557611858844757080e+02 3.748275470733642578e+02 2.555447852611541748e+02 3.694507455825805664e+02 2.574695134162902832e+02 2.000000000000000000e+00
5.184506225585937500e+02 1.411620140075683594e+02 5.097158241271972656e+02 1.407717704772949219e+02 5.042007827758789062e+02 1.428211498260498047e+02 2.000000000000000000e+00
2.511487102508544922e+02 3.310414195060729980e+02 2.426861715316772461e+02 3.307552814483642578e+02 2.370305919647216797e+02 3.326877808570861816e+02 2.000000000000000000e+00
3.828894662857055664e+02 4.145660734176635742e+02 3.743559885025024414e+02 4.140868663787841797e+02 3.689403676986694336e+02 4.161198520660400391e+02 2.000000000000000000e+00
3.599843764305114746e+02 3.625825595855712891e+02 3.514788818359375000e+02 3.622117137908935547e+02 3.459329843521118164e+02 3.642366027832031250e+02 2.000000000000000000e+00
4.428507423400878906e+02 2.891374826431274414e+02 4.344132995605468750e+02 2.886543309688568115e+02 4.289758586883544922e+02 2.906797206401824951e+02 2.000000000000000000e+00
2.750205373764038086e+02 3.347371888160705566e+02 2.666184091567993164e+02 3.344056463241577148e+02 2.611615896224975586e+02 3.364121460914611816e+02 2.000000000000000000e+00
3.462919020652770996e+02 3.995138883590698242e+02 3.377858889102935791e+02 3.991473770141601562e+02 3.323613893985748291e+02 4.011633968353271484e+02 2.000000000000000000e+00
2.651155996322631836e+02 1.656348824501037598e+02 2.590163278579711914e+02 1.665049409866333008e+02 2.558235311508178711e+02 1.694196009635925293e+02 1.000000000000000000e+00
3.423002624511718750e+02 4.182682657241821289e+02 3.338186955451965332e+02 4.178380537033081055e+02 3.283687132596969604e+02 4.199128246307373047e+02 2.000000000000000000e+00
3.367083740234375000e+02 2.623705458641052246e+02 3.281708681583404541e+02 2.619925850629806519e+02 3.227521362900733948e+02 2.639166569709777832e+02 2.000000000000000000e+00
5.064082145690917969e+02 7.970682621002197266e+01 4.976940727233886719e+02 7.937054157257080078e+01 4.920198059082031250e+02 8.141911983489990234e+01 2.000000000000000000e+00
2.605945110321044922e+02 4.223513031005859375e+02 2.519448089599609375e+02 4.220706510543823242e+02 2.465999889373779297e+02 4.241824436187744141e+02 2.000000000000000000e+00
1.611292552947998047e+02 3.049094295501708984e+02 1.525514411926269531e+02 3.047402715682983398e+02 1.469519042968750000e+02 3.067127394676208496e+02 2.000000000000000000e+00
4.228835201263427734e+02 5.050343513488769531e+01 4.142183208465576172e+02 5.020184040069580078e+01 4.085499572753906250e+02 5.223066329956054688e+01 2.000000000000000000e+00
2.764797353744506836e+02 1.495483946800231934e+02 2.702147197723388672e+02 1.501751518249511719e+02 2.670694589614868164e+02 1.531590557098388672e+02 1.000000000000000000e+00
3.250177919864654541e+02 2.790827751159667969e+01 3.164756163954734802e+02 2.757840156555175781e+01 3.109482115507125854e+02 2.956791400909423828e+01 2.000000000000000000e+00
1.767634582519531250e+02 1.818178689479827881e+02 1.717145347595214844e+02 1.822857034206390381e+02 1.696296977996826172e+02 1.849024629592895508e+02 1.000000000000000000e+00
3.458518671989440918e+02 3.122412157058715820e+02 3.373906254768371582e+02 3.118859624862670898e+02 3.319286811351776123e+02 3.138476014137268066e+02 2.000000000000000000e+00
3.035600280761718750e+02 1.756564879417419434e+02 2.967517685890197754e+02 1.760150599479675293e+02 2.927903747558593750e+02 1.787255501747131348e+02 1.000000000000000000e+00
3.134659117460250854e+02 4.078540134429931641e+02 3.049742424488067627e+02 4.075705718994140625e+02 2.995340275764465332e+02 4.095928716659545898e+02 2.000000000000000000e+00
4.289454078674316406e+02 2.585314035415649414e+02 4.204067707061767578e+02 2.579827272891998291e+02 4.149194335937500000e+02 2.598807996511459351e+02 2.000000000000000000e+00
5.168420982360839844e+02 2.008616924285888672e+02 5.082996559143066406e+02 2.003929102420806885e+02 5.029688453674316406e+02 2.024600958824157715e+02 2.000000000000000000e+00
4.961753654479980469e+02 2.666387557983398438e+01 4.874353408813476562e+02 2.629447460174560547e+01 4.818709373474121094e+02 2.836390972137451172e+01 2.000000000000000000e+00
1.538529396057128906e+02 3.830531930923461914e+02 1.454309844970703125e+02 3.828633213043212891e+02 1.398532867431640625e+02 3.848744630813598633e+02 2.000000000000000000e+00
2.276614475250244141e+02 4.159837675094604492e+02 2.190828704833984375e+02 4.157202816009521484e+02 2.135750102996826172e+02 4.178435468673706055e+02 2.000000000000000000e+00
4.392831134796142578e+02 4.067800712585449219e+02 4.308160400390625000e+02 4.063707733154296875e+02 4.254507160186767578e+02 4.083549213409423828e+02 2.000000000000000000e+00
3.343293762207031250e+02 4.184068965911865234e+02 3.258733826875686646e+02 4.180331182479858398e+02 3.203968200832605362e+02 4.200716686248779297e+02 2.000000000000000000e+00
3.230213013291358948e+02 3.662045288085937500e+02 3.146428525447845459e+02 3.658614206314086914e+02 3.091706240177154541e+02 3.678250551223754883e+02 2.000000000000000000e+00
9.620038986206054688e+01 3.866704845428466797e+02 8.762506484985351562e+01 3.865813636779785156e+02 8.184476852416992188e+01 3.886481666564941406e+02 2.000000000000000000e+00
3.794915485382080078e+02 2.867276930809020996e+02 3.710055541992187500e+02 2.863318812847137451e+02 3.655017423629760742e+02 2.883212006092071533e+02 2.000000000000000000e+00
3.039521789550781250e+02 3.198369455337524414e+02 2.954372549057006836e+02 3.195004892349243164e+02 2.900269460678100586e+02 3.215270090103149414e+02 2.000000000000000000e+00
3.135367733240127563e+02 4.670761585235595703e+01 3.048364555835723877e+02 4.649622917175292969e+01 2.993236684799194336e+02 4.838417530059814453e+01 2.000000000000000000e+00
5.214984130859375000e+02 1.661225080490112305e+02 5.128818321228027344e+02 1.655544090270996094e+02 5.073138427734375000e+02 1.676880168914794922e+02 2.000000000000000000e+00
5.151510047912597656e+02 3.595905804634094238e+02 5.065582847595214844e+02 3.591309285163879395e+02 5.011562156677246094e+02 3.611529922485351562e+02 2.000000000000000000e+00
4.915981864929199219e+02 1.652569985389709473e+02 4.830155754089355469e+02 1.647544956207275391e+02 4.774074745178222656e+02 1.668719315528869629e+02 2.000000000000000000e+00
5.051414299011230469e+02 6.658747673034667969e+01 4.965363121032714844e+02 6.632600784301757812e+01 4.907850646972656250e+02 6.842840194702148438e+01 2.000000000000000000e+00
4.116134357452392578e+02 3.571605205535888672e+01 4.029719543457031250e+02 3.540348529815673828e+01 3.973312091827392578e+02 3.742316722869873047e+01 2.000000000000000000e+00
3.458492732048034668e+02 3.250487136840820312e+02 3.373345947265625000e+02 3.246958065032958984e+02 3.318967282772064209e+02 3.266962051391601562e+02 2.000000000000000000e+00
1.805706310272216797e+02 1.736461901664733887e+02 1.752991199493408203e+02 1.741582489013671875e+02 1.731458377838134766e+02 1.767711639404296875e+02 1.000000000000000000e+00
3.128706967830657959e+02 1.882372856140136719e+01 3.042962038516998291e+02 1.842491626739501953e+01 2.987254333496093750e+02 2.039644718170166016e+01 2.000000000000000000e+00
3.818933439254760742e+02 3.987050914764404297e+02 3.732530212402343750e+02 3.983142757415771484e+02 3.679251098632812500e+02 4.001962995529174805e+02 2.000000000000000000e+00
3.841337919235229492e+02 4.084154605865478516e+01 3.753531789779663086e+02 4.054804801940917969e+01 3.697514057159423828e+02 4.254155158996582031e+01 2.000000000000000000e+00
1.579807472229003906e+02 2.950334823131561279e+02 1.493515014648437500e+02 2.947741413116455078e+02 1.436917495727539062e+02 2.968357872962951660e+02 2.000000000000000000e+00
4.009904479980468750e+02 3.379381656646728516e+01 3.922975158691406250e+02 3.341670513153076172e+01 3.868991708755493164e+02 3.545808792114257812e+01 2.000000000000000000e+00
2.438692140579223633e+02 2.040406000614166260e+02 2.379043292999267578e+02 2.043168461322784424e+02 2.348349475860595703e+02 2.067987513542175293e+02 1.000000000000000000e+00
4.140099239349365234e+02 7.767594337463378906e+01 4.052571392059326172e+02 7.740762233734130859e+01 3.996453571319580078e+02 7.945505619049072266e+01 2.000000000000000000e+00
1.927660083770751953e+02 3.196943736076354980e+02 1.842439365386962891e+02 3.194595694541931152e+02 1.785888481140136719e+02 3.214516925811767578e+02 2.000000000000000000e+00
2.901095271110534668e+02 3.335507869720458984e+02 2.816863393783569336e+02 3.331883883476257324e+02 2.761137056350708008e+02 3.351254653930664062e+02 2.000000000000000000e+00
1.173350143432617188e+02 3.785129499435424805e+02 1.085619163513183594e+02 3.783967638015747070e+02 1.030253028869628906e+02 3.805074262619018555e+02 2.000000000000000000e+00
1.823954296112060547e+02 1.947851085662841797e+02 1.770868778228759766e+02 1.951733994483947754e+02 1.745668601989746094e+02 1.976900303363800049e+02 1.000000000000000000e+00
3.940444660186767578e+02 3.481870651245117188e+01 3.853317594528198242e+02 3.444794654846191406e+01 3.798785734176635742e+02 3.647445201873779297e+01 2.000000000000000000e+00
3.421575617790222168e+02 4.487593173980712891e+01 3.335075688362121582e+02 4.456894397735595703e+01 3.281120914220809937e+02 4.649672985076904297e+01 2.000000000000000000e+00
4.498578834533691406e+02 3.129197716712951660e+02 4.414057922363281250e+02 3.125397706031799316e+02 4.358661556243896484e+02 3.145641517639160156e+02 2.000000000000000000e+00
3.880718088150024414e+02 3.281621932983398438e+01 3.793170166015625000e+02 3.246538639068603516e+01 3.738949918746948242e+02 3.449749946594238281e+01 2.000000000000000000e+00
3.265581971406936646e+02 2.454740452766418457e+02 3.180714721977710724e+02 2.451170960068702698e+02 3.125052487850189209e+02 2.471055909991264343e+02 2.000000000000000000e+00
1.748558044433593750e+02 3.658736944198608398e+02 1.662476158142089844e+02 3.657357788085937500e+02 1.607204532623291016e+02 3.677241039276123047e+02 2.000000000000000000e+00
4.078532695770263672e+02 3.391328787803649902e+02 3.992787170410156250e+02 3.386946129798889160e+02 3.939050006866455078e+02 3.405672955513000488e+02 2.000000000000000000e+00
2.117846488952636719e+02 3.314582848548889160e+02 2.033247661590576172e+02 3.312214064598083496e+02 1.977256107330322266e+02 3.332438421249389648e+02 2.000000000000000000e+00
4.376800251007080078e+02 2.972468590736389160e+02 4.294454097747802734e+02 2.966790783405303955e+02 4.239969825744628906e+02 2.987151825428009033e+02 2.000000000000000000e+00
4.635970783233642578e+02 1.999280512332916260e+02 4.547128582000732422e+02 1.996086573600769043e+02 4.491083717346191406e+02 2.017343437671661377e+02 2.000000000000000000e+00
3.502128291130065918e+02 3.627996253967285156e+02 3.417040109634399414e+02 3.624224281311035156e+02 3.362841796875000000e+02 3.644409799575805664e+02 2.000000000000000000e+00
5.015325355529785156e+02 1.423899149894714355e+02 4.927950096130371094e+02 1.418985986709594727e+02 4.873154640197753906e+02 1.439244318008422852e+02 2.000000000000000000e+00
3.964154386520385742e+02 1.310499215126037598e+02 3.877083730697631836e+02 1.306019210815429688e+02 3.822514677047729492e+02 1.326409077644348145e+02 2.000000000000000000e+00
3.374614262580871582e+02 2.484684151411056519e+02 3.289651793241500854e+02 2.480680543184280396e+02 3.234603577852249146e+02 2.500734409689903259e+02 2.000000000000000000e+00
2.236692333221435547e+02 4.219736051559448242e+02 2.150969505310058594e+02 4.217208051681518555e+02 2.095789813995361328e+02 4.237631607055664062e+02 2.000000000000000000e+00
5.220459556579589844e+02 3.662472724914550781e+01 5.132742881774902344e+02 3.626246452331542969e+01 5.077668190002441406e+02 3.839411258697509766e+01 2.000000000000000000e+00
4.564282512664794922e+02 2.278422832489013672e+01 4.477764034271240234e+02 2.241180896759033203e+01 4.422464275360107422e+02 2.444191932678222656e+01 2.000000000000000000e+00
4.421941566467285156e+02 4.136960220336914062e+02 4.337411212921142578e+02 4.132479572296142578e+02 4.283522033691406250e+02 4.152558660507202148e+02 2.000000000000000000e+00
1.413417816162109375e+02 3.324241089820861816e+02 1.326339530944824219e+02 3.321611094474792480e+02 1.270758247375488281e+02 3.340885376930236816e+02 2.000000000000000000e+00
3.128398132324218750e+02 2.945330822467803955e+02 3.042676389217376709e+02 2.942038285732269287e+02 2.988424992561340332e+02 2.961664152145385742e+02 2.000000000000000000e+00
2.321603202819824219e+02 3.452342247962951660e+02 2.236533832550048828e+02 3.450306415557861328e+02 2.181277465820312500e+02 3.469985103607177734e+02 2.000000000000000000e+00
4.835272216796875000e+02 4.071529912948608398e+02 4.751267147064208984e+02 4.067445802688598633e+02 4.696344947814941406e+02 4.086992025375366211e+02 2.000000000000000000e+00
3.809380483627319336e+02 3.451991629600524902e+02 3.724338102340698242e+02 3.447650814056396484e+02 3.669380187988281250e+02 3.467518043518066406e+02 2.000000000000000000e+00
3.883777475357055664e+02 5.593624591827392578e+01 3.796595764160156250e+02 5.557006359100341797e+01 3.740901517868041992e+02 5.762769699096679688e+01 2.000000000000000000e+00
3.788268136978149414e+02 3.619761085510253906e+02 3.704071044921875000e+02 3.615168285369873047e+02 3.648635244369506836e+02 3.635160255432128906e+02 2.000000000000000000e+00
2.838841843605041504e+02 2.976423668861389160e+02 2.753382873535156250e+02 2.973692643642425537e+02 2.697958993911743164e+02 2.994122958183288574e+02 2.000000000000000000e+00
3.201290588360279799e+02 3.521544241905212402e+02 3.116382443904876709e+02 3.518430876731872559e+02 3.061899411678314209e+02 3.538135743141174316e+02 2.000000000000000000e+00
4.009769630432128906e+02 2.556875306367874146e+02 3.925188302993774414e+02 2.553656780719757080e+02 3.871087360382080078e+02 2.574093639850616455e+02 2.000000000000000000e+00
1.930760669708251953e+02 3.974479436874389648e+02 1.845993041992187500e+02 3.972118663787841797e+02 1.790557193756103516e+02 3.993457174301147461e+02 2.000000000000000000e+00
2.689208364486694336e+02 3.087677049636840820e+02 2.604896545410156250e+02 3.085066866874694824e+02 2.549432039260864258e+02 3.103771376609802246e+02 2.000000000000000000e+00
3.061489558219909668e+02 3.384858727455139160e+02 2.976661682128906250e+02 3.381186890602111816e+02 2.922158813476562500e+02 3.401355314254760742e+02 2.000000000000000000e+00
3.140217286348342896e+02 3.403676176071166992e+02 3.055454409122467041e+02 3.399772381782531738e+02 3.001061701774597168e+02 3.419740033149719238e+02 2.000000000000000000e+00
4.648837280273437500e+02 1.296816802024841309e+02 4.562166786193847656e+02 1.292833042144775391e+02 4.506713008880615234e+02 1.312503004074096680e+02 2.000000000000000000e+00
2.022825431823730469e+02 2.069946563243865967e+02 1.963185882568359375e+02 2.073090648651123047e+02 1.935089588165283203e+02 2.097389960289001465e+02 1.000000000000000000e+00
3.208244323730468750e+02 2.754088139533996582e+02 3.122313231229782104e+02 2.751110565662384033e+02 3.067992246150970459e+02 2.770242619514465332e+02 2.000000000000000000e+00
4.581468486785888672e+02 1.108253288269042969e+02 4.495860004425048828e+02 1.103798818588256836e+02 4.439402770996093750e+02 1.123270940780639648e+02 2.000000000000000000e+00
1.896523571014404297e+02 3.386934900283813477e+02 1.810592460632324219e+02 3.384852647781372070e+02 1.755498313903808594e+02 3.404570960998535156e+02 2.000000000000000000e+00
2.474535226821899414e+02 3.829181241989135742e+02 2.389492130279541016e+02 3.826240682601928711e+02 2.335196685791015625e+02 3.847428703308105469e+02 2.000000000000000000e+00
1.430593109130859375e+02 4.171697759628295898e+02 1.344493865966796875e+02 4.170661354064941406e+02 1.288356781005859375e+02 4.190440750122070312e+02 2.000000000000000000e+00
2.175858783721923828e+02 2.096402728557586670e+02 2.108308124542236328e+02 2.100030809640884399e+02 2.080594158172607422e+02 2.124282664060592651e+02 1.000000000000000000e+00
2.463364076614379883e+02 1.914611935615539551e+02 2.403612375259399414e+02 1.918590831756591797e+02 2.373441314697265625e+02 1.946307671070098877e+02 1.000000000000000000e+00
4.144073200225830078e+02 4.189081478118896484e+02 4.059953022003173828e+02 4.184954881668090820e+02 4.005768775939941406e+02 4.205334520339965820e+02 2.000000000000000000e+00
3.085704648494720459e+02 2.476246038079261780e+02 3.002047419548034668e+02 2.472867433726787567e+02 2.946797180175781250e+02 2.492044070363044739e+02 2.000000000000000000e+00
3.539182734489440918e+02 3.690628051757812500e+01 3.454070448875427246e+02 3.654735088348388672e+01 3.399058234691619873e+02 3.857624530792236328e+01 2.000000000000000000e+00
4.371417522430419922e+02 3.161760878562927246e+02 4.286944293975830078e+02 3.157185101509094238e+02 4.232314491271972656e+02 3.176110553741455078e+02 2.000000000000000000e+00
4.776445960998535156e+02 6.671547889709472656e+01 4.691843891143798828e+02 6.624688625335693359e+01 4.636078166961669922e+02 6.835601806640625000e+01 2.000000000000000000e+00
1.740036773681640625e+02 2.576971757411956787e+02 1.654116058349609375e+02 2.575468146800994873e+02 1.597927093505859375e+02 2.595004284381866455e+02 2.000000000000000000e+00
4.838021850585937500e+02 1.763428330421447754e+02 4.753649330139160156e+02 1.758762359619140625e+02 4.696990966796875000e+02 1.778954744338989258e+02 2.000000000000000000e+00
3.736341238021850586e+02 3.166666603088378906e+02 3.650916147232055664e+02 3.163494586944580078e+02 3.596272897720336914e+02 3.183152532577514648e+02 2.000000000000000000e+00
1.764168834686279297e+02 2.918393898010253906e+02 1.677865695953369141e+02 2.916131615638732910e+02 1.624174976348876953e+02 2.935517907142639160e+02 2.000000000000000000e+00
2.735757446289062500e+02 4.003937530517578125e+02 2.650928020477294922e+02 4.000993680953979492e+02 2.596110200881958008e+02 4.021928501129150391e+02 2.000000000000000000e+00
2.618251943588256836e+02 3.189655494689941406e+02 2.534668731689453125e+02 3.187462806701660156e+02 2.479444122314453125e+02 3.206661415100097656e+02 2.000000000000000000e+00
5.128543663024902344e+02 3.466269922256469727e+02 5.044231986999511719e+02 3.461201262474060059e+02 4.989014244079589844e+02 3.480895113945007324e+02 2.000000000000000000e+00
5.010450744628906250e+02 3.900848150253295898e+02 4.924780273437500000e+02 3.894921398162841797e+02 4.870264244079589844e+02 3.914623117446899414e+02 2.000000000000000000e+00
5.265143394470214844e+02 1.389598345756530762e+02 5.177927970886230469e+02 1.385722732543945312e+02 5.122820472717285156e+02 1.406504487991333008e+02 2.000000000000000000e+00
2.948981928825378418e+02 2.476465308666229248e+02 2.865970158576965332e+02 2.475166019797325134e+02 2.810880422592163086e+02 2.495754092931747437e+02 2.000000000000000000e+00
4.449452209472656250e+02 8.272713661193847656e+01 4.362452411651611328e+02 8.228904247283935547e+01 4.305688190460205078e+02 8.440685749053955078e+01 2.000000000000000000e+00
4.097499084472656250e+02 1.675827026367187500e+01 4.011820983886718750e+02 1.646478652954101562e+01 3.954775714874267578e+02 1.856399059295654297e+01 2.000000000000000000e+00
4.378228759765625000e+02 2.614020395278930664e+02 4.293559551239013672e+02 2.609011244773864746e+02 4.238152503967285156e+02 2.627868658304214478e+02 2.000000000000000000e+00
4.194417762756347656e+02 3.852575111389160156e+02 4.110675716400146484e+02 3.849026870727539062e+02 4.055453491210937500e+02 3.868799257278442383e+02 2.000000000000000000e+00
2.637154817581176758e+02 4.174474525451660156e+02 2.552920532226562500e+02 4.171948671340942383e+02 2.497185182571411133e+02 4.192970609664916992e+02 2.000000000000000000e+00
2.716905212402343750e+02 4.183471441268920898e+02 2.632517385482788086e+02 4.179269170761108398e+02 2.577283620834350586e+02 4.201497030258178711e+02 2.000000000000000000e+00
3.143986207246780396e+02 3.978899574279785156e+02 3.058788752555847168e+02 3.975848436355590820e+02 3.003919982910156250e+02 3.995615673065185547e+02 2.000000000000000000e+00
2.864871525764465332e+02 3.981461620330810547e+02 2.780893230438232422e+02 3.978259420394897461e+02 2.726095581054687500e+02 3.998954916000366211e+02 2.000000000000000000e+00
3.505639338493347168e+02 2.653025221824645996e+02 3.420525813102722168e+02 2.649245005846023560e+02 3.366090095043182373e+02 2.667961746454238892e+02 2.000000000000000000e+00
3.605478239059448242e+02 2.858786022663116455e+02 3.523545527458190918e+02 2.857308661937713623e+02 3.465501713752746582e+02 2.874883747100830078e+02 2.000000000000000000e+00
1.738062095642089844e+02 1.743078303337097168e+02 1.688111591339111328e+02 1.748288512229919434e+02 1.668936634063720703e+02 1.775034427642822266e+02 1.000000000000000000e+00
1.787601947784423828e+02 3.588394832611083984e+02 1.702063846588134766e+02 3.587253499031066895e+02 1.645963096618652344e+02 3.606589078903198242e+02 2.000000000000000000e+00
2.002677631378173828e+02 1.857791411876678467e+02 1.947351074218750000e+02 1.863946366310119629e+02 1.923440074920654297e+02 1.890781223773956299e+02 1.000000000000000000e+00
4.759822082519531250e+02 1.525622677803039551e+02 4.673347759246826172e+02 1.521330857276916504e+02 4.616106891632080078e+02 1.542346787452697754e+02 2.000000000000000000e+00
2.939106440544128418e+02 3.106738328933715820e+02 2.854004812240600586e+02 3.103683185577392578e+02 2.799691772460937500e+02 3.124613356590270996e+02 2.000000000000000000e+00
5.207750892639160156e+02 6.750902652740478516e+01 5.121243286132812500e+02 6.720571517944335938e+01 5.064767265319824219e+02 6.924525260925292969e+01 2.000000000000000000e+00
5.241701126098632812e+02 1.210223150253295898e+02 5.154777908325195312e+02 1.206204986572265625e+02 5.099474525451660156e+02 1.227421474456787109e+02 2.000000000000000000e+00
4.254302120208740234e+02 1.367671751976013184e+02 4.167407894134521484e+02 1.364244461059570312e+02 4.112708187103271484e+02 1.384551358222961426e+02 2.000000000000000000e+00
2.222230625152587891e+02 2.117268973588943481e+02 2.150754642486572266e+02 2.118658733367919922e+02 2.123120117187500000e+02 2.142947530746459961e+02 1.000000000000000000e+00
3.839001464843750000e+02 4.046019029617309570e+02 3.753387451171875000e+02 4.042063951492309570e+02 3.699662160873413086e+02 4.061054706573486328e+02 2.000000000000000000e+00
2.764898061752319336e+02 1.543901753425598145e+02 2.702406930923461914e+02 1.549138140678405762e+02 2.670956087112426758e+02 1.578162002563476562e+02 1.000000000000000000e+00
