2.039797019958496094e+02 4.602212905883789062e+02 2.019475078582763672e+02 4.545125198364257812e+02 1.987928867340087891e+02 4.529169130325317383e+02 2.000000000000000000e+00
2.150357627868652344e+02 4.701561641693115234e+02 2.128767490386962891e+02 4.645200920104980469e+02 2.097422885894775391e+02 4.628521299362182617e+02 2.000000000000000000e+00
4.849029350280761719e+02 3.163525414466857910e+02 4.827008056640625000e+02 3.106905555725097656e+02 4.794892597198486328e+02 3.089814805984497070e+02 2.000000000000000000e+00
2.870177292823791504e+02 4.463450145721435547e+02 2.848068833351135254e+02 4.405471658706665039e+02 2.816266465187072754e+02 4.390372180938720703e+02 2.000000000000000000e+00
2.510654592514038086e+02 4.473883724212646484e+02 2.487652111053466797e+02 4.416355133056640625e+02 2.456616210937500000e+02 4.400002241134643555e+02 2.000000000000000000e+00
3.312070620059967041e+02 2.325030054152011871e+02 3.338201904296875000e+02 2.279052114486694336e+02 3.354947817325592041e+02 2.273500210046768188e+02 1.000000000000000000e+00
2.271361827850341797e+02 4.382637977600097656e+02 2.249157047271728516e+02 4.324683666229248047e+02 2.216331195831298828e+02 4.309588766098022461e+02 2.000000000000000000e+00
2.899736928939819336e+02 4.553526735305786133e+02 2.878829956054687500e+02 4.496020317077636719e+02 2.845849609375000000e+02 4.479007673263549805e+02 2.000000000000000000e+00
2.210474491119384766e+02 4.662218427658081055e+02 2.188772392272949219e+02 4.605370616912841797e+02 2.157186222076416016e+02 4.588659811019897461e+02 2.000000000000000000e+00
2.711162710189819336e+02 4.274130964279174805e+02 2.687695598602294922e+02 4.216497230529785156e+02 2.656783723831176758e+02 4.201724338531494141e+02 2.000000000000000000e+00
2.311026573181152344e+02 1.971318340301513672e+02 2.358201122283935547e+02 1.928633236885070801e+02 2.395210742950439453e+02 1.927527272701263428e+02 1.000000000000000000e+00
5.738902664184570312e+02 3.075607323646545410e+02 5.717188072204589844e+02 3.016185021400451660e+02 5.684646034240722656e+02 2.999447679519653320e+02 2.000000000000000000e+00
2.701920461654663086e+02 4.333715629577636719e+02 2.677264070510864258e+02 4.276338243484497070e+02 2.647358369827270508e+02 4.261040067672729492e+02 2.000000000000000000e+00
3.159097900986671448e+02 4.682880735397338867e+02 3.137498778104782104e+02 4.625370025634765625e+02 3.105484008789062500e+02 4.609867715835571289e+02 2.000000000000000000e+00
5.388725090026855469e+02 3.404812359809875488e+02 5.365472984313964844e+02 3.348028278350830078e+02 5.334203529357910156e+02 3.332204604148864746e+02 2.000000000000000000e+00
6.361159706115722656e+02 2.075268995761871338e+02 6.339037513732910156e+02 2.018887460231781006e+02 6.306751060485839844e+02 2.002860689163208008e+02 2.000000000000000000e+00
6.140528678894042969e+02 2.004364299774169922e+02 6.118225669860839844e+02 1.947667980194091797e+02 6.085745811462402344e+02 1.931247067451477051e+02 2.000000000000000000e+00
5.330806922912597656e+02 9.239845275878906250e+01 5.309095573425292969e+02 8.666170120239257812e+01 5.278404045104980469e+02 8.504320621490478516e+01 2.000000000000000000e+00
2.739366769790649414e+02 4.702914619445800781e+02 2.717543029785156250e+02 4.645846366882324219e+02 2.685659456253051758e+02 4.628848743438720703e+02 2.000000000000000000e+00
4.881642532348632812e+02 1.144562816619873047e+02 4.858708190917968750e+02 1.087377119064331055e+02 4.827853775024414062e+02 1.071389579772949219e+02 2.000000000000000000e+00
2.531271982192993164e+02 3.404445219039916992e+02 2.507712221145629883e+02 3.346565937995910645e+02 2.476126384735107422e+02 3.332279133796691895e+02 2.000000000000000000e+00
2.679992961883544922e+02 4.633161735534667969e+02 2.657835388183593750e+02 4.575705671310424805e+02 2.626528596878051758e+02 4.559734582901000977e+02 2.000000000000000000e+00
3.692398691177368164e+02 2.259875786304473877e+02 3.709732055664062500e+02 2.216919547319412231e+02 3.715841674804687500e+02 2.212377011775970459e+02 1.000000000000000000e+00
3.018560481071472168e+02 2.503383180499076843e+02 3.053442990779876709e+02 2.456237795948982239e+02 3.074376213550567627e+02 2.449126589298248291e+02 1.000000000000000000e+00
2.570775747299194336e+02 4.503642940521240234e+02 2.547852468490600586e+02 4.446074295043945312e+02 2.517141580581665039e+02 4.430104780197143555e+02 2.000000000000000000e+00
1.897965812683105469e+02 1.831209540367126465e+02 1.950643634796142578e+02 1.789546608924865723e+02 1.990007305145263672e+02 1.788263797760009766e+02 1.000000000000000000e+00
2.880234074592590332e+02 4.403681802749633789e+02 2.858170771598815918e+02 4.346020889282226562e+02 2.826120305061340332e+02 4.330982494354248047e+02 2.000000000000000000e+00
2.969808650016784668e+02 4.693253231048583984e+02 2.947054123878479004e+02 4.635416078567504883e+02 2.916715073585510254e+02 4.619554567337036133e+02 2.000000000000000000e+00
5.291448402404785156e+02 1.624665212631225586e+02 5.270539665222167969e+02 1.567642307281494141e+02 5.239556884765625000e+02 1.551868987083435059e+02 2.000000000000000000e+00
2.810173034667968750e+02 4.483615207672119141e+02 2.787985849380493164e+02 4.425843000411987305e+02 2.756696748733520508e+02 4.410625648498535156e+02 2.000000000000000000e+00
5.950825881958007812e+02 1.714559268951416016e+02 5.930689048767089844e+02 1.657682776451110840e+02 5.897672843933105469e+02 1.642087697982788086e+02 2.000000000000000000e+00
5.911357498168945312e+02 2.205302417278289795e+02 5.889160728454589844e+02 2.149168539047241211e+02 5.856782913208007812e+02 2.132887566089630127e+02 2.000000000000000000e+00
2.621873474121093750e+02 3.233829975128173828e+02 2.599644136428833008e+02 3.177055692672729492e+02 2.567395305633544922e+02 3.161234164237976074e+02 2.000000000000000000e+00
2.401589822769165039e+02 4.444404745101928711e+02 2.377761077880859375e+02 4.386893463134765625e+02 2.346023273468017578e+02 4.370793628692626953e+02 2.000000000000000000e+00
5.811931228637695312e+02 1.663498663902282715e+02 5.790239334106445312e+02 1.607600498199462891e+02 5.757460975646972656e+02 1.590801644325256348e+02 2.000000000000000000e+00
2.600351572036743164e+02 4.603379631042480469e+02 2.578150606155395508e+02 4.545405721664428711e+02 2.547047567367553711e+02 4.529246091842651367e+02 2.000000000000000000e+00
4.799360942840576172e+02 3.203526020050048828e+02 4.776986980438232422e+02 3.147071886062622070e+02 4.744904518127441406e+02 3.129963755607604980e+02 2.000000000000000000e+00
4.881288719177246094e+02 1.804383373260498047e+02 4.860636901855468750e+02 1.746346378326416016e+02 4.828729248046875000e+02 1.730847001075744629e+02 2.000000000000000000e+00
2.611213350296020508e+02 3.414321970939636230e+02 2.587834453582763672e+02 3.356477737426757812e+02 2.556184387207031250e+02 3.342106032371520996e+02 2.000000000000000000e+00
3.205012817308306694e+02 2.285409083962440491e+02 3.232426452636718750e+02 2.240496057271957397e+02 3.251894533634185791e+02 2.234192794561386108e+02 1.000000000000000000e+00
3.061978447437286377e+02 2.246637403964996338e+02 3.097726738452911377e+02 2.200964337587356567e+02 3.122345578670501709e+02 2.196559131145477295e+02 1.000000000000000000e+00
2.519585418701171875e+02 4.724745941162109375e+02 2.496691274642944336e+02 4.666761875152587891e+02 2.465665864944458008e+02 4.651499748229980469e+02 2.000000000000000000e+00
3.029889833927154541e+02 4.683170843124389648e+02 3.007187187671661377e+02 4.625524663925170898e+02 2.976475214958190918e+02 4.609762430191040039e+02 2.000000000000000000e+00
2.781260967254638672e+02 4.343589019775390625e+02 2.756950664520263672e+02 4.286097764968872070e+02 2.726941204071044922e+02 4.271056652069091797e+02 2.000000000000000000e+00
2.879775381088256836e+02 4.693040943145751953e+02 2.857075810432434082e+02 4.635774707794189453e+02 2.826640629768371582e+02 4.618928289413452148e+02 2.000000000000000000e+00
5.501232910156250000e+02 1.594401383399963379e+02 5.479653930664062500e+02 1.537794470787048340e+02 5.448688316345214844e+02 1.521133232116699219e+02 2.000000000000000000e+00
4.861752319335937500e+02 1.044297695159912109e+02 4.838664054870605469e+02 9.870467662811279297e+01 4.807812309265136719e+02 9.707887172698974609e+01 2.000000000000000000e+00
2.710180950164794922e+02 4.483258724212646484e+02 2.686702251434326172e+02 4.425655031204223633e+02 2.657349538803100586e+02 4.410045862197875977e+02 2.000000000000000000e+00
2.630097961425781250e+02 4.413596963882446289e+02 2.607713937759399414e+02 4.355797863006591797e+02 2.577257680892944336e+02 4.340438890457153320e+02 2.000000000000000000e+00
2.500427389144897461e+02 4.543487405776977539e+02 2.477958822250366211e+02 4.485769701004028320e+02 2.446982574462890625e+02 4.469240283966064453e+02 2.000000000000000000e+00
2.749556875228881836e+02 4.583152627944946289e+02 2.727583312988281250e+02 4.525903987884521484e+02 2.696536254882812500e+02 4.508966445922851562e+02 2.000000000000000000e+00
4.830119323730468750e+02 3.364784288406372070e+02 4.807138633728027344e+02 3.306657457351684570e+02 4.775367736816406250e+02 3.289806890487670898e+02 2.000000000000000000e+00
5.321325683593750000e+02 1.695216321945190430e+02 5.300653648376464844e+02 1.638013243675231934e+02 5.269829177856445312e+02 1.622970271110534668e+02 2.000000000000000000e+00
4.894355773925781250e+02 2.282569268345832825e+02 4.878593826293945312e+02 2.234845572710037231e+02 4.854346656799316406e+02 2.228307938575744629e+02 2.000000000000000000e+00
4.980966186523437500e+02 1.743225502967834473e+02 4.960070800781250000e+02 1.685818290710449219e+02 4.927795791625976562e+02 1.668560600280761719e+02 2.000000000000000000e+00
6.352681350708007812e+02 2.395160064473748207e+02 6.329257202148437500e+02 2.338633266091346741e+02 6.297521400451660156e+02 2.323244476318359375e+02 2.000000000000000000e+00
6.079913902282714844e+02 2.346036985516548157e+02 6.058456420898437500e+02 2.288806298375129700e+02 6.026418495178222656e+02 2.273168027400970459e+02 2.000000000000000000e+00
5.772294425964355469e+02 2.114373457431793213e+02 5.750661087036132812e+02 2.058674740791320801e+02 5.717918777465820312e+02 2.041959071159362793e+02 2.000000000000000000e+00
2.669504976272583008e+02 4.533508443832397461e+02 2.647404766082763672e+02 4.475919055938720703e+02 2.617033052444458008e+02 4.459974431991577148e+02 2.000000000000000000e+00
5.053082847595214844e+02 7.740202903747558594e+01 5.031861686706542969e+02 7.172285556793212891e+01 5.000108909606933594e+02 7.006151676177978516e+01 2.000000000000000000e+00
2.820616745948791504e+02 4.413528585433959961e+02 2.797757863998413086e+02 4.356055641174316406e+02 2.766366243362426758e+02 4.340817689895629883e+02 2.000000000000000000e+00
6.250899124145507812e+02 2.185562878847122192e+02 6.229176139831542969e+02 2.129079115390777588e+02 6.197162437438964844e+02 2.111186045408248901e+02 2.000000000000000000e+00
2.540936565399169922e+02 1.970057666301727295e+02 2.586961650848388672e+02 1.929384148120880127e+02 2.620839548110961914e+02 1.927317774295806885e+02 1.000000000000000000e+00
5.782611656188964844e+02 2.285199424624443054e+02 5.761938476562500000e+02 2.227939134836196899e+02 5.728253746032714844e+02 2.212552785873413086e+02 2.000000000000000000e+00
4.329104042053222656e+02 4.403735160827636719e+02 4.306136798858642578e+02 4.346181678771972656e+02 4.275219726562500000e+02 4.329451990127563477e+02 2.000000000000000000e+00
2.799963045120239258e+02 4.692407941818237305e+02 2.777129220962524414e+02 4.636112737655639648e+02 2.746148061752319336e+02 4.618561506271362305e+02 2.000000000000000000e+00
5.869229698181152344e+02 4.404220962524414062e+02 5.845599937438964844e+02 4.346357774734497070e+02 5.812851524353027344e+02 4.328863620758056641e+02 2.000000000000000000e+00
3.077941286563873291e+02 2.534064647555351257e+02 3.111564636230468750e+02 2.487802129983901978e+02 3.133010250329971313e+02 2.481427314877510071e+02 1.000000000000000000e+00
5.541502189636230469e+02 2.134914386272430420e+02 5.517790603637695312e+02 2.076260197162628174e+02 5.488658523559570312e+02 2.062362492084503174e+02 2.000000000000000000e+00
2.849287104606628418e+02 4.633039712905883789e+02 2.827130126953125000e+02 4.575465202331542969e+02 2.795553588867187500e+02 4.558949089050292969e+02 2.000000000000000000e+00
6.070706176757812500e+02 1.924932539463043213e+02 6.047478675842285156e+02 1.867788505554199219e+02 6.015109252929687500e+02 1.852206230163574219e+02 2.000000000000000000e+00
5.949317741394042969e+02 2.046003413200378418e+02 5.927592277526855469e+02 1.988135826587677002e+02 5.895313072204589844e+02 1.973695671558380127e+02 2.000000000000000000e+00
5.351554679870605469e+02 1.564409279823303223e+02 5.330467033386230469e+02 1.507330870628356934e+02 5.299386024475097656e+02 1.491420865058898926e+02 2.000000000000000000e+00
2.160178852081298828e+02 4.393387842178344727e+02 2.139775180816650391e+02 4.334646749496459961e+02 2.107514953613281250e+02 4.319715929031372070e+02 2.000000000000000000e+00
2.531404399871826172e+02 3.223777198791503906e+02 2.508775472640991211e+02 3.167064857482910156e+02 2.476608133316040039e+02 3.151097774505615234e+02 2.000000000000000000e+00
6.019082641601562500e+02 2.245359027385711670e+02 5.997128295898437500e+02 2.189460593461990356e+02 5.965039062500000000e+02 2.172825604677200317e+02 2.000000000000000000e+00
5.400444412231445312e+02 3.023649930953979492e+02 5.377618408203125000e+02 2.966857945919036865e+02 5.345550537109375000e+02 2.950887787342071533e+02 2.000000000000000000e+00
5.571033287048339844e+02 1.544065475463867188e+02 5.550282669067382812e+02 1.487511706352233887e+02 5.519171142578125000e+02 1.470784735679626465e+02 2.000000000000000000e+00
3.908979797363281250e+02 2.882989847660064697e+02 3.888277292251586914e+02 2.832055377960205078e+02 3.856451416015625000e+02 2.811480724811553955e+02 2.000000000000000000e+00
3.377736818790435791e+02 2.287408742308616638e+02 3.401293635368347168e+02 2.244144272804260254e+02 3.413692331314086914e+02 2.240478515625000000e+02 1.000000000000000000e+00
2.999907231330871582e+02 2.443426667153835297e+02 3.034807741641998291e+02 2.395427856221795082e+02 3.055925905704498291e+02 2.387763365730643272e+02 1.000000000000000000e+00
5.842342567443847656e+02 2.334575191140174866e+02 5.822271728515625000e+02 2.277713459730148315e+02 5.789019203186035156e+02 2.261620473861694336e+02 2.000000000000000000e+00
5.561873817443847656e+02 1.654104709625244141e+02 5.539580154418945312e+02 1.597563099861145020e+02 5.508350944519042969e+02 1.580868172645568848e+02 2.000000000000000000e+00
4.723566913604736328e+02 1.957885265350341797e+02 4.703402996063232422e+02 1.903896760940551758e+02 4.674701595306396484e+02 1.891480851173400879e+02 2.000000000000000000e+00
4.871386146545410156e+02 1.734485292434692383e+02 4.850880432128906250e+02 1.676483273506164551e+02 4.818928337097167969e+02 1.661265349388122559e+02 2.000000000000000000e+00
6.310787391662597656e+02 2.035414409637451172e+02 6.288881874084472656e+02 1.979051792621612549e+02 6.256499671936035156e+02 1.963119792938232422e+02 2.000000000000000000e+00
4.019810485839843750e+02 3.945221328735351562e+02 3.997172880172729492e+02 3.887284898757934570e+02 3.965231323242187500e+02 3.870972919464111328e+02 2.000000000000000000e+00
5.310665893554687500e+02 8.142022132873535156e+01 5.288574790954589844e+02 7.570554256439208984e+01 5.257908439636230469e+02 7.408945083618164062e+01 2.000000000000000000e+00
4.640701961517333984e+02 1.204501676559448242e+02 4.618836688995361328e+02 1.147127151489257812e+02 4.586584186553955078e+02 1.131137466430664062e+02 2.000000000000000000e+00
2.321162891387939453e+02 2.060557687282562256e+02 2.368130779266357422e+02 2.016950368881225586e+02 2.405104351043701172e+02 2.015186154842376709e+02 1.000000000000000000e+00
5.561913490295410156e+02 1.754859924316406250e+02 5.539172935485839844e+02 1.697559642791748047e+02 5.507845497131347656e+02 1.681757783889770508e+02 2.000000000000000000e+00
4.930234146118164062e+02 3.233587718009948730e+02 4.907504272460937500e+02 3.176731896400451660e+02 4.875390052795410156e+02 3.159771180152893066e+02 2.000000000000000000e+00
4.499777889251708984e+02 3.864615583419799805e+02 4.476245403289794922e+02 3.806818628311157227e+02 4.445246028900146484e+02 3.791503429412841797e+02 2.000000000000000000e+00
3.234839782118797302e+02 2.383805846795439720e+02 3.264757996797561646e+02 2.334665371477603912e+02 3.284448242187500000e+02 2.326302333176136017e+02 1.000000000000000000e+00
4.128377056121826172e+02 4.554201793670654297e+02 4.107309246063232422e+02 4.496778059005737305e+02 4.075562191009521484e+02 4.480767345428466797e+02 2.000000000000000000e+00
5.492202758789062500e+02 1.714697670936584473e+02 5.469035720825195312e+02 1.657745146751403809e+02 5.437862586975097656e+02 1.641546320915222168e+02 2.000000000000000000e+00
5.261192703247070312e+02 1.795536804199218750e+02 5.240848350524902344e+02 1.738186740875244141e+02 5.210233116149902344e+02 1.722450542449951172e+02 2.000000000000000000e+00
2.840057682991027832e+02 4.563359212875366211e+02 2.818033432960510254e+02 4.505651950836181641e+02 2.785962820053100586e+02 4.489287185668945312e+02 2.000000000000000000e+00
4.651561260223388672e+02 1.756077861785888672e+02 4.630109596252441406e+02 1.699653124809265137e+02 4.598293781280517578e+02 1.683325910568237305e+02 2.000000000000000000e+00
4.968331718444824219e+02 4.514054632186889648e+02 4.946362304687500000e+02 4.455347156524658203e+02 4.913349342346191406e+02 4.439889335632324219e+02 2.000000000000000000e+00
6.261853027343750000e+02 2.345365141332149506e+02 6.238963127136230469e+02 2.289481347799301147e+02 6.207021522521972656e+02 2.272529751062393188e+02 2.000000000000000000e+00
2.220605945587158203e+02 4.523061704635620117e+02 2.199228954315185547e+02 4.464966773986816406e+02 2.167868614196777344e+02 4.448964071273803711e+02 2.000000000000000000e+00
2.069979667663574219e+02 4.532357597351074219e+02 2.050151157379150391e+02 4.474994659423828125e+02 2.018806743621826172e+02 4.458949756622314453e+02 2.000000000000000000e+00
2.411621522903442383e+02 4.504229879379272461e+02 2.388314056396484375e+02 4.446899557113647461e+02 2.356325054168701172e+02 4.430389165878295898e+02 2.000000000000000000e+00
5.681732749938964844e+02 2.165026545524597168e+02 5.659412193298339844e+02 2.108309161663055420e+02 5.627352333068847656e+02 2.092765474319458008e+02 2.000000000000000000e+00
2.140847492218017578e+02 4.522488784790039062e+02 2.120795917510986328e+02 4.464938449859619141e+02 2.089305686950683594e+02 4.449003410339355469e+02 2.000000000000000000e+00
5.462301063537597656e+02 7.242525100708007812e+01 5.442284011840820312e+02 6.663208007812500000e+01 5.411001586914062500e+02 6.510888576507568359e+01 2.000000000000000000e+00
4.599674129486083984e+02 3.804749536514282227e+02 4.576679992675781250e+02 3.746397113800048828e+02 4.545807552337646484e+02 3.730765771865844727e+02 2.000000000000000000e+00
6.112077140808105469e+02 6.548824310302734375e+01 6.090352249145507812e+02 5.973276615142822266e+01 6.058395385742187500e+02 5.820154666900634766e+01 2.000000000000000000e+00
5.401469230651855469e+02 1.715027117729187012e+02 5.380581092834472656e+02 1.657456326484680176e+02 5.349611854553222656e+02 1.642035627365112305e+02 2.000000000000000000e+00
5.420875930786132812e+02 1.904639267921447754e+02 5.400684165954589844e+02 1.848260915279388428e+02 5.368676757812500000e+02 1.831416428089141846e+02 2.000000000000000000e+00
2.451652812957763672e+02 4.335107803344726562e+02 2.428163433074951172e+02 4.277291965484619141e+02 2.396567821502685547e+02 4.262531805038452148e+02 2.000000000000000000e+00
2.980045771598815918e+02 4.613573455810546875e+02 2.957270812988281250e+02 4.555233621597290039e+02 2.926737976074218750e+02 4.539855480194091797e+02 2.000000000000000000e+00
4.317666912078857422e+02 4.713897800445556641e+02 4.295631122589111328e+02 4.656600522994995117e+02 4.264528560638427734e+02 4.640146923065185547e+02 2.000000000000000000e+00
5.201118278503417969e+02 1.194019603729248047e+02 5.179812622070312500e+02 1.137291669845581055e+02 5.149254226684570312e+02 1.120704030990600586e+02 2.000000000000000000e+00
6.311671257019042969e+02 2.285477292537689209e+02 6.288524246215820312e+02 2.229711145162582397e+02 6.257048416137695312e+02 2.212559187412261963e+02 2.000000000000000000e+00
4.389514160156250000e+02 4.064625978469848633e+02 4.366844844818115234e+02 4.007604503631591797e+02 4.334877300262451172e+02 3.991780185699462891e+02 2.000000000000000000e+00
6.160498619079589844e+02 2.406265411712229252e+02 6.139351272583007812e+02 2.348858486115932465e+02 6.106703567504882812e+02 2.332566069066524506e+02 2.000000000000000000e+00
4.109359741210937500e+02 3.414651846885681152e+02 4.087307453155517578e+02 3.357188487052917480e+02 4.055627727508544922e+02 3.341177129745483398e+02 2.000000000000000000e+00
5.049373817443847656e+02 3.086053204536437988e+02 5.027140235900878906e+02 3.027462172508239746e+02 4.995726394653320312e+02 3.013706374168395996e+02 2.000000000000000000e+00
4.689687824249267578e+02 3.924687337875366211e+02 4.667339801788330078e+02 3.866939449310302734e+02 4.636528682708740234e+02 3.851072502136230469e+02 2.000000000000000000e+00
5.498861122131347656e+02 3.804789876937866211e+02 5.476879310607910156e+02 3.746493530273437500e+02 5.444754028320312500e+02 3.730851173400878906e+02 2.000000000000000000e+00
5.191094970703125000e+02 1.544839453697204590e+02 5.170358276367187500e+02 1.487842369079589844e+02 5.139672279357910156e+02 1.471455931663513184e+02 2.000000000000000000e+00
5.662205314636230469e+02 2.104895317554473877e+02 5.640140342712402344e+02 2.048448014259338379e+02 5.607495117187500000e+02 2.031598341464996338e+02 2.000000000000000000e+00
2.099369525909423828e+02 2.262113642692565918e+02 2.144125843048095703e+02 2.213165116310119629e+02 2.176906681060791016e+02 2.205276167392730713e+02 1.000000000000000000e+00
5.791284179687500000e+02 2.185727369785308838e+02 5.769569206237792969e+02 2.129087662696838379e+02 5.737010002136230469e+02 2.113230121135711670e+02 2.000000000000000000e+00
4.188645648956298828e+02 3.645060825347900391e+02 4.165840435028076172e+02 3.588909673690795898e+02 4.134833049774169922e+02 3.572703623771667480e+02 2.000000000000000000e+00
1.995015048980712891e+02 2.194750821590423584e+02 2.044533252716064453e+02 2.148456251621246338e+02 2.082279968261718750e+02 2.143477159738540649e+02 1.000000000000000000e+00
4.008435344696044922e+02 2.912774670124053955e+02 3.988303232192993164e+02 2.862103307247161865e+02 3.955433988571166992e+02 2.841539347171783447e+02 2.000000000000000000e+00
5.411784744262695312e+02 1.574176740646362305e+02 5.390790367126464844e+02 1.517145180702209473e+02 5.359576416015625000e+02 1.500849223136901855e+02 2.000000000000000000e+00
4.738121318817138672e+02 4.184317159652709961e+02 4.716769409179687500e+02 4.127541303634643555e+02 4.684957885742187500e+02 4.111510705947875977e+02 2.000000000000000000e+00
5.612550735473632812e+02 2.284973135590553284e+02 5.592661094665527344e+02 2.229507744312286377e+02 5.558158683776855469e+02 2.212525928020477295e+02 2.000000000000000000e+00
4.188634395599365234e+02 4.114785289764404297e+02 4.166868877410888672e+02 4.057023382186889648e+02 4.134495258331298828e+02 4.041239976882934570e+02 2.000000000000000000e+00
4.981220436096191406e+02 1.822971761226654053e+02 4.960280418395996094e+02 1.765594911575317383e+02 4.928528213500976562e+02 1.748430919647216797e+02 2.000000000000000000e+00
4.970482826232910156e+02 1.935239982604980469e+02 4.949047660827636719e+02 1.878746938705444336e+02 4.918216514587402344e+02 1.862052118778228760e+02 2.000000000000000000e+00
5.882147216796875000e+02 1.915139758586883545e+02 5.860304069519042969e+02 1.859192633628845215e+02 5.829013061523437500e+02 1.842664468288421631e+02 2.000000000000000000e+00
6.212407302856445312e+02 7.754476547241210938e+01 6.190638542175292969e+02 7.174389839172363281e+01 6.158189773559570312e+02 7.016969203948974609e+01 2.000000000000000000e+00
4.788125610351562500e+02 4.264667129516601562e+02 4.766407775878906250e+02 4.207722616195678711e+02 4.734260845184326172e+02 4.191783285140991211e+02 2.000000000000000000e+00
4.437615680694580078e+02 4.563251495361328125e+02 4.415898132324218750e+02 4.506419134140014648e+02 4.384531593322753906e+02 4.489518213272094727e+02 2.000000000000000000e+00
2.690511465072631836e+02 4.203678417205810547e+02 2.668021249771118164e+02 4.145487785339355469e+02 2.636699199676513672e+02 4.131086540222167969e+02 2.000000000000000000e+00
6.128263664245605469e+02 2.525341647863388062e+02 6.108938598632812500e+02 2.467083589732646942e+02 6.075875854492187500e+02 2.451419985294342041e+02 2.000000000000000000e+00
4.488837623596191406e+02 4.375137376785278320e+02 4.465417194366455078e+02 4.316956329345703125e+02 4.434279537200927734e+02 4.301236724853515625e+02 2.000000000000000000e+00
5.589199829101562500e+02 3.823764753341674805e+02 5.566758537292480469e+02 3.765929603576660156e+02 5.535054397583007812e+02 3.750474071502685547e+02 2.000000000000000000e+00
2.699951791763305664e+02 2.375258481502532959e+02 2.734734201431274414e+02 2.329053796827793121e+02 2.758801889419555664e+02 2.323882591724395752e+02 1.000000000000000000e+00
3.178570862114429474e+02 2.409838257730007172e+02 3.212437438964843750e+02 2.357252195477485657e+02 3.234735107421875000e+02 2.346718288958072662e+02 1.000000000000000000e+00
6.280742835998535156e+02 2.125813740491867065e+02 6.259039878845214844e+02 2.068500208854675293e+02 6.226701736450195312e+02 2.052623569965362549e+02 2.000000000000000000e+00
5.257869911193847656e+02 4.534650421142578125e+02 5.235866165161132812e+02 4.477132701873779297e+02 5.203682899475097656e+02 4.460143804550170898e+02 2.000000000000000000e+00
2.884837341308593750e+02 2.127875357866287231e+02 2.924226975440979004e+02 2.084257793426513672e+02 2.953467702865600586e+02 2.081444370746612549e+02 1.000000000000000000e+00
3.500993657112121582e+02 2.320487666130065918e+02 3.526170969009399414e+02 2.271397545933723450e+02 3.540648198127746582e+02 2.262192374467849731e+02 1.000000000000000000e+00
2.470206880569458008e+02 2.364902342855930328e+02 2.503961467742919922e+02 2.319000542163848877e+02 2.524439382553100586e+02 2.313160702586174011e+02 1.000000000000000000e+00
4.529273700714111328e+02 3.944560861587524414e+02 4.507036113739013672e+02 3.887319087982177734e+02 4.475376892089843750e+02 3.871344423294067383e+02 2.000000000000000000e+00
4.697948646545410156e+02 4.694416379928588867e+02 4.675305175781250000e+02 4.636820840835571289e+02 4.643809223175048828e+02 4.619540548324584961e+02 2.000000000000000000e+00
3.118314510583877563e+02 2.484424138069152832e+02 3.152772215008735657e+02 2.437682345509529114e+02 3.173215332627296448e+02 2.431823426485061646e+02 1.000000000000000000e+00
5.471041297912597656e+02 1.784836721420288086e+02 5.448918533325195312e+02 1.727839636802673340e+02 5.418109130859375000e+02 1.712106728553771973e+02 2.000000000000000000e+00
2.541344451904296875e+02 3.284043931961059570e+02 2.518515300750732422e+02 3.226850652694702148e+02 2.486515665054321289e+02 3.211417579650878906e+02 2.000000000000000000e+00
5.260944938659667969e+02 9.834577560424804688e+01 5.239634513854980469e+02 9.262362957000732422e+01 5.208816528320312500e+02 9.099387645721435547e+01 2.000000000000000000e+00
2.829450368881225586e+02 2.277786549925804138e+02 2.866527390480041504e+02 2.233822309970855713e+02 2.890757751464843750e+02 2.229343861341476440e+02 1.000000000000000000e+00
2.540962362289428711e+02 2.059932231903076172e+02 2.586763286590576172e+02 2.018190443515777588e+02 2.620544719696044922e+02 2.016199028491973877e+02 1.000000000000000000e+00
4.450020122528076172e+02 3.984550237655639648e+02 4.426842975616455078e+02 3.927490854263305664e+02 4.395347023010253906e+02 3.911816740036010742e+02 2.000000000000000000e+00
4.119718360900878906e+02 3.604639720916748047e+02 4.096684932708740234e+02 3.548383855819702148e+02 4.065951824188232422e+02 3.531952285766601562e+02 2.000000000000000000e+00
4.188702678680419922e+02 3.554875516891479492e+02 4.165983009338378906e+02 3.498634672164916992e+02 4.134727478027343750e+02 3.482470178604125977e+02 2.000000000000000000e+00
5.179129600524902344e+02 4.474368381500244141e+02 5.155844116210937500e+02 4.417063379287719727e+02 5.124049186706542969e+02 4.399537181854248047e+02 2.000000000000000000e+00
2.972994995117187500e+02 1.998309910297393799e+02 3.012196648120880127e+02 1.955662214756011963e+02 3.038318789005279541e+02 1.954992055892944336e+02 1.000000000000000000e+00
5.298218345642089844e+02 4.674423980712890625e+02 5.275478553771972656e+02 4.615728521347045898e+02 5.243238639831542969e+02 4.598899698257446289e+02 2.000000000000000000e+00
3.030806887149810791e+02 2.383029020950198174e+02 3.065743100643157959e+02 2.335441584885120392e+02 3.087955629825592041e+02 2.327727198600769043e+02 1.000000000000000000e+00
4.300277423858642578e+02 3.835121297836303711e+02 4.277709960937500000e+02 3.777947187423706055e+02 4.245857524871826172e+02 3.762528705596923828e+02 2.000000000000000000e+00
4.469609069824218750e+02 4.064530420303344727e+02 4.447062683105468750e+02 4.007756710052490234e+02 4.415206050872802734e+02 3.991964149475097656e+02 2.000000000000000000e+00
4.631634235382080078e+02 1.554775214195251465e+02 4.609655475616455078e+02 1.497391748428344727e+02 4.578382015228271484e+02 1.481784939765930176e+02 2.000000000000000000e+00
4.868284416198730469e+02 4.613833379745483398e+02 4.846264076232910156e+02 4.554949808120727539e+02 4.814389038085937500e+02 4.540050172805786133e+02 2.000000000000000000e+00
2.639022493362426758e+02 4.713245344161987305e+02 2.617645549774169922e+02 4.655459403991699219e+02 2.585945415496826172e+02 4.639311647415161133e+02 2.000000000000000000e+00
3.731306171417236328e+02 2.157348310947418213e+02 3.746351623535156250e+02 2.115258926153182983e+02 3.749990844726562500e+02 2.111991405487060547e+02 1.000000000000000000e+00
4.088300228118896484e+02 4.674381208419799805e+02 4.066021442413330078e+02 4.616976070404052734e+02 4.035016536712646484e+02 4.600284576416015625e+02 2.000000000000000000e+00
4.430395793914794922e+02 3.185350656509399414e+02 4.407102966308593750e+02 3.127786874771118164e+02 4.374852275848388672e+02 3.112262606620788574e+02 2.000000000000000000e+00
4.998953247070312500e+02 3.183860492706298828e+02 4.977598571777343750e+02 3.125475525856018066e+02 4.945608901977539062e+02 3.110441637039184570e+02 2.000000000000000000e+00
4.778316688537597656e+02 4.714726924896240234e+02 4.755251789093017578e+02 4.656786918640136719e+02 4.723670387268066406e+02 4.639060449600219727e+02 2.000000000000000000e+00
4.198574542999267578e+02 3.764908218383789062e+02 4.176663494110107422e+02 3.708217906951904297e+02 4.145136165618896484e+02 3.692662096023559570e+02 2.000000000000000000e+00
4.845353126525878906e+02 2.050991034507751465e+02 4.825223350524902344e+02 1.999230766296386719e+02 4.794883441925048828e+02 1.986433088779449463e+02 2.000000000000000000e+00
4.400176715850830078e+02 3.894619846343994141e+02 4.376804542541503906e+02 3.837211990356445312e+02 4.345565223693847656e+02 3.821356630325317383e+02 2.000000000000000000e+00
2.909341740608215332e+02 4.613471746444702148e+02 2.887192988395690918e+02 4.555420017242431641e+02 2.856293940544128418e+02 4.539189004898071289e+02 2.000000000000000000e+00
4.189084815979003906e+02 4.405014181137084961e+02 4.167628192901611328e+02 4.347915458679199219e+02 4.136219215393066406e+02 4.331308650970458984e+02 2.000000000000000000e+00
6.062119102478027344e+02 7.146423339843750000e+01 6.040474319458007812e+02 6.569373607635498047e+01 6.008496093750000000e+02 6.417510509490966797e+01 2.000000000000000000e+00
4.340345191955566406e+02 3.924764156341552734e+02 4.316779232025146484e+02 3.866951036453247070e+02 4.285758972167968750e+02 3.851620531082153320e+02 2.000000000000000000e+00
5.691738319396972656e+02 2.295455163717269897e+02 5.670913124084472656e+02 2.238730913400650024e+02 5.636967277526855469e+02 2.223003834486007690e+02 2.000000000000000000e+00
4.641119098663330078e+02 1.013407802581787109e+02 4.619628047943115234e+02 9.566300868988037109e+01 4.587953186035156250e+02 9.399776458740234375e+01 2.000000000000000000e+00
4.569511413574218750e+02 3.864661359786987305e+02 4.546571063995361328e+02 3.806958103179931641e+02 4.515465450286865234e+02 3.791376399993896484e+02 2.000000000000000000e+00
6.395792198181152344e+02 1.824593925476074219e+02 6.375755691528320312e+02 1.765402650833129883e+02 6.344247436523437500e+02 1.749117708206176758e+02 2.000000000000000000e+00
3.228336793184280396e+02 1.852291381359100342e+02 3.259652101993560791e+02 1.813497126102447510e+02 3.277276611328125000e+02 1.814406859874725342e+02 1.000000000000000000e+00
5.209341430664062500e+02 3.754678773880004883e+02 5.186782264709472656e+02 3.697094821929931641e+02 5.154992675781250000e+02 3.680668687820434570e+02 2.000000000000000000e+00
4.458315181732177734e+02 4.454636049270629883e+02 4.435350704193115234e+02 4.396269035339355469e+02 4.404302406311035156e+02 4.380601930618286133e+02 2.000000000000000000e+00
3.159234008193016052e+02 3.863732957839965820e+02 3.137717896699905396e+02 3.806334543228149414e+02 3.105970460176467896e+02 3.791460371017456055e+02 2.000000000000000000e+00
2.611177349090576172e+02 3.334912133216857910e+02 2.588300752639770508e+02 3.276938223838806152e+02 2.556373739242553711e+02 3.262489700317382812e+02 2.000000000000000000e+00
5.802435874938964844e+02 2.567229312658309937e+02 5.782258987426757812e+02 2.511201944947242737e+02 5.750286865234375000e+02 2.495304420590400696e+02 2.000000000000000000e+00
4.972028160095214844e+02 1.124670982360839844e+02 4.949144935607910156e+02 1.067255687713623047e+02 4.917529106140136719e+02 1.051438093185424805e+02 2.000000000000000000e+00
5.113313102722167969e+02 7.342901229858398438e+01 5.089917373657226562e+02 6.773892402648925781e+01 5.058889198303222656e+02 6.610387802124023438e+01 2.000000000000000000e+00
5.011886978149414062e+02 6.346963405609130859e+01 4.989294242858886719e+02 5.767134189605712891e+01 4.959039115905761719e+02 5.614095211029052734e+01 2.000000000000000000e+00
5.992722892761230469e+02 7.742963790893554688e+01 5.971661376953125000e+02 7.171186923980712891e+01 5.939379882812500000e+02 7.015585899353027344e+01 2.000000000000000000e+00
2.221165180206298828e+02 4.332932567596435547e+02 2.198957824707031250e+02 4.274809026718139648e+02 2.166819477081298828e+02 4.259415721893310547e+02 2.000000000000000000e+00
5.842858314514160156e+02 6.146647453308105469e+01 5.820585441589355469e+02 5.577053546905517578e+01 5.790031242370605469e+02 5.420714378356933594e+01 2.000000000000000000e+00
2.895426630973815918e+02 1.989280378818511963e+02 2.936304616928100586e+02 1.947203958034515381e+02 2.965316462516784668e+02 1.946854698657989502e+02 1.000000000000000000e+00
4.631207275390625000e+02 1.373808217048645020e+02 4.608541870117187500e+02 1.316626954078674316e+02 4.577042579650878906e+02 1.300125646591186523e+02 2.000000000000000000e+00
2.601743173599243164e+02 2.288283687829971313e+02 2.637327575683593750e+02 2.244105219841003418e+02 2.661520051956176758e+02 2.239237976074218750e+02 1.000000000000000000e+00
5.080688476562500000e+02 2.225173795223236084e+02 5.059007835388183594e+02 2.168374925851821899e+02 5.027624320983886719e+02 2.152093791961669922e+02 2.000000000000000000e+00
5.208248901367187500e+02 4.604590272903442383e+02 5.185990715026855469e+02 4.546395635604858398e+02 5.153783035278320312e+02 4.529535341262817383e+02 2.000000000000000000e+00
5.212697219848632812e+02 6.045111179351806641e+01 5.192851066589355469e+02 5.477960586547851562e+01 5.160635948181152344e+02 5.322850227355957031e+01 2.000000000000000000e+00
5.212279129028320312e+02 1.335140490531921387e+02 5.190916252136230469e+02 1.277303624153137207e+02 5.159612464904785156e+02 1.262308716773986816e+02 2.000000000000000000e+00
2.780750131607055664e+02 4.203668260574340820e+02 2.758461284637451172e+02 4.145698642730712891e+02 2.726956796646118164e+02 4.131151771545410156e+02 2.000000000000000000e+00
4.138380146026611328e+02 4.624067258834838867e+02 4.116577816009521484e+02 4.566549539566040039e+02 4.085591125488281250e+02 4.550473165512084961e+02 2.000000000000000000e+00
4.433915424346923828e+02 7.544036865234375000e+01 4.410970783233642578e+02 6.971883773803710938e+01 4.379572486877441406e+02 6.810041427612304688e+01 2.000000000000000000e+00
6.090954017639160156e+02 2.204579311609268188e+02 6.069304275512695312e+02 2.147315812110900879e+02 6.036782264709472656e+02 2.131193536520004272e+02 2.000000000000000000e+00
2.559649324417114258e+02 3.054006099700927734e+02 2.537589883804321289e+02 2.997078573703765869e+02 2.506621074676513672e+02 2.980996119976043701e+02 2.000000000000000000e+00
6.352627563476562500e+02 2.476062932610511780e+02 6.329894447326660156e+02 2.419885101914405823e+02 6.297684288024902344e+02 2.403479614388197660e+02 2.000000000000000000e+00
3.859073781967163086e+02 3.914483356475830078e+02 3.837434101104736328e+02 3.856896686553955078e+02 3.805670166015625000e+02 3.841082239151000977e+02 2.000000000000000000e+00
2.240768909454345703e+02 4.722031688690185547e+02 2.218767356872558594e+02 4.665156984329223633e+02 2.187394046783447266e+02 4.648477220535278320e+02 2.000000000000000000e+00
4.748760700225830078e+02 4.014968061447143555e+02 4.727177143096923828e+02 3.957284259796142578e+02 4.696154499053955078e+02 3.941247367858886719e+02 2.000000000000000000e+00
1.897825908660888672e+02 1.949306917190551758e+02 1.949712848663330078e+02 1.906916785240173340e+02 1.988619804382324219e+02 1.905117166042327881e+02 1.000000000000000000e+00
3.415223097801208496e+02 2.227762591838836670e+02 3.438326120376586914e+02 2.185062396526336670e+02 3.450184631347656250e+02 2.183061504364013672e+02 1.000000000000000000e+00
4.040054607391357422e+02 3.454591441154479980e+02 4.018035316467285156e+02 3.397456741333007812e+02 3.985872220993041992e+02 3.380783128738403320e+02 2.000000000000000000e+00
4.750543498992919922e+02 8.841507911682128906e+01 4.728611755371093750e+02 8.264170646667480469e+01 4.696910762786865234e+02 8.113403320312500000e+01 2.000000000000000000e+00
4.919724464416503906e+02 4.064192247390747070e+02 4.896918296813964844e+02 4.006557369232177734e+02 4.865306472778320312e+02 3.989064788818359375e+02 2.000000000000000000e+00
5.542724037170410156e+02 7.142779827117919922e+01 5.522233390808105469e+02 6.562840461730957031e+01 5.490586662292480469e+02 6.408790111541748047e+01 2.000000000000000000e+00
4.258591365814208984e+02 4.134923458099365234e+02 4.236668109893798828e+02 4.077551937103271484e+02 4.204144954681396484e+02 4.061514329910278320e+02 2.000000000000000000e+00
2.460641479492187500e+02 2.020574319362640381e+02 2.506608247756958008e+02 1.979218411445617676e+02 2.540552186965942383e+02 1.976984381675720215e+02 1.000000000000000000e+00
3.359028327465057373e+02 2.063087153434753418e+02 3.382017219066619873e+02 2.021809816360473633e+02 3.395182192325592041e+02 2.021402120590209961e+02 1.000000000000000000e+00
4.640772438049316406e+02 1.264244914054870605e+02 4.619135475158691406e+02 1.207030320167541504e+02 4.586710548400878906e+02 1.190982341766357422e+02 2.000000000000000000e+00
2.838057541847229004e+02 2.345976103842258453e+02 2.873586106300354004e+02 2.299169763922691345e+02 2.893896174430847168e+02 2.291732785105705261e+02 1.000000000000000000e+00
4.300108623504638672e+02 3.325127291679382324e+02 4.277299785614013672e+02 3.267050242424011230e+02 4.246508216857910156e+02 3.251791405677795410e+02 2.000000000000000000e+00
4.801045608520507812e+02 7.440925598144531250e+01 4.780104351043701172e+02 6.866500854492187500e+01 4.747724914550781250e+02 6.708023071289062500e+01 2.000000000000000000e+00
4.869939231872558594e+02 8.643095970153808594e+01 4.850576591491699219e+02 8.062763214111328125e+01 4.817903709411621094e+02 7.909049034118652344e+01 2.000000000000000000e+00
1.960452079772949219e+02 4.532129001617431641e+02 1.939845752716064453e+02 4.475130128860473633e+02 1.908229160308837891e+02 4.458907556533813477e+02 2.000000000000000000e+00
5.770658683776855469e+02 7.346144199371337891e+01 5.749698448181152344e+02 6.781006336212158203e+01 5.719067382812500000e+02 6.614966869354248047e+01 2.000000000000000000e+00
5.861839103698730469e+02 2.264831838011741638e+02 5.840270423889160156e+02 2.208364552259445190e+02 5.807284545898437500e+02 2.192045581340789795e+02 2.000000000000000000e+00
3.041098940372467041e+02 1.822682154178619385e+02 3.083444213867187500e+02 1.784724998474121094e+02 3.104868161678314209e+02 1.785760617256164551e+02 1.000000000000000000e+00
3.251002502441406250e+02 2.226706677675247192e+02 3.274664610624313354e+02 2.184375751018524170e+02 3.291549074649810791e+02 2.183063346147537231e+02 1.000000000000000000e+00
5.309757041931152344e+02 3.173342299461364746e+02 5.286142539978027344e+02 3.116351366043090820e+02 5.254859733581542969e+02 3.100085806846618652e+02 2.000000000000000000e+00
5.339456748962402344e+02 3.253924012184143066e+02 5.316041946411132812e+02 3.196345281600952148e+02 5.284680747985839844e+02 3.181429195404052734e+02 2.000000000000000000e+00
5.759463500976562500e+02 4.364488649368286133e+02 5.736470413208007812e+02 4.306179571151733398e+02 5.704150390625000000e+02 4.289387655258178711e+02 2.000000000000000000e+00
4.578832149505615234e+02 4.683805418014526367e+02 4.556074237823486328e+02 4.626446914672851562e+02 4.525011634826660156e+02 4.609517383575439453e+02 2.000000000000000000e+00
5.340835571289062500e+02 3.033711290359497070e+02 5.317984008789062500e+02 2.976503634452819824e+02 5.285806846618652344e+02 2.960658609867095947e+02 2.000000000000000000e+00
4.138830566406250000e+02 4.454177284240722656e+02 4.117603492736816406e+02 4.397291421890258789e+02 4.085687541961669922e+02 4.381276416778564453e+02 2.000000000000000000e+00
5.348236656188964844e+02 4.393989658355712891e+02 5.325618362426757812e+02 4.336987352371215820e+02 5.293343544006347656e+02 4.319468164443969727e+02 2.000000000000000000e+00
5.370485877990722656e+02 1.795338892936706543e+02 5.350509643554687500e+02 1.738204193115234375e+02 5.319531822204589844e+02 1.722547388076782227e+02 2.000000000000000000e+00
3.286553043127059937e+02 1.545309376716613770e+02 3.319176638126373291e+02 1.508832621574401855e+02 3.340866088867187500e+02 1.514432501792907715e+02 1.000000000000000000e+00
3.758592224121093750e+02 3.765156984329223633e+02 3.736987638473510742e+02 3.707064914703369141e+02 3.705715322494506836e+02 3.692672252655029297e+02 2.000000000000000000e+00
1.947411060333251953e+02 2.086194455623626709e+02 1.997599792480468750e+02 2.039794600009918213e+02 2.037475109100341797e+02 2.038591146469116211e+02 1.000000000000000000e+00
3.980937528610229492e+02 3.534366202354431152e+02 3.957932758331298828e+02 3.476900696754455566e+02 3.926551818847656250e+02 3.460714173316955566e+02 2.000000000000000000e+00
4.513130474090576172e+02 8.340113639831542969e+01 4.489502239227294922e+02 7.770293712615966797e+01 4.458733272552490234e+02 7.607231140136718750e+01 2.000000000000000000e+00
2.541239595413208008e+02 3.344823646545410156e+02 2.518318176269531250e+02 3.286815261840820312e+02 2.486384248733520508e+02 3.272440838813781738e+02 2.000000000000000000e+00
1.977870655059814453e+02 1.987318539619445801e+02 2.029453563690185547e+02 1.944647026062011719e+02 2.068263721466064453e+02 1.942808961868286133e+02 1.000000000000000000e+00
5.345938682556152344e+02 2.057018709182739258e+02 5.321274375915527344e+02 2.000066971778869629e+02 5.291207885742187500e+02 1.983527183532714844e+02 2.000000000000000000e+00
4.760993671417236328e+02 1.675865578651428223e+02 4.740285015106201172e+02 1.618515443801879883e+02 4.707286071777343750e+02 1.603527188301086426e+02 2.000000000000000000e+00
6.132092285156250000e+02 7.147509098052978516e+01 6.109822463989257812e+02 6.569081783294677734e+01 6.078446769714355469e+02 6.420720577239990234e+01 2.000000000000000000e+00
5.851876831054687500e+02 2.105124199390411377e+02 5.829408073425292969e+02 2.048842155933380127e+02 5.797396278381347656e+02 2.032970416545867920e+02 2.000000000000000000e+00
4.648909950256347656e+02 4.603622245788574219e+02 4.625781250000000000e+02 4.546261453628540039e+02 4.594755840301513672e+02 4.529057407379150391e+02 2.000000000000000000e+00
4.108241271972656250e+02 4.094245147705078125e+02 4.086673641204833984e+02 4.036879920959472656e+02 4.054879474639892578e+02 4.020805406570434570e+02 2.000000000000000000e+00
4.811539649963378906e+02 1.935563170909881592e+02 4.790143489837646484e+02 1.880268359184265137e+02 4.757759380340576172e+02 1.863555121421813965e+02 2.000000000000000000e+00
2.281503772735595703e+02 4.612436342239379883e+02 2.260105133056640625e+02 4.555185413360595703e+02 2.227568149566650391e+02 4.539163684844970703e+02 2.000000000000000000e+00
5.581405067443847656e+02 2.074973273277282715e+02 5.558227539062500000e+02 2.016711866855621338e+02 5.527919960021972656e+02 2.001840949058532715e+02 2.000000000000000000e+00
4.377105998992919922e+02 4.213926458358764648e+02 4.355874061584472656e+02 4.157175350189208984e+02 4.323232460021972656e+02 4.141310834884643555e+02 2.000000000000000000e+00
5.430096435546875000e+02 2.105172872543334961e+02 5.406370925903320312e+02 2.047274601459503174e+02 5.376362419128417969e+02 2.032461512088775635e+02 2.000000000000000000e+00
6.241357421875000000e+02 2.456055454909801483e+02 6.219334793090820312e+02 2.398395995981991291e+02 6.186294555664062500e+02 2.382228239625692368e+02 2.000000000000000000e+00
5.180278968811035156e+02 2.165059500932693481e+02 5.159254264831542969e+02 2.107764422893524170e+02 5.127578163146972656e+02 2.091618025302886963e+02 2.000000000000000000e+00
5.301572227478027344e+02 1.063018083572387695e+02 5.281082153320312500e+02 1.005748558044433594e+02 5.249959754943847656e+02 9.893455982208251953e+01 2.000000000000000000e+00
5.961627769470214844e+02 7.147547721862792969e+01 5.941467285156250000e+02 6.575985431671142578e+01 5.908482742309570312e+02 6.419003963470458984e+01 2.000000000000000000e+00
4.951897621154785156e+02 7.546663284301757812e+01 4.930885124206542969e+02 6.974198341369628906e+01 4.899279785156250000e+02 6.813197135925292969e+01 2.000000000000000000e+00
4.119313716888427734e+02 3.514582872390747070e+02 4.096871948242187500e+02 3.457753658294677734e+02 4.065306377410888672e+02 3.441614770889282227e+02 2.000000000000000000e+00
4.387949848175048828e+02 4.274319505691528320e+02 4.366089534759521484e+02 4.217151546478271484e+02 4.334049701690673828e+02 4.201334667205810547e+02 2.000000000000000000e+00
4.370310401916503906e+02 3.984574699401855469e+02 4.346909236907958984e+02 3.926949548721313477e+02 4.315803241729736328e+02 3.911284875869750977e+02 2.000000000000000000e+00
3.749127197265625000e+02 3.834814596176147461e+02 3.727393817901611328e+02 3.777033519744873047e+02 3.695816040039062500e+02 3.761650514602661133e+02 2.000000000000000000e+00
4.659357357025146484e+02 4.394788026809692383e+02 4.637086772918701172e+02 4.337306356430053711e+02 4.605376338958740234e+02 4.320918416976928711e+02 2.000000000000000000e+00
2.449855947494506836e+02 2.924162936210632324e+02 2.427980327606201172e+02 2.866633951663970947e+02 2.395816802978515625e+02 2.850957369804382324e+02 2.000000000000000000e+00
4.339029884338378906e+02 3.765297603607177734e+02 4.317259883880615234e+02 3.708305454254150391e+02 4.285109233856201172e+02 3.692944765090942383e+02 2.000000000000000000e+00
4.509194946289062500e+02 3.804780292510986328e+02 4.486283874511718750e+02 3.746693515777587891e+02 4.455256366729736328e+02 3.731275463104248047e+02 2.000000000000000000e+00
4.838249206542968750e+02 4.184156942367553711e+02 4.816616821289062500e+02 4.127521705627441406e+02 4.784887123107910156e+02 4.111164093017578125e+02 2.000000000000000000e+00
5.601547241210937500e+02 2.135317361354827881e+02 5.578599929809570312e+02 2.077118360996246338e+02 5.548167228698730469e+02 2.062554609775543213e+02 2.000000000000000000e+00
4.808128166198730469e+02 4.354728841781616211e+02 4.785477638244628906e+02 4.297161912918090820e+02 4.753706645965576172e+02 4.281583070755004883e+02 2.000000000000000000e+00
4.921823120117187500e+02 1.565052294731140137e+02 4.901645851135253906e+02 1.506060576438903809e+02 4.869804191589355469e+02 1.492388749122619629e+02 2.000000000000000000e+00
2.940676259994506836e+02 3.773464679718017578e+02 2.917750859260559082e+02 3.715645551681518555e+02 2.886337876319885254e+02 3.700303459167480469e+02 2.000000000000000000e+00
4.701788330078125000e+02 1.685724592208862305e+02 4.680125713348388672e+02 1.628884363174438477e+02 4.648178100585937500e+02 1.613185358047485352e+02 2.000000000000000000e+00
4.700627422332763672e+02 9.540192604064941406e+01 4.679200744628906250e+02 8.965900897979736328e+01 4.647559547424316406e+02 8.809195518493652344e+01 2.000000000000000000e+00
4.178469276428222656e+02 4.674781608581542969e+02 4.155888366699218750e+02 4.617189073562622070e+02 4.125553607940673828e+02 4.601133871078491211e+02 2.000000000000000000e+00
4.230682086944580078e+02 3.304694867134094238e+02 4.207578182220458984e+02 3.246885752677917480e+02 4.176838684082031250e+02 3.231326651573181152e+02 2.000000000000000000e+00
5.552254104614257812e+02 1.194368505477905273e+02 5.530743408203125000e+02 1.138373136520385742e+02 5.499020385742187500e+02 1.121373653411865234e+02 2.000000000000000000e+00
4.758312129974365234e+02 4.594285726547241211e+02 4.736060237884521484e+02 4.537272691726684570e+02 4.704988098144531250e+02 4.520031595230102539e+02 2.000000000000000000e+00
2.748996257781982422e+02 3.673599243164062500e+02 2.727752971649169922e+02 3.616529560089111328e+02 2.696967458724975586e+02 3.600848150253295898e+02 2.000000000000000000e+00
6.211105346679687500e+02 1.656439805030822754e+02 6.190279579162597656e+02 1.598093247413635254e+02 6.157438468933105469e+02 1.582671618461608887e+02 2.000000000000000000e+00
2.951372671127319336e+02 2.296591025590896606e+02 2.986499023437500000e+02 2.251822346448898315e+02 3.008016657829284668e+02 2.246870720386505127e+02 1.000000000000000000e+00
4.387704181671142578e+02 4.643576717376708984e+02 4.365978145599365234e+02 4.586197328567504883e+02 4.334103393554687500e+02 4.569572496414184570e+02 2.000000000000000000e+00
5.037799644470214844e+02 4.494460201263427734e+02 5.015768432617187500e+02 4.435748720169067383e+02 4.983047294616699219e+02 4.420254993438720703e+02 2.000000000000000000e+00
4.999194717407226562e+02 4.094082784652709961e+02 4.976798057556152344e+02 4.036072540283203125e+02 4.945760536193847656e+02 4.017657852172851562e+02 2.000000000000000000e+00
4.058665752410888672e+02 4.044581365585327148e+02 4.036909198760986328e+02 3.986966371536254883e+02 4.005155372619628906e+02 3.970884847640991211e+02 2.000000000000000000e+00
2.401267242431640625e+02 1.990479254722595215e+02 2.448370790481567383e+02 1.948835885524749756e+02 2.485414409637451172e+02 1.946709859371185303e+02 1.000000000000000000e+00
2.907599472999572754e+02 2.354055632650852203e+02 2.941432499885559082e+02 2.306365048885345459e+02 2.961786198616027832e+02 2.297727048397064209e+02 1.000000000000000000e+00
3.722400808334350586e+02 6.341586112976074219e+01 3.700637197494506836e+02 5.766733646392822266e+01 3.670044565200805664e+02 5.606976985931396484e+01 2.000000000000000000e+00
4.978797912597656250e+02 4.274093770980834961e+02 4.955960083007812500e+02 4.217450094223022461e+02 4.925241470336914062e+02 4.200776767730712891e+02 2.000000000000000000e+00
3.488522028923034668e+02 4.653649091720581055e+02 3.466275024414062500e+02 4.595196676254272461e+02 3.435183119773864746e+02 4.579535293579101562e+02 2.000000000000000000e+00
3.321246337890625000e+02 4.384745836257934570e+02 3.297798460721969604e+02 4.326995944976806641e+02 3.266301578283309937e+02 4.310597562789916992e+02 2.000000000000000000e+00
4.129157733917236328e+02 3.964650106430053711e+02 4.106681251525878906e+02 3.906854581832885742e+02 4.075177669525146484e+02 3.890955591201782227e+02 2.000000000000000000e+00
6.069580078125000000e+02 2.535097208619117737e+02 6.049869346618652344e+02 2.477406316995620728e+02 6.016864013671875000e+02 2.461202394962310791e+02 2.000000000000000000e+00
5.038127517700195312e+02 4.554173040390014648e+02 5.015898513793945312e+02 4.495571422576904297e+02 4.983199501037597656e+02 4.480071544647216797e+02 2.000000000000000000e+00
6.179780960083007812e+02 4.065485572814941406e+02 6.155303382873535156e+02 4.007703924179077148e+02 6.122756385803222656e+02 3.990163707733154297e+02 2.000000000000000000e+00
4.238540077209472656e+02 3.814846515655517578e+02 4.216738319396972656e+02 3.757826900482177734e+02 4.184923076629638672e+02 3.742531871795654297e+02 2.000000000000000000e+00
6.000628089904785156e+02 2.455963441729545593e+02 5.979845046997070312e+02 2.398719634953886271e+02 5.947420692443847656e+02 2.382286528497934341e+02 2.000000000000000000e+00
4.611049175262451172e+02 1.093340778350830078e+02 4.589294433593750000e+02 1.036478376388549805e+02 4.557323646545410156e+02 1.020177698135375977e+02 2.000000000000000000e+00
5.332274818420410156e+02 1.234833383560180664e+02 5.310607910156250000e+02 1.176640892028808594e+02 5.280192947387695312e+02 1.161021709442138672e+02 2.000000000000000000e+00
5.008226013183593750e+02 4.613977718353271484e+02 4.985910606384277344e+02 4.555477380752563477e+02 4.953220176696777344e+02 4.539778232574462891e+02 2.000000000000000000e+00
4.238457679748535156e+02 4.074956417083740234e+02 4.216626262664794922e+02 4.017296218872070312e+02 4.184467220306396484e+02 4.001230859756469727e+02 2.000000000000000000e+00
4.889723777770996094e+02 7.947353839874267578e+01 4.870443153381347656e+02 7.371138095855712891e+01 4.837452697753906250e+02 7.212879180908203125e+01 2.000000000000000000e+00
4.280006408691406250e+02 3.954771852493286133e+02 4.257300758361816406e+02 3.896890926361083984e+02 4.225946044921875000e+02 3.880901241302490234e+02 2.000000000000000000e+00
4.717534160614013672e+02 4.264369297027587891e+02 4.696419429779052734e+02 4.207574272155761719e+02 4.663901996612548828e+02 4.191443252563476562e+02 2.000000000000000000e+00
5.871213340759277344e+02 1.764012551307678223e+02 5.850262451171875000e+02 1.707814764976501465e+02 5.817204666137695312e+02 1.690925288200378418e+02 2.000000000000000000e+00
4.608520221710205078e+02 3.974502611160278320e+02 4.586329364776611328e+02 3.917089033126831055e+02 4.555301570892333984e+02 3.901236963272094727e+02 2.000000000000000000e+00
4.139293575286865234e+02 3.754955863952636719e+02 4.117208290100097656e+02 3.698440647125244141e+02 4.085896968841552734e+02 3.682741212844848633e+02 2.000000000000000000e+00
4.028837871551513672e+02 4.573411130905151367e+02 4.006387996673583984e+02 4.516194820404052734e+02 3.974539184570312500e+02 4.499286890029907227e+02 2.000000000000000000e+00
4.010527038574218750e+02 3.744600248336791992e+02 3.988216543197631836e+02 3.687067937850952148e+02 3.956802988052368164e+02 3.670913457870483398e+02 2.000000000000000000e+00
3.549606943130493164e+02 4.005584478378295898e+02 3.528181767463684082e+02 3.947027635574340820e+02 3.497120666503906250e+02 3.931839323043823242e+02 2.000000000000000000e+00
5.311348915100097656e+02 6.743828773498535156e+01 5.290710449218750000e+02 6.169853210449218750e+01 5.259175491333007812e+02 6.017930030822753906e+01 2.000000000000000000e+00
2.361069202423095703e+02 4.554646396636962891e+02 2.338401031494140625e+02 4.496492385864257812e+02 2.306214714050292969e+02 4.479907608032226562e+02 2.000000000000000000e+00
2.560385417938232422e+02 2.924554789066314697e+02 2.537768840789794922e+02 2.866743493080139160e+02 2.506035900115966797e+02 2.851612257957458496e+02 2.000000000000000000e+00
6.362675285339355469e+02 1.523882246017456055e+02 6.341644859313964844e+02 1.468169331550598145e+02 6.309504508972167969e+02 1.452964425086975098e+02 2.000000000000000000e+00
3.381505131721496582e+02 1.002664375305175781e+02 3.360116887092590332e+02 9.464734554290771484e+01 3.329017341136932373e+02 9.303789138793945312e+01 2.000000000000000000e+00
4.398692607879638672e+02 4.384638833999633789e+02 4.375937175750732422e+02 4.326632452011108398e+02 4.344847393035888672e+02 4.310663509368896484e+02 2.000000000000000000e+00
2.311574554443359375e+02 4.493917608261108398e+02 2.289417839050292969e+02 4.435083103179931641e+02 2.256626129150390625e+02 4.419616842269897461e+02 2.000000000000000000e+00
4.469233131408691406e+02 3.534767174720764160e+02 4.447059631347656250e+02 3.477786326408386230e+02 4.415502357482910156e+02 3.461679124832153320e+02 2.000000000000000000e+00
2.369639873504638672e+02 4.654147195816040039e+02 2.347595024108886719e+02 4.596582412719726562e+02 2.315806102752685547e+02 4.580766677856445312e+02 2.000000000000000000e+00
5.768887901306152344e+02 3.795685815811157227e+02 5.745615196228027344e+02 3.737515926361083984e+02 5.713046836853027344e+02 3.721267175674438477e+02 2.000000000000000000e+00
3.690382099151611328e+02 4.203873395919799805e+02 3.667790222167968750e+02 4.146966934204101562e+02 3.636002206802368164e+02 4.130691003799438477e+02 2.000000000000000000e+00
4.600857257843017578e+02 9.233562469482421875e+01 4.578468036651611328e+02 8.662609577178955078e+01 4.547612667083740234e+02 8.499621391296386719e+01 2.000000000000000000e+00
5.030086135864257812e+02 4.414249420166015625e+02 5.007238769531250000e+02 4.356005001068115234e+02 4.974960327148437500e+02 4.340077257156372070e+02 2.000000000000000000e+00
5.371292114257812500e+02 1.634589815139770508e+02 5.350452995300292969e+02 1.577678489685058594e+02 5.319468498229980469e+02 1.561936926841735840e+02 2.000000000000000000e+00
5.133875846862792969e+02 6.543281078338623047e+01 5.110548782348632812e+02 5.968311309814453125e+01 5.079617118835449219e+02 5.816834449768066406e+01 2.000000000000000000e+00
4.108527851104736328e+02 3.194826722145080566e+02 4.085946941375732422e+02 3.137889719009399414e+02 4.055434322357177734e+02 3.121945810317993164e+02 2.000000000000000000e+00
5.661520385742187500e+02 3.913911867141723633e+02 5.638534545898437500e+02 3.856672811508178711e+02 5.605432128906250000e+02 3.840089178085327148e+02 2.000000000000000000e+00
2.950454092025756836e+02 4.423959445953369141e+02 2.928315734863281250e+02 4.366376209259033203e+02 2.896165156364440918e+02 4.351011514663696289e+02 2.000000000000000000e+00
2.278248405456542969e+02 2.294389182329177856e+02 2.319620513916015625e+02 2.248071438074111938e+02 2.352759647369384766e+02 2.245674276351928711e+02 1.000000000000000000e+00
2.141053867340087891e+02 4.463688755035400391e+02 2.120258140563964844e+02 4.404882287979125977e+02 2.089228057861328125e+02 4.389892959594726562e+02 2.000000000000000000e+00
4.760621929168701172e+02 7.938343048095703125e+01 4.739437294006347656e+02 7.360075950622558594e+01 4.707302284240722656e+02 7.207294464111328125e+01 2.000000000000000000e+00
3.306960451602935791e+02 1.942613661289215088e+02 3.334588623046875000e+02 1.903016638755798340e+02 3.352328193187713623e+02 1.904249989986419678e+02 1.000000000000000000e+00
5.868004798889160156e+02 2.575020146369934082e+02 5.845665931701660156e+02 2.518419501185417175e+02 5.813269615173339844e+02 2.502181246876716614e+02 2.000000000000000000e+00
4.809123611450195312e+02 3.954763841629028320e+02 4.787198162078857422e+02 3.897906875610351562e+02 4.756244182586669922e+02 3.881333684921264648e+02 2.000000000000000000e+00
4.810791397094726562e+02 6.741445541381835938e+01 4.790311336517333984e+02 6.172463893890380859e+01 4.757059669494628906e+02 6.009384155273437500e+01 2.000000000000000000e+00
3.160013732314109802e+02 1.843048381805419922e+02 3.190167541056871414e+02 1.802656817436218262e+02 3.208800964802503586e+02 1.803339064121246338e+02 1.000000000000000000e+00
5.340719032287597656e+02 2.973969161510467529e+02 5.317862510681152344e+02 2.916981232166290283e+02 5.285539054870605469e+02 2.900964689254760742e+02 2.000000000000000000e+00
3.628868436813354492e+02 4.673531627655029297e+02 4.057590961456298828e+02 4.719714832305908203e+02 4.026431560516357422e+02 4.702969121932983398e+02 2.000000000000000000e+00
4.632655620574951172e+02 7.746143817901611328e+01 4.609249591827392578e+02 7.164904117584228516e+01 4.578524494171142578e+02 7.010902404785156250e+01 2.000000000000000000e+00
6.168731689453125000e+02 3.995552730560302734e+02 6.144849967956542969e+02 3.938037157058715820e+02 6.111667442321777344e+02 3.920496225357055664e+02 2.000000000000000000e+00
5.851485633850097656e+02 2.195543056726455688e+02 5.829313468933105469e+02 2.138887310028076172e+02 5.796881675720214844e+02 2.123166024684906006e+02 2.000000000000000000e+00
2.130572605133056641e+02 4.323804187774658203e+02 2.109070110321044922e+02 4.265273523330688477e+02 2.077935504913330078e+02 4.250384616851806641e+02 2.000000000000000000e+00
6.359616661071777344e+02 2.565672308206558228e+02 6.337424278259277344e+02 2.509348610043525696e+02 6.304791831970214844e+02 2.492557990550994873e+02 2.000000000000000000e+00
5.480552482604980469e+02 1.874752628803253174e+02 5.460117149353027344e+02 1.817841446399688721e+02 5.428184890747070312e+02 1.801719331741333008e+02 2.000000000000000000e+00
5.048658561706542969e+02 1.124718046188354492e+02 5.031056785583496094e+02 1.067664241790771484e+02 4.996011161804199219e+02 1.051735067367553711e+02 2.000000000000000000e+00
4.539436626434326172e+02 4.425255203247070312e+02 4.516001319885253906e+02 4.366620826721191406e+02 4.484770488739013672e+02 4.350854873657226562e+02 2.000000000000000000e+00
4.489559364318847656e+02 3.604788923263549805e+02 4.467076396942138672e+02 3.547962427139282227e+02 4.435599708557128906e+02 3.531983113288879395e+02 2.000000000000000000e+00
2.420456838607788086e+02 4.183687162399291992e+02 2.398038196563720703e+02 4.127407264709472656e+02 2.366853332519531250e+02 4.110290050506591797e+02 2.000000000000000000e+00
4.589932918548583984e+02 3.674862670898437500e+02 4.567229938507080078e+02 3.617868089675903320e+02 4.536414813995361328e+02 3.602525711059570312e+02 2.000000000000000000e+00
4.867697525024414062e+02 4.284462404251098633e+02 4.845821571350097656e+02 4.227588844299316406e+02 4.813612365722656250e+02 4.211405754089355469e+02 2.000000000000000000e+00
4.929969215393066406e+02 3.123421025276184082e+02 4.907415199279785156e+02 3.066351985931396484e+02 4.874968910217285156e+02 3.049929857254028320e+02 2.000000000000000000e+00
3.260392761230468750e+02 4.254603624343872070e+02 3.237408447265625000e+02 4.196562051773071289e+02 3.205799255520105362e+02 4.180630588531494141e+02 2.000000000000000000e+00
3.778930377960205078e+02 3.705294227600097656e+02 3.757497262954711914e+02 3.646869564056396484e+02 3.725909137725830078e+02 3.632700204849243164e+02 2.000000000000000000e+00
4.392985820770263672e+02 9.335728168487548828e+01 4.370821571350097656e+02 8.761789798736572266e+01 4.339155006408691406e+02 8.602759838104248047e+01 2.000000000000000000e+00
2.460647249221801758e+02 4.593883752822875977e+02 2.439878988265991211e+02 4.535299158096313477e+02 2.407024526596069336e+02 4.518972301483154297e+02 2.000000000000000000e+00
3.558839726448059082e+02 4.653639650344848633e+02 3.536661696434020996e+02 4.595366334915161133e+02 3.505518507957458496e+02 4.579849290847778320e+02 2.000000000000000000e+00
5.499004554748535156e+02 4.084107398986816406e+02 5.477074050903320312e+02 4.027074909210205078e+02 5.444757080078125000e+02 4.010215187072753906e+02 2.000000000000000000e+00
4.930119705200195312e+02 3.063861393928527832e+02 4.907163429260253906e+02 3.006391024589538574e+02 4.875436973571777344e+02 2.990739154815673828e+02 2.000000000000000000e+00
6.302177238464355469e+02 1.925541973114013672e+02 6.280419349670410156e+02 1.868257892131805420e+02 6.248719596862792969e+02 1.852260553836822510e+02 2.000000000000000000e+00
3.599917292594909668e+02 3.804824638366699219e+02 3.577680063247680664e+02 3.747190046310424805e+02 3.545978093147277832e+02 3.732322740554809570e+02 2.000000000000000000e+00
4.918397331237792969e+02 4.663587141036987305e+02 4.896103477478027344e+02 4.605429124832153320e+02 4.864649009704589844e+02 4.588804435729980469e+02 2.000000000000000000e+00
4.688255023956298828e+02 4.134331512451171875e+02 4.667166423797607422e+02 4.077406740188598633e+02 4.634902954101562500e+02 4.060908222198486328e+02 2.000000000000000000e+00
5.530462074279785156e+02 3.404459309577941895e+02 5.507643508911132812e+02 3.347444844245910645e+02 5.474364089965820312e+02 3.331168556213378906e+02 2.000000000000000000e+00
3.839025878906250000e+02 3.844622611999511719e+02 3.817172574996948242e+02 3.786986446380615234e+02 3.785462951660156250e+02 3.771548223495483398e+02 2.000000000000000000e+00
4.548458290100097656e+02 4.504679059982299805e+02 4.525320434570312500e+02 4.446055698394775391e+02 4.494029521942138672e+02 4.429484367370605469e+02 2.000000000000000000e+00
3.219541931152343750e+02 1.951446676254272461e+02 3.243132326006889343e+02 1.911564767360687256e+02 3.254697877168655396e+02 1.910196948051452637e+02 1.000000000000000000e+00
4.508627605438232422e+02 4.694055032730102539e+02 4.485214900970458984e+02 4.636571216583251953e+02 4.454486370086669922e+02 4.619832944869995117e+02 2.000000000000000000e+00
4.460338115692138672e+02 3.125080275535583496e+02 4.437430763244628906e+02 3.067776203155517578e+02 4.405051326751708984e+02 3.051755404472351074e+02 2.000000000000000000e+00
6.183325195312500000e+02 1.306416893005371094e+02 6.161774253845214844e+02 1.249245214462280273e+02 6.129946327209472656e+02 1.232059764862060547e+02 2.000000000000000000e+00
3.537928175926208496e+02 4.713720273971557617e+02 3.665223073959350586e+02 4.664472198486328125e+02 3.632908010482788086e+02 4.647752523422241211e+02 2.000000000000000000e+00
2.710749483108520508e+02 3.534632921218872070e+02 2.689402770996093750e+02 3.476530194282531738e+02 2.657080364227294922e+02 3.461376428604125977e+02 2.000000000000000000e+00
5.341361808776855469e+02 1.013485050201416016e+02 5.320682334899902344e+02 9.563070774078369141e+01 5.289431762695312500e+02 9.399812221527099609e+01 2.000000000000000000e+00
3.287268066406250000e+02 1.763218688964843750e+02 3.318914496898651123e+02 1.724866747856140137e+02 3.339245915412902832e+02 1.726624131202697754e+02 1.000000000000000000e+00
4.362564086914062500e+02 7.841135501861572266e+01 4.339945697784423828e+02 7.268164157867431641e+01 4.308546161651611328e+02 7.106456279754638672e+01 2.000000000000000000e+00
2.102546024322509766e+02 2.145040422677993774e+02 2.149579334259033203e+02 2.099154782295227051e+02 2.186950778961181641e+02 2.094639408588409424e+02 1.000000000000000000e+00
4.550159931182861328e+02 3.625104761123657227e+02 4.526827430725097656e+02 3.568081712722778320e+02 4.496109008789062500e+02 3.552391719818115234e+02 2.000000000000000000e+00
3.730371713638305664e+02 2.096099996566772461e+02 3.745841360092163086e+02 2.053228604793548584e+02 3.749281930923461914e+02 2.049195241928100586e+02 1.000000000000000000e+00
4.218328857421875000e+02 4.584367418289184570e+02 4.197127723693847656e+02 4.526483201980590820e+02 4.166130733489990234e+02 4.511384439468383789e+02 2.000000000000000000e+00
5.389729118347167969e+02 3.093635630607604980e+02 5.367037391662597656e+02 3.036643695831298828e+02 5.334985923767089844e+02 3.020483422279357910e+02 2.000000000000000000e+00
6.270015907287597656e+02 2.525763407349586487e+02 6.247804641723632812e+02 2.468349002301692963e+02 6.214571571350097656e+02 2.452080997824668884e+02 2.000000000000000000e+00
6.081589317321777344e+02 7.746115207672119141e+01 6.059657669067382812e+02 7.171843528747558594e+01 6.028001785278320312e+02 7.016864776611328125e+01 2.000000000000000000e+00
2.632203054428100586e+02 4.313618803024291992e+02 2.608019399642944336e+02 4.255742311477661133e+02 2.578180551528930664e+02 4.241380405426025391e+02 2.000000000000000000e+00
3.360102844238281250e+02 4.653657102584838867e+02 3.336546635627746582e+02 4.596498155593872070e+02 3.305585026741027832e+02 4.580442667007446289e+02 2.000000000000000000e+00
5.487961387634277344e+02 4.594965362548828125e+02 5.465334510803222656e+02 4.536642837524414062e+02 5.432103347778320312e+02 4.519611310958862305e+02 2.000000000000000000e+00
4.428100585937500000e+02 4.693724441528320312e+02 4.405857563018798828e+02 4.636859893798828125e+02 4.374289608001708984e+02 4.620007467269897461e+02 2.000000000000000000e+00
4.318177223205566406e+02 4.164715003967285156e+02 4.296055603027343750e+02 4.107516860961914062e+02 4.263822078704833984e+02 4.091968202590942383e+02 2.000000000000000000e+00
2.060245037078857422e+02 4.343514776229858398e+02 2.039165019989013672e+02 4.285068082809448242e+02 2.008223819732666016e+02 4.269634437561035156e+02 2.000000000000000000e+00
4.889728736877441406e+02 3.374706745147705078e+02 4.867210769653320312e+02 3.316763949394226074e+02 4.835429191589355469e+02 3.300033903121948242e+02 2.000000000000000000e+00
4.129186153411865234e+02 3.695092821121215820e+02 4.106484127044677734e+02 3.638200807571411133e+02 4.075850582122802734e+02 3.622725534439086914e+02 2.000000000000000000e+00
4.248362731933593750e+02 9.705433845520019531e+01 4.227534484863281250e+02 9.145075321197509766e+01 4.196822547912597656e+02 8.982263088226318359e+01 2.000000000000000000e+00
6.330736732482910156e+02 2.175826245546340942e+02 6.308284950256347656e+02 2.120434105396270752e+02 6.277013587951660156e+02 2.101398146152496338e+02 2.000000000000000000e+00
6.260134887695312500e+02 4.125755023956298828e+02 6.235341262817382812e+02 4.067063140869140625e+02 6.202953529357910156e+02 4.050277519226074219e+02 2.000000000000000000e+00
6.030188560485839844e+02 2.164327079057693481e+02 6.008995437622070312e+02 2.107524240016937256e+02 5.975473594665527344e+02 2.091825985908508301e+02 2.000000000000000000e+00
6.171498489379882812e+02 1.175472307205200195e+02 6.150436973571777344e+02 1.118883132934570312e+02 6.118231773376464844e+02 1.101954889297485352e+02 2.000000000000000000e+00
5.229673576354980469e+02 8.642357826232910156e+01 5.207402420043945312e+02 8.067466735839843750e+01 5.176937866210937500e+02 7.907302379608154297e+01 2.000000000000000000e+00
4.550196838378906250e+02 3.754986333847045898e+02 4.526884460449218750e+02 3.697281217575073242e+02 4.495575904846191406e+02 3.681765174865722656e+02 2.000000000000000000e+00
2.144802093505859375e+02 2.045956099033355713e+02 2.191044712066650391e+02 2.001024162769317627e+02 2.228935241699218750e+02 1.996376180648803711e+02 1.000000000000000000e+00
4.242656898498535156e+02 6.933601856231689453e+01 4.218908405303955078e+02 6.366976261138916016e+01 4.187106323242187500e+02 6.194565296173095703e+01 2.000000000000000000e+00
4.907831382751464844e+02 4.504244184494018555e+02 4.886336326599121094e+02 4.444943332672119141e+02 4.853258705139160156e+02 4.430393743515014648e+02 2.000000000000000000e+00
4.948394775390625000e+02 9.148530006408691406e+01 4.930373001098632812e+02 8.565698146820068359e+01 4.897422218322753906e+02 8.415161132812500000e+01 2.000000000000000000e+00
2.681147766113281250e+02 3.433410072326660156e+02 2.657744741439819336e+02 3.375651597976684570e+02 2.626218557357788086e+02 3.360535311698913574e+02 2.000000000000000000e+00
5.122742271423339844e+02 8.443174839019775391e+01 5.101231193542480469e+02 7.873229026794433594e+01 5.069149589538574219e+02 7.705923557281494141e+01 2.000000000000000000e+00
2.936110830307006836e+02 2.412471772357821465e+02 2.970147395133972168e+02 2.364199827611446381e+02 2.991723322868347168e+02 2.355810239911079407e+02 1.000000000000000000e+00
5.251948928833007812e+02 1.284025669097900391e+02 5.230515861511230469e+02 1.226416897773742676e+02 5.199670982360839844e+02 1.210765457153320312e+02 2.000000000000000000e+00
3.020537412166595459e+02 3.683102416992187500e+02 2.999042654037475586e+02 3.626487493515014648e+02 2.967058110237121582e+02 3.610384654998779297e+02 2.000000000000000000e+00
3.988863515853881836e+02 3.834691286087036133e+02 3.967481994628906250e+02 3.777006912231445312e+02 3.934985685348510742e+02 3.761101770401000977e+02 2.000000000000000000e+00
2.270837974548339844e+02 4.261794233322143555e+02 2.247394275665283203e+02 4.205122518539428711e+02 2.216025352478027344e+02 4.189422655105590820e+02 2.000000000000000000e+00
2.189376068115234375e+02 2.293167418241500854e+02 2.233582305908203125e+02 2.245289146900177002e+02 2.265928363800048828e+02 2.239367204904556274e+02 1.000000000000000000e+00
5.052293777465820312e+02 8.539405345916748047e+01 5.031942176818847656e+02 7.971389293670654297e+01 4.999336051940917969e+02 7.805328369140625000e+01 2.000000000000000000e+00
4.530115413665771484e+02 9.533934116363525391e+01 4.508674621582031250e+02 8.964882373809814453e+01 4.476167583465576172e+02 8.800396442413330078e+01 2.000000000000000000e+00
5.598167800903320312e+02 3.644193220138549805e+02 5.576525878906250000e+02 3.586825346946716309e+02 5.543816566467285156e+02 3.571064829826354980e+02 2.000000000000000000e+00
4.992098808288574219e+02 8.345246315002441406e+01 4.971724319458007812e+02 7.773964405059814453e+01 4.939219093322753906e+02 7.607635974884033203e+01 2.000000000000000000e+00
4.360338783264160156e+02 2.954838895797729492e+02 4.338683509826660156e+02 2.898295927047729492e+02 4.305501461029052734e+02 2.882324838638305664e+02 2.000000000000000000e+00
2.839059138298034668e+02 4.143829107284545898e+02 2.818180227279663086e+02 4.086544847488403320e+02 2.785930490493774414e+02 4.070997047424316406e+02 2.000000000000000000e+00
5.168882560729980469e+02 3.905634784698486328e+02 5.146671104431152344e+02 3.848594999313354492e+02 5.114337730407714844e+02 3.832920312881469727e+02 2.000000000000000000e+00
3.209120788425207138e+02 3.803712272644042969e+02 3.187048034369945526e+02 3.746393823623657227e+02 3.156152036786079407e+02 3.731115818023681641e+02 2.000000000000000000e+00
5.478433799743652344e+02 3.484409236907958984e+02 5.455000114440917969e+02 3.428449487686157227e+02 5.424094200134277344e+02 3.411301302909851074e+02 2.000000000000000000e+00
5.728302574157714844e+02 2.487061008810997009e+02 5.708825683593750000e+02 2.433079683780670166e+02 5.677676391601562500e+02 2.418636933714151382e+02 2.000000000000000000e+00
4.589173316955566406e+02 4.133967018127441406e+02 4.566613483428955078e+02 4.077655792236328125e+02 4.535725402832031250e+02 4.060993766784667969e+02 2.000000000000000000e+00
6.130483436584472656e+02 1.934438753128051758e+02 6.107705116271972656e+02 1.877673304080963135e+02 6.075299072265625000e+02 1.861502802371978760e+02 2.000000000000000000e+00
5.070405006408691406e+02 1.814893448352813721e+02 5.049129295349121094e+02 1.757865142822265625e+02 5.017448997497558594e+02 1.741579985618591309e+02 2.000000000000000000e+00
4.470036029815673828e+02 2.984729039669036865e+02 4.447467994689941406e+02 2.928613007068634033e+02 4.415662574768066406e+02 2.912032806873321533e+02 2.000000000000000000e+00
3.321219182014465332e+02 4.713581943511962891e+02 3.298799747228622437e+02 4.656649017333984375e+02 3.267351990938186646e+02 4.639516782760620117e+02 2.000000000000000000e+00
6.342363929748535156e+02 8.746190071105957031e+01 6.321937370300292969e+02 8.184074878692626953e+01 6.289196777343750000e+02 8.019879341125488281e+01 2.000000000000000000e+00
5.680572509765625000e+02 7.344367504119873047e+01 5.660781288146972656e+02 6.773838043212890625e+01 5.627932167053222656e+02 6.609187602996826172e+01 2.000000000000000000e+00
5.517827224731445312e+02 4.664920520782470703e+02 5.494608116149902344e+02 4.606631326675415039e+02 5.462088012695312500e+02 4.590263414382934570e+02 2.000000000000000000e+00
2.508978891372680664e+02 3.804613780975341797e+02 2.487471771240234375e+02 3.747280597686767578e+02 2.455633831024169922e+02 3.731645822525024414e+02 2.000000000000000000e+00
4.219139385223388672e+02 3.444306993484497070e+02 4.196988582611083984e+02 3.387607455253601074e+02 4.165707397460937500e+02 3.371424293518066406e+02 2.000000000000000000e+00
3.408739638328552246e+02 3.944218540191650391e+02 3.387956547737121582e+02 3.887279748916625977e+02 3.356487429141998291e+02 3.871068191528320312e+02 2.000000000000000000e+00
5.938459587097167969e+02 4.605301380157470703e+02 5.914334678649902344e+02 4.546305942535400391e+02 5.882927894592285156e+02 4.529397726058959961e+02 2.000000000000000000e+00
4.900187683105468750e+02 3.964973545074462891e+02 4.877452659606933594e+02 3.907514762878417969e+02 4.846107292175292969e+02 3.890388536453247070e+02 2.000000000000000000e+00
4.992702674865722656e+02 1.064376640319824219e+02 4.971144485473632812e+02 1.007660865783691406e+02 4.938391494750976562e+02 9.914666175842285156e+01 2.000000000000000000e+00
4.879494667053222656e+02 4.134446239471435547e+02 4.856803894042968750e+02 4.076844549179077148e+02 4.825424003601074219e+02 4.059358978271484375e+02 2.000000000000000000e+00
3.930801725387573242e+02 3.474787044525146484e+02 3.908152151107788086e+02 3.417667293548583984e+02 3.876895761489868164e+02 3.401249742507934570e+02 2.000000000000000000e+00
4.289057636260986328e+02 4.025160598754882812e+02 4.266528034210205078e+02 3.967240047454833984e+02 4.235107135772705078e+02 3.951427030563354492e+02 2.000000000000000000e+00
5.109612083435058594e+02 3.065827059745788574e+02 5.087773704528808594e+02 3.007687139511108398e+02 5.055698204040527344e+02 2.993760716915130615e+02 2.000000000000000000e+00
3.018851315975189209e+02 4.462442779541015625e+02 2.997757267951965332e+02 4.405429744720458984e+02 2.964074397087097168e+02 4.389145374298095703e+02 2.000000000000000000e+00
3.779445219039916992e+02 3.583879137039184570e+02 3.758202505111694336e+02 3.525354051589965820e+02 3.726331472396850586e+02 3.510974192619323730e+02 2.000000000000000000e+00
4.149155330657958984e+02 3.884318590164184570e+02 4.127340126037597656e+02 3.827109718322753906e+02 4.095584774017333984e+02 3.811587953567504883e+02 2.000000000000000000e+00
4.229114723205566406e+02 3.904383373260498047e+02 4.206959819793701172e+02 3.847013568878173828e+02 4.175505352020263672e+02 3.831479501724243164e+02 2.000000000000000000e+00
5.761043167114257812e+02 1.804762387275695801e+02 5.739586830139160156e+02 1.748079943656921387e+02 5.706904411315917969e+02 1.731981897354125977e+02 2.000000000000000000e+00
2.499938964843750000e+02 2.442466279864311218e+02 2.532569742202758789e+02 2.393478393182158470e+02 2.552786397933959961e+02 2.388723907247185707e+02 1.000000000000000000e+00
4.300254249572753906e+02 3.255252099037170410e+02 4.277718257904052734e+02 3.197188425064086914e+02 4.245957374572753906e+02 3.181647062301635742e+02 2.000000000000000000e+00
5.691955566406250000e+02 1.614237141609191895e+02 5.670360755920410156e+02 1.558862113952636719e+02 5.638277053833007812e+02 1.541967701911926270e+02 2.000000000000000000e+00
2.990924072265625000e+02 3.873885297775268555e+02 2.967994689941406250e+02 3.816251277923583984e+02 2.936672663688659668e+02 3.800314092636108398e+02 2.000000000000000000e+00
3.560284113883972168e+02 4.324858760833740234e+02 3.538437819480895996e+02 4.266603183746337891e+02 3.505957651138305664e+02 4.250731229782104492e+02 2.000000000000000000e+00
2.519204235076904297e+02 4.654312276840209961e+02 2.498339700698852539e+02 4.596614742279052734e+02 2.466340780258178711e+02 4.581165218353271484e+02 2.000000000000000000e+00
2.681376934051513672e+02 2.472998356819152832e+02 2.716637849807739258e+02 2.424549409747123718e+02 2.738785696029663086e+02 2.416264954581856728e+02 1.000000000000000000e+00
2.932260727882385254e+02 2.237504106760025024e+02 2.969135737419128418e+02 2.193607932329177856e+02 2.993632197380065918e+02 2.189936363697052002e+02 1.000000000000000000e+00
5.237534141540527344e+02 4.714344549179077148e+02 5.214778518676757812e+02 4.655211639404296875e+02 5.182505607604980469e+02 4.638425731658935547e+02 2.000000000000000000e+00
4.180515480041503906e+02 2.975141322612762451e+02 4.157621765136718750e+02 2.917856168746948242e+02 4.125968647003173828e+02 2.902267169952392578e+02 2.000000000000000000e+00
4.650212383270263672e+02 8.740927219390869141e+01 4.628056335449218750e+02 8.166465282440185547e+01 4.596827983856201172e+02 8.009644031524658203e+01 2.000000000000000000e+00
5.468948936462402344e+02 3.674682426452636719e+02 5.446878051757812500e+02 3.617647218704223633e+02 5.415565299987792969e+02 3.601683425903320312e+02 2.000000000000000000e+00
5.895592689514160156e+02 1.174797391891479492e+02 5.872437858581542969e+02 1.118252706527709961e+02 5.840600013732910156e+02 1.102694034576416016e+02 2.000000000000000000e+00
2.840802001953125000e+02 3.064647245407104492e+02 2.817938542366027832e+02 3.006969022750854492e+02 2.786300945281982422e+02 2.992321801185607910e+02 2.000000000000000000e+00
5.950620841979980469e+02 2.274835655093193054e+02 5.928726768493652344e+02 2.218644243478775024e+02 5.896055984497070312e+02 2.202298271656036377e+02 2.000000000000000000e+00
4.828662490844726562e+02 3.674979257583618164e+02 4.806335830688476562e+02 3.617773818969726562e+02 4.774479675292968750e+02 3.601166439056396484e+02 2.000000000000000000e+00
2.859511709213256836e+02 3.403439354896545410e+02 2.838282155990600586e+02 3.346101093292236328e+02 2.807240605354309082e+02 3.331962919235229492e+02 2.000000000000000000e+00
3.821112060546875000e+02 4.504251480102539062e+02 3.797776174545288086e+02 4.446257400512695312e+02 3.766347980499267578e+02 4.430088329315185547e+02 2.000000000000000000e+00
3.708681964874267578e+02 3.685361051559448242e+02 3.686600971221923828e+02 3.627153682708740234e+02 3.655319833755493164e+02 3.612182664871215820e+02 2.000000000000000000e+00
6.238075637817382812e+02 3.995498800277709961e+02 6.214385414123535156e+02 3.938141870498657227e+02 6.180953979492187500e+02 3.920513391494750977e+02 2.000000000000000000e+00
6.118211746215820312e+02 4.434111499786376953e+02 6.094436645507812500e+02 4.376675176620483398e+02 6.061829185485839844e+02 4.359255838394165039e+02 2.000000000000000000e+00
6.383629798889160156e+02 1.904935276508331299e+02 6.362377929687500000e+02 1.846414911746978760e+02 6.330543327331542969e+02 1.830334460735321045e+02 2.000000000000000000e+00
4.049085426330566406e+02 2.972559535503387451e+02 4.027182292938232422e+02 2.922253739833831787e+02 3.993103647232055664e+02 2.901143503189086914e+02 2.000000000000000000e+00
5.562000083923339844e+02 1.335749602317810059e+02 5.541008377075195312e+02 1.278426861763000488e+02 5.509192466735839844e+02 1.262490463256835938e+02 2.000000000000000000e+00
5.214005851745605469e+02 6.746784210205078125e+01 5.193365478515625000e+02 6.174970149993896484e+01 5.161917686462402344e+02 6.020431995391845703e+01 2.000000000000000000e+00
5.479260253906250000e+02 3.124167823791503906e+02 5.456829833984375000e+02 3.067033123970031738e+02 5.425286293029785156e+02 3.051493549346923828e+02 2.000000000000000000e+00
5.288050651550292969e+02 4.373942041397094727e+02 5.265540122985839844e+02 4.316364812850952148e+02 5.233047485351562500e+02 4.298790121078491211e+02 2.000000000000000000e+00
3.719664621353149414e+02 4.673992967605590820e+02 3.697698354721069336e+02 4.616066408157348633e+02 3.666363525390625000e+02 4.599562454223632812e+02 2.000000000000000000e+00
3.799418640136718750e+02 4.684819078445434570e+02 3.777094745635986328e+02 4.626013040542602539e+02 3.745365619659423828e+02 4.610210752487182617e+02 2.000000000000000000e+00
4.228654479980468750e+02 4.484604263305664062e+02 4.207364559173583984e+02 4.426999568939208984e+02 4.175631999969482422e+02 4.411228752136230469e+02 2.000000000000000000e+00
3.948788785934448242e+02 4.483123540878295898e+02 3.926984548568725586e+02 4.425639438629150391e+02 3.895157480239868164e+02 4.408671712875366211e+02 2.000000000000000000e+00
4.599879455566406250e+02 3.154856014251708984e+02 4.577374935150146484e+02 3.098085379600524902e+02 4.545589351654052734e+02 3.082408475875854492e+02 2.000000000000000000e+00
4.701044368743896484e+02 3.366649818420410156e+02 4.677550983428955078e+02 3.308393025398254395e+02 4.645796203613281250e+02 3.291842079162597656e+02 2.000000000000000000e+00
2.047196674346923828e+02 2.055093204975128174e+02 2.097101593017578125e+02 2.010894155502319336e+02 2.136665630340576172e+02 2.007610130310058594e+02 1.000000000000000000e+00
2.878411245346069336e+02 4.074545001983642578e+02 2.857344651222229004e+02 4.017249870300292969e+02 2.825375056266784668e+02 4.001850414276123047e+02 2.000000000000000000e+00
2.380558013916015625e+02 2.176269364356994629e+02 2.425462961196899414e+02 2.132242119312286377e+02 2.456777191162109375e+02 2.129073929786682129e+02 1.000000000000000000e+00
5.870940017700195312e+02 2.035438978672027588e+02 5.848406982421875000e+02 1.979124891757965088e+02 5.816148185729980469e+02 1.963235306739807129e+02 2.000000000000000000e+00
4.030930519104003906e+02 3.604041194915771484e+02 4.007661437988281250e+02 3.547396302223205566e+02 3.976289081573486328e+02 3.530773973464965820e+02 2.000000000000000000e+00
6.331724929809570312e+02 1.184046506881713867e+02 6.309439659118652344e+02 1.127560329437255859e+02 6.277263832092285156e+02 1.111279821395874023e+02 2.000000000000000000e+00
6.357720947265625000e+02 1.723505187034606934e+02 6.339668655395507812e+02 1.662346458435058594e+02 6.307595825195312500e+02 1.646630501747131348e+02 2.000000000000000000e+00
5.359376335144042969e+02 1.874994170665740967e+02 5.339111900329589844e+02 1.818176543712615967e+02 5.307484245300292969e+02 1.801661038398742676e+02 2.000000000000000000e+00
2.749921560287475586e+02 2.503133243322372437e+02 2.785336923599243164e+02 2.455296939611434937e+02 2.808037710189819336e+02 2.447360385954380035e+02 1.000000000000000000e+00
4.928540039062500000e+02 4.563845586776733398e+02 4.906534194946289062e+02 4.504986619949340820e+02 4.874434852600097656e+02 4.489755105972290039e+02 2.000000000000000000e+00
3.287206423282623291e+02 1.823339509963989258e+02 3.318653571605682373e+02 1.784834432601928711e+02 3.338048398494720459e+02 1.786401915550231934e+02 1.000000000000000000e+00
