2.748663330078125000e+02 1.918836021423339844e+02 2.793264770507812500e+02 1.948758065700531006e+02 2.835221862792968750e+02 1.970845019817352295e+02 1.000000000000000000e+00
2.543674755096435547e+02 1.177107810974121094e+01 2.569699382781982422e+02 1.554084777832031250e+01 2.596116638183593750e+02 1.872066020965576172e+01 2.000000000000000000e+00
2.319449329376220703e+02 1.894093465805053711e+02 2.357225894927978516e+02 1.925876140594482422e+02 2.392195892333984375e+02 1.947351658344268799e+02 1.000000000000000000e+00
1.047895622253417969e+02 3.004780912399291992e+02 1.073794555664062500e+02 3.040629315376281738e+02 1.096941184997558594e+02 3.068290472030639648e+02 2.000000000000000000e+00
9.915523529052734375e+01 2.822963261604309082e+02 1.018171691894531250e+02 2.858885514736175537e+02 1.042223358154296875e+02 2.889974391460418701e+02 2.000000000000000000e+00
2.916755676269531250e+02 1.976036810874938965e+02 2.964987492561340332e+02 2.006546473503112793e+02 3.011022639274597168e+02 2.031079995632171631e+02 1.000000000000000000e+00
2.512816476821899414e+02 1.929763162136077881e+02 2.558514261245727539e+02 1.962764275074005127e+02 2.599751567840576172e+02 1.984464561939239502e+02 1.000000000000000000e+00
1.132099723815917969e+02 2.821797823905944824e+02 1.158356475830078125e+02 2.858472025394439697e+02 1.181885337829589844e+02 2.888767111301422119e+02 2.000000000000000000e+00
1.078491401672363281e+02 2.468915104866027832e+02 1.105760765075683594e+02 2.506914827227592468e+02 1.130687904357910156e+02 2.534882515668869019e+02 2.000000000000000000e+00
2.385232353210449219e+02 1.946071922779083252e+02 2.422048473358154297e+02 1.978359496593475342e+02 2.457288503646850586e+02 2.000647723674774170e+02 1.000000000000000000e+00
2.494325399398803711e+02 1.808670616149902344e+02 2.531672334671020508e+02 1.838856768608093262e+02 2.570339059829711914e+02 1.859633910655975342e+02 1.000000000000000000e+00
3.241079100966453552e+02 2.186196327209472656e+01 3.266524046659469604e+02 2.567122936248779297e+01 3.293400573730468750e+02 2.887989521026611328e+01 2.000000000000000000e+00
2.631704378128051758e+02 1.812057316303253174e+02 2.673677968978881836e+02 1.841821396350860596e+02 2.712231731414794922e+02 1.862689626216888428e+02 1.000000000000000000e+00
3.373113715648651123e+02 2.470119479298591614e+02 3.398874819278717041e+02 2.507594302296638489e+02 3.423345947265625000e+02 2.538142400979995728e+02 2.000000000000000000e+00
2.325048923492431641e+02 1.949302053451538086e+02 2.362709808349609375e+02 1.981968677043914795e+02 2.397172832489013672e+02 2.003682696819305420e+02 1.000000000000000000e+00
3.065272819995880127e+02 5.327686786651611328e+01 3.092023313045501709e+02 5.684653759002685547e+01 3.116928100585937500e+02 6.035031795501708984e+01 2.000000000000000000e+00
2.203696537017822266e+02 1.921582925319671631e+02 2.239857482910156250e+02 1.953046703338623047e+02 2.272522544860839844e+02 1.974372839927673340e+02 1.000000000000000000e+00
2.738058757781982422e+02 3.317819595336914062e+01 2.763071298599243164e+02 3.706525325775146484e+01 2.790328073501586914e+02 4.016542911529541016e+01 2.000000000000000000e+00
2.879391169548034668e+02 1.891195499897003174e+02 2.925473022460937500e+02 1.920461547374725342e+02 2.968142390251159668e+02 1.942635476589202881e+02 1.000000000000000000e+00
2.251757526397705078e+02 2.095430588722229004e+02 2.290318298339843750e+02 2.127620530128479004e+02 2.327610015869140625e+02 2.151181787252426147e+02 1.000000000000000000e+00
2.884788203239440918e+02 1.937639272212982178e+02 2.932124924659729004e+02 1.967473733425140381e+02 2.977550339698791504e+02 1.990975785255432129e+02 1.000000000000000000e+00
2.627688264846801758e+02 1.971134626865386963e+02 2.673096895217895508e+02 2.003121006488800049e+02 2.721475219726562500e+02 2.025184607505798340e+02 1.000000000000000000e+00
2.828761887550354004e+02 2.140038746595382690e+02 2.879696965217590332e+02 2.172765344381332397e+02 2.928905940055847168e+02 2.195953059196472168e+02 1.000000000000000000e+00
2.884441828727722168e+02 1.984959089756011963e+02 2.931890559196472168e+02 2.015032482147216797e+02 2.976988530158996582e+02 2.038105738162994385e+02 1.000000000000000000e+00
2.825417160987854004e+02 1.949085831642150879e+02 2.870877981185913086e+02 1.978409564495086670e+02 2.913350820541381836e+02 2.000791740417480469e+02 1.000000000000000000e+00
2.089277744293212891e+02 3.652493476867675781e+01 2.114186859130859375e+02 4.028018474578857422e+01 2.141116619110107422e+02 4.348873615264892578e+01 2.000000000000000000e+00
2.633895874023437500e+02 1.685633182525634766e+01 2.660110759735107422e+02 2.064568519592285156e+01 2.686401033401489258e+02 2.381119251251220703e+01 2.000000000000000000e+00
2.797178316116333008e+02 2.220285415649414062e+01 2.822753596305847168e+02 2.600230693817138672e+01 2.849245905876159668e+02 2.919556617736816406e+01 2.000000000000000000e+00
2.592024517059326172e+02 1.772374534606933594e+02 2.632670259475708008e+02 1.802005577087402344e+02 2.671853637695312500e+02 1.822558093070983887e+02 1.000000000000000000e+00
1.322501754760742188e+02 4.331604480743408203e+01 1.348572731018066406e+02 4.722697734832763672e+01 1.374918556213378906e+02 5.020169734954833984e+01 2.000000000000000000e+00
3.364093935489654541e+02 2.269248649477958679e+02 3.390322577953338623e+02 2.307255703210830688e+02 3.415214848518371582e+02 2.338495936989784241e+02 2.000000000000000000e+00
2.057471561431884766e+02 1.928977346420288086e+02 2.096277332305908203e+02 1.958841526508331299e+02 2.131931781768798828e+02 1.980790078639984131e+02 1.000000000000000000e+00
2.904802250862121582e+02 1.948926079273223877e+02 2.952954101562500000e+02 1.979366576671600342e+02 2.998557424545288086e+02 2.003381788730621338e+02 1.000000000000000000e+00
2.863715505599975586e+02 1.942839038372039795e+02 2.909566640853881836e+02 1.972137594223022461e+02 2.953052663803100586e+02 1.994353759288787842e+02 1.000000000000000000e+00
5.053453445434570312e+01 4.233040809631347656e+02 5.322156906127929688e+01 4.269802951812744141e+02 5.546335220336914062e+01 4.297386217117309570e+02 2.000000000000000000e+00
2.586271667480468750e+02 1.785486602783203125e+02 2.626313161849975586e+02 1.814504206180572510e+02 2.665326833724975586e+02 1.835315072536468506e+02 1.000000000000000000e+00
2.827253103256225586e+02 1.417030334472656250e+01 2.852839970588684082e+02 1.790986061096191406e+01 2.879449462890625000e+02 2.111959934234619141e+01 2.000000000000000000e+00
2.885879516601562500e+02 2.015057981014251709e+02 2.933608698844909668e+02 2.045826244354248047e+02 2.979265737533569336e+02 2.069733881950378418e+02 1.000000000000000000e+00
2.134573459625244141e+02 4.246458292007446289e+02 2.160796070098876953e+02 4.285279941558837891e+02 2.182299041748046875e+02 4.315570735931396484e+02 2.000000000000000000e+00
4.002193450927734375e+01 6.046119689941406250e+01 4.284770965576171875e+01 6.435762405395507812e+01 4.558536529541015625e+01 6.717905044555664062e+01 2.000000000000000000e+00
2.412931823730468750e+02 1.897268199920654297e+02 2.448653554916381836e+02 1.929064929485321045e+02 2.485085296630859375e+02 1.951368856430053711e+02 1.000000000000000000e+00
1.440510368347167969e+02 2.785861229896545410e+02 1.464241790771484375e+02 2.823277902603149414e+02 1.490758705139160156e+02 2.850715649127960205e+02 2.000000000000000000e+00
2.800089716911315918e+02 2.043766450881958008e+02 2.847924804687500000e+02 2.076766026020050049e+02 2.893774414062500000e+02 2.100891405344009399e+02 1.000000000000000000e+00
2.807695007324218750e+02 1.899246633052825928e+02 2.852626943588256836e+02 1.928853750228881836e+02 2.894793391227722168e+02 1.950900399684906006e+02 1.000000000000000000e+00
2.236268138885498047e+02 1.957989621162414551e+02 2.274472808837890625e+02 1.989587688446044922e+02 2.309330558776855469e+02 2.011462998390197754e+02 1.000000000000000000e+00
2.843440842628479004e+02 1.985872614383697510e+02 2.890034794807434082e+02 2.015567922592163086e+02 2.933650517463684082e+02 2.037947666645050049e+02 1.000000000000000000e+00
1.007649230957031250e+02 2.943953883647918701e+02 1.033757781982421875e+02 2.979942977428436279e+02 1.056982612609863281e+02 3.007700872421264648e+02 2.000000000000000000e+00
3.383843994140625000e+02 2.358812101185321808e+02 3.409803175926208496e+02 2.396395416185259819e+02 3.435245680809020996e+02 2.427343446761369705e+02 2.000000000000000000e+00
1.119194412231445312e+02 2.913240373134613037e+02 1.144695472717285156e+02 2.949078404903411865e+02 1.167609214782714844e+02 2.978754615783691406e+02 2.000000000000000000e+00
2.844897460937500000e+02 1.898529803752899170e+02 2.890162348747253418e+02 1.927622652053833008e+02 2.932818603515625000e+02 1.949818718433380127e+02 1.000000000000000000e+00
2.464760732650756836e+02 1.915824544429779053e+02 2.505587625503540039e+02 1.947981691360473633e+02 2.540299510955810547e+02 1.969633448123931885e+02 1.000000000000000000e+00
2.633376169204711914e+02 1.900097930431365967e+02 2.675227355957031250e+02 1.931352818012237549e+02 2.717328786849975586e+02 1.952681565284729004e+02 1.000000000000000000e+00
2.776345491409301758e+02 4.337996292114257812e+02 2.802351069450378418e+02 4.374994897842407227e+02 2.824700307846069336e+02 4.405797815322875977e+02 2.000000000000000000e+00
2.357632446289062500e+02 1.981768333911895752e+02 2.394921112060546875e+02 2.014486992359161377e+02 2.429854249954223633e+02 2.036445915699005127e+02 1.000000000000000000e+00
2.525487041473388672e+02 3.838116502761840820e+02 2.550259685516357422e+02 3.875282335281372070e+02 2.574314260482788086e+02 3.905269575119018555e+02 2.000000000000000000e+00
1.408607101440429688e+02 4.608854770660400391e+01 1.435704994201660156e+02 5.003525733947753906e+01 1.460132598876953125e+02 5.286475181579589844e+01 2.000000000000000000e+00
6.312194824218750000e+01 3.876724004745483398e+02 6.579959869384765625e+01 3.914689064025878906e+02 6.819807052612304688e+01 3.941747760772705078e+02 2.000000000000000000e+00
2.765789461135864258e+02 1.979622924327850342e+02 2.810970449447631836e+02 2.009791696071624756e+02 2.853399038314819336e+02 2.032193112373352051e+02 1.000000000000000000e+00
2.848866581916809082e+02 2.008885180950164795e+02 2.895787048339843750e+02 2.039071190357208252e+02 2.940121769905090332e+02 2.062567591667175293e+02 1.000000000000000000e+00
3.268184512853622437e+02 4.207421064376831055e+02 3.293643188476562500e+02 4.245409297943115234e+02 3.316681516170501709e+02 4.276328802108764648e+02 2.000000000000000000e+00
2.262331867218017578e+02 2.080226576328277588e+02 2.302884197235107422e+02 2.112681251764297485e+02 2.337483215332031250e+02 2.135552966594696045e+02 1.000000000000000000e+00
1.045247268676757812e+02 2.871778964996337891e+01 1.071019554138183594e+02 3.257695198059082031e+01 1.099092102050781250e+02 3.556324481964111328e+01 2.000000000000000000e+00
2.683781433105468750e+02 2.002089965343475342e+02 2.727612590789794922e+02 2.033077061176300049e+02 2.769343852996826172e+02 2.055679929256439209e+02 1.000000000000000000e+00
2.747464275360107422e+02 2.127753889560699463e+02 2.797562551498413086e+02 2.161434620618820190e+02 2.846793198585510254e+02 2.185555708408355713e+02 1.000000000000000000e+00
2.624040222167968750e+02 3.866396284103393555e+02 2.648934316635131836e+02 3.904017162322998047e+02 2.673107004165649414e+02 3.934050035476684570e+02 2.000000000000000000e+00
3.149685972929000854e+02 4.219578409194946289e+02 3.174427488446235657e+02 4.257441759109497070e+02 3.198065185546875000e+02 4.287501668930053711e+02 2.000000000000000000e+00
3.165985411405563354e+02 3.292644381523132324e+02 3.190824890136718750e+02 3.329953336715698242e+02 3.215507812798023224e+02 3.360695886611938477e+02 2.000000000000000000e+00
3.291891783475875854e+02 1.271646022796630859e+01 3.317283630371093750e+02 1.654011726379394531e+01 3.344112241268157959e+02 1.973283290863037109e+01 2.000000000000000000e+00
9.371301651000976562e+01 3.810399484634399414e+02 9.616067886352539062e+01 3.848095464706420898e+02 9.854864120483398438e+01 3.876185989379882812e+02 2.000000000000000000e+00
1.509031486511230469e+02 3.324730610847473145e+02 1.534506225585937500e+02 3.362699031829833984e+02 1.558768272399902344e+02 3.392349600791931152e+02 2.000000000000000000e+00
1.428683280944824219e+02 4.347034978866577148e+02 1.454071235656738281e+02 4.384146881103515625e+02 1.475518989562988281e+02 4.413690233230590820e+02 2.000000000000000000e+00
1.377734565734863281e+02 4.144302749633789062e+02 1.402773475646972656e+02 4.182875776290893555e+02 1.426461029052734375e+02 4.211183023452758789e+02 2.000000000000000000e+00
2.814190983772277832e+02 3.833774185180664062e+02 2.839882802963256836e+02 3.871068191528320312e+02 2.863430476188659668e+02 3.901876544952392578e+02 2.000000000000000000e+00
2.171283721923828125e+02 4.035923480987548828e+02 2.195613384246826172e+02 4.073587417602539062e+02 2.219149780273437500e+02 4.103827571868896484e+02 2.000000000000000000e+00
1.699308300018310547e+02 4.227710294723510742e+02 1.724035644531250000e+02 4.265420293807983398e+02 1.747098541259765625e+02 4.294801425933837891e+02 2.000000000000000000e+00
1.262301063537597656e+02 4.218285655975341797e+02 1.285047149658203125e+02 4.255153656005859375e+02 1.308871650695800781e+02 4.283277082443237305e+02 2.000000000000000000e+00
2.192319011688232422e+02 1.850440943241119385e+02 2.227346324920654297e+02 1.881392633914947510e+02 2.258757781982421875e+02 1.902716052532196045e+02 1.000000000000000000e+00
2.773557138442993164e+02 3.585586595535278320e+02 2.798373413085937500e+02 3.622001981735229492e+02 2.822631216049194336e+02 3.653077125549316406e+02 2.000000000000000000e+00
2.929659104347229004e+02 3.792491769790649414e+02 2.955669546127319336e+02 3.828632640838623047e+02 2.979573059082031250e+02 3.859586906433105469e+02 2.000000000000000000e+00
2.425354433059692383e+02 3.076636791229248047e+01 2.448251008987426758e+02 3.470974445343017578e+01 2.479020690917968750e+02 3.772052764892578125e+01 2.000000000000000000e+00
1.956550884246826172e+02 3.661376094818115234e+02 1.981745147705078125e+02 3.697454023361206055e+02 2.004954528808593750e+02 3.727320671081542969e+02 2.000000000000000000e+00
3.155431517958641052e+02 3.559607577323913574e+02 3.180618895590305328e+02 3.596163082122802734e+02 3.205897827073931694e+02 3.626938533782958984e+02 2.000000000000000000e+00
2.952290034294128418e+02 3.543558382987976074e+02 2.977306818962097168e+02 3.580710840225219727e+02 3.000527954101562500e+02 3.612026453018188477e+02 2.000000000000000000e+00
1.837369918823242188e+01 4.220234155654907227e+02 2.102642059326171875e+01 4.257508993148803711e+02 2.334184646606445312e+01 4.284271574020385742e+02 2.000000000000000000e+00
2.640143442153930664e+02 4.876115798950195312e+01 2.665158987045288086e+02 5.263707160949707031e+01 2.692546701431274414e+02 5.575421333312988281e+01 2.000000000000000000e+00
1.322434616088867188e+02 3.629416465759277344e+01 1.348612403869628906e+02 4.022160530090332031e+01 1.375396919250488281e+02 4.320110321044921875e+01 2.000000000000000000e+00
1.580744743347167969e+02 4.119707965850830078e+02 1.606186389923095703e+02 4.156574535369873047e+02 1.628778171539306641e+02 4.186633157730102539e+02 2.000000000000000000e+00
3.023482966423034668e+02 4.274033260345458984e+02 3.048401176929473877e+02 4.311537265777587891e+02 3.071488952636718750e+02 4.342439031600952148e+02 2.000000000000000000e+00
2.554439210891723633e+02 1.827814757823944092e+02 2.593763399124145508e+02 1.857659590244293213e+02 2.632865905761718750e+02 1.878458833694458008e+02 1.000000000000000000e+00
3.293605041503906250e+02 3.330251240730285645e+02 3.318171083927154541e+02 3.367269659042358398e+02 3.343458867073059082e+02 3.398582839965820312e+02 2.000000000000000000e+00
1.775887393951416016e+02 2.825315272808074951e+02 1.802101993560791016e+02 2.863029813766479492e+02 1.826711273193359375e+02 2.890874361991882324e+02 2.000000000000000000e+00
9.277305603027343750e+01 2.654432988166809082e+02 9.530626296997070312e+01 2.690586555004119873e+02 9.795736312866210938e+01 2.717807936668395996e+02 2.000000000000000000e+00
1.729062366485595703e+02 4.116385030746459961e+02 1.753593540191650391e+02 4.153831529617309570e+02 1.776619434356689453e+02 4.183452558517456055e+02 2.000000000000000000e+00
2.634264802932739258e+02 3.588128757476806641e+02 2.660259389877319336e+02 3.625165843963623047e+02 2.684003877639770508e+02 3.655678510665893555e+02 2.000000000000000000e+00
3.106171566247940063e+02 3.629730606079101562e+02 3.131671142578125000e+02 3.666000366210937500e+02 3.156591796875000000e+02 3.696868658065795898e+02 2.000000000000000000e+00
1.936607837677001953e+02 3.401959919929504395e+02 1.961964416503906250e+02 3.439993357658386230e+02 1.986737346649169922e+02 3.468016719818115234e+02 2.000000000000000000e+00
2.063409805297851562e+01 3.620076656341552734e+02 2.345994949340820312e+01 3.658121681213378906e+02 2.575029373168945312e+01 3.685166072845458984e+02 2.000000000000000000e+00
2.884623408317565918e+02 3.138893795013427734e+02 2.909089970588684082e+02 3.176186871528625488e+02 2.934385061264038086e+02 3.206645536422729492e+02 2.000000000000000000e+00
2.266200542449951172e+02 2.730091273784637451e+02 2.291293048858642578e+02 2.766654074192047119e+02 2.316923332214355469e+02 2.796438610553741455e+02 2.000000000000000000e+00
6.281993865966796875e+01 3.562247657775878906e+02 6.547925949096679688e+01 3.598203492164611816e+02 6.782609939575195312e+01 3.626126146316528320e+02 2.000000000000000000e+00
2.623543691635131836e+02 1.922881436347961426e+02 2.667525911331176758e+02 1.954328119754791260e+02 2.712773418426513672e+02 1.975935959815979004e+02 1.000000000000000000e+00
9.678747177124023438e+01 3.740140771865844727e+02 9.928035736083984375e+01 3.777383565902709961e+02 1.016497421264648438e+02 3.805880498886108398e+02 2.000000000000000000e+00
8.754617691040039062e+01 4.263236761093139648e+02 9.014526367187500000e+01 4.301134443283081055e+02 9.242319107055664062e+01 4.327453708648681641e+02 2.000000000000000000e+00
2.439738750457763672e+02 1.945545637607574463e+02 2.479458284378051758e+02 1.978050684928894043e+02 2.510735750198364258e+02 2.000493299961090088e+02 1.000000000000000000e+00
2.317181491851806641e+02 3.733292627334594727e+02 2.342776584625244141e+02 3.771225929260253906e+02 2.366588592529296875e+02 3.801072406768798828e+02 2.000000000000000000e+00
1.610972404479980469e+02 4.287428712844848633e+02 1.635825920104980469e+02 4.324595117568969727e+02 1.657478046417236328e+02 4.353868532180786133e+02 2.000000000000000000e+00
3.071865844726562500e+02 4.332570362091064453e+02 3.096515810489654541e+02 4.369428777694702148e+02 3.119076538085937500e+02 4.400566577911376953e+02 2.000000000000000000e+00
2.916286015510559082e+02 4.334235334396362305e+02 2.941234731674194336e+02 4.371193599700927734e+02 2.963057255744934082e+02 4.402427530288696289e+02 2.000000000000000000e+00
1.671478271484375000e+02 4.367655372619628906e+02 1.696168613433837891e+02 4.405741739273071289e+02 1.717955017089843750e+02 4.434468555450439453e+02 2.000000000000000000e+00
1.419612503051757812e+02 3.285311937332153320e+02 1.445253944396972656e+02 3.323384428024291992e+02 1.469371986389160156e+02 3.352630019187927246e+02 2.000000000000000000e+00
1.408847236633300781e+02 3.196193003654479980e+02 1.434592628479003906e+02 3.233649945259094238e+02 1.459770584106445312e+02 3.263155245780944824e+02 2.000000000000000000e+00
2.560353708267211914e+02 1.857137417793273926e+02 2.600773286819458008e+02 1.888301360607147217e+02 2.639739084243774414e+02 1.909287071228027344e+02 1.000000000000000000e+00
1.178456687927246094e+02 4.047914457321166992e+02 1.203857231140136719e+02 4.085590553283691406e+02 1.227297019958496094e+02 4.113601827621459961e+02 2.000000000000000000e+00
2.726360177993774414e+02 3.774090957641601562e+02 2.752165842056274414e+02 3.811687088012695312e+02 2.774150371551513672e+02 3.842607450485229492e+02 2.000000000000000000e+00
3.226907348632812500e+02 3.548955130577087402e+02 3.253225404024124146e+02 3.585141062736511230e+02 3.277038574218750000e+02 3.616694068908691406e+02 2.000000000000000000e+00
2.031370353698730469e+02 4.228226423263549805e+02 2.057035541534423828e+02 4.267275524139404297e+02 2.078488445281982422e+02 4.297391080856323242e+02 2.000000000000000000e+00
1.263717651367187500e+02 3.574040865898132324e+02 1.290893745422363281e+02 3.610749006271362305e+02 1.314417839050292969e+02 3.639288711547851562e+02 2.000000000000000000e+00
1.478605079650878906e+02 3.960244274139404297e+02 1.505202484130859375e+02 3.997233295440673828e+02 1.527530670166015625e+02 4.026448774337768555e+02 2.000000000000000000e+00
1.061951828002929688e+02 2.833413112163543701e+02 1.088371086120605469e+02 2.869687843322753906e+02 1.112272453308105469e+02 2.900336945056915283e+02 2.000000000000000000e+00
1.519438743591308594e+02 3.226813387870788574e+02 1.545228195190429688e+02 3.265331125259399414e+02 1.569827079772949219e+02 3.294180321693420410e+02 2.000000000000000000e+00
2.543757009506225586e+02 2.013065922260284424e+02 2.589521455764770508e+02 2.046413540840148926e+02 2.631385183334350586e+02 2.069607067108154297e+02 1.000000000000000000e+00
3.011251831054687500e+02 3.166545438766479492e+02 3.035538935661315918e+02 3.204481887817382812e+02 3.060432434082031250e+02 3.234779691696166992e+02 2.000000000000000000e+00
1.050781059265136719e+02 4.141222572326660156e+02 1.075203704833984375e+02 4.178158378601074219e+02 1.098396110534667969e+02 4.206878757476806641e+02 2.000000000000000000e+00
1.914515686035156250e+02 4.191413640975952148e+02 1.939700412750244141e+02 4.228283214569091797e+02 1.961846637725830078e+02 4.258545255661010742e+02 2.000000000000000000e+00
2.070741653442382812e+01 2.731825268268585205e+02 2.328935623168945312e+01 2.768190336227416992e+02 2.588773727416992188e+01 2.795674753189086914e+02 2.000000000000000000e+00
2.406515169143676758e+02 7.831234931945800781e+01 2.444512033462524414e+02 8.228015899658203125e+01 2.461714315414428711e+02 8.530394554138183594e+01 2.000000000000000000e+00
3.126881408691406250e+02 3.379999423027038574e+02 3.151866453886032104e+02 3.418440628051757812e+02 3.176560363173484802e+02 3.449208426475524902e+02 2.000000000000000000e+00
3.201217041071504354e+02 3.095468044281005859e+01 3.227512511610984802e+02 3.471290588378906250e+01 3.254653018712997437e+02 3.792901039123535156e+01 2.000000000000000000e+00
1.536660957336425781e+02 5.375730514526367188e+01 1.572867012023925781e+02 5.816957473754882812e+01 1.592225646972656250e+02 6.080051422119140625e+01 2.000000000000000000e+00
2.440441751480102539e+02 1.915290355682373047e+02 2.479956674575805664e+02 1.946890997886657715e+02 2.514510631561279297e+02 1.968262910842895508e+02 1.000000000000000000e+00
1.396377372741699219e+02 5.500548362731933594e+01 1.428104209899902344e+02 5.925300121307373047e+01 1.449158096313476562e+02 6.189561367034912109e+01 2.000000000000000000e+00
1.131071662902832031e+02 4.108961534500122070e+02 1.155430221557617188e+02 4.146010780334472656e+02 1.178850746154785156e+02 4.174696397781372070e+02 2.000000000000000000e+00
7.319681167602539062e+01 3.816004085540771484e+02 7.583196640014648438e+01 3.853880023956298828e+02 7.820062637329101562e+01 3.881322097778320312e+02 2.000000000000000000e+00
1.000429534912109375e+02 3.466979455947875977e+02 1.025289154052734375e+02 3.504801678657531738e+02 1.049060058593750000e+02 3.532906222343444824e+02 2.000000000000000000e+00
3.347027897834777832e+02 4.313406515121459961e+02 3.373120427131652832e+02 4.350231456756591797e+02 3.395995485782623291e+02 4.382527828216552734e+02 2.000000000000000000e+00
1.113703536987304688e+02 3.556702923774719238e+02 1.139439773559570312e+02 3.593283748626708984e+02 1.162690162658691406e+02 3.621998977661132812e+02 2.000000000000000000e+00
2.186994457244873047e+02 3.850818157196044922e+01 2.213004112243652344e+02 4.231212615966796875e+01 2.239351367950439453e+02 4.547776222229003906e+01 2.000000000000000000e+00
8.818040847778320312e+01 2.735140693187713623e+02 9.073261260986328125e+01 2.771284818649291992e+02 9.325620651245117188e+01 2.799319481849670410e+02 2.000000000000000000e+00
1.704737663269042969e+02 3.704786682128906250e+02 1.730307006835937500e+02 3.741817045211791992e+02 1.753434753417968750e+02 3.771467113494873047e+02 2.000000000000000000e+00
1.185350990295410156e+02 3.595371794700622559e+02 1.211742591857910156e+02 3.632109689712524414e+02 1.234868049621582031e+02 3.660664987564086914e+02 2.000000000000000000e+00
2.476880168914794922e+02 2.816341280937194824e+02 2.502694559097290039e+02 2.852941310405731201e+02 2.525158548355102539e+02 2.883217191696166992e+02 2.000000000000000000e+00
2.205004978179931641e+02 4.224157190322875977e+02 2.230781841278076172e+02 4.261994361877441406e+02 2.252449131011962891e+02 4.292210769653320312e+02 2.000000000000000000e+00
1.206033325195312500e+02 2.269831180572509766e+01 1.237604141235351562e+02 2.727825164794921875e+01 1.259460258483886719e+02 2.956207752227783203e+01 2.000000000000000000e+00
2.736573457717895508e+02 4.211750936508178711e+02 2.764357900619506836e+02 4.248650979995727539e+02 2.786083984375000000e+02 4.279289102554321289e+02 2.000000000000000000e+00
2.948009037971496582e+02 3.720922565460205078e+02 2.974046325683593750e+02 3.757405471801757812e+02 2.997188711166381836e+02 3.788492202758789062e+02 2.000000000000000000e+00
1.983200645446777344e+02 3.988511180877685547e+02 2.010177898406982422e+02 4.026296424865722656e+02 2.033427429199218750e+02 4.055288171768188477e+02 2.000000000000000000e+00
1.755984783172607422e+02 2.754979884624481201e+02 1.781978321075439453e+02 2.792470121383666992e+02 1.806552124023437500e+02 2.820118725299835205e+02 2.000000000000000000e+00
