2.530873107910156250e+02 1.862771415710449219e+02 2.575430297851562500e+02 1.863148176670074463e+02 2.638258028030395508e+02 1.875046670436859131e+02 1.000000000000000000e+00
2.424104166030883789e+02 2.936596870422363281e+00 2.440554475784301758e+02 3.654942512512207031e+00 2.478880739212036133e+02 5.740098953247070312e+00 2.000000000000000000e+00
2.125960540771484375e+02 1.835005474090576172e+02 2.164506816864013672e+02 1.835848045349121094e+02 2.222116184234619141e+02 1.849855470657348633e+02 1.000000000000000000e+00
9.259130477905273438e+01 2.922691369056701660e+02 9.452459335327148438e+01 2.929241073131561279e+02 9.827617645263671875e+01 2.947710299491882324e+02 2.000000000000000000e+00
8.682359695434570312e+01 2.738890707492828369e+02 8.864336013793945312e+01 2.748833942413330078e+02 9.258741378784179688e+01 2.764625573158264160e+02 2.000000000000000000e+00
2.687055349349975586e+02 1.915902972221374512e+02 2.734739971160888672e+02 1.917194330692291260e+02 2.800473928451538086e+02 1.930491471290588379e+02 1.000000000000000000e+00
2.296518707275390625e+02 1.872839641571044922e+02 2.341737937927246094e+02 1.874062621593475342e+02 2.401090240478515625e+02 1.886503887176513672e+02 1.000000000000000000e+00
1.008706474304199219e+02 2.738111901283264160e+02 1.027846908569335938e+02 2.746929323673248291e+02 1.065493202209472656e+02 2.764081442356109619e+02 2.000000000000000000e+00
9.569812774658203125e+01 2.385528258606791496e+02 9.746381759643554688e+01 2.393582916073501110e+02 1.013050651550292969e+02 2.412692566215991974e+02 2.000000000000000000e+00
2.191168975830078125e+02 1.885814487934112549e+02 2.229280376434326172e+02 1.887248218059539795e+02 2.286414909362792969e+02 1.901119065284729004e+02 1.000000000000000000e+00
2.296681308746337891e+02 1.754832243919372559e+02 2.338932132720947266e+02 1.754713225364685059e+02 2.395622730255126953e+02 1.767134857177734375e+02 1.000000000000000000e+00
3.122886043787002563e+02 1.316654205322265625e+01 3.139071351289749146e+02 1.382839679718017578e+01 3.176222229003906250e+02 1.585863590240478516e+01 2.000000000000000000e+00
2.426301097869873047e+02 1.758535122871398926e+02 2.468495798110961914e+02 1.758192086219787598e+02 2.527138662338256836e+02 1.770944952964782715e+02 1.000000000000000000e+00
3.253298950195312500e+02 2.387200316414237022e+02 3.271520084142684937e+02 2.393869476020336151e+02 3.307570803165435791e+02 2.413422394171357155e+02 2.000000000000000000e+00
2.131884765625000000e+02 1.889054381847381592e+02 2.170124626159667969e+02 1.890796637535095215e+02 2.227447032928466797e+02 1.904651141166687012e+02 1.000000000000000000e+00
2.947212219238281250e+02 4.452321052551269531e+01 2.964675903320312500e+02 4.508781909942626953e+01 3.000965881347656250e+02 4.722690582275390625e+01 2.000000000000000000e+00
2.015777397155761719e+02 1.863671851158142090e+02 2.053166294097900391e+02 1.865036451816558838e+02 2.109572410583496094e+02 1.878673374652862549e+02 1.000000000000000000e+00
2.618352031707763672e+02 2.445090293884277344e+01 2.635291433334350586e+02 2.519276618957519531e+01 2.672792673110961914e+02 2.719752788543701172e+01 2.000000000000000000e+00
2.654635906219482422e+02 1.834871792793273926e+02 2.702271127700805664e+02 1.835416066646575928e+02 2.765713167190551758e+02 1.847262096405029297e+02 1.000000000000000000e+00
2.058880710601806641e+02 2.030740034580230713e+02 2.097859001159667969e+02 2.033522164821624756e+02 2.154405307769775391e+02 2.047913324832916260e+02 1.000000000000000000e+00
2.658695983886718750e+02 1.879886448383331299e+02 2.705689668655395508e+02 1.880733633041381836e+02 2.770492839813232422e+02 1.893362081050872803e+02 1.000000000000000000e+00
2.395334625244140625e+02 1.913703274726867676e+02 2.440279817581176758e+02 1.914688074588775635e+02 2.504141521453857422e+02 1.927044332027435303e+02 1.000000000000000000e+00
2.588978862762451172e+02 2.076829826831817627e+02 2.639890146255493164e+02 2.078581845760345459e+02 2.708238840103149414e+02 2.091664552688598633e+02 1.000000000000000000e+00
2.657044363021850586e+02 1.925799393653869629e+02 2.704438781738281250e+02 1.926751220226287842e+02 2.769583415985107422e+02 1.939754140377044678e+02 1.000000000000000000e+00
2.604740905761718750e+02 1.892862081527709961e+02 2.650866985321044922e+02 1.893383932113647461e+02 2.714514160156250000e+02 1.905569601058959961e+02 1.000000000000000000e+00
1.970117664337158203e+02 2.758445262908935547e+01 1.987764739990234375e+02 2.838397979736328125e+01 2.024870300292968750e+02 3.040926933288574219e+01 2.000000000000000000e+00
2.514363098144531250e+02 8.054981231689453125e+00 2.530988168716430664e+02 8.768649101257324219e+00 2.568976736068725586e+02 1.081482410430908203e+01 2.000000000000000000e+00
2.678475618362426758e+02 1.336913108825683594e+01 2.695250844955444336e+02 1.411262512207031250e+01 2.732391643524169922e+02 1.611918926239013672e+01 2.000000000000000000e+00
2.385831451416015625e+02 1.721060943603515625e+02 2.428887605667114258e+02 1.720132899284362793e+02 2.487220621109008789e+02 1.731735062599182129e+02 1.000000000000000000e+00
1.203122520446777344e+02 3.447418212890625000e+01 1.218845748901367188e+02 3.526491165161132812e+01 1.257489395141601562e+02 3.731997013092041016e+01 2.000000000000000000e+00
3.244511413574218750e+02 2.187571853399276733e+02 3.263390505313873291e+02 2.194050282239913940e+02 3.298515933752059937e+02 2.213235014677047729e+02 2.000000000000000000e+00
1.863942050933837891e+02 1.873863351345062256e+02 1.903548908233642578e+02 1.874989449977874756e+02 1.960725402832031250e+02 1.887386155128479004e+02 1.000000000000000000e+00
2.676261568069458008e+02 1.890083134174346924e+02 2.723759460449218750e+02 1.891298353672027588e+02 2.788861083984375000e+02 1.904042637348175049e+02 1.000000000000000000e+00
2.639750671386718750e+02 1.885827755928039551e+02 2.685977458953857422e+02 1.886226332187652588e+02 2.750706768035888672e+02 1.898629117012023926e+02 1.000000000000000000e+00
3.827234268188476562e+01 4.149010705947875977e+02 4.016677856445312500e+01 4.157887601852416992e+02 4.407152175903320312e+01 4.175484037399291992e+02 2.000000000000000000e+00
2.384074211120605469e+02 1.733472847938537598e+02 2.426155996322631836e+02 1.732945847511291504e+02 2.483964967727661133e+02 1.744670677185058594e+02 1.000000000000000000e+00
2.708925771713256836e+02 5.305566787719726562e+00 2.725839853286743164e+02 5.952415466308593750e+00 2.762663888931274414e+02 8.047542572021484375e+00 2.000000000000000000e+00
2.657817983627319336e+02 1.952449607849121094e+02 2.705265188217163086e+02 1.954329979419708252e+02 2.770672607421875000e+02 1.968028378486633301e+02 1.000000000000000000e+00
2.015319824218750000e+02 4.157054185867309570e+02 2.034739685058593750e+02 4.165903759002685547e+02 2.070877552032470703e+02 4.186283397674560547e+02 2.000000000000000000e+00
2.767194747924804688e+01 5.145931720733642578e+01 2.940425872802734375e+01 5.239475727081298828e+01 3.334308624267578125e+01 5.439581394195556641e+01 2.000000000000000000e+00
2.213924884796142578e+02 1.839729881286621094e+02 2.253506469726562500e+02 1.840492522716522217e+02 2.311878490447998047e+02 1.853782153129577637e+02 1.000000000000000000e+00
1.316736793518066406e+02 2.702194547653198242e+02 1.336670875549316406e+02 2.709180629253387451e+02 1.372609138488769531e+02 2.729078078269958496e+02 2.000000000000000000e+00
2.570985412597656250e+02 1.980482017993927002e+02 2.618334960937500000e+02 1.982721376419067383e+02 2.684043884277343750e+02 1.995564544200897217e+02 1.000000000000000000e+00
2.589295339584350586e+02 1.844222688674926758e+02 2.634662485122680664e+02 1.844309663772583008e+02 2.697616243362426758e+02 1.856173217296600342e+02 1.000000000000000000e+00
2.043893146514892578e+02 1.899592709541320801e+02 2.082474994659423828e+02 1.901076185703277588e+02 2.140035533905029297e+02 1.914706563949584961e+02 1.000000000000000000e+00
2.617654705047607422e+02 1.927466726303100586e+02 2.664640188217163086e+02 1.928308689594268799e+02 2.729797363281250000e+02 1.941466820240020752e+02 1.000000000000000000e+00
8.857698440551757812e+01 2.862062108516693115e+02 9.046379089355468750e+01 2.868313622474670410e+02 9.429430007934570312e+01 2.887226879596710205e+02 2.000000000000000000e+00
3.263875430822372437e+02 2.276572108268737793e+02 3.282453614473342896e+02 2.283269950747489929e+02 3.318190312385559082e+02 2.302229306101799011e+02 2.000000000000000000e+00
9.972570419311523438e+01 2.829698216915130615e+02 1.016211891174316406e+02 2.838274848461151123e+02 1.053592872619628906e+02 2.855791640281677246e+02 2.000000000000000000e+00
2.624133300781250000e+02 1.843625628948211670e+02 2.669946908950805664e+02 1.843706774711608887e+02 2.733809185028076172e+02 1.855584383010864258e+02 1.000000000000000000e+00
2.256995201110839844e+02 1.858623611927032471e+02 2.298845195770263672e+02 1.859681510925292969e+02 2.357195091247558594e+02 1.872888922691345215e+02 1.000000000000000000e+00
2.419548940658569336e+02 1.844831049442291260e+02 2.461977815628051758e+02 1.845113968849182129e+02 2.522324657440185547e+02 1.857382035255432129e+02 1.000000000000000000e+00
2.655888366699218750e+02 4.253987216949462891e+02 2.675094270706176758e+02 4.261363649368286133e+02 2.712687349319458008e+02 4.279945135116577148e+02 2.000000000000000000e+00
2.165430259704589844e+02 1.920510828495025635e+02 2.203658103942871094e+02 1.922356688976287842e+02 2.261030101776123047e+02 1.935860717296600342e+02 1.000000000000000000e+00
2.404171752929687500e+02 3.753895282745361328e+02 2.423515462875366211e+02 3.761227798461914062e+02 2.459968709945678711e+02 3.780442571640014648e+02 2.000000000000000000e+00
1.295723915100097656e+02 3.768104553222656250e+01 1.308242225646972656e+02 3.825515270233154297e+01 1.348037147521972656e+02 4.038564205169677734e+01 2.000000000000000000e+00
5.092737197875976562e+01 3.792560434341430664e+02 5.282121658325195312e+01 3.800602769851684570e+02 5.650016784667968750e+01 3.819500255584716797e+02 2.000000000000000000e+00
2.546152782440185547e+02 1.922694969177246094e+02 2.591488313674926758e+02 1.923227977752685547e+02 2.654730510711669922e+02 1.935383141040802002e+02 1.000000000000000000e+00
2.621844148635864258e+02 1.948073852062225342e+02 2.668778085708618164e+02 1.949542808532714844e+02 2.734262704849243164e+02 1.963159596920013428e+02 1.000000000000000000e+00
3.146539306640625000e+02 4.122260856628417969e+02 3.166509094834327698e+02 4.130566120147705078e+02 3.203053588978946209e+02 4.149139451980590820e+02 2.000000000000000000e+00
2.071453380584716797e+02 2.015482020378112793e+02 2.110210514068603516e+02 2.017936527729034424e+02 2.166121482849121094e+02 2.033127272129058838e+02 1.000000000000000000e+00
9.229600906372070312e+01 1.962048053741455078e+01 9.399261474609375000e+01 2.052793979644775391e+01 9.787889480590820312e+01 2.263089179992675781e+01 2.000000000000000000e+00
2.463247060775756836e+02 1.943556797504425049e+02 2.508082723617553711e+02 1.944515526294708252e+02 2.571687316894531250e+02 1.956868422031402588e+02 1.000000000000000000e+00
2.506550741195678711e+02 2.064516878128051758e+02 2.558499431610107422e+02 2.066781735420227051e+02 2.626354980468750000e+02 2.080033707618713379e+02 1.000000000000000000e+00
2.503331899642944336e+02 3.782595348358154297e+02 2.522710275650024414e+02 3.789150810241699219e+02 2.558545827865600586e+02 3.808533954620361328e+02 2.000000000000000000e+00
3.028405761718750000e+02 4.135005855560302734e+02 3.048581230640411377e+02 4.142814731597900391e+02 3.084225153923034668e+02 4.161906194686889648e+02 2.000000000000000000e+00
3.045505976676940918e+02 3.209365582466125488e+02 3.064525139331817627e+02 3.215126681327819824e+02 3.100292050838470459e+02 3.234958219528198242e+02 2.000000000000000000e+00
3.173573914170265198e+02 4.030008316040039062e+00 3.190288085490465164e+02 4.687700271606445312e+00 3.226896056532859802e+02 6.731414794921875000e+00 2.000000000000000000e+00
8.150850296020507812e+01 3.727195501327514648e+02 8.347976684570312500e+01 3.735182189941406250e+02 8.708148956298828125e+01 3.754483652114868164e+02 2.000000000000000000e+00
1.387805366516113281e+02 3.240122437477111816e+02 1.405875968933105469e+02 3.247280931472778320e+02 1.443904304504394531e+02 3.266802120208740234e+02 2.000000000000000000e+00
1.306760025024414062e+02 4.261772918701171875e+02 1.326937484741210938e+02 4.269288396835327148e+02 1.363177108764648438e+02 4.288866662979125977e+02 2.000000000000000000e+00
1.256032562255859375e+02 4.058098268508911133e+02 1.276469993591308594e+02 4.067109775543212891e+02 1.312435340881347656e+02 4.087062835693359375e+02 2.000000000000000000e+00
2.693841218948364258e+02 3.750073957443237305e+02 2.713088989257812500e+02 3.756958436965942383e+02 2.748975515365600586e+02 3.776036167144775391e+02 2.000000000000000000e+00
2.050155448913574219e+02 3.953567934036254883e+02 2.068920421600341797e+02 3.959247207641601562e+02 2.105516052246093750e+02 3.978777837753295898e+02 2.000000000000000000e+00
1.578986740112304688e+02 4.142984390258789062e+02 1.598179244995117188e+02 4.150777673721313477e+02 1.634471893310546875e+02 4.168549633026123047e+02 2.000000000000000000e+00
1.140425872802734375e+02 4.131187248229980469e+02 1.157582092285156250e+02 4.141020011901855469e+02 1.194406318664550781e+02 4.160005044937133789e+02 2.000000000000000000e+00
2.006231784820556641e+02 1.794272089004516602e+02 2.043401432037353516e+02 1.795510840415954590e+02 2.100150012969970703e+02 1.808785057067871094e+02 1.000000000000000000e+00
2.652094697952270508e+02 3.501591539382934570e+02 2.671126079559326172e+02 3.507287335395812988e+02 2.707929086685180664e+02 3.527226591110229492e+02 2.000000000000000000e+00
2.809684753417968750e+02 3.707038593292236328e+02 2.828451228141784668e+02 3.714712858200073242e+02 2.865034484863281250e+02 3.734212732315063477e+02 2.000000000000000000e+00
2.304916191101074219e+02 2.204290866851806641e+01 2.318173980712890625e+02 2.286716938018798828e+01 2.354249572753906250e+02 2.492786407470703125e+01 2.000000000000000000e+00
1.835191822052001953e+02 3.576565647125244141e+02 1.854709339141845703e+02 3.584579229354858398e+02 1.891178989410400391e+02 3.603211498260498047e+02 2.000000000000000000e+00
3.035262453556060791e+02 3.476050186157226562e+02 3.053596496582031250e+02 3.482182073593139648e+02 3.090077817440032959e+02 3.501604700088500977e+02 2.000000000000000000e+00
2.829902648925781250e+02 3.460454750061035156e+02 2.849646306037902832e+02 3.466688919067382812e+02 2.886210012435913086e+02 3.485729098320007324e+02 2.000000000000000000e+00
6.073055267333984375e+00 4.135069370269775391e+02 8.190765380859375000e+00 4.143644857406616211e+02 1.186513900756835938e+01 4.162709426879882812e+02 2.000000000000000000e+00
2.520539999008178711e+02 4.009111404418945312e+01 2.537277984619140625e+02 4.076923370361328125e+01 2.574954509735107422e+02 4.282786846160888672e+01 2.000000000000000000e+00
1.202552986145019531e+02 2.742505073547363281e+01 1.218491744995117188e+02 2.824245929718017578e+01 1.256844520568847656e+02 3.025806427001953125e+01 2.000000000000000000e+00
1.461669158935546875e+02 4.033915758132934570e+02 1.481257820129394531e+02 4.041857385635375977e+02 1.515628623962402344e+02 4.059839916229248047e+02 2.000000000000000000e+00
2.902236008644104004e+02 4.189351558685302734e+02 2.922501826286315918e+02 4.196373939514160156e+02 2.958273005485534668e+02 4.216009569168090820e+02 2.000000000000000000e+00
2.351528167724609375e+02 1.774526953697204590e+02 2.393149375915527344e+02 1.774329972267150879e+02 2.452256011962890625e+02 1.786668491363525391e+02 1.000000000000000000e+00
3.172218322753906250e+02 3.246952843666076660e+02 3.190913695842027664e+02 3.253805923461914062e+02 3.227481079101562500e+02 3.272870206832885742e+02 2.000000000000000000e+00
1.654547691345214844e+02 2.741939699649810791e+02 1.673660755157470703e+02 2.749005746841430664e+02 1.710550403594970703e+02 2.768905663490295410e+02 2.000000000000000000e+00
8.048118591308593750e+01 2.569634717702865601e+02 8.235311508178710938e+01 2.576259469985961914e+02 8.602933883666992188e+01 2.595912480354309082e+02 2.000000000000000000e+00
1.607637596130371094e+02 4.030601549148559570e+02 1.627023601531982422e+02 4.038522720336914062e+02 1.663368034362792969e+02 4.056760597229003906e+02 2.000000000000000000e+00
2.513626527786254883e+02 3.505029058456420898e+02 2.532527017593383789e+02 3.511012959480285645e+02 2.569657278060913086e+02 3.531110572814941406e+02 2.000000000000000000e+00
2.986382746696472168e+02 3.545904922485351562e+02 3.004228818416595459e+02 3.552351450920104980e+02 3.040970456600189209e+02 3.571657776832580566e+02 2.000000000000000000e+00
1.814762687683105469e+02 3.318539500236511230e+02 1.833168506622314453e+02 3.325783109664916992e+02 1.870108890533447266e+02 3.345629954338073730e+02 2.000000000000000000e+00
8.441963195800781250e+00 3.536700224876403809e+02 1.018903732299804688e+01 3.545051050186157227e+02 1.396545410156250000e+01 3.563757061958312988e+02 2.000000000000000000e+00
2.763173532485961914e+02 3.055515503883361816e+02 2.781948232650756836e+02 3.061466073989868164e+02 2.818148183822631836e+02 3.081848502159118652e+02 2.000000000000000000e+00
2.144516563415527344e+02 2.646513068675994873e+02 2.164148807525634766e+02 2.652861338853836060e+02 2.200230407714843750e+02 2.672556781768798828e+02 2.000000000000000000e+00
5.052236557006835938e+01 3.477677035331726074e+02 5.251995086669921875e+01 3.484584689140319824e+02 5.625633239746093750e+01 3.504289913177490234e+02 2.000000000000000000e+00
2.403791475296020508e+02 1.866248738765716553e+02 2.446644735336303711e+02 1.866904270648956299e+02 2.506933259963989258e+02 1.879405188560485840e+02 1.000000000000000000e+00
8.462795257568359375e+01 3.656885433197021484e+02 8.659122467041015625e+01 3.664838075637817383e+02 9.020534515380859375e+01 3.683952999114990234e+02 2.000000000000000000e+00
7.517835617065429688e+01 4.179269742965698242e+02 7.720598220825195312e+01 4.186711549758911133e+02 8.092721939086914062e+01 4.205040693283081055e+02 2.000000000000000000e+00
2.236946105957031250e+02 1.886183738708496094e+02 2.276924705505371094e+02 1.887775075435638428e+02 2.335370349884033203e+02 1.901133227348327637e+02 1.000000000000000000e+00
2.196768760681152344e+02 3.650705337524414062e+02 2.216122913360595703e+02 3.656310224533081055e+02 2.252871417999267578e+02 3.676056861877441406e+02 2.000000000000000000e+00
1.490242958068847656e+02 4.203201055526733398e+02 1.509202003479003906e+02 4.210246610641479492e+02 1.546180915832519531e+02 4.229083013534545898e+02 2.000000000000000000e+00
2.950494694709777832e+02 4.248004817962646484e+02 2.970270085334777832e+02 4.254456281661987305e+02 3.006122124195098877e+02 4.274166727066040039e+02 2.000000000000000000e+00
2.794092988967895508e+02 4.249964046478271484e+02 2.814441227912902832e+02 4.256723070144653320e+02 2.850853562355041504e+02 4.276234245300292969e+02 2.000000000000000000e+00
1.550858497619628906e+02 4.283976888656616211e+02 1.570379257202148438e+02 4.291877889633178711e+02 1.606164073944091797e+02 4.311088943481445312e+02 2.000000000000000000e+00
1.298293495178222656e+02 3.200244498252868652e+02 1.316564750671386719e+02 3.207043218612670898e+02 1.353659439086914062e+02 3.226803016662597656e+02 2.000000000000000000e+00
1.287514495849609375e+02 3.111086440086364746e+02 1.306077766418457031e+02 3.117519235610961914e+02 1.342995071411132812e+02 3.137550115585327148e+02 2.000000000000000000e+00
2.354816246032714844e+02 1.803570377826690674e+02 2.396782207489013672e+02 1.803596019744873047e+02 2.455609750747680664e+02 1.815865588188171387e+02 1.000000000000000000e+00
1.056370353698730469e+02 3.964290189743041992e+02 1.077204132080078125e+02 3.972136974334716797e+02 1.113478279113769531e+02 3.989050054550170898e+02 2.000000000000000000e+00
2.606177949905395508e+02 3.690827035903930664e+02 2.625021028518676758e+02 3.697257184982299805e+02 2.661637878417968750e+02 3.716371536254882812e+02 2.000000000000000000e+00
3.107175594568252563e+02 3.465137386322021484e+02 3.125842285156250000e+02 3.471301960945129395e+02 3.162321165204048157e+02 3.490258240699768066e+02 2.000000000000000000e+00
1.911822795867919922e+02 4.136913299560546875e+02 1.932445621490478516e+02 4.146283006668090820e+02 1.967399406433105469e+02 4.166970062255859375e+02 2.000000000000000000e+00
1.142276573181152344e+02 3.491079783439636230e+02 1.161464691162109375e+02 3.497540330886840820e+02 1.198378181457519531e+02 3.516308355331420898e+02 2.000000000000000000e+00
1.358274269104003906e+02 3.873768997192382812e+02 1.376454162597656250e+02 3.882778644561767578e+02 1.415181159973144531e+02 3.901520204544067383e+02 2.000000000000000000e+00
9.384881973266601562e+01 2.749591398239135742e+02 9.573091506958007812e+01 2.758698141574859619e+02 9.956878662109375000e+01 2.775160253047943115e+02 2.000000000000000000e+00
1.398157501220703125e+02 3.142463707923889160e+02 1.416872406005859375e+02 3.150549674034118652e+02 1.454777336120605469e+02 3.169689345359802246e+02 2.000000000000000000e+00
2.313968372344970703e+02 1.953810846805572510e+02 2.359023857116699219e+02 1.956036508083343506e+02 2.424282979965209961e+02 1.968153655529022217e+02 1.000000000000000000e+00
2.889173889160156250e+02 3.083406686782836914e+02 2.908537292480468750e+02 3.089711952209472656e+02 2.944987487792968750e+02 3.109258747100830078e+02 2.000000000000000000e+00
9.287101745605468750e+01 4.057387447357177734e+02 9.488357543945312500e+01 4.065038537979125977e+02 9.852041244506835938e+01 4.082983160018920898e+02 2.000000000000000000e+00
1.794570255279541016e+02 4.104303932189941406e+02 1.814447879791259766e+02 4.111669635772705078e+02 1.849589538574218750e+02 4.131922388076782227e+02 2.000000000000000000e+00
8.156604766845703125e+00 2.646493846178054810e+02 1.022886276245117188e+01 2.654983234405517578e+02 1.389608383178710938e+01 2.674051219224929810e+02 2.000000000000000000e+00
2.314505004882812500e+02 6.987507820129394531e+01 2.304519462585449219e+02 7.025559425354003906e+01 2.355593109130859375e+02 7.247137069702148438e+01 2.000000000000000000e+00
3.006058037281036377e+02 3.298285889625549316e+02 3.025660097599029541e+02 3.303353619575500488e+02 3.061647951602935791e+02 3.323545575141906738e+02 2.000000000000000000e+00
3.084210813045501709e+02 2.216840744018554688e+01 3.099622189998626709e+02 2.289479255676269531e+01 3.137175899744033813e+02 2.488062858581542969e+01 2.000000000000000000e+00
1.438892555236816406e+02 4.600667953491210938e+01 1.444835853576660156e+02 4.630552768707275391e+01 1.487049293518066406e+02 4.852900028228759766e+01 2.000000000000000000e+00
2.237309360504150391e+02 1.857744276523590088e+02 2.277754306793212891e+02 1.858577692508697510e+02 2.336640930175781250e+02 1.871959519386291504e+02 1.000000000000000000e+00
1.292740821838378906e+02 4.716024398803710938e+01 1.301069068908691406e+02 4.746319770812988281e+01 1.342487144470214844e+02 4.968091964721679688e+01 2.000000000000000000e+00
1.008980178833007812e+02 4.024937152862548828e+02 1.029337501525878906e+02 4.032914257049560547e+02 1.065458106994628906e+02 4.049932336807250977e+02 2.000000000000000000e+00
6.099613189697265625e+01 3.731733798980712891e+02 6.287080764770507812e+01 3.740256071090698242e+02 6.656768798828125000e+01 3.758978319168090820e+02 2.000000000000000000e+00
8.778982162475585938e+01 3.383167147636413574e+02 8.965030670166015625e+01 3.391678190231323242e+02 9.341285705566406250e+01 3.410523104667663574e+02 2.000000000000000000e+00
3.225315856933593750e+02 4.227965784072875977e+02 3.245404967665672302e+02 4.235750484466552734e+02 3.281997984647750854e+02 4.255033922195434570e+02 2.000000000000000000e+00
9.936542510986328125e+01 3.474007916450500488e+02 1.011241340637207031e+02 3.480911278724670410e+02 1.047778892517089844e+02 3.499456214904785156e+02 2.000000000000000000e+00
2.069085693359375000e+02 2.961180210113525391e+01 2.086639213562011719e+02 3.040563583374023438e+01 2.123137760162353516e+02 3.243525981903076172e+01 2.000000000000000000e+00
7.577665328979492188e+01 2.649815082550048828e+02 7.761768341064453125e+01 2.657463705539703369e+02 8.146858215332031250e+01 2.676264667510986328e+02 2.000000000000000000e+00
1.582356262207031250e+02 3.620427989959716797e+02 1.602455997467041016e+02 3.627883386611938477e+02 1.637734317779541016e+02 3.647051525115966797e+02 2.000000000000000000e+00
1.064427375793457031e+02 3.512468290328979492e+02 1.083227920532226562e+02 3.518797373771667480e+02 1.119809722900390625e+02 3.537751507759094238e+02 2.000000000000000000e+00
2.355267906188964844e+02 2.732329130172729492e+02 2.373889160156250000e+02 2.738561117649078369e+02 2.411778116226196289e+02 2.757974553108215332e+02 2.000000000000000000e+00
2.083780384063720703e+02 4.137164068222045898e+02 2.104094409942626953e+02 4.144903993606567383e+02 2.140196514129638672e+02 4.165262603759765625e+02 2.000000000000000000e+00
1.097488021850585938e+02 1.533541202545166016e+01 1.108285331726074219e+02 1.543290138244628906e+01 1.149637222290039062e+02 1.782460212707519531e+01 2.000000000000000000e+00
2.616333913803100586e+02 4.127699089050292969e+02 2.634375000000000000e+02 4.134132814407348633e+02 2.673594665527343750e+02 4.154031515121459961e+02 2.000000000000000000e+00
2.828132319450378418e+02 3.636516237258911133e+02 2.846957087516784668e+02 3.643580675125122070e+02 2.883656311035156250e+02 3.663318300247192383e+02 2.000000000000000000e+00
1.863766002655029297e+02 3.904361629486083984e+02 1.882621288299560547e+02 3.912244319915771484e+02 1.919155597686767578e+02 3.931212186813354492e+02 2.000000000000000000e+00
1.634228992462158203e+02 2.671337592601776123e+02 1.652943515777587891e+02 2.678273946046829224e+02 1.690243053436279297e+02 2.698387473821640015e+02 2.000000000000000000e+00
