3.610230731964111328e+02 2.077915012836456299e+02 3.725397062301635742e+02 2.081795024871826172e+02 3.839741230010986328e+02 2.081982564926147461e+02 1.000000000000000000e+00
3.369606935977935791e+02 3.630510807037353516e+01 3.498629450798034668e+02 3.752936840057373047e+01 3.634593200683593750e+02 3.858022212982177734e+01 2.000000000000000000e+00
3.120702821016311646e+02 2.053957200050354004e+02 3.230319213867187500e+02 2.057503938674926758e+02 3.337793576717376709e+02 2.059044027328491211e+02 1.000000000000000000e+00
1.853035449981689453e+02 3.218151926994323730e+02 1.983813571929931641e+02 3.230371141433715820e+02 2.116852378845214844e+02 3.240838694572448730e+02 2.000000000000000000e+00
1.794911956787109375e+02 3.037493920326232910e+02 1.926067638397216797e+02 3.054868197441101074e+02 2.059447479248046875e+02 3.060743737220764160e+02 2.000000000000000000e+00
3.823279714584350586e+02 2.155460947751998901e+02 3.946128845214843750e+02 2.162271112203598022e+02 4.069478511810302734e+02 2.165526115894317627e+02 1.000000000000000000e+00
3.366810309886932373e+02 2.091559588909149170e+02 3.479765939712524414e+02 2.097108578681945801e+02 3.590625309944152832e+02 2.098887920379638672e+02 1.000000000000000000e+00
1.934693908691406250e+02 3.037413024902343750e+02 2.065087223052978516e+02 3.054036927223205566e+02 2.199568271636962891e+02 3.061086130142211914e+02 2.000000000000000000e+00
1.888000202178955078e+02 2.688213819265365601e+02 2.017464447021484375e+02 2.699642962217330933e+02 2.152177429199218750e+02 2.711710524559020996e+02 2.000000000000000000e+00
3.185032042860984802e+02 2.110713636875152588e+02 3.294872438907623291e+02 2.114815807342529297e+02 3.403249812126159668e+02 2.117036569118499756e+02 1.000000000000000000e+00
3.298421937227249146e+02 1.955006074905395508e+02 3.407250380516052246e+02 1.957340204715728760e+02 3.515596318244934082e+02 1.957039296627044678e+02 1.000000000000000000e+00
4.063065528869628906e+02 4.664903640747070312e+01 4.194314861297607422e+02 4.784096717834472656e+01 4.329601764678955078e+02 4.871123313903808594e+01 2.000000000000000000e+00
3.462916874885559082e+02 1.959603416919708252e+02 3.575960087776184082e+02 1.963321352005004883e+02 3.686561918258666992e+02 1.963077056407928467e+02 1.000000000000000000e+00
4.168127155303955078e+02 2.713801288604736328e+02 4.296630573272705078e+02 2.725646996498107910e+02 4.430423927307128906e+02 2.735627138614654541e+02 2.000000000000000000e+00
3.121966856718063354e+02 2.115256029367446899e+02 3.230401918292045593e+02 2.120091533660888672e+02 3.337341010570526123e+02 2.123624557256698608e+02 1.000000000000000000e+00
3.885206937789916992e+02 7.786043643951416016e+01 4.015469360351562500e+02 7.922578811645507812e+01 4.150179767608642578e+02 8.006951808929443359e+01 2.000000000000000000e+00
2.987569570541381836e+02 2.082943868637084961e+02 3.093128967285156250e+02 2.085765659809112549e+02 3.200105590827297419e+02 2.087527585029602051e+02 1.000000000000000000e+00
3.560156559944152832e+02 5.762559413909912109e+01 3.691289663314819336e+02 5.880613803863525391e+01 3.825412893295288086e+02 5.984963893890380859e+01 2.000000000000000000e+00
3.755527067184448242e+02 2.049712657928466797e+02 3.873710346221923828e+02 2.053763866424560547e+02 3.990874338150024414e+02 2.054112517833709717e+02 1.000000000000000000e+00
3.070814514160156250e+02 2.274632871150970459e+02 3.176254272460937500e+02 2.281203299760818481e+02 3.289797669649124146e+02 2.286227408051490784e+02 1.000000000000000000e+00
3.776678466796875000e+02 2.103422069549560547e+02 3.897206115722656250e+02 2.107638376951217651e+02 4.016740417480468750e+02 2.108618599176406860e+02 1.000000000000000000e+00
3.525634169578552246e+02 2.137103265523910522e+02 3.646075773239135742e+02 2.143568551540374756e+02 3.759465646743774414e+02 2.144827562570571899e+02 1.000000000000000000e+00
3.763098478317260742e+02 2.325714410841464996e+02 3.890569448471069336e+02 2.332649838924407959e+02 4.018781757354736328e+02 2.337450098991394043e+02 1.000000000000000000e+00
3.782065153121948242e+02 2.158289480209350586e+02 3.903242826461791992e+02 2.164344477653503418e+02 4.024169349670410156e+02 2.166616201400756836e+02 1.000000000000000000e+00
3.689339923858642578e+02 2.108417183160781860e+02 3.805155324935913086e+02 2.112548053264617920e+02 3.920114469528198242e+02 2.113336318731307983e+02 1.000000000000000000e+00
2.911761784553527832e+02 6.056758403778076172e+01 3.041048276424407959e+02 6.183877944946289062e+01 3.176376952230930328e+02 6.290452480316162109e+01 2.000000000000000000e+00
3.459557509422302246e+02 4.135256767272949219e+01 3.588649296760559082e+02 4.258641242980957031e+01 3.724425983428955078e+02 4.360549449920654297e+01 2.000000000000000000e+00
3.621060800552368164e+02 4.657874107360839844e+01 3.751594257354736328e+02 4.786286830902099609e+01 3.886146259307861328e+02 4.879501819610595703e+01 2.000000000000000000e+00
3.417206740379333496e+02 1.916310381889343262e+02 3.528990483283996582e+02 1.918804299831390381e+02 3.638776874542236328e+02 1.917863881587982178e+02 1.000000000000000000e+00
2.154527282714843750e+02 6.711775302886962891e+01 2.286941051483154297e+02 6.850509166717529297e+01 2.422727489471435547e+02 6.963918685913085938e+01 2.000000000000000000e+00
4.160665607452392578e+02 2.516062930226325989e+02 4.289132690429687500e+02 2.526612862944602966e+02 4.423512935638427734e+02 2.537280124425888062e+02 2.000000000000000000e+00
2.867517089843750000e+02 2.089948117733001709e+02 2.977585434913635254e+02 2.091920292377471924e+02 3.090614318847656250e+02 2.093720233440399170e+02 1.000000000000000000e+00
3.810008239746093750e+02 2.120279520750045776e+02 3.933041095733642578e+02 2.125182330608367920e+02 4.056027889251708984e+02 2.126578044891357422e+02 1.000000000000000000e+00
3.735881042480468750e+02 2.103170460462570190e+02 3.853256225585937500e+02 2.106840187311172485e+02 3.969067096710205078e+02 2.107478928565979004e+02 1.000000000000000000e+00
1.302803230285644531e+02 4.437696361541748047e+02 1.434782791137695312e+02 4.448521471023559570e+02 1.571961593627929688e+02 4.457977724075317383e+02 2.000000000000000000e+00
3.409239196777343750e+02 1.930496656894683838e+02 3.521169447898864746e+02 1.933700072765350342e+02 3.631008005142211914e+02 1.933291769027709961e+02 1.000000000000000000e+00
3.651181030273437500e+02 3.858814716339111328e+01 3.781837463378906250e+02 3.991230010986328125e+01 3.916645526885986328e+02 4.083126068115234375e+01 2.000000000000000000e+00
3.788205289840698242e+02 2.195807182788848877e+02 3.910564279556274414e+02 2.203018176555633545e+02 4.032749366760253906e+02 2.206540524959564209e+02 1.000000000000000000e+00
2.916014695167541504e+02 4.474806690216064453e+02 3.045452272891998291e+02 4.484177970886230469e+02 3.179860839247703552e+02 4.493713188171386719e+02 2.000000000000000000e+00
1.246823120117187500e+02 8.334464550018310547e+01 1.380109596252441406e+02 8.479256629943847656e+01 1.515252113342285156e+02 8.600139141082763672e+01 2.000000000000000000e+00
3.216994324326515198e+02 2.055276918411254883e+02 3.327040410041809082e+02 2.059092557430267334e+02 3.433960580825805664e+02 2.060638868808746338e+02 1.000000000000000000e+00
2.238523387908935547e+02 3.007048058509826660e+02 2.370232105255126953e+02 3.020701932907104492e+02 2.502053499221801758e+02 3.030114197731018066e+02 2.000000000000000000e+00
3.695885610580444336e+02 2.225359332561492920e+02 3.815328359603881836e+02 2.231536102294921875e+02 3.934489154815673828e+02 2.236103957891464233e+02 1.000000000000000000e+00
3.668536090850830078e+02 2.056901836395263672e+02 3.783978891372680664e+02 2.060445249080657959e+02 3.898975515365600586e+02 2.060975790023803711e+02 1.000000000000000000e+00
3.032309257984161377e+02 2.122336864471435547e+02 3.139981687068939209e+02 2.126974618434906006e+02 3.247056886553764343e+02 2.130834192037582397e+02 1.000000000000000000e+00
3.720371103286743164e+02 2.150222307443618774e+02 3.836831665039062500e+02 2.154575479030609131e+02 3.953098440170288086e+02 2.155582880973815918e+02 1.000000000000000000e+00
1.812970256805419922e+02 3.159009146690368652e+02 1.943774414062500000e+02 3.170369267463684082e+02 2.076760673522949219e+02 3.181243944168090820e+02 2.000000000000000000e+00
4.178837013244628906e+02 2.604374402761459351e+02 4.307953166961669922e+02 2.615722668170928955e+02 4.441883563995361328e+02 2.625726932287216187e+02 2.000000000000000000e+00
1.923888969421386719e+02 3.128139352798461914e+02 2.054172515869140625e+02 3.142639517784118652e+02 2.188185405731201172e+02 3.150838065147399902e+02 2.000000000000000000e+00
3.710907316207885742e+02 2.055899333953857422e+02 3.826330566406250000e+02 2.059694194793701172e+02 3.941820383071899414e+02 2.060183250904083252e+02 1.000000000000000000e+00
3.290365296602249146e+02 2.073770284652709961e+02 3.404997563362121582e+02 2.078541398048400879e+02 3.516587829589843750e+02 2.080223536491394043e+02 1.000000000000000000e+00
3.484181523323059082e+02 2.055933201313018799e+02 3.597746586799621582e+02 2.060962951183319092e+02 3.706802368164062500e+02 2.061592841148376465e+02 1.000000000000000000e+00
3.553263854980468750e+02 4.575096273422241211e+02 3.683289813995361328e+02 4.587888908386230469e+02 3.816529846191406250e+02 4.597459459304809570e+02 2.000000000000000000e+00
3.153781127929687500e+02 2.151535785198211670e+02 3.263688051700592041e+02 2.155937486886978149e+02 3.370882570743560791e+02 2.159660017490386963e+02 1.000000000000000000e+00
3.307855224609375000e+02 4.072367048263549805e+02 3.436196303367614746e+02 4.083742761611938477e+02 3.570728158950805664e+02 4.094219398498535156e+02 2.000000000000000000e+00
2.243413829803466797e+02 7.014959335327148438e+01 2.375593280792236328e+02 7.148870944976806641e+01 2.512215566635131836e+02 7.268906593322753906e+01 2.000000000000000000e+00
1.428789520263671875e+02 4.084896612167358398e+02 1.560881233215332031e+02 4.096218395233154297e+02 1.696064853668212891e+02 4.106669139862060547e+02 2.000000000000000000e+00
3.630483388900756836e+02 2.142457866668701172e+02 3.746238088607788086e+02 2.146871942281723022e+02 3.861577177047729492e+02 2.148023521900177002e+02 1.000000000000000000e+00
3.734419870376586914e+02 2.180653363466262817e+02 3.853184223175048828e+02 2.185493910312652588e+02 3.970336008071899414e+02 2.187259823083877563e+02 1.000000000000000000e+00
4.046290874481201172e+02 4.452030801773071289e+02 4.176456642150878906e+02 4.464773941040039062e+02 4.309660053253173828e+02 4.474662923812866211e+02 2.000000000000000000e+00
3.056636047363281250e+02 2.257540127635002136e+02 3.163665771484375000e+02 2.264323112368583679e+02 3.273473513126373291e+02 2.269491720199584961e+02 1.000000000000000000e+00
1.881061077117919922e+02 5.227905750274658203e+01 2.012525749206542969e+02 5.355627536773681641e+01 2.148420429229736328e+02 5.476073741912841797e+01 2.000000000000000000e+00
3.548826289176940918e+02 2.170912152528762817e+02 3.665941762924194336e+02 2.177566677331924438e+02 3.780622863769531250e+02 2.179873341321945190e+02 1.000000000000000000e+00
3.691053771972656250e+02 2.314283287525177002e+02 3.820445871353149414e+02 2.320767509937286377e+02 3.950108337402343750e+02 2.327299953997135162e+02 1.000000000000000000e+00
3.406342172622680664e+02 4.101674222946166992e+02 3.535403132438659668e+02 4.113496112823486328e+02 3.669000864028930664e+02 4.123574066162109375e+02 2.000000000000000000e+00
3.927174091339111328e+02 4.462374114990234375e+02 4.057312679290771484e+02 4.474745607376098633e+02 4.190834999084472656e+02 4.485236549377441406e+02 2.000000000000000000e+00
3.952603483200073242e+02 3.534348821640014648e+02 4.082174682617187500e+02 3.545557951927185059e+02 4.214666175842285156e+02 3.556667232513427734e+02 2.000000000000000000e+00
4.114028644561767578e+02 3.757056713104248047e+01 4.244974040985107422e+02 3.875328540802001953e+01 4.380144691467285156e+02 3.966839790344238281e+01 2.000000000000000000e+00
1.731617736816406250e+02 4.024027776718139648e+02 1.861386203765869141e+02 4.035253715515136719e+02 1.996878623962402344e+02 4.045141410827636719e+02 2.000000000000000000e+00
2.304428577423095703e+02 3.545023870468139648e+02 2.434335947036743164e+02 3.555881094932556152e+02 2.568198537826538086e+02 3.565437054634094238e+02 2.000000000000000000e+00
2.213391590118408203e+02 4.565729856491088867e+02 2.343342876434326172e+02 4.577620697021484375e+02 2.478023815155029297e+02 4.586968517303466797e+02 2.000000000000000000e+00
2.164966106414794922e+02 4.361955928802490234e+02 2.296350860595703125e+02 4.372125005722045898e+02 2.433748483657836914e+02 4.382471466064453125e+02 2.000000000000000000e+00
3.596140742301940918e+02 4.070878028869628906e+02 3.725827026367187500e+02 4.083582544326782227e+02 3.858713102340698242e+02 4.093493127822875977e+02 2.000000000000000000e+00
2.952811264991760254e+02 4.264545106887817383e+02 3.082448112964630127e+02 4.276090478897094727e+02 3.215479736030101776e+02 4.285956573486328125e+02 2.000000000000000000e+00
2.482299041748046875e+02 4.448603582382202148e+02 2.614157724380493164e+02 4.459094667434692383e+02 2.748095083236694336e+02 4.469294500350952148e+02 2.000000000000000000e+00
2.050088310241699219e+02 4.431228733062744141e+02 2.178980064392089844e+02 4.442902565002441406e+02 2.316434955596923828e+02 4.452810144424438477e+02 2.000000000000000000e+00
2.973774719238281250e+02 2.006157374382019043e+02 3.075692439079284668e+02 2.008123004436492920e+02 3.179350586235523224e+02 2.009949302673339844e+02 1.000000000000000000e+00
3.557951974868774414e+02 3.822130250930786133e+02 3.686836576461791992e+02 3.834167289733886719e+02 3.820497131347656250e+02 3.844352817535400391e+02 2.000000000000000000e+00
3.713154315948486328e+02 4.030968046188354492e+02 3.842478036880493164e+02 4.043796730041503906e+02 3.976259756088256836e+02 4.053706741333007812e+02 2.000000000000000000e+00
3.244672545790672302e+02 5.522636890411376953e+01 3.375720822811126709e+02 5.645640850067138672e+01 3.510422682762145996e+02 5.748776435852050781e+01 2.000000000000000000e+00
2.743164348602294922e+02 3.886978769302368164e+02 2.871824026107788086e+02 3.898579216003417969e+02 3.006754755973815918e+02 3.909001207351684570e+02 2.000000000000000000e+00
3.939965820312500000e+02 3.800918054580688477e+02 4.069529438018798828e+02 3.813035631179809570e+02 4.203457927703857422e+02 3.823717117309570312e+02 2.000000000000000000e+00
3.736505746841430664e+02 3.782903480529785156e+02 3.865952777862548828e+02 3.795027780532836914e+02 3.998445129394531250e+02 3.805055379867553711e+02 2.000000000000000000e+00
9.857337951660156250e+01 4.421078252792358398e+02 1.117508506774902344e+02 4.432761669158935547e+02 1.254817962646484375e+02 4.442358541488647461e+02 2.000000000000000000e+00
3.461239933967590332e+02 7.326301574707031250e+01 3.592517089843750000e+02 7.438616752624511719e+01 3.726392221450805664e+02 7.546976566314697266e+01 2.000000000000000000e+00
2.155184459686279297e+02 6.009684562683105469e+01 2.287353992462158203e+02 6.147306919097900391e+01 2.423048257827758789e+02 6.259580612182617188e+01 2.000000000000000000e+00
2.365616893768310547e+02 4.338574647903442383e+02 2.496256399154663086e+02 4.349220085144042969e+02 2.630313730239868164e+02 4.359322071075439453e+02 2.000000000000000000e+00
3.800657987594604492e+02 4.515275430679321289e+02 3.929165983200073242e+02 4.526996326446533203e+02 4.063014221191406250e+02 4.537313032150268555e+02 2.000000000000000000e+00
3.368292236328125000e+02 1.973538029193878174e+02 3.477362370491027832e+02 1.976321375370025635e+02 3.586249089241027832e+02 1.975763511657714844e+02 1.000000000000000000e+00
4.078864765167236328e+02 3.572667288780212402e+02 4.208577251434326172e+02 3.584808111190795898e+02 4.341468811035156250e+02 3.595682144165039062e+02 2.000000000000000000e+00
2.572320222854614258e+02 3.050212454795837402e+02 2.701108980178833008e+02 3.061582088470458984e+02 2.834123539924621582e+02 3.072585153579711914e+02 2.000000000000000000e+00
1.736178302764892578e+02 2.868446695804595947e+02 1.865216350555419922e+02 2.880061662197113037e+02 2.000199413299560547e+02 2.892150306701660156e+02 2.000000000000000000e+00
2.514282989501953125e+02 4.337622213363647461e+02 2.645220947265625000e+02 4.348329305648803711e+02 2.778760385513305664e+02 4.358796215057373047e+02 2.000000000000000000e+00
3.419837641716003418e+02 3.823902082443237305e+02 3.548348999023437500e+02 3.835348892211914062e+02 3.682539701461791992e+02 3.845664453506469727e+02 2.000000000000000000e+00
3.891364431381225586e+02 3.870543336868286133e+02 4.020243835449218750e+02 3.882948017120361328e+02 4.154111003875732422e+02 3.893352413177490234e+02 2.000000000000000000e+00
2.726527070999145508e+02 3.627176284790039062e+02 2.857772827148437500e+02 3.638674449920654297e+02 2.988728022575378418e+02 3.649876499176025391e+02 2.000000000000000000e+00
1.014323043823242188e+02 3.824403190612792969e+02 1.146831130981445312e+02 3.834637784957885742e+02 1.284291267395019531e+02 3.844748353958129883e+02 2.000000000000000000e+00
3.672773456573486328e+02 3.377041339874267578e+02 3.801967763900756836e+02 3.388783335685729980e+02 3.934478473663330078e+02 3.398867869377136230e+02 2.000000000000000000e+00
3.061270749568939209e+02 2.961091947555541992e+02 3.188783874362707138e+02 2.972889733314514160e+02 3.322881472110748291e+02 2.983280682563781738e+02 2.000000000000000000e+00
1.430618476867675781e+02 3.769514465332031250e+02 1.560616683959960938e+02 3.783210468292236328e+02 1.696994495391845703e+02 3.791990089416503906e+02 2.000000000000000000e+00
3.502337956428527832e+02 2.084137415885925293e+02 3.619894123077392578e+02 2.088846123218536377e+02 3.728984403610229492e+02 2.090020430088043213e+02 1.000000000000000000e+00
1.762701129913330078e+02 3.953505277633666992e+02 1.892697143554687500e+02 3.964762973785400391e+02 2.027853870391845703e+02 3.974823045730590820e+02 2.000000000000000000e+00
1.666233348846435547e+02 4.474645757675170898e+02 1.798308277130126953e+02 4.485759401321411133e+02 1.934460544586181641e+02 4.495610475540161133e+02 2.000000000000000000e+00
3.246120300889015198e+02 2.108457022905349731e+02 3.359698188304901123e+02 2.113591289520263672e+02 3.465920710563659668e+02 2.115021353960037231e+02 1.000000000000000000e+00
3.102226865291595459e+02 3.964257860183715820e+02 3.231333619356155396e+02 3.976331520080566406e+02 3.365425717830657959e+02 3.985958290100097656e+02 2.000000000000000000e+00
2.393314170837402344e+02 4.507429361343383789e+02 2.523541259765625000e+02 4.518831253051757812e+02 2.658498811721801758e+02 4.528817796707153320e+02 2.000000000000000000e+00
3.847753000259399414e+02 4.574549388885498047e+02 3.976699542999267578e+02 4.586175584793090820e+02 4.110266399383544922e+02 4.596837329864501953e+02 2.000000000000000000e+00
3.692177724838256836e+02 4.574737071990966797e+02 3.821246957778930664e+02 4.587183094024658203e+02 3.955612182617187500e+02 4.596977090835571289e+02 2.000000000000000000e+00
2.453331136703491211e+02 4.589695787429809570e+02 2.583477163314819336e+02 4.600795412063598633e+02 2.718406963348388672e+02 4.610323333740234375e+02 2.000000000000000000e+00
2.215655994415283203e+02 3.504353070259094238e+02 2.345699119567871094e+02 3.515159368515014648e+02 2.480160665512084961e+02 3.525638508796691895e+02 2.000000000000000000e+00
2.205462932586669922e+02 3.414517879486083984e+02 2.335692691802978516e+02 3.425500202178955078e+02 2.470010805130004883e+02 3.436376667022705078e+02 2.000000000000000000e+00
3.379441833496093750e+02 2.007902669906616211e+02 3.489942026138305664e+02 2.011596214771270752e+02 3.598431396484375000e+02 2.011891293525695801e+02 1.000000000000000000e+00
1.968101024627685547e+02 4.262024974822998047e+02 2.099064445495605469e+02 4.272765254974365234e+02 2.234451580047607422e+02 4.282969808578491211e+02 2.000000000000000000e+00
3.507771611213684082e+02 4.011185359954833984e+02 3.637818908691406250e+02 4.023349142074584961e+02 3.770208454132080078e+02 4.033395481109619141e+02 2.000000000000000000e+00
4.011385250091552734e+02 3.790831375122070312e+02 4.141156673431396484e+02 3.802685022354125977e+02 4.273804378509521484e+02 3.813722848892211914e+02 2.000000000000000000e+00
2.814051198959350586e+02 4.455690050125122070e+02 2.944207763671875000e+02 4.465029144287109375e+02 3.079133903980255127e+02 4.474137353897094727e+02 2.000000000000000000e+00
2.057738590240478516e+02 3.791177129745483398e+02 2.190395355224609375e+02 3.801939153671264648e+02 2.324064350128173828e+02 3.812826061248779297e+02 2.000000000000000000e+00
2.267147827148437500e+02 4.179710769653320312e+02 2.396388721466064453e+02 4.190967750549316406e+02 2.531478738784790039e+02 4.200984334945678711e+02 2.000000000000000000e+00
1.864729118347167969e+02 3.048058176040649414e+02 1.995665550231933594e+02 3.064916110038757324e+02 2.129458141326904297e+02 3.071240258216857910e+02 2.000000000000000000e+00
2.315664768218994141e+02 3.448137903213500977e+02 2.445753765106201172e+02 3.459191036224365234e+02 2.579619455337524414e+02 3.469493794441223145e+02 2.000000000000000000e+00
3.405027770996093750e+02 2.185778027772903442e+02 3.523438429832458496e+02 2.194203633069992065e+02 3.634295988082885742e+02 2.196323543787002563e+02 1.000000000000000000e+00
3.799189758300781250e+02 3.406775593757629395e+02 3.926976919174194336e+02 3.418417382240295410e+02 4.060338783264160156e+02 3.428478169441223145e+02 2.000000000000000000e+00
1.838538074493408203e+02 4.353616762161254883e+02 1.970172405242919922e+02 4.364762306213378906e+02 2.104768466949462891e+02 4.374799919128417969e+02 2.000000000000000000e+00
2.698538208007812500e+02 4.415860748291015625e+02 2.828414916992187500e+02 4.426918458938598633e+02 2.963326096534729004e+02 4.436464977264404297e+02 2.000000000000000000e+00
1.025427818298339844e+02 2.938703656196594238e+02 1.155480575561523438e+02 2.951566207408905029e+02 1.292152404785156250e+02 2.961680638790130615e+02 2.000000000000000000e+00
3.245621034502983093e+02 1.027312660217285156e+02 3.377240598201751709e+02 1.040120601654052734e+02 3.514806532859802246e+02 1.051358556747436523e+02 2.000000000000000000e+00
3.913341665267944336e+02 3.622577905654907227e+02 4.043204021453857422e+02 3.634187650680541992e+02 4.175445270538330078e+02 3.645518016815185547e+02 2.000000000000000000e+00
4.022361183166503906e+02 5.566105842590332031e+01 4.153652667999267578e+02 5.688820838928222656e+01 4.289072322845458984e+02 5.770693302154541016e+01 2.000000000000000000e+00
2.389091205596923828e+02 7.874020099639892578e+01 2.531895112991333008e+02 8.059351444244384766e+01 2.656074190139770508e+02 8.118955135345458984e+01 2.000000000000000000e+00
3.253879702091217041e+02 2.072396206855773926e+02 3.367612302303314209e+02 2.076271641254425049e+02 3.474606943130493164e+02 2.077010929584503174e+02 1.000000000000000000e+00
2.226268100738525391e+02 7.872566699981689453e+01 2.361719226837158203e+02 8.031040191650390625e+01 2.489455556869506836e+02 8.091264724731445312e+01 2.000000000000000000e+00
1.919149780273437500e+02 4.322751331329345703e+02 2.050327014923095703e+02 4.333757114410400391e+02 2.185416221618652344e+02 4.344056224822998047e+02 2.000000000000000000e+00
1.528571510314941406e+02 4.024945735931396484e+02 1.661198520660400391e+02 4.035981273651123047e+02 1.795741367340087891e+02 4.046888494491577148e+02 2.000000000000000000e+00
1.798025798797607422e+02 3.680888986587524414e+02 1.927175235748291016e+02 3.693733549118041992e+02 2.062606811523437500e+02 3.702248239517211914e+02 2.000000000000000000e+00
4.124251747131347656e+02 4.559509420394897461e+02 4.254170894622802734e+02 4.572941637039184570e+02 4.387442684173583984e+02 4.582688713073730469e+02 2.000000000000000000e+00
1.909781360626220703e+02 3.771533918380737305e+02 2.040190410614013672e+02 3.783076286315917969e+02 2.174653911590576172e+02 3.793077707290649414e+02 2.000000000000000000e+00
3.011557614803314209e+02 6.263980865478515625e+01 3.142234802246093750e+02 6.393722534179687500e+01 3.276662904024124146e+02 6.498401641845703125e+01 2.000000000000000000e+00
1.685381126403808594e+02 2.949149215221405029e+02 1.816709995269775391e+02 2.961572599411010742e+02 1.950275230407714844e+02 2.972579669952392578e+02 2.000000000000000000e+00
2.493283081054687500e+02 3.926382207870483398e+02 2.623414278030395508e+02 3.938283205032348633e+02 2.757194185256958008e+02 3.948561716079711914e+02 2.000000000000000000e+00
1.980047416687011719e+02 3.811761188507080078e+02 2.111720561981201172e+02 3.822808313369750977e+02 2.245449542999267578e+02 3.833313131332397461e+02 2.000000000000000000e+00
3.268648380041122437e+02 3.049519371986389160e+02 3.398010253906250000e+02 3.061150860786437988e+02 3.531540846824645996e+02 3.071228671073913574e+02 2.000000000000000000e+00
2.986095571517944336e+02 4.453143453598022461e+02 3.115743404626846313e+02 4.464029359817504883e+02 3.249596863985061646e+02 4.473578023910522461e+02 2.000000000000000000e+00
2.053964233398437500e+02 4.811825752258300781e+01 2.176468181610107422e+02 4.824384212493896484e+01 2.304230308532714844e+02 4.833409309387207031e+01 2.000000000000000000e+00
3.516734623908996582e+02 4.448044252395629883e+02 3.646947622299194336e+02 4.461113119125366211e+02 3.778785705566406250e+02 4.471140003204345703e+02 2.000000000000000000e+00
3.732458496093750000e+02 3.960604619979858398e+02 3.861332702636718750e+02 3.973209857940673828e+02 3.995633840560913086e+02 3.983058929443359375e+02 2.000000000000000000e+00
2.769350862503051758e+02 4.215357828140258789e+02 2.898092651367187500e+02 4.226603507995605469e+02 3.033610832691192627e+02 4.236883306503295898e+02 2.000000000000000000e+00
2.552073335647583008e+02 2.979626798629760742e+02 2.680884408950805664e+02 2.991098678112030029e+02 2.814385056495666504e+02 3.002176880836486816e+02 2.000000000000000000e+00
