5.450600624084472656e+02 2.008188772201538086e+02 5.450508499145507812e+02 2.205285930633544922e+02 5.374740600585937500e+02 2.320888057351112366e+02 1.000000000000000000e+00
5.663662719726562500e+02 2.124752640724182129e+02 5.670379066467285156e+02 2.321026450395584106e+02 5.598166465759277344e+02 2.434481813013553619e+02 1.000000000000000000e+00
5.490674400329589844e+02 2.086424231529235840e+02 5.490694046020507812e+02 2.283457785844802856e+02 5.415275382995605469e+02 2.397964324895292521e+02 1.000000000000000000e+00
5.432725906372070312e+02 2.082819199562072754e+02 5.432313346862792969e+02 2.280482473969459534e+02 5.356247520446777344e+02 2.396012878138571978e+02 1.000000000000000000e+00
5.625640869140625000e+02 2.049600648880004883e+02 5.632568359375000000e+02 2.245321655273437500e+02 5.562121009826660156e+02 2.357840725779533386e+02 1.000000000000000000e+00
5.232644653320312500e+02 2.561801773309707642e+02 5.230128288269042969e+02 2.768276703357696533e+02 5.144315147399902344e+02 2.893360018730163574e+02 1.000000000000000000e+00
3.668218708038330078e+02 1.436638712882995605e+02 3.628806447982788086e+02 1.626557135581970215e+02 3.515204787254333496e+02 1.731196260452270508e+02 1.000000000000000000e+00
4.314219093322753906e+02 1.712953591346740723e+02 4.283001136779785156e+02 1.907776021957397461e+02 4.180990028381347656e+02 2.021139514446258545e+02 1.000000000000000000e+00
5.325117874145507812e+02 2.323807981610298157e+02 5.324288940429687500e+02 2.525110629200935364e+02 5.246332359313964844e+02 2.645130926370620728e+02 1.000000000000000000e+00
5.129587364196777344e+02 1.930474054813385010e+02 5.117848777770996094e+02 2.129041725397109985e+02 5.032926750183105469e+02 2.246047657728195190e+02 1.000000000000000000e+00
5.138526725769042969e+02 2.523065346479415894e+02 5.135075187683105469e+02 2.730936312675476074e+02 5.044724845886230469e+02 2.854483366012573242e+02 1.000000000000000000e+00
5.432789993286132812e+02 1.446240949630737305e+02 5.435021400451660156e+02 1.631268239021301270e+02 5.361776161193847656e+02 1.732129955291748047e+02 1.000000000000000000e+00
4.374770545959472656e+02 1.822592425346374512e+02 4.344804382324218750e+02 2.018785071372985840e+02 4.242587280273437500e+02 2.132831561565399170e+02 1.000000000000000000e+00
5.043043899536132812e+02 1.571632504463195801e+02 5.028175163269042969e+02 1.770146441459655762e+02 4.944146537780761719e+02 1.865348339080810547e+02 1.000000000000000000e+00
5.077766418457031250e+02 1.936469686031341553e+02 5.065329933166503906e+02 2.135716992616653442e+02 4.979361915588378906e+02 2.252823328971862793e+02 1.000000000000000000e+00
3.820064401626586914e+02 1.524075579643249512e+02 3.779953002929687500e+02 1.715419721603393555e+02 3.665436697006225586e+02 1.821362435817718506e+02 1.000000000000000000e+00
3.632825040817260742e+02 1.906417357921600342e+02 3.588397836685180664e+02 2.107804405689239502e+02 3.471101379394531250e+02 2.223964834213256836e+02 1.000000000000000000e+00
3.842007160186767578e+02 1.928675365447998047e+02 3.810184335708618164e+02 2.129737079143524170e+02 3.701723337173461914e+02 2.246794885396957397e+02 1.000000000000000000e+00
5.089465713500976562e+02 2.219451588392257690e+02 5.082750892639160156e+02 2.421315765380859375e+02 4.999430274963378906e+02 2.539588934183120728e+02 1.000000000000000000e+00
4.221956539154052734e+02 1.924491405487060547e+02 4.191161823272705078e+02 2.126996451616287231e+02 4.086785316467285156e+02 2.244542080163955688e+02 1.000000000000000000e+00
3.314422917366027832e+02 1.341666054725646973e+02 3.271084290742874146e+02 1.534518098831176758e+02 3.149595946073532104e+02 1.637295341491699219e+02 1.000000000000000000e+00
3.625852346420288086e+02 1.828960096836090088e+02 3.582753300666809082e+02 2.028863346576690674e+02 3.464982914924621582e+02 2.142915183305740356e+02 1.000000000000000000e+00
5.104357719421386719e+02 1.586156415939331055e+02 5.090676689147949219e+02 1.782996368408203125e+02 5.006771850585937500e+02 1.880076742172241211e+02 1.000000000000000000e+00
5.121965408325195312e+02 2.067029571533203125e+02 5.113841819763183594e+02 2.266860499978065491e+02 5.030969238281250000e+02 2.384666594490408897e+02 1.000000000000000000e+00
5.186361122131347656e+02 2.388580168783664703e+02 5.182002067565917969e+02 2.592923587560653687e+02 5.095370483398437500e+02 2.716643071174621582e+02 1.000000000000000000e+00
5.428905105590820312e+02 2.203722220659255981e+02 5.430327224731445312e+02 2.403389740269631147e+02 5.356352043151855469e+02 2.520902717113494873e+02 1.000000000000000000e+00
3.817385578155517578e+02 1.631094646453857422e+02 3.777261972427368164e+02 1.826736402511596680e+02 3.662372732162475586e+02 1.937648892402648926e+02 1.000000000000000000e+00
3.610106515884399414e+02 1.996146082878112793e+02 3.566574406623840332e+02 2.197979879379272461e+02 3.449402165412902832e+02 2.313300928473472595e+02 1.000000000000000000e+00
5.227976036071777344e+02 2.447462466359138489e+02 5.224218750000000000e+02 2.655307942628860474e+02 5.136688804626464844e+02 2.784658849239349365e+02 1.000000000000000000e+00
5.040457153320312500e+02 2.162506395578384399e+02 5.030854225158691406e+02 2.363344877958297729e+02 4.946725463867187500e+02 2.482192996144294739e+02 1.000000000000000000e+00
4.433924579620361328e+02 1.897502553462982178e+02 4.405597877502441406e+02 2.096168661117553711e+02 4.303768348693847656e+02 2.210780632495880127e+02 1.000000000000000000e+00
5.373595046997070312e+02 2.373091582953929901e+02 5.374616813659667969e+02 2.573181474208831787e+02 5.298701286315917969e+02 2.691694039106369019e+02 1.000000000000000000e+00
4.093571758270263672e+02 1.508956432342529297e+02 4.058658123016357422e+02 1.700956821441650391e+02 3.950638437271118164e+02 1.806654024124145508e+02 1.000000000000000000e+00
4.212470149993896484e+02 1.777250790596008301e+02 4.179958248138427734e+02 1.973547041416168213e+02 4.076389217376708984e+02 2.086941647529602051e+02 1.000000000000000000e+00
4.287824726104736328e+02 1.909690511226654053e+02 4.259131813049316406e+02 2.110736989974975586e+02 4.156863403320312500e+02 2.226603841781616211e+02 1.000000000000000000e+00
5.162390136718750000e+02 2.467963108420372009e+02 5.158260536193847656e+02 2.675693070888519287e+02 5.069769096374511719e+02 2.800844120979309082e+02 1.000000000000000000e+00
5.118249320983886719e+02 1.501666688919067383e+02 5.103943252563476562e+02 1.688723444938659668e+02 5.022836303710937500e+02 1.791496539115905762e+02 1.000000000000000000e+00
3.858878803253173828e+02 1.852157557010650635e+02 3.824212980270385742e+02 2.050353205204010010e+02 3.712371826171875000e+02 2.165286237001419067e+02 1.000000000000000000e+00
3.597353816032409668e+02 1.717164874076843262e+02 3.553700256347656250e+02 1.915620553493499756e+02 3.437324213981628418e+02 2.027673161029815674e+02 1.000000000000000000e+00
4.828010368347167969e+02 1.828978085517883301e+02 4.811075210571289062e+02 2.026128816604614258e+02 4.718612384796142578e+02 2.140637952089309692e+02 1.000000000000000000e+00
4.383090209960937500e+02 1.949732637405395508e+02 4.354986000061035156e+02 2.150013256072998047e+02 4.253064632415771484e+02 2.265428459644317627e+02 1.000000000000000000e+00
5.365672111511230469e+02 2.393777465634047985e+02 5.367485427856445312e+02 2.592792373895645142e+02 5.292715454101562500e+02 2.709834909439086914e+02 1.000000000000000000e+00
4.082470703125000000e+02 1.844102597236633301e+02 4.048255920410156250e+02 2.042463040351867676e+02 3.940138244628906250e+02 2.155992257595062256e+02 1.000000000000000000e+00
4.006088542938232422e+02 1.553639173507690430e+02 3.972093534469604492e+02 1.747848916053771973e+02 3.863955402374267578e+02 1.856518077850341797e+02 1.000000000000000000e+00
5.225111770629882812e+02 2.234739071130752563e+02 5.217970085144042969e+02 2.435315553098917007e+02 5.135895347595214844e+02 2.553940898180007935e+02 1.000000000000000000e+00
5.236758422851562500e+02 2.160896748304367065e+02 5.229988479614257812e+02 2.360205227136611938e+02 5.147449302673339844e+02 2.477081608772277832e+02 1.000000000000000000e+00
5.182800865173339844e+02 2.167562699317932129e+02 5.175257682800292969e+02 2.367637022584676743e+02 5.092613029479980469e+02 2.485166171193122864e+02 1.000000000000000000e+00
5.233349037170410156e+02 2.074143040180206299e+02 5.225760459899902344e+02 2.273315271735191345e+02 5.143529701232910156e+02 2.390223693475127220e+02 1.000000000000000000e+00
4.691088867187500000e+02 1.896848881244659424e+02 4.670899105072021484e+02 2.095545780658721924e+02 4.577038574218750000e+02 2.210633540153503418e+02 1.000000000000000000e+00
3.968311166763305664e+02 1.925924062728881836e+02 3.934627103805541992e+02 2.125689983367919922e+02 3.825246000289916992e+02 2.242123550176620483e+02 1.000000000000000000e+00
4.321172237396240234e+02 1.846637392044067383e+02 4.292183876037597656e+02 2.045673644542694092e+02 4.189559936523437500e+02 2.159768664836883545e+02 1.000000000000000000e+00
3.256516724824905396e+02 1.657916378974914551e+02 3.205579223856329918e+02 1.857715415954589844e+02 3.079041135311126709e+02 1.974529552459716797e+02 1.000000000000000000e+00
4.121162414550781250e+02 1.926013147830963135e+02 4.088291931152343750e+02 2.128377217054367065e+02 3.980282926559448242e+02 2.245821833610534668e+02 1.000000000000000000e+00
3.567789316177368164e+02 1.905676245689392090e+02 3.524268198013305664e+02 2.106588113307952881e+02 3.406104135513305664e+02 2.221536862850189209e+02 1.000000000000000000e+00
4.070130348205566406e+02 1.588963866233825684e+02 4.035573482513427734e+02 1.783855104446411133e+02 3.927921152114868164e+02 1.892524981498718262e+02 1.000000000000000000e+00
5.118989372253417969e+02 1.555799531936645508e+02 5.107842445373535156e+02 1.746432495117187500e+02 5.023452186584472656e+02 1.846720254421234131e+02 1.000000000000000000e+00
4.654281616210937500e+02 1.824537312984466553e+02 4.633539772033691406e+02 2.020757424831390381e+02 4.536993694305419922e+02 2.135247784852981567e+02 1.000000000000000000e+00
4.103693580627441406e+02 1.633136272430419922e+02 4.068805599212646484e+02 1.829163622856140137e+02 3.960816669464111328e+02 1.939235508441925049e+02 1.000000000000000000e+00
5.501463699340820312e+02 2.196582788228988647e+02 5.504112625122070312e+02 2.395252685062587261e+02 5.431575393676757812e+02 2.511759191751480103e+02 1.000000000000000000e+00
4.072547626495361328e+02 1.911782348155975342e+02 4.037666034698486328e+02 2.113578164577484131e+02 3.928886747360229492e+02 2.230331557989120483e+02 1.000000000000000000e+00
3.867886972427368164e+02 1.774105811119079590e+02 3.831983661651611328e+02 1.970100688934326172e+02 3.717703580856323242e+02 2.083674895763397217e+02 1.000000000000000000e+00
5.108040428161621094e+02 2.117591840028762817e+02 5.099641227722167969e+02 2.317439872026443481e+02 5.016246032714843750e+02 2.435443878918886185e+02 1.000000000000000000e+00
3.912687397003173828e+02 1.578906083106994629e+02 3.872491788864135742e+02 1.773366022109985352e+02 3.757566547393798828e+02 1.882625234127044678e+02 1.000000000000000000e+00
3.552865600585937500e+02 1.841077244281768799e+02 3.508981633186340332e+02 2.041040933132171631e+02 3.390469968318939209e+02 2.154900491237640381e+02 1.000000000000000000e+00
3.668122863769531250e+02 1.940718805789947510e+02 3.625168466567993164e+02 2.142670118808746338e+02 3.507773137092590332e+02 2.258846274018287659e+02 1.000000000000000000e+00
3.964065551757812500e+02 1.851782047748565674e+02 3.928387165069580078e+02 2.049177825450897217e+02 3.818234586715698242e+02 2.162770217657089233e+02 1.000000000000000000e+00
4.714779663085937500e+02 1.725384664535522461e+02 4.694940471649169922e+02 1.921198689937591553e+02 4.601436805725097656e+02 2.035014474391937256e+02 1.000000000000000000e+00
3.829148578643798828e+02 1.567904162406921387e+02 3.788574218750000000e+02 1.762127923965454102e+02 3.673734426498413086e+02 1.871264147758483887e+02 1.000000000000000000e+00
4.342007446289062500e+02 1.769248008728027344e+02 4.311436176300048828e+02 1.964721965789794922e+02 4.208164119720458984e+02 2.077383863925933838e+02 1.000000000000000000e+00
4.438966655731201172e+02 1.824777495861053467e+02 4.409896850585937500e+02 2.021244013309478760e+02 4.308101844787597656e+02 2.135152423381805420e+02 1.000000000000000000e+00
3.370709228515625000e+02 1.304658937454223633e+02 3.329195559024810791e+02 1.493511629104614258e+02 3.203380432352423668e+02 1.611449861526489258e+02 1.000000000000000000e+00
4.104281902313232422e+02 1.774120330810546875e+02 4.071723079681396484e+02 1.970960819721221924e+02 3.963311147689819336e+02 2.085132730007171631e+02 1.000000000000000000e+00
5.076398658752441406e+02 1.651354336738586426e+02 5.063402175903320312e+02 1.849107956886291504e+02 4.978194236755371094e+02 1.948643159866333008e+02 1.000000000000000000e+00
4.572220134735107422e+02 1.831967890262603760e+02 4.549260616302490234e+02 2.027660214900970459e+02 4.450933551788330078e+02 2.142751443386077881e+02 1.000000000000000000e+00
5.026383781433105469e+02 1.895872020721435547e+02 5.011670303344726562e+02 2.094513988494873047e+02 4.922675132751464844e+02 2.211250144243240356e+02 1.000000000000000000e+00
3.763233661651611328e+02 1.781317377090454102e+02 3.722279691696166992e+02 1.978654289245605469e+02 3.605065298080444336e+02 2.092706286907196045e+02 1.000000000000000000e+00
3.973352956771850586e+02 1.582959079742431641e+02 3.935713815689086914e+02 1.777313661575317383e+02 3.824817514419555664e+02 1.886374032497406006e+02 1.000000000000000000e+00
5.428106117248535156e+02 2.143240499496459961e+02 5.426852989196777344e+02 2.341778866946697235e+02 5.351133537292480469e+02 2.457977601885795593e+02 1.000000000000000000e+00
3.931983327865600586e+02 1.555051803588867188e+02 3.893096017837524414e+02 1.749197959899902344e+02 3.781413602828979492e+02 1.858097362518310547e+02 1.000000000000000000e+00
5.185104942321777344e+02 2.406180877983570099e+02 5.180839347839355469e+02 2.612327277660369873e+02 5.091498756408691406e+02 2.744481825828552246e+02 1.000000000000000000e+00
3.958367300033569336e+02 1.775867128372192383e+02 3.923254728317260742e+02 1.971705293655395508e+02 3.812724637985229492e+02 2.084339261054992676e+02 1.000000000000000000e+00
4.983895874023437500e+02 2.378991698473691940e+02 4.978912353515625000e+02 2.580737614631652832e+02 4.888700675964355469e+02 2.701862204074859619e+02 1.000000000000000000e+00
5.086251640319824219e+02 2.544138497114181519e+02 5.083175659179687500e+02 2.752073693275451660e+02 4.990838432312011719e+02 2.876155722141265869e+02 1.000000000000000000e+00
4.754003047943115234e+02 1.923203265666961670e+02 4.735280799865722656e+02 2.122372877597808838e+02 4.641177654266357422e+02 2.238642883300781250e+02 1.000000000000000000e+00
5.034940147399902344e+02 2.458807374536991119e+02 5.028902053833007812e+02 2.665212106704711914e+02 4.940165138244628906e+02 2.791644322872161865e+02 1.000000000000000000e+00
5.138419151306152344e+02 1.445689201354980469e+02 5.124531364440917969e+02 1.632548046112060547e+02 5.043577575683593750e+02 1.734911298751831055e+02 1.000000000000000000e+00
5.159405517578125000e+02 1.872080039978027344e+02 5.149135208129882812e+02 2.068483722209930420e+02 5.065428733825683594e+02 2.184417253732681274e+02 1.000000000000000000e+00
4.822163391113281250e+02 1.902461385726928711e+02 4.803989219665527344e+02 2.100515878200531006e+02 4.711088275909423828e+02 2.216490161418914795e+02 1.000000000000000000e+00
4.924757766723632812e+02 1.899090850353240967e+02 4.908394813537597656e+02 2.097281169891357422e+02 4.817378807067871094e+02 2.213689863681793213e+02 1.000000000000000000e+00
3.335152900218963623e+02 1.300150108337402344e+02 3.293743288516998291e+02 1.489930200576782227e+02 3.164916992187500000e+02 1.616877079010009766e+02 1.000000000000000000e+00
5.597802162170410156e+02 2.040375208854675293e+02 5.604469680786132812e+02 2.236379545927047729e+02 5.533522987365722656e+02 2.350533445179462433e+02 1.000000000000000000e+00
3.892982196807861328e+02 1.625223469734191895e+02 3.852973937988281250e+02 1.821190452575683594e+02 3.737966918945312500e+02 1.931778395175933838e+02 1.000000000000000000e+00
5.262037467956542969e+02 2.291017448902130127e+02 5.256771850585937500e+02 2.492901769280433655e+02 5.175702476501464844e+02 2.612826240062713623e+02 1.000000000000000000e+00
5.586068725585937500e+02 1.636098933219909668e+02 5.591630935668945312e+02 1.832186257839202881e+02 5.520869827270507812e+02 1.935314619541168213e+02 1.000000000000000000e+00
4.275321674346923828e+02 1.859524369239807129e+02 4.246312904357910156e+02 2.059496605396270752e+02 4.144054317474365234e+02 2.174332720041275024e+02 1.000000000000000000e+00
4.497770690917968750e+02 1.856066250801086426e+02 4.469730567932128906e+02 2.054222238063812256e+02 4.368700599670410156e+02 2.168072336912155151e+02 1.000000000000000000e+00
4.419744300842285156e+02 2.221235185861587524e+02 4.401875019073486328e+02 2.423698883503675461e+02 4.311512470245361328e+02 2.541184088587760925e+02 1.000000000000000000e+00
4.889184570312500000e+02 1.839065515995025635e+02 4.872665214538574219e+02 2.035742640495300293e+02 4.781163311004638672e+02 2.150211024284362793e+02 1.000000000000000000e+00
5.095238113403320312e+02 2.157142317295074463e+02 5.085940361022949219e+02 2.357572017610073090e+02 5.002839469909667969e+02 2.475870215892791748e+02 1.000000000000000000e+00
4.880061721801757812e+02 1.886035287380218506e+02 4.863114929199218750e+02 2.084214162826538086e+02 4.771304988861083984e+02 2.200152575969696045e+02 1.000000000000000000e+00
4.908573913574218750e+02 1.704721355438232422e+02 4.890652465820312500e+02 1.900000119209289551e+02 4.799704933166503906e+02 2.012019467353820801e+02 1.000000000000000000e+00
4.236201190948486328e+02 1.867139554023742676e+02 4.206198787689208984e+02 2.068576955795288086e+02 4.103645992279052734e+02 2.185004711151123047e+02 1.000000000000000000e+00
3.526835036277770996e+02 1.907398045063018799e+02 3.484066462516784668e+02 2.108018928766250610e+02 3.365207219123840332e+02 2.222642970085144043e+02 1.000000000000000000e+00
4.604909992218017578e+02 1.838900434970855713e+02 4.583843421936035156e+02 2.036533319950103760e+02 4.486609554290771484e+02 2.150653821229934692e+02 1.000000000000000000e+00
4.863769912719726562e+02 1.499266147613525391e+02 4.851933288574218750e+02 1.695422458648681641e+02 4.764867305755615234e+02 1.807478749752044678e+02 1.000000000000000000e+00
4.287379741668701172e+02 1.797858095169067383e+02 4.256750488281250000e+02 1.993596160411834717e+02 4.153816223144531250e+02 2.106362450122833252e+02 1.000000000000000000e+00
4.760606384277343750e+02 1.782863759994506836e+02 4.741595172882080078e+02 1.978869616985321045e+02 4.647257423400878906e+02 2.092764401435852051e+02 1.000000000000000000e+00
5.511702919006347656e+02 2.216994774341583252e+02 5.513300895690917969e+02 2.415121308714151382e+02 5.440843582153320312e+02 2.531351780891418457e+02 1.000000000000000000e+00
5.226095008850097656e+02 1.791665768623352051e+02 5.216681480407714844e+02 1.984419071674346924e+02 5.135149002075195312e+02 2.094832134246826172e+02 1.000000000000000000e+00
3.305106818675994873e+02 1.521673822402954102e+02 3.259833377599716187e+02 1.707603406906127930e+02 3.138106685876846313e+02 1.809376788139343262e+02 1.000000000000000000e+00
3.621818542480468750e+02 1.324884867668151855e+02 3.582304382324218750e+02 1.509578061103820801e+02 3.469823312759399414e+02 1.620689177513122559e+02 1.000000000000000000e+00
4.015952205657958984e+02 1.617401075363159180e+02 3.981536865234375000e+02 1.813726007938385010e+02 3.873525381088256836e+02 1.923546588420867920e+02 1.000000000000000000e+00
4.506182003021240234e+02 1.898127400875091553e+02 4.479154968261718750e+02 2.096619415283203125e+02 4.379415035247802734e+02 2.211473536491394043e+02 1.000000000000000000e+00
3.819851064682006836e+02 1.911801731586456299e+02 3.784720754623413086e+02 2.112112265825271606e+02 3.673519611358642578e+02 2.228593128919601440e+02 1.000000000000000000e+00
5.403252029418945312e+02 2.195173323154449463e+02 5.403462028503417969e+02 2.394776305742561817e+02 5.329065513610839844e+02 2.512574467062950134e+02 1.000000000000000000e+00
5.673911094665527344e+02 1.375289583206176758e+02 5.680522537231445312e+02 1.559054517745971680e+02 5.613728141784667969e+02 1.660034322738647461e+02 1.000000000000000000e+00
4.177060604095458984e+02 1.864632081985473633e+02 4.145811748504638672e+02 2.065806269645690918e+02 4.040540504455566406e+02 2.183333265781402588e+02 1.000000000000000000e+00
5.167316246032714844e+02 2.225518637895584106e+02 5.160400390625000000e+02 2.427367707341909409e+02 5.077935218811035156e+02 2.545668643712997437e+02 1.000000000000000000e+00
3.757788991928100586e+02 1.914023709297180176e+02 3.716387319564819336e+02 2.115404194593429565e+02 3.600315570831298828e+02 2.232896107435226440e+02 1.000000000000000000e+00
4.574299621582031250e+02 1.883348071575164795e+02 4.552217769622802734e+02 2.081759941577911377e+02 4.454651832580566406e+02 2.196092677116394043e+02 1.000000000000000000e+00
5.490967369079589844e+02 1.827816903591156006e+02 5.493575477600097656e+02 2.021247231960296631e+02 5.420398521423339844e+02 2.131702709197998047e+02 1.000000000000000000e+00
3.779462575912475586e+02 1.852104020118713379e+02 3.736704397201538086e+02 2.051963031291961670e+02 3.618464994430541992e+02 2.167970108985900879e+02 1.000000000000000000e+00
4.131876277923583984e+02 1.879786491394042969e+02 4.098966693878173828e+02 2.080697464942932129e+02 3.991398334503173828e+02 2.197967827320098877e+02 1.000000000000000000e+00
3.796771240234375000e+02 1.426306986808776855e+02 3.755406808853149414e+02 1.616830229759216309e+02 3.642220449447631836e+02 1.721371436119079590e+02 1.000000000000000000e+00
3.258617860078811646e+02 1.530151462554931641e+02 3.213166809082031250e+02 1.716856956481933594e+02 3.091017448902130127e+02 1.819766056537628174e+02 1.000000000000000000e+00
5.619344520568847656e+02 2.211006152629852295e+02 5.617462158203125000e+02 2.406184387765824795e+02 5.554865074157714844e+02 2.520488592982292175e+02 1.000000000000000000e+00
3.994295644760131836e+02 2.013738226890563965e+02 3.959524869918823242e+02 2.214667350053787231e+02 3.850771808624267578e+02 2.331507718563079834e+02 1.000000000000000000e+00
5.068185997009277344e+02 1.725146627426147461e+02 5.054631996154785156e+02 1.927048301696777344e+02 4.970104980468750000e+02 2.036136925220489502e+02 1.000000000000000000e+00
4.616298198699951172e+02 2.037953460216522217e+02 4.595621681213378906e+02 2.238532251119613647e+02 4.499136352539062500e+02 2.356317745149135590e+02 1.000000000000000000e+00
4.019151306152343750e+02 1.905970144271850586e+02 3.985082101821899414e+02 2.106871622800827026e+02 3.875837421417236328e+02 2.223546749353408813e+02 1.000000000000000000e+00
3.778455209732055664e+02 1.914980757236480713e+02 3.737782001495361328e+02 2.116084116697311401e+02 3.624100971221923828e+02 2.233540481328964233e+02 1.000000000000000000e+00
4.413556575775146484e+02 2.005317056179046631e+02 4.385762691497802734e+02 2.205008536577224731e+02 4.283237934112548828e+02 2.320464169979095459e+02 1.000000000000000000e+00
3.708244037628173828e+02 1.841779589653015137e+02 3.664773273468017578e+02 2.041787838935852051e+02 3.546703505516052246e+02 2.156297135353088379e+02 1.000000000000000000e+00
5.049271583557128906e+02 2.385042570903897285e+02 5.043393516540527344e+02 2.587008672952651978e+02 4.955881690979003906e+02 2.711353468894958496e+02 1.000000000000000000e+00
4.714350605010986328e+02 1.963204336166381836e+02 4.695197486877441406e+02 2.162391042709350586e+02 4.600960731506347656e+02 2.278798824548721313e+02 1.000000000000000000e+00
5.049589347839355469e+02 1.459839749336242676e+02 5.035654067993164062e+02 1.651975536346435547e+02 4.953175163269042969e+02 1.750612449645996094e+02 1.000000000000000000e+00
3.898840951919555664e+02 1.539911484718322754e+02 3.859042072296142578e+02 1.731940269470214844e+02 3.744727802276611328e+02 1.838508260250091553e+02 1.000000000000000000e+00
4.534238624572753906e+02 1.430074381828308105e+02 4.503212928771972656e+02 1.618453502655029297e+02 4.415762042999267578e+02 1.717782068252563477e+02 1.000000000000000000e+00
1.809287357330322266e+02 3.147147560119628906e+02 1.970906543731689453e+02 3.378504109382629395e+02 2.062917613983154297e+02 3.519296622276306152e+02 2.000000000000000000e+00
1.896923923492431641e+02 3.087384653091430664e+02 2.058862113952636719e+02 3.318665814399719238e+02 2.150111103057861328e+02 3.459360122680664062e+02 2.000000000000000000e+00
1.818922424316406250e+02 2.917064845561981201e+02 1.980931091308593750e+02 3.148435378074645996e+02 2.072570514678955078e+02 3.288413429260253906e+02 2.000000000000000000e+00
1.961107444763183594e+02 2.947034633159637451e+02 2.123492908477783203e+02 3.178189158439636230e+02 2.213680744171142578e+02 3.317992329597473145e+02 2.000000000000000000e+00
1.900111675262451172e+02 2.857079172134399414e+02 2.062023258209228516e+02 3.088322496414184570e+02 2.152906799316406250e+02 3.228464698791503906e+02 2.000000000000000000e+00
1.840105438232421875e+02 2.806965351104736328e+02 2.001584339141845703e+02 3.038169264793395996e+02 2.092520713806152344e+02 3.178401803970336914e+02 2.000000000000000000e+00
2.112117862701416016e+02 3.332153964042663574e+02 2.275961303710937500e+02 3.562814712524414062e+02 2.367619419097900391e+02 3.702383852005004883e+02 2.000000000000000000e+00
1.950933074951171875e+02 3.027348947525024414e+02 2.113388633728027344e+02 3.258707642555236816e+02 2.203990459442138672e+02 3.398835468292236328e+02 2.000000000000000000e+00
1.491431999206542969e+02 3.699894189834594727e+02 1.655971240997314453e+02 3.933912992477416992e+02 1.748596000671386719e+02 4.075254964828491211e+02 2.000000000000000000e+00
1.531239509582519531e+02 3.749873971939086914e+02 1.696542835235595703e+02 3.983663749694824219e+02 1.789056491851806641e+02 4.125120019912719727e+02 2.000000000000000000e+00
1.819274997711181641e+02 3.537615108489990234e+02 1.984636688232421875e+02 3.769977521896362305e+02 2.077429485321044922e+02 3.910634279251098633e+02 2.000000000000000000e+00
1.516448974609375000e+02 2.939405536651611328e+02 1.678768253326416016e+02 3.172785973548889160e+02 1.770896911621093750e+02 3.314227652549743652e+02 2.000000000000000000e+00
1.336133003234863281e+02 3.070637869834899902e+02 1.499955940246582031e+02 3.304711675643920898e+02 1.591975784301757812e+02 3.446213150024414062e+02 2.000000000000000000e+00
1.818829631805419922e+02 3.416240930557250977e+02 1.984018421173095703e+02 3.648613071441650391e+02 2.076706790924072266e+02 3.789258527755737305e+02 2.000000000000000000e+00
1.487902069091796875e+02 3.298464131355285645e+02 1.651422882080078125e+02 3.532836699485778809e+02 1.743810081481933594e+02 3.674217939376831055e+02 2.000000000000000000e+00
4.836236572265625000e+02 4.022469520568847656e+02 5.003227233886718750e+02 4.242952108383178711e+02 5.097713279724121094e+02 4.375718736648559570e+02 2.000000000000000000e+00
1.396721076965332031e+02 3.069899010658264160e+02 1.560320663452148438e+02 3.303891062736511230e+02 1.652398777008056641e+02 3.445403766632080078e+02 2.000000000000000000e+00
4.906820487976074219e+02 4.012362384796142578e+02 5.073547172546386719e+02 4.232527256011962891e+02 5.168107986450195312e+02 4.365490579605102539e+02 2.000000000000000000e+00
1.910135173797607422e+02 2.777123129367828369e+02 2.071689414978027344e+02 3.008192753791809082e+02 2.162317657470703125e+02 3.148207139968872070e+02 2.000000000000000000e+00
1.490815353393554688e+02 3.499888372421264648e+02 1.654396057128906250e+02 3.733844375610351562e+02 1.747018146514892578e+02 3.874791383743286133e+02 2.000000000000000000e+00
1.420482063293457031e+02 3.479476046562194824e+02 1.584497261047363281e+02 3.713591051101684570e+02 1.677236938476562500e+02 3.854677248001098633e+02 2.000000000000000000e+00
1.234914207458496094e+02 2.919115018844604492e+02 1.397510910034179688e+02 3.154089403152465820e+02 1.489232444763183594e+02 3.295846009254455566e+02 2.000000000000000000e+00
5.005741310119628906e+02 4.011802768707275391e+02 5.172637367248535156e+02 4.231974220275878906e+02 5.267155265808105469e+02 4.364369058609008789e+02 2.000000000000000000e+00
1.356497764587402344e+02 3.140388536453247070e+02 1.520576667785644531e+02 3.374477291107177734e+02 1.612565422058105469e+02 3.515770339965820312e+02 2.000000000000000000e+00
4.638164043426513672e+02 3.987691068649291992e+02 4.805281066894531250e+02 4.210135030746459961e+02 4.898573684692382812e+02 4.344124889373779297e+02 2.000000000000000000e+00
1.265455245971679688e+02 2.979480028152465820e+02 1.428825950622558594e+02 3.214206290245056152e+02 1.520928955078125000e+02 3.356042861938476562e+02 2.000000000000000000e+00
2.176313304901123047e+02 3.925803852081298828e+02 2.342178058624267578e+02 4.156330060958862305e+02 2.435077190399169922e+02 4.296926736831665039e+02 2.000000000000000000e+00
2.051179790496826172e+02 3.330998897552490234e+02 2.215040302276611328e+02 3.561777734756469727e+02 2.306406688690185547e+02 3.701646423339843750e+02 2.000000000000000000e+00
1.945696735382080078e+02 3.146117877960205078e+02 2.107983970642089844e+02 3.377359056472778320e+02 2.199762058258056641e+02 3.517840003967285156e+02 2.000000000000000000e+00
1.260752677917480469e+02 3.259400081634521484e+02 1.425235939025878906e+02 3.494326257705688477e+02 1.516738700866699219e+02 3.635812425613403320e+02 2.000000000000000000e+00
1.403285026550292969e+02 2.839498329162597656e+02 1.565179824829101562e+02 3.073247122764587402e+02 1.655679416656494141e+02 3.214378738403320312e+02 2.000000000000000000e+00
2.004160404205322266e+02 3.537679839134216309e+02 2.168004322052001953e+02 3.769168424606323242e+02 2.260501575469970703e+02 3.909317064285278320e+02 2.000000000000000000e+00
2.051900959014892578e+02 2.986112380027770996e+02 2.215373325347900391e+02 3.217256784439086914e+02 2.306241130828857422e+02 3.357147860527038574e+02 2.000000000000000000e+00
1.509531402587890625e+02 3.439648461341857910e+02 1.673509502410888672e+02 3.673476076126098633e+02 1.766130924224853516e+02 3.814462709426879883e+02 2.000000000000000000e+00
1.492577934265136719e+02 2.767145705223083496e+02 1.652463340759277344e+02 3.000676918029785156e+02 1.741988849639892578e+02 3.141485309600830078e+02 2.000000000000000000e+00
1.298408317565917969e+02 2.808385634422302246e+02 1.460619354248046875e+02 3.042749691009521484e+02 1.551385498046875000e+02 3.184129714965820312e+02 2.000000000000000000e+00
4.682785987854003906e+02 3.930602502822875977e+02 4.848739624023437500e+02 4.152238512039184570e+02 4.941758155822753906e+02 4.284890556335449219e+02 2.000000000000000000e+00
5.053958129882812500e+02 4.054957294464111328e+02 5.221473503112792969e+02 4.275058650970458984e+02 5.315735435485839844e+02 4.407041072845458984e+02 2.000000000000000000e+00
1.216426658630371094e+02 2.717864084243774414e+02 1.377653884887695312e+02 2.953080475330352783e+02 1.468408584594726562e+02 3.094680547714233398e+02 2.000000000000000000e+00
1.287292098999023438e+02 3.560306739807128906e+02 1.452319908142089844e+02 3.794766283035278320e+02 1.544827461242675781e+02 3.936567163467407227e+02 2.000000000000000000e+00
1.357894515991210938e+02 3.622104835510253906e+02 1.523747253417968750e+02 3.855732822418212891e+02 1.616187286376953125e+02 3.997466468811035156e+02 2.000000000000000000e+00
1.966151142120361328e+02 3.337564444541931152e+02 2.129806327819824219e+02 3.568945670127868652e+02 2.221644306182861328e+02 3.709069919586181641e+02 2.000000000000000000e+00
1.538530921936035156e+02 3.358810472488403320e+02 1.702158164978027344e+02 3.592943501472473145e+02 1.794747257232666016e+02 3.734159660339355469e+02 2.000000000000000000e+00
1.382198905944824219e+02 2.729006373882293701e+02 1.542140960693359375e+02 2.962889742851257324e+02 1.631940174102783203e+02 3.103959059715270996e+02 2.000000000000000000e+00
1.235676002502441406e+02 3.049671077728271484e+02 1.399086952209472656e+02 3.284337544441223145e+02 1.491364479064941406e+02 3.426003456115722656e+02 2.000000000000000000e+00
1.419425010681152344e+02 3.398976802825927734e+02 1.583538055419921875e+02 3.633447647094726562e+02 1.676007366180419922e+02 3.774545001983642578e+02 2.000000000000000000e+00
1.461411094665527344e+02 3.590056514739990234e+02 1.625118732452392578e+02 3.824372005462646484e+02 1.717674541473388672e+02 3.966068744659423828e+02 2.000000000000000000e+00
1.892023944854736328e+02 3.628773021697998047e+02 2.056334686279296875e+02 3.860760211944580078e+02 2.149516868591308594e+02 4.000613164901733398e+02 2.000000000000000000e+00
1.526195716857910156e+02 3.048526668548583984e+02 1.689216899871826172e+02 3.282567787170410156e+02 1.781036186218261719e+02 3.423867273330688477e+02 2.000000000000000000e+00
3.199572448711842299e+02 3.947377967834472656e+02 3.366642153263092041e+02 4.173184347152709961e+02 3.459316706657409668e+02 4.308066129684448242e+02 2.000000000000000000e+00
1.945443725585937500e+02 3.443631935119628906e+02 2.110404682159423828e+02 3.674998283386230469e+02 2.202002429962158203e+02 3.815315008163452148e+02 2.000000000000000000e+00
1.960299205780029297e+02 2.877113056182861328e+02 2.123120689392089844e+02 3.108183646202087402e+02 2.213207244873046875e+02 3.247966361045837402e+02 2.000000000000000000e+00
3.049112546443939209e+02 3.975800514221191406e+02 3.215356139838695526e+02 4.203740644454956055e+02 3.308957517147064209e+02 4.342758035659790039e+02 2.000000000000000000e+00
4.935576820373535156e+02 3.917529630661010742e+02 5.102186012268066406e+02 4.135473346710205078e+02 5.197008132934570312e+02 4.267324876785278320e+02 2.000000000000000000e+00
1.808850383758544922e+02 3.346160960197448730e+02 1.973406314849853516e+02 3.578547120094299316e+02 2.065626049041748047e+02 3.719114112854003906e+02 2.000000000000000000e+00
4.802881431579589844e+02 3.930014991760253906e+02 4.966831016540527344e+02 4.148425626754760742e+02 5.059746742248535156e+02 4.280719327926635742e+02 2.000000000000000000e+00
2.026461315155029297e+02 3.227693510055541992e+02 2.189815044403076172e+02 3.458393025398254395e+02 2.281436252593994141e+02 3.598539805412292480e+02 2.000000000000000000e+00
3.560086059570312500e+02 4.027717351913452148e+02 3.726674222946166992e+02 4.255084276199340820e+02 3.820246887207031250e+02 4.394210672378540039e+02 2.000000000000000000e+00
1.548860549926757812e+02 3.952948093414306641e+02 1.716692161560058594e+02 4.187902307510375977e+02 1.812067127227783203e+02 4.329462146759033203e+02 2.000000000000000000e+00
2.050725078582763672e+02 3.106223201751708984e+02 2.213730716705322266e+02 3.337236714363098145e+02 2.305094909667968750e+02 3.477452731132507324e+02 2.000000000000000000e+00
2.898171067237854004e+02 4.012890672683715820e+02 3.064489746093750000e+02 4.240835380554199219e+02 3.156863096356391907e+02 4.379511165618896484e+02 2.000000000000000000e+00
2.838338613510131836e+02 4.004775810241699219e+02 3.004867243766784668e+02 4.232121706008911133e+02 3.097355949878692627e+02 4.371562957763671875e+02 2.000000000000000000e+00
1.819694232940673828e+02 3.808349132537841797e+02 1.985133934020996094e+02 4.041082477569580078e+02 2.078446674346923828e+02 4.181584882736206055e+02 2.000000000000000000e+00
1.811096191406250000e+02 3.678417062759399414e+02 1.975534057617187500e+02 3.910431289672851562e+02 2.068551445007324219e+02 4.050797796249389648e+02 2.000000000000000000e+00
1.527349853515625000e+02 3.218586158752441406e+02 1.690842437744140625e+02 3.452765536308288574e+02 1.783260822296142578e+02 3.594355201721191406e+02 2.000000000000000000e+00
1.335783767700195312e+02 2.990406525135040283e+02 1.499735069274902344e+02 3.224661612510681152e+02 1.591609764099121094e+02 3.366345906257629395e+02 2.000000000000000000e+00
1.820701694488525391e+02 3.929527616500854492e+02 1.986380481719970703e+02 4.162759494781494141e+02 2.080405521392822266e+02 4.303935098648071289e+02 2.000000000000000000e+00
3.308398139476776123e+02 3.937893819808959961e+02 3.472941589355468750e+02 4.162695980072021484e+02 3.566388249397277832e+02 4.298133087158203125e+02 2.000000000000000000e+00
1.466652679443359375e+02 3.079906010627746582e+02 1.630104923248291016e+02 3.313707661628723145e+02 1.722121429443359375e+02 3.455154204368591309e+02 2.000000000000000000e+00
1.998638153076171875e+02 3.385612249374389648e+02 2.162834644317626953e+02 3.616511249542236328e+02 2.254166507720947266e+02 3.756622982025146484e+02 2.000000000000000000e+00
1.488284492492675781e+02 2.878923976421356201e+02 1.650433158874511719e+02 3.112590980529785156e+02 1.742259502410888672e+02 3.253792476654052734e+02 2.000000000000000000e+00
1.984263610839843750e+02 3.618273067474365234e+02 2.147709465026855469e+02 3.849962854385375977e+02 2.240870761871337891e+02 3.989697074890136719e+02 2.000000000000000000e+00
3.668667936325073242e+02 3.966977262496948242e+02 3.835072946548461914e+02 4.191622781753540039e+02 3.928156137466430664e+02 4.328338766098022461e+02 2.000000000000000000e+00
1.880417442321777344e+02 3.476265907287597656e+02 2.045557975769042969e+02 3.708099746704101562e+02 2.137893676757812500e+02 3.848819017410278320e+02 2.000000000000000000e+00
1.236319541931152344e+02 3.140355849266052246e+02 1.400885200500488281e+02 3.374988484382629395e+02 1.492663955688476562e+02 3.516237831115722656e+02 2.000000000000000000e+00
1.417000961303710938e+02 2.999860274791717529e+02 1.580712509155273438e+02 3.233702731132507324e+02 1.672568511962890625e+02 3.375230741500854492e+02 2.000000000000000000e+00
2.225933647155761719e+02 3.968442821502685547e+02 2.392053794860839844e+02 4.199378728866577148e+02 2.485204601287841797e+02 4.340133762359619141e+02 2.000000000000000000e+00
1.400102615356445312e+02 3.970359277725219727e+02 1.566071510314941406e+02 4.205262565612792969e+02 1.660328483581542969e+02 4.346467065811157227e+02 2.000000000000000000e+00
1.325582695007324219e+02 2.919053077697753906e+02 1.488800239562988281e+02 3.153406691551208496e+02 1.580024909973144531e+02 3.294917321205139160e+02 2.000000000000000000e+00
1.411804580688476562e+02 3.761928749084472656e+02 1.576315307617187500e+02 3.995868301391601562e+02 1.669654178619384766e+02 4.137690210342407227e+02 2.000000000000000000e+00
1.980604267120361328e+02 3.097679758071899414e+02 2.142961215972900391e+02 3.329011273384094238e+02 2.234001922607421875e+02 3.469398880004882812e+02 2.000000000000000000e+00
1.880305004119873047e+02 2.947255289554595947e+02 2.042376708984375000e+02 3.178498864173889160e+02 2.133162689208984375e+02 3.318388438224792480e+02 2.000000000000000000e+00
3.119062191247940063e+02 4.002147245407104492e+02 3.285925292968750000e+02 4.229428768157958984e+02 3.378570556640625000e+02 4.367764949798583984e+02 2.000000000000000000e+00
