3.476589059829711914e+02 3.216994643211364746e+02 3.495893263816833496e+02 3.218723773956298828e+02 3.536059880256652832e+02 3.233663034439086914e+02 1.000000000000000000e+00
4.213195228576660156e+02 3.261036729812622070e+02 4.233826351165771484e+02 3.264192867279052734e+02 4.273256206512451172e+02 3.277800679206848145e+02 1.000000000000000000e+00
4.510545349121093750e+02 2.957304096221923828e+02 4.531073284149169922e+02 2.960167264938354492e+02 4.572086524963378906e+02 2.976236307621002197e+02 1.000000000000000000e+00
3.382304084300994873e+02 2.988323700428009033e+02 3.402518916130065918e+02 2.989920365810394287e+02 3.442261672019958496e+02 3.005470633506774902e+02 1.000000000000000000e+00
4.254796123504638672e+02 3.039240789413452148e+02 4.274999141693115234e+02 3.041312599182128906e+02 4.315008831024169922e+02 3.056077909469604492e+02 1.000000000000000000e+00
4.450366878509521484e+02 3.009980177879333496e+02 4.470572185516357422e+02 3.011897635459899902e+02 4.511869525909423828e+02 3.027699279785156250e+02 1.000000000000000000e+00
4.269060993194580078e+02 2.955072677135467529e+02 4.288894367218017578e+02 2.956837785243988037e+02 4.329462909698486328e+02 2.972399032115936279e+02 1.000000000000000000e+00
4.192566585540771484e+02 2.973230302333831787e+02 4.212506389617919922e+02 2.975462365150451660e+02 4.252869606018066406e+02 2.989614272117614746e+02 1.000000000000000000e+00
4.369535255432128906e+02 3.035786747932434082e+02 4.389898967742919922e+02 3.037616944313049316e+02 4.430702877044677734e+02 3.054046368598937988e+02 1.000000000000000000e+00
3.874414062500000000e+02 2.984270346164703369e+02 3.895188617706298828e+02 2.986874127388000488e+02 3.933902311325073242e+02 3.001518273353576660e+02 1.000000000000000000e+00
3.553825378417968750e+02 3.182864427566528320e+02 3.573411870002746582e+02 3.184715652465820312e+02 3.613676452636718750e+02 3.200206375122070312e+02 1.000000000000000000e+00
4.270952796936035156e+02 3.266168546676635742e+02 4.291581439971923828e+02 3.269347286224365234e+02 4.331324195861816406e+02 3.284178185462951660e+02 1.000000000000000000e+00
4.350836181640625000e+02 3.292637658119201660e+02 4.371671199798583984e+02 3.295466995239257812e+02 4.411617183685302734e+02 3.310854220390319824e+02 1.000000000000000000e+00
3.223305968940258026e+02 2.724350917339324951e+02 3.244111633300781250e+02 2.726524972915649414e+02 3.283915710449218750e+02 2.742635822296142578e+02 1.000000000000000000e+00
4.379369831085205078e+02 2.978898954391479492e+02 4.399882793426513672e+02 2.981091642379760742e+02 4.441040325164794922e+02 2.997005653381347656e+02 1.000000000000000000e+00
4.315768146514892578e+02 3.068531227111816406e+02 4.336177730560302734e+02 3.070377516746520996e+02 4.376003742218017578e+02 3.086142039299011230e+02 1.000000000000000000e+00
4.204547405242919922e+02 2.897879040241241455e+02 4.224482154846191406e+02 2.900282621383666992e+02 4.264859008789062500e+02 2.914536452293395996e+02 1.000000000000000000e+00
4.114325904846191406e+02 3.340764498710632324e+02 4.134296894073486328e+02 3.343925213813781738e+02 4.172189044952392578e+02 3.357898020744323730e+02 1.000000000000000000e+00
3.578583979606628418e+02 2.977111852169036865e+02 3.596177363395690918e+02 2.979577374458312988e+02 3.635784006118774414e+02 2.994125711917877197e+02 1.000000000000000000e+00
3.425734567642211914e+02 3.118959403038024902e+02 3.445751643180847168e+02 3.121356511116027832e+02 3.485350966453552246e+02 3.135333895683288574e+02 1.000000000000000000e+00
4.448596191406250000e+02 3.169233155250549316e+02 4.469149208068847656e+02 3.171278142929077148e+02 4.508924293518066406e+02 3.187554073333740234e+02 1.000000000000000000e+00
4.431932735443115234e+02 3.126449346542358398e+02 4.452743244171142578e+02 3.128035283088684082e+02 4.493045043945312500e+02 3.143796730041503906e+02 1.000000000000000000e+00
3.515287780761718750e+02 2.972814667224884033e+02 3.534403991699218750e+02 2.974661278724670410e+02 3.573393559455871582e+02 2.989247775077819824e+02 1.000000000000000000e+00
3.504202580451965332e+02 3.054075050354003906e+02 3.523729872703552246e+02 3.055723285675048828e+02 3.563641977310180664e+02 3.069804382324218750e+02 1.000000000000000000e+00
3.409001469612121582e+02 3.150545382499694824e+02 3.428913283348083496e+02 3.152912020683288574e+02 3.468196105957031250e+02 3.166398024559020996e+02 1.000000000000000000e+00
4.398509883880615234e+02 3.216300988197326660e+02 4.418813800811767578e+02 3.219288396835327148e+02 4.458825397491455078e+02 3.234694862365722656e+02 1.000000000000000000e+00
4.356346797943115234e+02 2.952368795871734619e+02 4.376860713958740234e+02 2.954579508304595947e+02 4.417426776885986328e+02 2.970853900909423828e+02 1.000000000000000000e+00
4.330443096160888672e+02 2.966331803798675537e+02 4.350081157684326172e+02 2.968253195285797119e+02 4.391547298431396484e+02 2.984527623653411865e+02 1.000000000000000000e+00
4.390806579589843750e+02 3.187896180152893066e+02 4.410487651824951172e+02 3.191955900192260742e+02 4.450807857513427734e+02 3.206939721107482910e+02 1.000000000000000000e+00
3.834516906738281250e+02 2.988099396228790283e+02 3.855039358139038086e+02 2.991074538230895996e+02 3.893443632125854492e+02 3.005550241470336914e+02 1.000000000000000000e+00
3.482912898063659668e+02 2.949513566493988037e+02 3.503601074218750000e+02 2.951884174346923828e+02 3.542418837547302246e+02 2.966538727283477783e+02 1.000000000000000000e+00
4.386160278320312500e+02 3.830726051330566406e+02 4.408222389221191406e+02 3.832913875579833984e+02 4.450121784210205078e+02 3.846973085403442383e+02 2.000000000000000000e+00
2.997120046615600586e+02 3.855243301391601562e+02 3.016578066349029541e+02 3.856602573394775391e+02 3.055450439453125000e+02 3.872773504257202148e+02 2.000000000000000000e+00
4.432639789581298828e+02 4.172544908523559570e+02 4.451457214355468750e+02 4.175031280517578125e+02 4.490777015686035156e+02 4.190890359878540039e+02 2.000000000000000000e+00
4.428333187103271484e+02 4.054856586456298828e+02 4.448625183105468750e+02 4.058698797225952148e+02 4.488642597198486328e+02 4.074365329742431641e+02 2.000000000000000000e+00
4.350448608398437500e+02 4.306018781661987305e+02 4.368233013153076172e+02 4.308752775192260742e+02 4.407902526855468750e+02 4.323873424530029297e+02 2.000000000000000000e+00
4.203167724609375000e+02 4.330960464477539062e+02 4.222594928741455078e+02 4.333516645431518555e+02 4.261555194854736328e+02 4.349544525146484375e+02 2.000000000000000000e+00
4.262705135345458984e+02 4.341121673583984375e+02 4.281801509857177734e+02 4.343983840942382812e+02 4.321412086486816406e+02 4.359306192398071289e+02 2.000000000000000000e+00
4.190692806243896484e+02 3.953285551071166992e+02 4.209454345703125000e+02 3.955854034423828125e+02 4.249459838867187500e+02 3.972092056274414062e+02 2.000000000000000000e+00
7.773838043212890625e+00 4.013896608352661133e+02 9.851474761962890625e+00 4.013453722000122070e+02 1.398979187011718750e+01 4.024442195892333984e+02 2.000000000000000000e+00
4.159822750091552734e+02 3.582327961921691895e+02 4.179212951660156250e+02 3.584885931015014648e+02 4.218971538543701172e+02 3.600841999053955078e+02 2.000000000000000000e+00
3.423244643211364746e+02 3.914300251007080078e+02 3.442098402976989746e+02 3.916918373107910156e+02 3.481188368797302246e+02 3.932511949539184570e+02 2.000000000000000000e+00
3.056460261344909668e+02 3.915668106079101562e+02 3.076124262809753418e+02 3.917410039901733398e+02 3.114865416288375854e+02 3.933673524856567383e+02 2.000000000000000000e+00
4.157946777343750000e+02 3.805540180206298828e+02 4.176935100555419922e+02 3.807502269744873047e+02 4.216906738281250000e+02 3.823379230499267578e+02 2.000000000000000000e+00
4.362200641632080078e+02 4.218937540054321289e+02 4.380471515655517578e+02 4.221906280517578125e+02 4.420546245574951172e+02 4.236788749694824219e+02 2.000000000000000000e+00
4.434259700775146484e+02 3.625859785079956055e+02 4.454177856445312500e+02 3.628965854644775391e+02 4.493920040130615234e+02 3.644707345962524414e+02 2.000000000000000000e+00
4.311051654815673828e+02 3.918632268905639648e+02 4.329846858978271484e+02 3.922762870788574219e+02 4.369982910156250000e+02 3.937225484848022461e+02 2.000000000000000000e+00
3.131937867403030396e+02 3.989295101165771484e+02 3.151747131347656250e+02 3.992237377166748047e+02 3.190939025580883026e+02 4.007296514511108398e+02 2.000000000000000000e+00
9.674129486083984375e+00 4.153738260269165039e+02 1.183536529541015625e+01 4.153180932998657227e+02 1.599948883056640625e+01 4.165659570693969727e+02 2.000000000000000000e+00
4.379339599609375000e+02 3.993999481201171875e+02 4.400011634826660156e+02 3.997676181793212891e+02 4.441088294982910156e+02 4.012115621566772461e+02 2.000000000000000000e+00
4.175094032287597656e+02 3.873332548141479492e+02 4.194203186035156250e+02 3.875527381896972656e+02 4.233968257904052734e+02 3.891359281539916992e+02 2.000000000000000000e+00
4.357271194458007812e+01 3.265264034271240234e+02 4.569841384887695312e+01 3.265182566642761230e+02 4.998161315917968750e+01 3.278263878822326660e+02 2.000000000000000000e+00
3.698547697067260742e+02 3.802739667892456055e+02 3.716764211654663086e+02 3.805147218704223633e+02 3.755942106246948242e+02 3.820160865783691406e+02 2.000000000000000000e+00
4.160712623596191406e+02 3.726858329772949219e+02 4.179562091827392578e+02 3.728800964355468750e+02 4.219433021545410156e+02 3.744569492340087891e+02 2.000000000000000000e+00
3.920059537887573242e+02 4.084946966171264648e+02 3.939184284210205078e+02 4.087703990936279297e+02 3.979164123535156250e+02 4.103696393966674805e+02 2.000000000000000000e+00
4.375949096679687500e+02 3.905099630355834961e+02 4.398002910614013672e+02 3.907419776916503906e+02 4.440241432189941406e+02 3.921112203598022461e+02 2.000000000000000000e+00
3.352359771728515625e+01 3.204168462753295898e+02 3.563943862915039062e+01 3.204254794120788574e+02 3.980800628662109375e+01 3.216580224037170410e+02 2.000000000000000000e+00
2.672412872314453125e+01 4.176622152328491211e+02 2.889890670776367188e+01 4.176075267791748047e+02 3.298700332641601562e+01 4.192083549499511719e+02 2.000000000000000000e+00
4.242967510223388672e+02 3.913586854934692383e+02 4.261710834503173828e+02 3.916578769683837891e+02 4.301719379425048828e+02 3.931865358352661133e+02 2.000000000000000000e+00
1.356050491333007812e+01 2.890331447124481201e+02 1.574199676513671875e+01 2.890822792053222656e+02 1.980606079101562500e+01 2.903450953960418701e+02 2.000000000000000000e+00
4.960111618041992188e+01 2.527686470746994019e+02 5.172811508178710938e+01 2.528285372257232666e+02 5.602241516113281250e+01 2.541685035824775696e+02 2.000000000000000000e+00
2.965412139892578125e+01 2.385536345466971397e+02 3.181692123413085938e+01 2.386078795418143272e+02 3.611873626708984375e+01 2.400006408691842807e+02 2.000000000000000000e+00
4.799516677856445312e+01 2.883599567413330078e+02 5.013835906982421875e+01 2.884285318851470947e+02 5.443038940429687500e+01 2.897345924377441406e+02 2.000000000000000000e+00
3.434296870231628418e+02 3.844986963272094727e+02 3.453128361701965332e+02 3.847560167312622070e+02 3.492669081687927246e+02 3.863096666336059570e+02 2.000000000000000000e+00
3.818473196029663086e+02 4.077852630615234375e+02 3.837247610092163086e+02 4.080456876754760742e+02 3.876961994171142578e+02 4.095640897750854492e+02 2.000000000000000000e+00
3.304716193675994873e+02 3.575279617309570312e+02 3.324663090705871582e+02 3.577657556533813477e+02 3.362968146800994873e+02 3.593205928802490234e+02 2.000000000000000000e+00
2.960945129394531250e+01 3.082077026367187500e+02 3.179296493530273438e+01 3.082125878334045410e+02 3.597515106201171875e+01 3.093858361244201660e+02 2.000000000000000000e+00
3.115060728788375854e+02 3.906455469131469727e+02 3.135025328397750854e+02 3.908644437789916992e+02 3.174097898602485657e+02 3.924756002426147461e+02 2.000000000000000000e+00
4.342254352569580078e+02 3.653051805496215820e+02 4.361531066894531250e+02 3.656005382537841797e+02 4.403003883361816406e+02 3.672274875640869141e+02 2.000000000000000000e+00
4.415808391571044922e+02 4.327847957611083984e+02 4.434522438049316406e+02 4.330969905853271484e+02 4.473724079132080078e+02 4.346142625808715820e+02 2.000000000000000000e+00
4.105219745635986328e+02 4.259451341629028320e+02 4.125637531280517578e+02 4.262330389022827148e+02 4.164022541046142578e+02 4.279245042800903320e+02 2.000000000000000000e+00
1.420541763305664062e+01 3.098283720016479492e+02 1.630865097045898438e+01 3.098603582382202148e+02 2.046941757202148438e+01 3.109212398529052734e+02 2.000000000000000000e+00
2.655478525161743164e+02 3.625269842147827148e+02 2.674159526824951172e+02 3.627077436447143555e+02 2.714252328872680664e+02 3.642252588272094727e+02 2.000000000000000000e+00
3.299652099609375000e+01 2.496810615062713623e+02 3.518362045288085938e+01 2.497057655453681946e+02 3.941789627075195312e+01 2.510685127973556519e+02 2.000000000000000000e+00
4.464408874511718750e+02 4.114400768280029297e+02 4.483226680755615234e+02 4.117393541336059570e+02 4.522629070281982422e+02 4.133238887786865234e+02 2.000000000000000000e+00
2.564019441604614258e+02 3.694805431365966797e+02 2.583076143264770508e+02 3.696669960021972656e+02 2.622915935516357422e+02 3.711570453643798828e+02 2.000000000000000000e+00
4.001758575439453125e+01 4.117777490615844727e+02 4.206722259521484375e+01 4.117278528213500977e+02 4.621685028076171875e+01 4.131984901428222656e+02 2.000000000000000000e+00
3.802493286132812500e+02 3.815839576721191406e+02 3.820959186553955078e+02 3.818130826950073242e+02 3.860016775131225586e+02 3.833685922622680664e+02 2.000000000000000000e+00
4.403406143188476562e+01 3.135307645797729492e+02 4.617721557617187500e+01 3.135214591026306152e+02 5.036321640014648438e+01 3.148559331893920898e+02 2.000000000000000000e+00
2.606458711624145508e+02 3.861772584915161133e+02 2.626748657226562500e+02 3.863372898101806641e+02 2.666013765335083008e+02 3.877217245101928711e+02 2.000000000000000000e+00
3.821230792999267578e+02 4.207761955261230469e+02 3.839269399642944336e+02 4.209819459915161133e+02 3.877157592773437500e+02 4.225182867050170898e+02 2.000000000000000000e+00
4.167200374603271484e+02 4.251009893417358398e+02 4.186681270599365234e+02 4.253575515747070312e+02 4.225628376007080078e+02 4.269145345687866211e+02 2.000000000000000000e+00
3.115205764770507812e+01 2.936503028869628906e+02 3.341432571411132812e+01 2.936920201778411865e+02 3.755411148071289062e+01 2.949469006061553955e+02 2.000000000000000000e+00
4.442073726654052734e+02 3.695417833328247070e+02 4.462092876434326172e+02 3.697160768508911133e+02 4.501893901824951172e+02 3.713715648651123047e+02 2.000000000000000000e+00
3.358887946605682373e+02 3.695883178710937500e+02 3.378353881835937500e+02 3.698180007934570312e+02 3.417442941665649414e+02 3.714400434494018555e+02 2.000000000000000000e+00
2.085687637329101562e+01 4.096483182907104492e+02 2.303018569946289062e+01 4.095913124084472656e+02 2.714200973510742188e+01 4.110427093505859375e+02 2.000000000000000000e+00
2.722921133041381836e+02 3.847782325744628906e+02 2.743306255340576172e+02 3.849676895141601562e+02 2.781259441375732422e+02 3.864457511901855469e+02 2.000000000000000000e+00
2.595227050781250000e+02 3.450083041191101074e+02 2.614988088607788086e+02 3.450473713874816895e+02 2.654402446746826172e+02 3.464614605903625488e+02 2.000000000000000000e+00
3.583615732192993164e+02 3.890236616134643555e+02 3.603519916534423828e+02 3.892465353012084961e+02 3.641076040267944336e+02 3.907842779159545898e+02 2.000000000000000000e+00
4.174026489257812500e+02 3.659543466567993164e+02 4.193312740325927734e+02 3.662511348724365234e+02 4.233336544036865234e+02 3.678190040588378906e+02 2.000000000000000000e+00
3.240333557128906250e+01 2.836197531223297119e+02 3.461975097656250000e+01 2.836586022377014160e+02 3.882560729980468750e+01 2.849096381664276123e+02 2.000000000000000000e+00
2.142632389068603516e+02 3.321584200859069824e+02 2.163184165954589844e+02 3.322777748107910156e+02 2.203083038330078125e+02 3.337750911712646484e+02 2.000000000000000000e+00
2.916393733024597168e+02 3.945735311508178711e+02 2.935652160644531250e+02 3.946724081039428711e+02 2.973715209960937500e+02 3.962514066696166992e+02 2.000000000000000000e+00
2.654265451431274414e+02 3.725716924667358398e+02 2.673373079299926758e+02 3.727386188507080078e+02 2.712922048568725586e+02 3.742134475708007812e+02 2.000000000000000000e+00
4.293016719818115234e+02 4.080161762237548828e+02 4.312719440460205078e+02 4.082800340652465820e+02 4.352589416503906250e+02 4.098840665817260742e+02 2.000000000000000000e+00
4.244586849212646484e+02 4.213961648941040039e+02 4.263577556610107422e+02 4.216869878768920898e+02 4.303771686553955078e+02 4.232931947708129883e+02 2.000000000000000000e+00
9.732189178466796875e+00 3.860104179382324219e+02 1.182334899902343750e+01 3.860086727142333984e+02 1.605276107788085938e+01 3.872070407867431641e+02 2.000000000000000000e+00
3.333590400218963623e+02 3.912602376937866211e+02 3.352554321289062500e+02 3.915396738052368164e+02 3.391445624828338623e+02 3.929774522781372070e+02 2.000000000000000000e+00
4.321664714813232422e+02 3.819267082214355469e+02 4.342068767547607422e+02 3.822833347320556641e+02 4.381008052825927734e+02 3.837951421737670898e+02 2.000000000000000000e+00
4.345197200775146484e+02 3.720770072937011719e+02 4.364275836944580078e+02 3.724062252044677734e+02 4.404388141632080078e+02 3.740557622909545898e+02 2.000000000000000000e+00
4.236361408233642578e+02 3.650268316268920898e+02 4.255081176757812500e+02 3.653437614440917969e+02 4.295614051818847656e+02 3.669147348403930664e+02 2.000000000000000000e+00
1.993106842041015625e+01 2.831943368911743164e+02 2.219560623168945312e+01 2.832402062416076660e+02 2.619335174560546875e+01 2.844799840450286865e+02 2.000000000000000000e+00
2.826956176757812500e+02 4.050254631042480469e+02 2.844694828987121582e+02 4.051876544952392578e+02 2.885682678222656250e+02 4.067383146286010742e+02 2.000000000000000000e+00
3.268333131074905396e+02 3.702639198303222656e+02 3.287920230627059937e+02 3.704747343063354492e+02 3.326710820198059082e+02 3.718973493576049805e+02 2.000000000000000000e+00
3.341825485229492188e+01 3.264820003509521484e+02 3.552707672119140625e+01 3.264610934257507324e+02 3.969442367553710938e+01 3.277970623970031738e+02 2.000000000000000000e+00
4.181724262237548828e+02 3.522785997390747070e+02 4.201327514648437500e+02 3.525505399703979492e+02 4.240931701660156250e+02 3.541455745697021484e+02 2.000000000000000000e+00
2.593425273895263672e+02 3.509755897521972656e+02 2.612628459930419922e+02 3.510722994804382324e+02 2.652429819107055664e+02 3.524947857856750488e+02 2.000000000000000000e+00
3.353805243968963623e+02 3.833856868743896484e+02 3.372950446605682373e+02 3.836578130722045898e+02 3.411841130256652832e+02 3.851146602630615234e+02 2.000000000000000000e+00
4.231294250488281250e+02 3.717287921905517578e+02 4.249731445312500000e+02 3.720120048522949219e+02 4.289607524871826172e+02 3.735877990722656250e+02 2.000000000000000000e+00
3.233906555175781250e+02 3.830483436584472656e+02 3.253510135412216187e+02 3.833045053482055664e+02 3.292080080509185791e+02 3.847064638137817383e+02 2.000000000000000000e+00
3.556187438964843750e+02 4.114993715286254883e+02 3.574634099006652832e+02 4.117311143875122070e+02 3.614109802246093750e+02 4.132743644714355469e+02 2.000000000000000000e+00
3.140059506893157959e+02 3.741885423660278320e+02 3.158576354384422302e+02 3.743498325347900391e+02 3.197870178148150444e+02 3.757903146743774414e+02 2.000000000000000000e+00
3.742235136032104492e+02 3.579760479927062988e+02 3.762071228027343750e+02 3.582322454452514648e+02 3.800974130630493164e+02 3.596046781539916992e+02 2.000000000000000000e+00
4.165718078613281250e+01 3.195560646057128906e+02 4.379375457763671875e+01 3.195475816726684570e+02 4.798782348632812500e+01 3.208690237998962402e+02 2.000000000000000000e+00
3.146017074584960938e+01 2.705407118797302246e+02 3.356557846069335938e+01 2.705692148208618164e+02 3.776229858398437500e+01 2.717591571807861328e+02 2.000000000000000000e+00
4.217661190032958984e+02 3.815653181076049805e+02 4.236586952209472656e+02 3.818017387390136719e+02 4.276219177246093750e+02 3.833840703964233398e+02 2.000000000000000000e+00
3.227156981825828552e+02 4.277286529541015625e+02 3.245912781357765198e+02 4.279087686538696289e+02 3.282704776525497437e+02 4.294581985473632812e+02 2.000000000000000000e+00
2.940126419067382812e+01 3.905445957183837891e+02 3.152721405029296875e+01 3.905235099792480469e+02 3.567531585693359375e+01 3.916849994659423828e+02 2.000000000000000000e+00
4.115017700195312500e+02 3.882627296447753906e+02 4.134241676330566406e+02 3.884415721893310547e+02 4.173982524871826172e+02 3.899822473526000977e+02 2.000000000000000000e+00
2.705175447463989258e+02 3.666475009918212891e+02 2.723975515365600586e+02 3.668713474273681641e+02 2.763778352737426758e+02 3.683097839355468750e+02 2.000000000000000000e+00
3.002793884277343750e+02 3.728305149078369141e+02 3.021871030330657959e+02 3.730593967437744141e+02 3.059938347339630127e+02 3.744673204421997070e+02 2.000000000000000000e+00
3.576211857795715332e+02 4.288982963562011719e+02 3.595406794548034668e+02 4.291838121414184570e+02 3.633291339874267578e+02 4.306247949600219727e+02 2.000000000000000000e+00
4.316423416137695312e+01 2.637125873565673828e+02 4.531814575195312500e+01 2.637495732307434082e+02 4.952302932739257812e+01 2.651039743423461914e+02 2.000000000000000000e+00
4.543135738372802734e+02 1.107538032531738281e+02 4.564856243133544922e+02 1.109707546234130859e+02 4.607997131347656250e+02 1.125438308715820312e+02 2.000000000000000000e+00
4.850337982177734375e+01 2.824330759048461914e+02 5.062288284301757812e+01 2.824956679344177246e+02 5.487279891967773438e+01 2.837951695919036865e+02 2.000000000000000000e+00
2.506437540054321289e+02 3.831047487258911133e+02 2.526896953582763672e+02 3.832890129089355469e+02 2.565566396713256836e+02 3.846697139739990234e+02 2.000000000000000000e+00
3.188644409179687500e+02 3.782453727722167969e+02 3.208070679008960724e+02 3.784784889221191406e+02 3.246493837237358093e+02 3.798653984069824219e+02 2.000000000000000000e+00
3.658924245834350586e+02 4.007025289535522461e+02 3.677861356735229492e+02 4.010154819488525391e+02 3.715716552734375000e+02 4.025880575180053711e+02 2.000000000000000000e+00
2.888828420639038086e+02 3.801269245147705078e+02 2.907887864112854004e+02 3.803046941757202148e+02 2.944988393783569336e+02 3.817694520950317383e+02 2.000000000000000000e+00
2.802815246582031250e+02 3.780163621902465820e+02 2.823191523551940918e+02 3.782232141494750977e+02 2.861043691635131836e+02 3.796326112747192383e+02 2.000000000000000000e+00
2.660674428939819336e+02 3.855675745010375977e+02 2.680546569824218750e+02 3.857278203964233398e+02 2.719371032714843750e+02 3.871772575378417969e+02 2.000000000000000000e+00
4.282524108886718750e+01 2.932362091541290283e+02 4.497562408447265625e+01 2.933091473579406738e+02 4.928127288818359375e+01 2.946918046474456787e+02 2.000000000000000000e+00
3.298798829317092896e+02 3.494610071182250977e+02 3.318417966365814209e+02 3.496943449974060059e+02 3.357035219669342041e+02 3.512407279014587402e+02 2.000000000000000000e+00
2.756387615203857422e+02 4.027084779739379883e+02 2.774586153030395508e+02 4.028673505783081055e+02 2.815721726417541504e+02 4.044540739059448242e+02 2.000000000000000000e+00
1.815933227539062500e+01 2.659375923871994019e+02 2.027532577514648438e+01 2.659863603115081787e+02 2.449991226196289062e+01 2.672953498363494873e+02 2.000000000000000000e+00
3.831592702865600586e+02 3.582655978202819824e+02 3.850444364547729492e+02 3.584654617309570312e+02 3.889885854721069336e+02 3.598833990097045898e+02 2.000000000000000000e+00
4.092386531829833984e+02 3.940330266952514648e+02 4.111721229553222656e+02 3.942644405364990234e+02 4.151462078094482422e+02 3.958419513702392578e+02 2.000000000000000000e+00
3.458618164062500000e+02 4.140222501754760742e+02 3.477132272720336914e+02 4.142779397964477539e+02 3.517015075683593750e+02 4.156819009780883789e+02 2.000000000000000000e+00
3.444823622703552246e+02 4.226638841629028320e+02 3.463962721824645996e+02 4.228728389739990234e+02 3.502530217170715332e+02 4.243928861618041992e+02 2.000000000000000000e+00
4.324506759643554688e+01 3.345992803573608398e+02 4.528299331665039062e+01 3.345991587638854980e+02 4.967973709106445312e+01 3.358992075920104980e+02 2.000000000000000000e+00
3.588441467285156250e+02 4.045574426651000977e+02 3.606583881378173828e+02 4.048303270339965820e+02 3.645620727539062500e+02 4.064517259597778320e+02 2.000000000000000000e+00
4.470981597900390625e+01 3.009959149360656738e+02 4.683050155639648438e+01 3.010831975936889648e+02 5.113405227661132812e+01 3.024801349639892578e+02 2.000000000000000000e+00
2.810868835449218750e+02 3.840423059463500977e+02 2.830951833724975586e+02 3.842484140396118164e+02 2.868545842170715332e+02 3.856529331207275391e+02 2.000000000000000000e+00
2.656692790985107422e+02 4.059986400604248047e+02 2.675180959701538086e+02 4.062005996704101562e+02 2.714293527603149414e+02 4.077608442306518555e+02 2.000000000000000000e+00
3.995478534698486328e+02 1.248507857322692871e+02 4.021465778350830078e+02 1.250153589248657227e+02 4.060081195831298828e+02 1.264689016342163086e+02 2.000000000000000000e+00
2.579322481155395508e+02 3.565859127044677734e+02 2.598074626922607422e+02 3.567406082153320312e+02 2.637883901596069336e+02 3.582509493827819824e+02 2.000000000000000000e+00
2.624341440200805664e+02 3.784297800064086914e+02 2.644072580337524414e+02 3.785919857025146484e+02 2.683665466308593750e+02 3.800308942794799805e+02 2.000000000000000000e+00
3.663224792480468750e+02 3.929543781280517578e+02 3.682196664810180664e+02 3.932800054550170898e+02 3.720213031768798828e+02 3.947066688537597656e+02 2.000000000000000000e+00
4.115245819091796875e+01 3.856165266036987305e+02 4.320428848266601562e+01 3.855938529968261719e+02 4.734609603881835938e+01 3.867568731307983398e+02 2.000000000000000000e+00
2.260155296325683594e+02 3.394924092292785645e+02 2.278442859649658203e+02 3.396335792541503906e+02 2.318987274169921875e+02 3.411260747909545898e+02 2.000000000000000000e+00
3.203143921121954918e+02 3.405236577987670898e+02 3.223639832437038422e+02 3.408235859870910645e+02 3.262244874238967896e+02 3.422840595245361328e+02 2.000000000000000000e+00
2.506251382827758789e+02 3.614841985702514648e+02 2.525382852554321289e+02 3.616245746612548828e+02 2.564664888381958008e+02 3.631542491912841797e+02 2.000000000000000000e+00
3.018466186523437500e+02 3.641415739059448242e+02 3.037516784667968750e+02 3.643016052246093750e+02 3.076035153865814209e+02 3.657693243026733398e+02 2.000000000000000000e+00
3.314495241641998291e+02 4.266845226287841797e+02 3.332996833324432373e+02 4.268896579742431641e+02 3.371531987190246582e+02 4.284476423263549805e+02 2.000000000000000000e+00
3.722519254684448242e+02 3.656308937072753906e+02 3.741925382614135742e+02 3.658353281021118164e+02 3.780900287628173828e+02 3.673029184341430664e+02 2.000000000000000000e+00
2.002171134948730469e+02 3.483939886093139648e+02 2.023213005065917969e+02 3.484117484092712402e+02 2.064132785797119141e+02 3.495936942100524902e+02 2.000000000000000000e+00
3.337942123413085938e+01 3.410543274879455566e+02 3.552095413208007812e+01 3.409704351425170898e+02 3.965305328369140625e+01 3.423645401000976562e+02 2.000000000000000000e+00
4.994983673095703125e+01 2.763940143585205078e+02 5.209020614624023438e+01 2.764544999599456787e+02 5.631069183349609375e+01 2.777897965908050537e+02 2.000000000000000000e+00
3.325665891170501709e+02 4.043552970886230469e+02 3.344837343692779541e+02 4.046427726745605469e+02 3.382825624942779541e+02 4.060572338104248047e+02 2.000000000000000000e+00
3.608948993682861328e+02 4.212028884887695312e+02 3.627756643295288086e+02 4.214257907867431641e+02 3.667624521255493164e+02 4.228007268905639648e+02 2.000000000000000000e+00
2.431739044189453125e+02 3.948392772674560547e+02 2.451761293411254883e+02 3.950773429870605469e+02 2.490784597396850586e+02 3.964692163467407227e+02 2.000000000000000000e+00
3.706151151657104492e+02 4.056612682342529297e+02 3.725396728515625000e+02 4.059354400634765625e+02 3.764335346221923828e+02 4.075497579574584961e+02 2.000000000000000000e+00
2.900494384765625000e+02 3.995256757736206055e+02 2.920100402832031250e+02 3.997190380096435547e+02 2.958246159553527832e+02 4.011758565902709961e+02 2.000000000000000000e+00
2.668325805664062500e+02 3.353716206550598145e+02 2.687723398208618164e+02 3.354765987396240234e+02 2.727657175064086914e+02 3.368947219848632812e+02 2.000000000000000000e+00
3.517467665672302246e+02 4.267608976364135742e+02 3.536925053596496582e+02 4.270064449310302734e+02 3.575027465820312500e+02 4.284922027587890625e+02 2.000000000000000000e+00
3.917236661911010742e+02 3.552072215080261230e+02 3.936941528320312500e+02 3.554603004455566406e+02 3.976084280014038086e+02 3.568848967552185059e+02 2.000000000000000000e+00
2.046099090576171875e+02 3.279419302940368652e+02 2.066275882720947266e+02 3.281832289695739746e+02 2.106758213043212891e+02 3.296823477745056152e+02 2.000000000000000000e+00
3.783893156051635742e+02 4.004842042922973633e+02 3.803227853775024414e+02 4.007674598693847656e+02 3.841544818878173828e+02 4.023360443115234375e+02 2.000000000000000000e+00
7.083671569824218750e+01 2.585269474983215332e+02 7.288805007934570312e+01 2.585792863368988037e+02 7.715393066406250000e+01 2.599203801155090332e+02 2.000000000000000000e+00
4.313186359405517578e+02 4.149317121505737305e+02 4.332109069824218750e+02 4.152056694030761719e+02 4.371142578125000000e+02 4.167223978042602539e+02 2.000000000000000000e+00
3.467496943473815918e+02 4.003078651428222656e+02 3.485666203498840332e+02 4.006076431274414062e+02 3.526025700569152832e+02 4.020470380783081055e+02 2.000000000000000000e+00
9.294317245483398438e+01 2.746203947067260742e+02 9.505180358886718750e+01 2.746875035762786865e+02 9.923284530639648438e+01 2.761285722255706787e+02 2.000000000000000000e+00
2.443984365463256836e+02 3.582723140716552734e+02 2.463939189910888672e+02 3.584430027008056641e+02 2.501757478713989258e+02 3.598871541023254395e+02 2.000000000000000000e+00
4.358332538604736328e+02 3.975950145721435547e+02 4.377444744110107422e+02 3.979455614089965820e+02 4.418228435516357422e+02 3.993909072875976562e+02 2.000000000000000000e+00
3.262113952636718750e+02 3.889566993713378906e+02 3.282395935058593750e+02 3.892992925643920898e+02 3.320855414867401123e+02 3.907204055786132812e+02 2.000000000000000000e+00
3.144590377807617188e+01 3.825179243087768555e+02 3.361911773681640625e+01 3.825020170211791992e+02 3.772163391113281250e+01 3.836682558059692383e+02 2.000000000000000000e+00
