3.472731637954711914e+02 3.225078749656677246e+02 3.476589059829711914e+02 3.216994643211364746e+02 3.495893263816833496e+02 3.218723773956298828e+02 1.000000000000000000e+00
4.209366130828857422e+02 3.268837952613830566e+02 4.213195228576660156e+02 3.261036729812622070e+02 4.233826351165771484e+02 3.264192867279052734e+02 1.000000000000000000e+00
4.506862163543701172e+02 2.965874648094177246e+02 4.510545349121093750e+02 2.957304096221923828e+02 4.531073284149169922e+02 2.960167264938354492e+02 1.000000000000000000e+00
3.377615356445312500e+02 2.996417570114135742e+02 3.382304084300994873e+02 2.988323700428009033e+02 3.402518916130065918e+02 2.989920365810394287e+02 1.000000000000000000e+00
4.251168251037597656e+02 3.045847177505493164e+02 4.254796123504638672e+02 3.039240789413452148e+02 4.274999141693115234e+02 3.041312599182128906e+02 1.000000000000000000e+00
4.446748638153076172e+02 3.016910433769226074e+02 4.450366878509521484e+02 3.009980177879333496e+02 4.470572185516357422e+02 3.011897635459899902e+02 1.000000000000000000e+00
4.265483379364013672e+02 2.962047457695007324e+02 4.269060993194580078e+02 2.955072677135467529e+02 4.288894367218017578e+02 2.956837785243988037e+02 1.000000000000000000e+00
4.188488483428955078e+02 2.979679906368255615e+02 4.192566585540771484e+02 2.973230302333831787e+02 4.212506389617919922e+02 2.975462365150451660e+02 1.000000000000000000e+00
4.366113281250000000e+02 3.043255662918090820e+02 4.369535255432128906e+02 3.035786747932434082e+02 4.389898967742919922e+02 3.037616944313049316e+02 1.000000000000000000e+00
3.869431781768798828e+02 2.993048751354217529e+02 3.874414062500000000e+02 2.984270346164703369e+02 3.895188617706298828e+02 2.986874127388000488e+02 1.000000000000000000e+00
3.549561476707458496e+02 3.191277837753295898e+02 3.553825378417968750e+02 3.182864427566528320e+02 3.573411870002746582e+02 3.184715652465820312e+02 1.000000000000000000e+00
4.267059993743896484e+02 3.274352788925170898e+02 4.270952796936035156e+02 3.266168546676635742e+02 4.291581439971923828e+02 3.269347286224365234e+02 1.000000000000000000e+00
4.347374629974365234e+02 3.301119732856750488e+02 4.350836181640625000e+02 3.292637658119201660e+02 4.371671199798583984e+02 3.295466995239257812e+02 1.000000000000000000e+00
3.219236449897289276e+02 2.733439636230468750e+02 3.223305968940258026e+02 2.724350917339324951e+02 3.244111633300781250e+02 2.726524972915649414e+02 1.000000000000000000e+00
4.375912189483642578e+02 2.986161839962005615e+02 4.379369831085205078e+02 2.978898954391479492e+02 4.399882793426513672e+02 2.981091642379760742e+02 1.000000000000000000e+00
4.312493038177490234e+02 3.075285387039184570e+02 4.315768146514892578e+02 3.068531227111816406e+02 4.336177730560302734e+02 3.070377516746520996e+02 1.000000000000000000e+00
4.201066017150878906e+02 2.904607272148132324e+02 4.204547405242919922e+02 2.897879040241241455e+02 4.224482154846191406e+02 2.900282621383666992e+02 1.000000000000000000e+00
4.110904884338378906e+02 3.348975563049316406e+02 4.114325904846191406e+02 3.340764498710632324e+02 4.134296894073486328e+02 3.343925213813781738e+02 1.000000000000000000e+00
3.572021794319152832e+02 2.985887181758880615e+02 3.578583979606628418e+02 2.977111852169036865e+02 3.596177363395690918e+02 2.979577374458312988e+02 1.000000000000000000e+00
3.422644352912902832e+02 3.128878498077392578e+02 3.425734567642211914e+02 3.118959403038024902e+02 3.445751643180847168e+02 3.121356511116027832e+02 1.000000000000000000e+00
4.444637203216552734e+02 3.177665162086486816e+02 4.448596191406250000e+02 3.169233155250549316e+02 4.469149208068847656e+02 3.171278142929077148e+02 1.000000000000000000e+00
4.428277587890625000e+02 3.133726215362548828e+02 4.431932735443115234e+02 3.126449346542358398e+02 4.452743244171142578e+02 3.128035283088684082e+02 1.000000000000000000e+00
3.508712172508239746e+02 2.981524372100830078e+02 3.515287780761718750e+02 2.972814667224884033e+02 3.534403991699218750e+02 2.974661278724670410e+02 1.000000000000000000e+00
3.499058842658996582e+02 3.060874986648559570e+02 3.504202580451965332e+02 3.054075050354003906e+02 3.523729872703552246e+02 3.055723285675048828e+02 1.000000000000000000e+00
3.405742192268371582e+02 3.160072946548461914e+02 3.409001469612121582e+02 3.150545382499694824e+02 3.428913283348083496e+02 3.152912020683288574e+02 1.000000000000000000e+00
4.394569110870361328e+02 3.224653387069702148e+02 4.398509883880615234e+02 3.216300988197326660e+02 4.418813800811767578e+02 3.219288396835327148e+02 1.000000000000000000e+00
4.353114318847656250e+02 2.959689044952392578e+02 4.356346797943115234e+02 2.952368795871734619e+02 4.376860713958740234e+02 2.954579508304595947e+02 1.000000000000000000e+00
4.327027034759521484e+02 2.973856830596923828e+02 4.330443096160888672e+02 2.966331803798675537e+02 4.350081157684326172e+02 2.968253195285797119e+02 1.000000000000000000e+00
4.386424541473388672e+02 3.196575665473937988e+02 4.390806579589843750e+02 3.187896180152893066e+02 4.410487651824951172e+02 3.191955900192260742e+02 1.000000000000000000e+00
3.829095172882080078e+02 2.996688258647918701e+02 3.834516906738281250e+02 2.988099396228790283e+02 3.855039358139038086e+02 2.991074538230895996e+02 1.000000000000000000e+00
3.478212594985961914e+02 2.958041417598724365e+02 3.482912898063659668e+02 2.949513566493988037e+02 3.503601074218750000e+02 2.951884174346923828e+02 1.000000000000000000e+00
4.382343196868896484e+02 3.838299322128295898e+02 4.386160278320312500e+02 3.830726051330566406e+02 4.408222389221191406e+02 3.832913875579833984e+02 2.000000000000000000e+00
2.993698120117187500e+02 3.864008188247680664e+02 2.997120046615600586e+02 3.855243301391601562e+02 3.016578066349029541e+02 3.856602573394775391e+02 2.000000000000000000e+00
4.428861999511718750e+02 4.180275964736938477e+02 4.432639789581298828e+02 4.172544908523559570e+02 4.451457214355468750e+02 4.175031280517578125e+02 2.000000000000000000e+00
4.421936988830566406e+02 4.063828468322753906e+02 4.428333187103271484e+02 4.054856586456298828e+02 4.448625183105468750e+02 4.058698797225952148e+02 2.000000000000000000e+00
4.346670246124267578e+02 4.313958263397216797e+02 4.350448608398437500e+02 4.306018781661987305e+02 4.368233013153076172e+02 4.308752775192260742e+02 2.000000000000000000e+00
4.199605464935302734e+02 4.338977193832397461e+02 4.203167724609375000e+02 4.330960464477539062e+02 4.222594928741455078e+02 4.333516645431518555e+02 2.000000000000000000e+00
4.259509563446044922e+02 4.348940849304199219e+02 4.262705135345458984e+02 4.341121673583984375e+02 4.281801509857177734e+02 4.343983840942382812e+02 2.000000000000000000e+00
4.187101745605468750e+02 3.961087417602539062e+02 4.190692806243896484e+02 3.953285551071166992e+02 4.209454345703125000e+02 3.955854034423828125e+02 2.000000000000000000e+00
7.391147613525390625e+00 4.023569154739379883e+02 7.773838043212890625e+00 4.013896608352661133e+02 9.851474761962890625e+00 4.013453722000122070e+02 2.000000000000000000e+00
4.156481075286865234e+02 3.590245699882507324e+02 4.159822750091552734e+02 3.582327961921691895e+02 4.179212951660156250e+02 3.584885931015014648e+02 2.000000000000000000e+00
3.420312809944152832e+02 3.923943614959716797e+02 3.423244643211364746e+02 3.914300251007080078e+02 3.442098402976989746e+02 3.916918373107910156e+02 2.000000000000000000e+00
3.053191530704498291e+02 3.924005556106567383e+02 3.056460261344909668e+02 3.915668106079101562e+02 3.076124262809753418e+02 3.917410039901733398e+02 2.000000000000000000e+00
4.154167461395263672e+02 3.814712619781494141e+02 4.157946777343750000e+02 3.805540180206298828e+02 4.176935100555419922e+02 3.807502269744873047e+02 2.000000000000000000e+00
4.359310054779052734e+02 4.226307106018066406e+02 4.362200641632080078e+02 4.218937540054321289e+02 4.380471515655517578e+02 4.221906280517578125e+02 2.000000000000000000e+00
4.430485248565673828e+02 3.634789466857910156e+02 4.434259700775146484e+02 3.625859785079956055e+02 4.454177856445312500e+02 3.628965854644775391e+02 2.000000000000000000e+00
4.307961463928222656e+02 3.926287651062011719e+02 4.311051654815673828e+02 3.918632268905639648e+02 4.329846858978271484e+02 3.922762870788574219e+02 2.000000000000000000e+00
3.128713071346282959e+02 3.997712516784667969e+02 3.131937867403030396e+02 3.989295101165771484e+02 3.151747131347656250e+02 3.992237377166748047e+02 2.000000000000000000e+00
9.286727905273437500e+00 4.163935375213623047e+02 9.674129486083984375e+00 4.153738260269165039e+02 1.183536529541015625e+01 4.153180932998657227e+02 2.000000000000000000e+00
4.372288799285888672e+02 4.002925872802734375e+02 4.379339599609375000e+02 3.993999481201171875e+02 4.400011634826660156e+02 3.997676181793212891e+02 2.000000000000000000e+00
4.171167278289794922e+02 3.882185983657836914e+02 4.175094032287597656e+02 3.873332548141479492e+02 4.194203186035156250e+02 3.875527381896972656e+02 2.000000000000000000e+00
4.323465347290039062e+01 3.275226187705993652e+02 4.357271194458007812e+01 3.265264034271240234e+02 4.569841384887695312e+01 3.265182566642761230e+02 2.000000000000000000e+00
3.694589567184448242e+02 3.810953092575073242e+02 3.698547697067260742e+02 3.802739667892456055e+02 3.716764211654663086e+02 3.805147218704223633e+02 2.000000000000000000e+00
4.156273841857910156e+02 3.736263513565063477e+02 4.160712623596191406e+02 3.726858329772949219e+02 4.179562091827392578e+02 3.728800964355468750e+02 2.000000000000000000e+00
3.916680288314819336e+02 4.093621301651000977e+02 3.920059537887573242e+02 4.084946966171264648e+02 3.939184284210205078e+02 4.087703990936279297e+02 2.000000000000000000e+00
4.370080852508544922e+02 3.913824605941772461e+02 4.375949096679687500e+02 3.905099630355834961e+02 4.398002910614013672e+02 3.907419776916503906e+02 2.000000000000000000e+00
3.307758331298828125e+01 3.214545607566833496e+02 3.352359771728515625e+01 3.204168462753295898e+02 3.563943862915039062e+01 3.204254794120788574e+02 2.000000000000000000e+00
2.622106552124023438e+01 4.186746025085449219e+02 2.672412872314453125e+01 4.176622152328491211e+02 2.889890670776367188e+01 4.176075267791748047e+02 2.000000000000000000e+00
4.239501953125000000e+02 3.921180438995361328e+02 4.242967510223388672e+02 3.913586854934692383e+02 4.261710834503173828e+02 3.916578769683837891e+02 2.000000000000000000e+00
1.322397232055664062e+01 2.900325644016265869e+02 1.356050491333007812e+01 2.890331447124481201e+02 1.574199676513671875e+01 2.890822792053222656e+02 2.000000000000000000e+00
4.925096511840820312e+01 2.537123572826385498e+02 4.960111618041992188e+01 2.527686470746994019e+02 5.172811508178710938e+01 2.528285372257232666e+02 2.000000000000000000e+00
2.912414550781250000e+01 2.394845427945256233e+02 2.965412139892578125e+01 2.385536345466971397e+02 3.181692123413085938e+01 2.386078795418143272e+02 2.000000000000000000e+00
4.763992309570312500e+01 2.893722867965698242e+02 4.799516677856445312e+01 2.883599567413330078e+02 5.013835906982421875e+01 2.884285318851470947e+02 2.000000000000000000e+00
3.431500244140625000e+02 3.854508161544799805e+02 3.434296870231628418e+02 3.844986963272094727e+02 3.453128361701965332e+02 3.847560167312622070e+02 2.000000000000000000e+00
3.815793752670288086e+02 4.086134719848632812e+02 3.818473196029663086e+02 4.077852630615234375e+02 3.837247610092163086e+02 4.080456876754760742e+02 2.000000000000000000e+00
3.300964057445526123e+02 3.584429097175598145e+02 3.304716193675994873e+02 3.575279617309570312e+02 3.324663090705871582e+02 3.577657556533813477e+02 2.000000000000000000e+00
2.920228958129882812e+01 3.092733478546142578e+02 2.960945129394531250e+01 3.082077026367187500e+02 3.179296493530273438e+01 3.082125878334045410e+02 2.000000000000000000e+00
3.111991268396377563e+02 3.915347957611083984e+02 3.115060728788375854e+02 3.906455469131469727e+02 3.135025328397750854e+02 3.908644437789916992e+02 2.000000000000000000e+00
4.340066814422607422e+02 3.661839723587036133e+02 4.342254352569580078e+02 3.653051805496215820e+02 4.361531066894531250e+02 3.656005382537841797e+02 2.000000000000000000e+00
4.412288188934326172e+02 4.335967254638671875e+02 4.415808391571044922e+02 4.327847957611083984e+02 4.434522438049316406e+02 4.330969905853271484e+02 2.000000000000000000e+00
4.102313518524169922e+02 4.268374729156494141e+02 4.105219745635986328e+02 4.259451341629028320e+02 4.125637531280517578e+02 4.262330389022827148e+02 2.000000000000000000e+00
1.365905761718750000e+01 3.108409166336059570e+02 1.420541763305664062e+01 3.098283720016479492e+02 1.630865097045898438e+01 3.098603582382202148e+02 2.000000000000000000e+00
2.651925325393676758e+02 3.634003973007202148e+02 2.655478525161743164e+02 3.625269842147827148e+02 2.674159526824951172e+02 3.627077436447143555e+02 2.000000000000000000e+00
3.256277084350585938e+01 2.505794835090637207e+02 3.299652099609375000e+01 2.496810615062713623e+02 3.518362045288085938e+01 2.497057655453681946e+02 2.000000000000000000e+00
4.461360168457031250e+02 4.122903585433959961e+02 4.464408874511718750e+02 4.114400768280029297e+02 4.483226680755615234e+02 4.117393541336059570e+02 2.000000000000000000e+00
2.560721111297607422e+02 3.703603219985961914e+02 2.564019441604614258e+02 3.694805431365966797e+02 2.583076143264770508e+02 3.696669960021972656e+02 2.000000000000000000e+00
3.964389801025390625e+01 4.127484512329101562e+02 4.001758575439453125e+01 4.117777490615844727e+02 4.206722259521484375e+01 4.117278528213500977e+02 2.000000000000000000e+00
3.799133014678955078e+02 3.824068737030029297e+02 3.802493286132812500e+02 3.815839576721191406e+02 3.820959186553955078e+02 3.818130826950073242e+02 2.000000000000000000e+00
4.361518859863281250e+01 3.144220304489135742e+02 4.403406143188476562e+01 3.135307645797729492e+02 4.617721557617187500e+01 3.135214591026306152e+02 2.000000000000000000e+00
2.604221200942993164e+02 3.871776866912841797e+02 2.606458711624145508e+02 3.861772584915161133e+02 2.626748657226562500e+02 3.863372898101806641e+02 2.000000000000000000e+00
3.818204975128173828e+02 4.215288734436035156e+02 3.821230792999267578e+02 4.207761955261230469e+02 3.839269399642944336e+02 4.209819459915161133e+02 2.000000000000000000e+00
4.164362812042236328e+02 4.258935070037841797e+02 4.167200374603271484e+02 4.251009893417358398e+02 4.186681270599365234e+02 4.253575515747070312e+02 2.000000000000000000e+00
3.073442459106445312e+01 2.946200895309448242e+02 3.115205764770507812e+01 2.936503028869628906e+02 3.341432571411132812e+01 2.936920201778411865e+02 2.000000000000000000e+00
4.438289165496826172e+02 3.703745841979980469e+02 4.442073726654052734e+02 3.695417833328247070e+02 4.462092876434326172e+02 3.697160768508911133e+02 2.000000000000000000e+00
3.355612492561340332e+02 3.706315612792968750e+02 3.358887946605682373e+02 3.695883178710937500e+02 3.378353881835937500e+02 3.698180007934570312e+02 2.000000000000000000e+00
2.029195785522460938e+01 4.106571149826049805e+02 2.085687637329101562e+01 4.096483182907104492e+02 2.303018569946289062e+01 4.095913124084472656e+02 2.000000000000000000e+00
2.719376230239868164e+02 3.857751846313476562e+02 2.722921133041381836e+02 3.847782325744628906e+02 2.743306255340576172e+02 3.849676895141601562e+02 2.000000000000000000e+00
2.592000436782836914e+02 3.458938622474670410e+02 2.595227050781250000e+02 3.450083041191101074e+02 2.614988088607788086e+02 3.450473713874816895e+02 2.000000000000000000e+00
3.578489089012145996e+02 3.898396968841552734e+02 3.583615732192993164e+02 3.890236616134643555e+02 3.603519916534423828e+02 3.892465353012084961e+02 2.000000000000000000e+00
4.170255184173583984e+02 3.667583370208740234e+02 4.174026489257812500e+02 3.659543466567993164e+02 4.193312740325927734e+02 3.662511348724365234e+02 2.000000000000000000e+00
3.205240249633789062e+01 2.845645773410797119e+02 3.240333557128906250e+01 2.836197531223297119e+02 3.461975097656250000e+01 2.836586022377014160e+02 2.000000000000000000e+00
2.137909793853759766e+02 3.330315327644348145e+02 2.142632389068603516e+02 3.321584200859069824e+02 2.163184165954589844e+02 3.322777748107910156e+02 2.000000000000000000e+00
2.912491440773010254e+02 3.953367662429809570e+02 2.916393733024597168e+02 3.945735311508178711e+02 2.935652160644531250e+02 3.946724081039428711e+02 2.000000000000000000e+00
2.650845003128051758e+02 3.735074901580810547e+02 2.654265451431274414e+02 3.725716924667358398e+02 2.673373079299926758e+02 3.727386188507080078e+02 2.000000000000000000e+00
4.289149475097656250e+02 4.088295650482177734e+02 4.293016719818115234e+02 4.080161762237548828e+02 4.312719440460205078e+02 4.082800340652465820e+02 2.000000000000000000e+00
4.241704463958740234e+02 4.222591352462768555e+02 4.244586849212646484e+02 4.213961648941040039e+02 4.263577556610107422e+02 4.216869878768920898e+02 2.000000000000000000e+00
9.397964477539062500e+00 3.869260311126708984e+02 9.732189178466796875e+00 3.860104179382324219e+02 1.182334899902343750e+01 3.860086727142333984e+02 2.000000000000000000e+00
3.330318295955657959e+02 3.922084665298461914e+02 3.333590400218963623e+02 3.912602376937866211e+02 3.352554321289062500e+02 3.915396738052368164e+02 2.000000000000000000e+00
4.317696285247802734e+02 3.828018808364868164e+02 4.321664714813232422e+02 3.819267082214355469e+02 4.342068767547607422e+02 3.822833347320556641e+02 2.000000000000000000e+00
4.342299175262451172e+02 3.729804468154907227e+02 4.345197200775146484e+02 3.720770072937011719e+02 4.364275836944580078e+02 3.724062252044677734e+02 2.000000000000000000e+00
4.232903766632080078e+02 3.658395481109619141e+02 4.236361408233642578e+02 3.650268316268920898e+02 4.255081176757812500e+02 3.653437614440917969e+02 2.000000000000000000e+00
1.956708908081054688e+01 2.841825270652770996e+02 1.993106842041015625e+01 2.831943368911743164e+02 2.219560623168945312e+01 2.832402062416076660e+02 2.000000000000000000e+00
2.823948049545288086e+02 4.060334873199462891e+02 2.826956176757812500e+02 4.050254631042480469e+02 2.844694828987121582e+02 4.051876544952392578e+02 2.000000000000000000e+00
3.264816284179687500e+02 3.712039518356323242e+02 3.268333131074905396e+02 3.702639198303222656e+02 3.287920230627059937e+02 3.704747343063354492e+02 2.000000000000000000e+00
3.297912597656250000e+01 3.274540758132934570e+02 3.341825485229492188e+01 3.264820003509521484e+02 3.552707672119140625e+01 3.264610934257507324e+02 2.000000000000000000e+00
4.177909564971923828e+02 3.530938482284545898e+02 4.181724262237548828e+02 3.522785997390747070e+02 4.201327514648437500e+02 3.525505399703979492e+02 2.000000000000000000e+00
2.588867473602294922e+02 3.519033265113830566e+02 2.593425273895263672e+02 3.509755897521972656e+02 2.612628459930419922e+02 3.510722994804382324e+02 2.000000000000000000e+00
3.350531613826751709e+02 3.843309116363525391e+02 3.353805243968963623e+02 3.833856868743896484e+02 3.372950446605682373e+02 3.836578130722045898e+02 2.000000000000000000e+00
4.226101684570312500e+02 3.726706552505493164e+02 4.231294250488281250e+02 3.717287921905517578e+02 4.249731445312500000e+02 3.720120048522949219e+02 2.000000000000000000e+00
3.229690247774124146e+02 3.839053773880004883e+02 3.233906555175781250e+02 3.830483436584472656e+02 3.253510135412216187e+02 3.833045053482055664e+02 2.000000000000000000e+00
3.552340698242187500e+02 4.124363851547241211e+02 3.556187438964843750e+02 4.114993715286254883e+02 3.574634099006652832e+02 4.117311143875122070e+02 2.000000000000000000e+00
3.136410826444625854e+02 3.751233959197998047e+02 3.140059506893157959e+02 3.741885423660278320e+02 3.158576354384422302e+02 3.743498325347900391e+02 2.000000000000000000e+00
3.738700246810913086e+02 3.587735080718994141e+02 3.742235136032104492e+02 3.579760479927062988e+02 3.762071228027343750e+02 3.582322454452514648e+02 2.000000000000000000e+00
4.125322341918945312e+01 3.205051016807556152e+02 4.165718078613281250e+01 3.195560646057128906e+02 4.379375457763671875e+01 3.195475816726684570e+02 2.000000000000000000e+00
3.108642578125000000e+01 2.714486396312713623e+02 3.146017074584960938e+01 2.705407118797302246e+02 3.356557846069335938e+01 2.705692148208618164e+02 2.000000000000000000e+00
4.213597774505615234e+02 3.824804162979125977e+02 4.217661190032958984e+02 3.815653181076049805e+02 4.236586952209472656e+02 3.818017387390136719e+02 2.000000000000000000e+00
3.224808959662914276e+02 4.285890054702758789e+02 3.227156981825828552e+02 4.277286529541015625e+02 3.245912781357765198e+02 4.279087686538696289e+02 2.000000000000000000e+00
2.901151657104492188e+01 3.914297533035278320e+02 2.940126419067382812e+01 3.905445957183837891e+02 3.152721405029296875e+01 3.905235099792480469e+02 2.000000000000000000e+00
4.111095619201660156e+02 3.891559267044067383e+02 4.115017700195312500e+02 3.882627296447753906e+02 4.134241676330566406e+02 3.884415721893310547e+02 2.000000000000000000e+00
2.702068758010864258e+02 3.675678491592407227e+02 2.705175447463989258e+02 3.666475009918212891e+02 2.723975515365600586e+02 3.668713474273681641e+02 2.000000000000000000e+00
2.997885727882385254e+02 3.737062454223632812e+02 3.002793884277343750e+02 3.728305149078369141e+02 3.021871030330657959e+02 3.730593967437744141e+02 2.000000000000000000e+00
3.572546076774597168e+02 4.297730541229248047e+02 3.576211857795715332e+02 4.288982963562011719e+02 3.595406794548034668e+02 4.291838121414184570e+02 2.000000000000000000e+00
4.274383544921875000e+01 2.646825885772705078e+02 4.316423416137695312e+01 2.637125873565673828e+02 4.531814575195312500e+01 2.637495732307434082e+02 2.000000000000000000e+00
4.539558410644531250e+02 1.117072963714599609e+02 4.543135738372802734e+02 1.107538032531738281e+02 4.564856243133544922e+02 1.109707546234130859e+02 2.000000000000000000e+00
4.816127777099609375e+01 2.834357321262359619e+02 4.850337982177734375e+01 2.824330759048461914e+02 5.062288284301757812e+01 2.824956679344177246e+02 2.000000000000000000e+00
2.503561544418334961e+02 3.839735555648803711e+02 2.506437540054321289e+02 3.831047487258911133e+02 2.526896953582763672e+02 3.832890129089355469e+02 2.000000000000000000e+00
3.184443970024585724e+02 3.791125917434692383e+02 3.188644409179687500e+02 3.782453727722167969e+02 3.208070679008960724e+02 3.784784889221191406e+02 2.000000000000000000e+00
3.654625844955444336e+02 4.016102743148803711e+02 3.658924245834350586e+02 4.007025289535522461e+02 3.677861356735229492e+02 4.010154819488525391e+02 2.000000000000000000e+00
2.883877253532409668e+02 3.810535097122192383e+02 2.888828420639038086e+02 3.801269245147705078e+02 2.907887864112854004e+02 3.803046941757202148e+02 2.000000000000000000e+00
2.799294424057006836e+02 3.789630460739135742e+02 2.802815246582031250e+02 3.780163621902465820e+02 2.823191523551940918e+02 3.782232141494750977e+02 2.000000000000000000e+00
2.657588195800781250e+02 3.865905904769897461e+02 2.660674428939819336e+02 3.855675745010375977e+02 2.680546569824218750e+02 3.857278203964233398e+02 2.000000000000000000e+00
4.247785568237304688e+01 2.943150973320007324e+02 4.282524108886718750e+01 2.932362091541290283e+02 4.497562408447265625e+01 2.933091473579406738e+02 2.000000000000000000e+00
3.294543457031250000e+02 3.503330469131469727e+02 3.298798829317092896e+02 3.494610071182250977e+02 3.318417966365814209e+02 3.496943449974060059e+02 2.000000000000000000e+00
2.753932476043701172e+02 4.036571073532104492e+02 2.756387615203857422e+02 4.027084779739379883e+02 2.774586153030395508e+02 4.028673505783081055e+02 2.000000000000000000e+00
1.770666122436523438e+01 2.668447887897491455e+02 1.815933227539062500e+01 2.659375923871994019e+02 2.027532577514648438e+01 2.659863603115081787e+02 2.000000000000000000e+00
3.827814054489135742e+02 3.591084051132202148e+02 3.831592702865600586e+02 3.582655978202819824e+02 3.850444364547729492e+02 3.584654617309570312e+02 2.000000000000000000e+00
4.088706398010253906e+02 3.948240995407104492e+02 4.092386531829833984e+02 3.940330266952514648e+02 4.111721229553222656e+02 3.942644405364990234e+02 2.000000000000000000e+00
3.455433654785156250e+02 4.148780679702758789e+02 3.458618164062500000e+02 4.140222501754760742e+02 3.477132272720336914e+02 4.142779397964477539e+02 2.000000000000000000e+00
3.442522597312927246e+02 4.235383701324462891e+02 3.444823622703552246e+02 4.226638841629028320e+02 3.463962721824645996e+02 4.228728389739990234e+02 2.000000000000000000e+00
4.285665512084960938e+01 3.356194496154785156e+02 4.324506759643554688e+01 3.345992803573608398e+02 4.528299331665039062e+01 3.345991587638854980e+02 2.000000000000000000e+00
3.584851074218750000e+02 4.054780912399291992e+02 3.588441467285156250e+02 4.045574426651000977e+02 3.606583881378173828e+02 4.048303270339965820e+02 2.000000000000000000e+00
4.434514999389648438e+01 3.021484136581420898e+02 4.470981597900390625e+01 3.009959149360656738e+02 4.683050155639648438e+01 3.010831975936889648e+02 2.000000000000000000e+00
2.807011723518371582e+02 3.849798631668090820e+02 2.810868835449218750e+02 3.840423059463500977e+02 2.830951833724975586e+02 3.842484140396118164e+02 2.000000000000000000e+00
2.654383850097656250e+02 4.069014644622802734e+02 2.656692790985107422e+02 4.059986400604248047e+02 2.675180959701538086e+02 4.062005996704101562e+02 2.000000000000000000e+00
3.990910959243774414e+02 1.255716419219970703e+02 3.995478534698486328e+02 1.248507857322692871e+02 4.021465778350830078e+02 1.250153589248657227e+02 2.000000000000000000e+00
2.575207185745239258e+02 3.574907898902893066e+02 2.579322481155395508e+02 3.565859127044677734e+02 2.598074626922607422e+02 3.567406082153320312e+02 2.000000000000000000e+00
2.621861553192138672e+02 3.794038724899291992e+02 2.624341440200805664e+02 3.784297800064086914e+02 2.644072580337524414e+02 3.785919857025146484e+02 2.000000000000000000e+00
3.658537006378173828e+02 3.937115192413330078e+02 3.663224792480468750e+02 3.929543781280517578e+02 3.682196664810180664e+02 3.932800054550170898e+02 2.000000000000000000e+00
4.070384979248046875e+01 3.864663791656494141e+02 4.115245819091796875e+01 3.856165266036987305e+02 4.320428848266601562e+01 3.855938529968261719e+02 2.000000000000000000e+00
2.255432224273681641e+02 3.404570388793945312e+02 2.260155296325683594e+02 3.394924092292785645e+02 2.278442859649658203e+02 3.396335792541503906e+02 2.000000000000000000e+00
3.199400634737685323e+02 3.415091300010681152e+02 3.203143921121954918e+02 3.405236577987670898e+02 3.223639832437038422e+02 3.408235859870910645e+02 2.000000000000000000e+00
2.502102804183959961e+02 3.623500442504882812e+02 2.506251382827758789e+02 3.614841985702514648e+02 2.525382852554321289e+02 3.616245746612548828e+02 2.000000000000000000e+00
3.014158320426940918e+02 3.650015974044799805e+02 3.018466186523437500e+02 3.641415739059448242e+02 3.037516784667968750e+02 3.643016052246093750e+02 2.000000000000000000e+00
3.312790524959564209e+02 4.275539588928222656e+02 3.314495241641998291e+02 4.266845226287841797e+02 3.332996833324432373e+02 4.268896579742431641e+02 2.000000000000000000e+00
3.719029235839843750e+02 3.664661264419555664e+02 3.722519254684448242e+02 3.656308937072753906e+02 3.741925382614135742e+02 3.658353281021118164e+02 2.000000000000000000e+00
1.998210144042968750e+02 3.491872000694274902e+02 2.002171134948730469e+02 3.483939886093139648e+02 2.023213005065917969e+02 3.484117484092712402e+02 2.000000000000000000e+00
3.299440383911132812e+01 3.420437049865722656e+02 3.337942123413085938e+01 3.410543274879455566e+02 3.552095413208007812e+01 3.409704351425170898e+02 2.000000000000000000e+00
4.954290390014648438e+01 2.773804628849029541e+02 4.994983673095703125e+01 2.763940143585205078e+02 5.209020614624023438e+01 2.764544999599456787e+02 2.000000000000000000e+00
3.322414553165435791e+02 4.052606248855590820e+02 3.325665891170501709e+02 4.043552970886230469e+02 3.344837343692779541e+02 4.046427726745605469e+02 2.000000000000000000e+00
3.607012939453125000e+02 4.220953130722045898e+02 3.608948993682861328e+02 4.212028884887695312e+02 3.627756643295288086e+02 4.214257907867431641e+02 2.000000000000000000e+00
2.429068136215209961e+02 3.956999874114990234e+02 2.431739044189453125e+02 3.948392772674560547e+02 2.451761293411254883e+02 3.950773429870605469e+02 2.000000000000000000e+00
3.703475952148437500e+02 4.065452671051025391e+02 3.706151151657104492e+02 4.056612682342529297e+02 3.725396728515625000e+02 4.059354400634765625e+02 2.000000000000000000e+00
2.895591115951538086e+02 4.004403448104858398e+02 2.900494384765625000e+02 3.995256757736206055e+02 2.920100402832031250e+02 3.997190380096435547e+02 2.000000000000000000e+00
2.664869070053100586e+02 3.362728929519653320e+02 2.668325805664062500e+02 3.353716206550598145e+02 2.687723398208618164e+02 3.354765987396240234e+02 2.000000000000000000e+00
3.514125680923461914e+02 4.276465845108032227e+02 3.517467665672302246e+02 4.267608976364135742e+02 3.536925053596496582e+02 4.270064449310302734e+02 2.000000000000000000e+00
3.913859272003173828e+02 3.560443782806396484e+02 3.917236661911010742e+02 3.552072215080261230e+02 3.936941528320312500e+02 3.554603004455566406e+02 2.000000000000000000e+00
2.042039299011230469e+02 3.288509559631347656e+02 2.046099090576171875e+02 3.279419302940368652e+02 2.066275882720947266e+02 3.281832289695739746e+02 2.000000000000000000e+00
3.781185626983642578e+02 4.013468742370605469e+02 3.783893156051635742e+02 4.004842042922973633e+02 3.803227853775024414e+02 4.007674598693847656e+02 2.000000000000000000e+00
7.049512863159179688e+01 2.594667059183120728e+02 7.083671569824218750e+01 2.585269474983215332e+02 7.288805007934570312e+01 2.585792863368988037e+02 2.000000000000000000e+00
4.309589290618896484e+02 4.156911420822143555e+02 4.313186359405517578e+02 4.149317121505737305e+02 4.332109069824218750e+02 4.152056694030761719e+02 2.000000000000000000e+00
3.465007019042968750e+02 4.012357807159423828e+02 3.467496943473815918e+02 4.003078651428222656e+02 3.485666203498840332e+02 4.006076431274414062e+02 2.000000000000000000e+00
9.250858306884765625e+01 2.755337834358215332e+02 9.294317245483398438e+01 2.746203947067260742e+02 9.505180358886718750e+01 2.746875035762786865e+02 2.000000000000000000e+00
2.439952087402343750e+02 3.592116737365722656e+02 2.443984365463256836e+02 3.582723140716552734e+02 2.463939189910888672e+02 3.584430027008056641e+02 2.000000000000000000e+00
4.352606868743896484e+02 3.984233236312866211e+02 4.358332538604736328e+02 3.975950145721435547e+02 4.377444744110107422e+02 3.979455614089965820e+02 2.000000000000000000e+00
3.258797305822372437e+02 3.899349117279052734e+02 3.262113952636718750e+02 3.889566993713378906e+02 3.282395935058593750e+02 3.892992925643920898e+02 2.000000000000000000e+00
3.117107391357421875e+01 3.834285020828247070e+02 3.144590377807617188e+01 3.825179243087768555e+02 3.361911773681640625e+01 3.825020170211791992e+02 2.000000000000000000e+00
