2.226831054687500000e+02 2.007542860507965088e+02 2.265773487091064453e+02 1.986913418769836426e+02 2.308427143096923828e+02 1.974347984790802002e+02 1.000000000000000000e+00
2.475722789764404297e+02 1.110594749450683594e+01 2.476373577117919922e+02 9.597873687744140625e+00 2.479581117630004883e+02 9.090828895568847656e+00 2.000000000000000000e+00
1.877124786376953125e+02 1.982437884807586670e+02 1.913727664947509766e+02 1.960959148406982422e+02 1.949447631835937500e+02 1.947340071201324463e+02 1.000000000000000000e+00
9.661664962768554688e+01 2.994847440719604492e+02 9.671361923217773438e+01 2.981609523296356201e+02 9.694221496582031250e+01 2.975215172767639160e+02 2.000000000000000000e+00
9.109407424926757812e+01 2.813233065605163574e+02 9.114374160766601562e+01 2.800285971164703369e+02 9.139575958251953125e+01 2.795357680320739746e+02 2.000000000000000000e+00
2.362979888916015625e+02 2.049450981616973877e+02 2.404641723632812500e+02 2.030341315269470215e+02 2.449457073211669922e+02 2.018649744987487793e+02 1.000000000000000000e+00
2.007983207702636719e+02 2.016874372959136963e+02 2.045937824249267578e+02 1.996396923065185547e+02 2.085407829284667969e+02 1.982906019687652588e+02 1.000000000000000000e+00
1.049704360961914062e+02 2.812851262092590332e+02 1.050287437438964844e+02 2.798463141918182373e+02 1.053508567810058594e+02 2.794080841541290283e+02 2.000000000000000000e+00
9.989828109741210938e+01 2.461452180147171021e+02 9.991300582885742188e+01 2.446142274141311646e+02 1.002704429626464844e+02 2.440621340274810791e+02 2.000000000000000000e+00
1.939625358581542969e+02 2.028912341594696045e+02 1.976589202880859375e+02 2.008000302314758301e+02 2.012870502471923828e+02 1.994800865650177002e+02 1.000000000000000000e+00
2.034307575225830078e+02 1.910513269901275635e+02 2.070811271667480469e+02 1.888381326198577881e+02 2.110262870788574219e+02 1.873856019973754883e+02 1.000000000000000000e+00
3.173247376084327698e+02 2.147727012634277344e+01 3.173383787274360657e+02 1.999146938323974609e+01 3.177243956923484802e+02 1.949997425079345703e+01 2.000000000000000000e+00
2.147986888885498047e+02 1.913856482505798340e+02 2.185540866851806641e+02 1.892368125915527344e+02 2.224782848358154297e+02 1.877725195884704590e+02 1.000000000000000000e+00
3.294052737951278687e+02 2.468923951685428619e+02 3.295126646757125854e+02 2.454626315832138062e+02 3.298287659883499146e+02 2.449636231362819672e+02 2.000000000000000000e+00
1.884367942810058594e+02 2.032917451858520508e+02 1.920779228210449219e+02 2.012068462371826172e+02 1.956409549713134766e+02 1.998923921585083008e+02 1.000000000000000000e+00
2.996788024902343750e+02 5.278470039367675781e+01 2.997414851188659668e+02 5.132596492767333984e+01 3.001473081111907959e+02 5.083168029785156250e+01 2.000000000000000000e+00
1.771486473083496094e+02 2.009560060501098633e+02 1.806924438476562500e+02 1.988036799430847168e+02 1.843474292755126953e+02 1.974528193473815918e+02 1.000000000000000000e+00
2.668044710159301758e+02 3.264963626861572266e+01 2.668598604202270508e+02 3.114272117614746094e+01 2.673335886001586914e+02 3.058044433593750000e+01 2.000000000000000000e+00
2.333995532989501953e+02 1.976604294776916504e+02 2.375087738037109375e+02 1.956589937210083008e+02 2.420968484878540039e+02 1.944167304039001465e+02 1.000000000000000000e+00
1.786538791656494141e+02 2.160657191276550293e+02 1.827541828155517578e+02 2.142410570383071899e+02 1.870383739471435547e+02 2.129938495159149170e+02 1.000000000000000000e+00
2.337842845916748047e+02 2.019439530372619629e+02 2.379111957550048828e+02 1.999627375602722168e+02 2.424367046356201172e+02 1.987088155746459961e+02 1.000000000000000000e+00
2.068508720397949219e+02 2.056238079071044922e+02 2.105263328552246094e+02 2.035835874080657959e+02 2.154681491851806641e+02 2.022835993766784668e+02 1.000000000000000000e+00
2.275108146667480469e+02 2.195606070756912231e+02 2.312159538269042969e+02 2.176085346937179565e+02 2.358048534393310547e+02 2.165239709615707397e+02 1.000000000000000000e+00
2.333909893035888672e+02 2.061397683620452881e+02 2.375638675689697266e+02 2.041903960704803467e+02 2.421099710464477539e+02 2.029879903793334961e+02 1.000000000000000000e+00
2.290130138397216797e+02 2.034385049343109131e+02 2.330690479278564453e+02 2.014418613910675049e+02 2.374915313720703125e+02 2.002207481861114502e+02 1.000000000000000000e+00
2.024242877960205078e+02 3.559983730316162109e+01 2.024864673614501953e+02 3.425022125244140625e+01 2.026746654510498047e+02 3.351981639862060547e+01 2.000000000000000000e+00
2.565860605239868164e+02 1.622816562652587891e+01 2.566425466537475586e+02 1.468982219696044922e+01 2.569669771194458008e+02 1.419233322143554688e+01 2.000000000000000000e+00
2.728047180175781250e+02 2.165707111358642578e+01 2.728939819335937500e+02 2.013387680053710938e+01 2.733369445800781250e+02 1.960531711578369141e+01 2.000000000000000000e+00
2.101666545867919922e+02 1.882391166687011719e+02 2.140820026397705078e+02 1.862112414836883545e+02 2.180863666534423828e+02 1.846275150775909424e+02 1.000000000000000000e+00
1.255698585510253906e+02 4.247544765472412109e+01 1.255535507202148438e+02 4.091885089874267578e+01 1.260835456848144531e+02 4.036537170410156250e+01 2.000000000000000000e+00
3.285881346464157104e+02 2.266781303286552429e+02 3.286502993106842041e+02 2.254712060093879700e+02 3.290385437011718750e+02 2.247719264030456543e+02 2.000000000000000000e+00
1.613393115997314453e+02 2.022912418842315674e+02 1.648507213592529297e+02 2.001834547519683838e+02 1.686399364471435547e+02 1.986942100524902344e+02 1.000000000000000000e+00
2.354666996002197266e+02 2.027079141139984131e+02 2.395748233795166016e+02 2.007588493824005127e+02 2.440984487533569336e+02 1.995799541473388672e+02 1.000000000000000000e+00
2.322536468505859375e+02 2.026730489730834961e+02 2.363923168182373047e+02 2.006892836093902588e+02 2.408457469940185547e+02 1.994504213333129883e+02 1.000000000000000000e+00
4.191518783569335938e+01 4.222969722747802734e+02 4.224523544311523438e+01 4.208801078796386719e+02 4.252290725708007812e+01 4.203183031082153320e+02 2.000000000000000000e+00
2.111992645263671875e+02 1.891449558734893799e+02 2.150407123565673828e+02 1.871352517604827881e+02 2.189756774902343750e+02 1.856033134460449219e+02 1.000000000000000000e+00
2.758425569534301758e+02 1.353681564331054688e+01 2.759304475784301758e+02 1.208537578582763672e+01 2.763763093948364258e+02 1.152664661407470703e+01 2.000000000000000000e+00
2.335136222839355469e+02 2.080528700351715088e+02 2.376881694793701172e+02 2.061174130439758301e+02 2.422253704071044922e+02 2.049523758888244629e+02 1.000000000000000000e+00
2.050440979003906250e+02 4.238096952438354492e+02 2.052164268493652344e+02 4.223680257797241211e+02 2.053933811187744141e+02 4.217748212814331055e+02 2.000000000000000000e+00
3.264631271362304688e+01 5.906935214996337891e+01 3.250247955322265625e+01 5.751538753509521484e+01 3.300186157226562500e+01 5.685497760772705078e+01 2.000000000000000000e+00
1.959672069549560547e+02 1.987842679023742676e+02 1.996166324615478516e+02 1.966829359531402588e+02 2.032961750030517578e+02 1.952963376045227051e+02 1.000000000000000000e+00
1.359549140930175781e+02 2.778136003017425537e+02 1.360219764709472656e+02 2.763912069797515869e+02 1.362916374206542969e+02 2.758085954189300537e+02 2.000000000000000000e+00
2.245363712310791016e+02 2.107964926958084106e+02 2.287502384185791016e+02 2.087665700912475586e+02 2.332020282745361328e+02 2.077497696876525879e+02 1.000000000000000000e+00
2.281760120391845703e+02 1.989373612403869629e+02 2.321167850494384766e+02 1.968762016296386719e+02 2.364404582977294922e+02 1.956078636646270752e+02 1.000000000000000000e+00
1.795375156402587891e+02 2.044781184196472168e+02 1.831752014160156250e+02 2.023521709442138672e+02 1.867624187469482422e+02 2.010286080837249756e+02 1.000000000000000000e+00
2.295357513427734375e+02 2.064944458007812500e+02 2.336869812011718750e+02 2.045279359817504883e+02 2.382020664215087891e+02 2.033449673652648926e+02 1.000000000000000000e+00
9.262346267700195312e+01 2.934089684486389160e+02 9.272691726684570312e+01 2.920456266403198242e+02 9.297548294067382812e+01 2.914547753334045410e+02 2.000000000000000000e+00
3.305070197582244873e+02 2.356700129806995392e+02 3.305709838867187500e+02 2.343463133275508881e+02 3.309314882755279541e+02 2.337224726378917694e+02 2.000000000000000000e+00
1.036465263366699219e+02 2.904262733459472656e+02 1.037582588195800781e+02 2.889993917942047119e+02 1.040615272521972656e+02 2.885147130489349365e+02 2.000000000000000000e+00
2.312504386901855469e+02 1.987372577190399170e+02 2.353321647644042969e+02 1.967285585403442383e+02 2.397413921356201172e+02 1.954505145549774170e+02 1.000000000000000000e+00
1.988242912292480469e+02 2.004496300220489502e+02 2.025182819366455078e+02 1.984157681465148926e+02 2.061206912994384766e+02 1.970137453079223633e+02 1.000000000000000000e+00
2.135214519500732422e+02 1.993438231945037842e+02 2.170934867858886719e+02 1.972471153736114502e+02 2.211230564117431641e+02 1.958988153934478760e+02 1.000000000000000000e+00
2.689683818817138672e+02 4.334717845916748047e+02 2.691855764389038086e+02 4.321871137619018555e+02 2.693689250946044922e+02 4.315022706985473633e+02 2.000000000000000000e+00
1.916101837158203125e+02 2.061955547332763672e+02 1.952865886688232422e+02 2.041074657440185547e+02 1.989470672607421875e+02 2.027471458911895752e+02 1.000000000000000000e+00
2.442294168472290039e+02 3.834399461746215820e+02 2.441735076904296875e+02 3.819323158264160156e+02 2.444904470443725586e+02 3.814555692672729492e+02 2.000000000000000000e+00
1.352005195617675781e+02 4.594315052032470703e+01 1.349490737915039062e+02 4.425976753234863281e+01 1.355727767944335938e+02 4.375010490417480469e+01 2.000000000000000000e+00
5.457870483398437500e+01 3.866561079025268555e+02 5.463068008422851562e+01 3.852786684036254883e+02 5.498359680175781250e+01 3.846518898010253906e+02 2.000000000000000000e+00
2.236318302154541016e+02 2.064742863178253174e+02 2.276363086700439453e+02 2.044705796241760254e+02 2.320465183258056641e+02 2.032607710361480713e+02 1.000000000000000000e+00
2.298186016082763672e+02 2.080104947090148926e+02 2.339971733093261719e+02 2.060649096965789795e+02 2.384942722320556641e+02 2.048850095272064209e+02 1.000000000000000000e+00
3.182557067275047302e+02 4.205811595916748047e+02 3.183713074028491974e+02 4.190439891815185547e+02 3.184656982123851776e+02 4.185560417175292969e+02 2.000000000000000000e+00
1.814575004577636719e+02 2.146639537811279297e+02 1.852324199676513672e+02 2.127449333667755127e+02 1.892087554931640625e+02 2.115373063087463379e+02 1.000000000000000000e+00
9.741842269897460938e+01 2.738701343536376953e+01 9.747552871704101562e+01 2.594216823577880859e+01 9.790060043334960938e+01 2.531248569488525391e+01 2.000000000000000000e+00
2.155943584442138672e+02 2.084096038341522217e+02 2.190357303619384766e+02 2.063450288772583008e+02 2.233518981933593750e+02 2.051017749309539795e+02 1.000000000000000000e+00
2.175728416442871094e+02 2.191046136617660522e+02 2.216137027740478516e+02 2.171187275648117065e+02 2.261388874053955078e+02 2.160345143079757690e+02 1.000000000000000000e+00
2.540886211395263672e+02 3.863367319107055664e+02 2.540199565887451172e+02 3.848364686965942383e+02 2.543255758285522461e+02 3.843523979187011719e+02 2.000000000000000000e+00
3.063988339900970459e+02 4.217829036712646484e+02 3.064524531364440918e+02 4.203621912002563477e+02 3.066846919059753418e+02 4.198293256759643555e+02 2.000000000000000000e+00
3.084272158145904541e+02 3.290057086944580078e+02 3.085019218921661377e+02 3.275988221168518066e+02 3.087705385684967041e+02 3.271247291564941406e+02 2.000000000000000000e+00
3.224026794731616974e+02 1.236280918121337891e+01 3.224119262397289276e+02 1.085134506225585938e+01 3.228479003906250000e+02 1.035654544830322266e+01 2.000000000000000000e+00
8.510168075561523438e+01 3.801126194000244141e+02 8.523536682128906250e+01 3.786756992340087891e+02 8.546903610229492188e+01 3.780351877212524414e+02 2.000000000000000000e+00
1.426094245910644531e+02 3.320011353492736816e+02 1.426814651489257812e+02 3.305283522605895996e+02 1.429513549804687500e+02 3.299310350418090820e+02 2.000000000000000000e+00
1.344771575927734375e+02 4.338634157180786133e+02 1.345529365539550781e+02 4.324185562133789062e+02 1.347837829589843750e+02 4.317363309860229492e+02 2.000000000000000000e+00
1.290689468383789062e+02 4.136180448532104492e+02 1.292247009277343750e+02 4.121862316131591797e+02 1.294122314453125000e+02 4.115081262588500977e+02 2.000000000000000000e+00
2.731733369827270508e+02 3.830885982513427734e+02 2.732311105728149414e+02 3.815275955200195312e+02 2.733677339553833008e+02 3.810804891586303711e+02 2.000000000000000000e+00
2.086038208007812500e+02 4.031864404678344727e+02 2.086975574493408203e+02 4.016115760803222656e+02 2.089174652099609375e+02 4.011993741989135742e+02 2.000000000000000000e+00
1.615112304687500000e+02 4.219239234924316406e+02 1.615579223632812500e+02 4.205435943603515625e+02 1.618845844268798828e+02 4.198556041717529297e+02 2.000000000000000000e+00
1.174634170532226562e+02 4.208227014541625977e+02 1.175244712829589844e+02 4.195039129257202148e+02 1.176485633850097656e+02 4.187882852554321289e+02 2.000000000000000000e+00
1.765172863006591797e+02 1.942276883125305176e+02 1.800715732574462891e+02 1.920756053924560547e+02 1.836078929901123047e+02 1.906277453899383545e+02 1.000000000000000000e+00
2.690596914291381836e+02 3.582518362998962402e+02 2.691035127639770508e+02 3.567505574226379395e+02 2.694032573699951172e+02 3.562825655937194824e+02 2.000000000000000000e+00
2.846670842170715332e+02 3.788935661315917969e+02 2.847679138183593750e+02 3.773995685577392578e+02 2.849911189079284668e+02 3.769484996795654297e+02 2.000000000000000000e+00
2.349959278106689453e+02 3.029397010803222656e+01 2.354223346710205078e+02 2.864627838134765625e+01 2.354749393463134766e+02 2.819817066192626953e+01 2.000000000000000000e+00
1.872738742828369141e+02 3.655153226852416992e+02 1.872838401794433594e+02 3.639777660369873047e+02 1.876363086700439453e+02 3.635177421569824219e+02 2.000000000000000000e+00
3.072504878044128418e+02 3.556878089904785156e+02 3.073895263671875000e+02 3.542649865150451660e+02 3.075924074649810791e+02 3.537532711029052734e+02 2.000000000000000000e+00
2.868837285041809082e+02 3.540342450141906738e+02 2.868541860580444336e+02 3.526651668548583984e+02 2.871711111068725586e+02 3.521356844902038574e+02 2.000000000000000000e+00
9.913311004638671875e+00 4.208676481246948242e+02 9.987888336181640625e+00 4.193286180496215820e+02 1.029617309570312500e+01 4.186743021011352539e+02 2.000000000000000000e+00
2.571126699447631836e+02 4.818115711212158203e+01 2.571330547332763672e+02 4.665943622589111328e+01 2.575717163085937500e+02 4.604397296905517578e+01 2.000000000000000000e+00
1.254188346862792969e+02 3.534447669982910156e+01 1.254609107971191406e+02 3.380152702331542969e+01 1.259168434143066406e+02 3.325060844421386719e+01 2.000000000000000000e+00
1.497257995605468750e+02 4.109326887130737305e+02 1.497376441955566406e+02 4.095730018615722656e+02 1.500134468078613281e+02 4.089061403274536133e+02 2.000000000000000000e+00
2.938607168197631836e+02 4.272757387161254883e+02 2.938598322868347168e+02 4.257515001296997070e+02 2.942261958122253418e+02 4.252372884750366211e+02 2.000000000000000000e+00
2.079122638702392578e+02 1.929917871952056885e+02 2.116150951385498047e+02 1.907813858985900879e+02 2.155590534210205078e+02 1.893677043914794922e+02 1.000000000000000000e+00
3.211749267578125000e+02 3.328185439109802246e+02 3.211969604343175888e+02 3.314472985267639160e+02 3.214966125786304474e+02 3.309192538261413574e+02 2.000000000000000000e+00
1.695429039001464844e+02 2.819499242305755615e+02 1.695499992370605469e+02 2.804763829708099365e+02 1.699238109588623047e+02 2.799520289897918701e+02 2.000000000000000000e+00
8.455251693725585938e+01 2.644336259365081787e+02 8.463832855224609375e+01 2.630234080553054810e+02 8.490297317504882812e+01 2.622868663072586060e+02 2.000000000000000000e+00
1.644539165496826172e+02 4.108287191390991211e+02 1.645243644714355469e+02 4.093477249145507812e+02 1.648114871978759766e+02 4.086374044418334961e+02 2.000000000000000000e+00
2.551766061782836914e+02 3.584789800643920898e+02 2.551810598373413086e+02 3.570725440979003906e+02 2.555399608612060547e+02 3.565365672111511230e+02 2.000000000000000000e+00
3.023456728458404541e+02 3.626784753799438477e+02 3.024395751953125000e+02 3.612443876266479492e+02 3.026789247989654541e+02 3.607394170761108398e+02 2.000000000000000000e+00
1.852946949005126953e+02 3.396892762184143066e+02 1.853622722625732422e+02 3.382077383995056152e+02 1.855567455291748047e+02 3.376372146606445312e+02 2.000000000000000000e+00
1.247964859008789062e+01 3.608064937591552734e+02 1.242664337158203125e+01 3.593919110298156738e+02 1.268787384033203125e+01 3.588256001472473145e+02 2.000000000000000000e+00
2.802537846565246582e+02 3.135550546646118164e+02 2.802393794059753418e+02 3.121742892265319824e+02 2.806437373161315918e+02 3.116116690635681152e+02 2.000000000000000000e+00
2.186190509796142578e+02 2.725426340103149414e+02 2.186455059051513672e+02 2.711281156539916992e+02 2.189191436767578125e+02 2.705653095245361328e+02 2.000000000000000000e+00
5.444026947021484375e+01 3.551675176620483398e+02 5.447195053100585938e+01 3.536633062362670898e+02 5.479667663574218750e+01 3.531025743484497070e+02 2.000000000000000000e+00
2.117353153228759766e+02 2.012955451011657715e+02 2.152436828613281250e+02 1.991885948181152344e+02 2.191356468200683594e+02 1.978265655040740967e+02 1.000000000000000000e+00
8.821485519409179688e+01 3.730621147155761719e+02 8.831144332885742188e+01 3.716278409957885742e+02 8.856529235839843750e+01 3.710240221023559570e+02 2.000000000000000000e+00
7.890750885009765625e+01 4.254202651977539062e+02 7.903259277343750000e+01 4.240447139739990234e+02 7.925676345825195312e+01 4.233420753479003906e+02 2.000000000000000000e+00
1.977766990661621094e+02 2.029776298999786377e+02 2.014649200439453125e+02 2.008742344379425049e+02 2.050317096710205078e+02 1.995156240463256836e+02 1.000000000000000000e+00
2.233560276031494141e+02 3.729246282577514648e+02 2.234681034088134766e+02 3.714794683456420898e+02 2.236754417419433594e+02 3.708793687820434570e+02 2.000000000000000000e+00
1.526325798034667969e+02 4.278028678894042969e+02 1.527660942077636719e+02 4.264763832092285156e+02 1.530865287780761719e+02 4.258239269256591797e+02 2.000000000000000000e+00
2.986484074592590332e+02 4.330830860137939453e+02 2.986848139762878418e+02 4.315756988525390625e+02 2.991018676757812500e+02 4.310759067535400391e+02 2.000000000000000000e+00
2.829465031623840332e+02 4.332305431365966797e+02 2.830826711654663086e+02 4.317931938171386719e+02 2.833555603027343750e+02 4.312503147125244141e+02 2.000000000000000000e+00
1.587081909179687500e+02 4.359786844253540039e+02 1.588592147827148438e+02 4.345396900177001953e+02 1.591589927673339844e+02 4.339986419677734375e+02 2.000000000000000000e+00
1.335606575012207031e+02 3.281039786338806152e+02 1.336397933959960938e+02 3.265662860870361328e+02 1.339098548889160156e+02 3.260034799575805664e+02 2.000000000000000000e+00
1.326400566101074219e+02 3.191724586486816406e+02 1.327242469787597656e+02 3.176197242736816406e+02 1.330180358886718750e+02 3.171086740493774414e+02 2.000000000000000000e+00
2.080988788604736328e+02 1.957220435142517090e+02 2.117907238006591797e+02 1.935930919647216797e+02 2.157770824432373047e+02 1.921261560916900635e+02 1.000000000000000000e+00
1.093438148498535156e+02 4.038588666915893555e+02 1.094255638122558594e+02 4.024349212646484375e+02 1.096925544738769531e+02 4.019074773788452148e+02 2.000000000000000000e+00
2.643754863739013672e+02 3.771135663986206055e+02 2.643790292739868164e+02 3.755872821807861328e+02 2.645806884765625000e+02 3.750532579421997070e+02 2.000000000000000000e+00
3.145509338378906250e+02 3.546022725105285645e+02 3.146517640352249146e+02 3.532133245468139648e+02 3.148775631189346313e+02 3.526690721511840820e+02 2.000000000000000000e+00
1.947852802276611328e+02 4.217653656005859375e+02 1.948359775543212891e+02 4.203365850448608398e+02 1.951179218292236328e+02 4.197369718551635742e+02 2.000000000000000000e+00
1.179446792602539062e+02 3.566119122505187988e+02 1.179500579833984375e+02 3.552105474472045898e+02 1.182676124572753906e+02 3.545061063766479492e+02 2.000000000000000000e+00
1.392912864685058594e+02 3.951203441619873047e+02 1.394787406921386719e+02 3.936635828018188477e+02 1.395904731750488281e+02 3.930259180068969727e+02 2.000000000000000000e+00
9.803825378417968750e+01 2.824123549461364746e+02 9.810577392578125000e+01 2.810628068447113037e+02 9.837623596191406250e+01 2.805524933338165283e+02 2.000000000000000000e+00
1.436933326721191406e+02 3.222011160850524902e+02 1.437964630126953125e+02 3.207006883621215820e+02 1.440725135803222656e+02 3.201392269134521484e+02 2.000000000000000000e+00
2.024415111541748047e+02 2.090271592140197754e+02 2.060116291046142578e+02 2.069498419761657715e+02 2.104092121124267578e+02 2.056468176841735840e+02 1.000000000000000000e+00
2.929256582260131836e+02 3.164537715911865234e+02 2.929602646827697754e+02 3.150851154327392578e+02 2.932310485839843750e+02 3.144671702384948730e+02 2.000000000000000000e+00
9.649061203002929688e+01 4.130425214767456055e+02 9.650772094726562500e+01 4.115835285186767578e+02 9.683118820190429688e+01 4.110841798782348633e+02 2.000000000000000000e+00
1.831303119659423828e+02 4.182538175582885742e+02 1.832321643829345703e+02 4.167795467376708984e+02 1.835120487213134766e+02 4.161912059783935547e+02 2.000000000000000000e+00
1.229530334472656250e+01 2.719173896312713623e+02 1.250743865966796875e+01 2.704367387294769287e+02 1.283079147338867188e+01 2.697839677333831787e+02 2.000000000000000000e+00
2.379761791229248047e+02 7.823726177215576172e+01 2.404766845703125000e+02 7.705955028533935547e+01 2.411052227020263672e+02 7.650519847869873047e+01 2.000000000000000000e+00
3.045488274097442627e+02 3.378688716888427734e+02 3.045212399959564209e+02 3.364444613456726074e+02 3.048712456226348877e+02 3.358979845046997070e+02 2.000000000000000000e+00
3.134118038415908813e+02 3.051761627197265625e+01 3.133545833826065063e+02 2.900563716888427734e+01 3.137152403593063354e+02 2.856246471405029297e+01 2.000000000000000000e+00
1.508471298217773438e+02 5.478256702423095703e+01 1.498428535461425781e+02 5.280022144317626953e+01 1.510568809509277344e+02 5.255983829498291016e+01 2.000000000000000000e+00
1.977743816375732422e+02 2.003706943988800049e+02 2.014550113677978516e+02 1.983254992961883545e+02 2.050624370574951172e+02 1.968997943401336670e+02 1.000000000000000000e+00
1.359686470031738281e+02 5.602785587310791016e+01 1.350152015686035156e+02 5.390879631042480469e+01 1.361337852478027344e+02 5.370240211486816406e+01 2.000000000000000000e+00
1.044989967346191406e+02 4.098678731918334961e+02 1.045603370666503906e+02 4.084657716751098633e+02 1.048711204528808594e+02 4.078581333160400391e+02 2.000000000000000000e+00
6.459928512573242188e+01 3.806493330001831055e+02 6.461013793945312500e+01 3.792503070831298828e+02 6.499975204467773438e+01 3.785911273956298828e+02 2.000000000000000000e+00
9.163604736328125000e+01 3.458959722518920898e+02 9.172756195068359375e+01 3.443650531768798828e+02 9.206979751586914062e+01 3.438812613487243652e+02 2.000000000000000000e+00
3.261838072538375854e+02 4.311538553237915039e+02 3.262411499023437500e+02 4.295954132080078125e+02 3.264070433378219604e+02 4.291452455520629883e+02 2.000000000000000000e+00
1.032640647888183594e+02 3.548663091659545898e+02 1.033408927917480469e+02 3.534795570373535156e+02 1.036106681823730469e+02 3.528492522239685059e+02 2.000000000000000000e+00
2.122484397888183594e+02 3.763964653015136719e+01 2.121797943115234375e+02 3.622951984405517578e+01 2.126451110839843750e+02 3.558421611785888672e+01 2.000000000000000000e+00
8.012334823608398438e+01 2.724900519847869873e+02 8.020929336547851562e+01 2.711208522319793701e+02 8.042524337768554688e+01 2.703959655761718750e+02 2.000000000000000000e+00
1.620921039581298828e+02 3.699136447906494141e+02 1.622279453277587891e+02 3.684620189666748047e+02 1.623592185974121094e+02 3.678040838241577148e+02 2.000000000000000000e+00
1.102813148498535156e+02 3.587237906455993652e+02 1.103579139709472656e+02 3.573247432708740234e+02 1.106277084350585938e+02 3.566431617736816406e+02 2.000000000000000000e+00
2.395502185821533203e+02 2.811828017234802246e+02 2.397292900085449219e+02 2.796931779384613037e+02 2.400359964370727539e+02 2.792352604866027832e+02 2.000000000000000000e+00
2.119237327575683594e+02 4.217360258102416992e+02 2.120679950714111328e+02 4.202368497848510742e+02 2.122330760955810547e+02 4.196757888793945312e+02 2.000000000000000000e+00
1.162373542785644531e+02 2.482322216033935547e+01 1.158222961425781250e+02 2.275564670562744141e+01 1.167241477966308594e+02 2.269666671752929688e+01 2.000000000000000000e+00
2.652378511428833008e+02 4.207994842529296875e+02 2.652763032913208008e+02 4.193857526779174805e+02 2.654703044891357422e+02 4.188178539276123047e+02 2.000000000000000000e+00
2.864939260482788086e+02 3.717808341979980469e+02 2.865706777572631836e+02 3.703520822525024414e+02 2.869020676612854004e+02 3.698564529418945312e+02 2.000000000000000000e+00
1.899818134307861328e+02 3.982696580886840820e+02 1.901914215087890625e+02 3.968338108062744141e+02 1.904854583740234375e+02 3.962353277206420898e+02 2.000000000000000000e+00
1.675800895690917969e+02 2.749475419521331787e+02 1.675475597381591797e+02 2.734179103374481201e+02 1.679371166229248047e+02 2.729235255718231201e+02 2.000000000000000000e+00
