2.638258028030395508e+02 1.875046670436859131e+02 2.691921091079711914e+02 1.896708941459655762e+02 2.748663330078125000e+02 1.918836021423339844e+02 1.000000000000000000e+00
2.478880739212036133e+02 5.740098953247070312e+00 2.508837890625000000e+02 8.760395050048828125e+00 2.543674755096435547e+02 1.177107810974121094e+01 2.000000000000000000e+00
2.222116184234619141e+02 1.849855470657348633e+02 2.269611835479736328e+02 1.872468388080596924e+02 2.319449329376220703e+02 1.894093465805053711e+02 1.000000000000000000e+00
9.827617645263671875e+01 2.947710299491882324e+02 1.013312339782714844e+02 2.976577484607696533e+02 1.047895622253417969e+02 3.004780912399291992e+02 2.000000000000000000e+00
9.258741378784179688e+01 2.764625573158264160e+02 9.559160232543945312e+01 2.795726323127746582e+02 9.915523529052734375e+01 2.822963261604309082e+02 2.000000000000000000e+00
2.800473928451538086e+02 1.930491471290588379e+02 2.857549738883972168e+02 1.953473317623138428e+02 2.916755676269531250e+02 1.976036810874938965e+02 1.000000000000000000e+00
2.401090240478515625e+02 1.886503887176513672e+02 2.457906627655029297e+02 1.908354771137237549e+02 2.512816476821899414e+02 1.929763162136077881e+02 1.000000000000000000e+00
1.065493202209472656e+02 2.764081442356109619e+02 1.096957588195800781e+02 2.795383000373840332e+02 1.132099723815917969e+02 2.821797823905944824e+02 2.000000000000000000e+00
1.013050651550292969e+02 2.412692566215991974e+02 1.043654060363769531e+02 2.441797792911529541e+02 1.078491401672363281e+02 2.468915104866027832e+02 2.000000000000000000e+00
2.286414909362792969e+02 1.901119065284729004e+02 2.335323905944824219e+02 1.923964512348175049e+02 2.385232353210449219e+02 1.946071922779083252e+02 1.000000000000000000e+00
2.395622730255126953e+02 1.767134857177734375e+02 2.444152498245239258e+02 1.788246560096740723e+02 2.494325399398803711e+02 1.808670616149902344e+02 1.000000000000000000e+00
3.176222229003906250e+02 1.585863590240478516e+01 3.206032104417681694e+02 1.897487640380859375e+01 3.241079100966453552e+02 2.186196327209472656e+01 2.000000000000000000e+00
2.527138662338256836e+02 1.770944952964782715e+02 2.579975271224975586e+02 1.791372013092041016e+02 2.631704378128051758e+02 1.812057316303253174e+02 1.000000000000000000e+00
3.307570803165435791e+02 2.413422394171357155e+02 3.337919926643371582e+02 2.442919313907623291e+02 3.373113715648651123e+02 2.470119479298591614e+02 2.000000000000000000e+00
2.227447032928466797e+02 1.904651141166687012e+02 2.275218009948730469e+02 1.927149188518524170e+02 2.325048923492431641e+02 1.949302053451538086e+02 1.000000000000000000e+00
3.000965881347656250e+02 4.722690582275390625e+01 3.031357419490814209e+02 5.022733211517333984e+01 3.065272819995880127e+02 5.327686786651611328e+01 2.000000000000000000e+00
2.109572410583496094e+02 1.878673374652862549e+02 2.155069065093994141e+02 1.900401449203491211e+02 2.203696537017822266e+02 1.921582925319671631e+02 1.000000000000000000e+00
2.672792673110961914e+02 2.719752788543701172e+01 2.702344942092895508e+02 3.032930374145507812e+01 2.738058757781982422e+02 3.317819595336914062e+01 2.000000000000000000e+00
2.765713167190551758e+02 1.847262096405029297e+02 2.821721196174621582e+02 1.869515204429626465e+02 2.879391169548034668e+02 1.891195499897003174e+02 1.000000000000000000e+00
2.154405307769775391e+02 2.047913324832916260e+02 2.202952098846435547e+02 2.072382652759552002e+02 2.251757526397705078e+02 2.095430588722229004e+02 1.000000000000000000e+00
2.770492839813232422e+02 1.893362081050872803e+02 2.826304626464843750e+02 1.915576457977294922e+02 2.884788203239440918e+02 1.937639272212982178e+02 1.000000000000000000e+00
2.504141521453857422e+02 1.927044332027435303e+02 2.567464876174926758e+02 1.949066305160522461e+02 2.627688264846801758e+02 1.971134626865386963e+02 1.000000000000000000e+00
2.708238840103149414e+02 2.091664552688598633e+02 2.767039775848388672e+02 2.115504741668701172e+02 2.828761887550354004e+02 2.140038746595382690e+02 1.000000000000000000e+00
2.769583415985107422e+02 1.939754140377044678e+02 2.825714111328125000e+02 1.962606024742126465e+02 2.884441828727722168e+02 1.984959089756011963e+02 1.000000000000000000e+00
2.714514160156250000e+02 1.905569601058959961e+02 2.768565654754638672e+02 1.927323424816131592e+02 2.825417160987854004e+02 1.949085831642150879e+02 1.000000000000000000e+00
2.024870300292968750e+02 3.040926933288574219e+01 2.052139091491699219e+02 3.347019195556640625e+01 2.089277744293212891e+02 3.652493476867675781e+01 2.000000000000000000e+00
2.568976736068725586e+02 1.081482410430908203e+01 2.599197673797607422e+02 1.388062477111816406e+01 2.633895874023437500e+02 1.685633182525634766e+01 2.000000000000000000e+00
2.732391643524169922e+02 1.611918926239013672e+01 2.762010478973388672e+02 1.931365013122558594e+01 2.797178316116333008e+02 2.220285415649414062e+01 2.000000000000000000e+00
2.487220621109008789e+02 1.731735062599182129e+02 2.539641857147216797e+02 1.751972007751464844e+02 2.592024517059326172e+02 1.772374534606933594e+02 1.000000000000000000e+00
1.257489395141601562e+02 3.731997013092041016e+01 1.287322616577148438e+02 4.040931701660156250e+01 1.322501754760742188e+02 4.331604480743408203e+01 2.000000000000000000e+00
3.298515933752059937e+02 2.213235014677047729e+02 3.329041135311126709e+02 2.243563073873519897e+02 3.364093935489654541e+02 2.269248649477958679e+02 2.000000000000000000e+00
1.960725402832031250e+02 1.887386155128479004e+02 2.008203887939453125e+02 1.908229959011077881e+02 2.057471561431884766e+02 1.928977346420288086e+02 1.000000000000000000e+00
2.788861083984375000e+02 1.904042637348175049e+02 2.845942997932434082e+02 1.926510429382324219e+02 2.904802250862121582e+02 1.948926079273223877e+02 1.000000000000000000e+00
2.750706768035888672e+02 1.898629117012023926e+02 2.806039118766784668e+02 1.920959150791168213e+02 2.863715505599975586e+02 1.942839038372039795e+02 1.000000000000000000e+00
4.407152175903320312e+01 4.175484037399291992e+02 4.696641921997070312e+01 4.205858516693115234e+02 5.053453445434570312e+01 4.233040809631347656e+02 2.000000000000000000e+00
2.483964967727661133e+02 1.744670677185058594e+02 2.534998750686645508e+02 1.765042376518249512e+02 2.586271667480468750e+02 1.785486602783203125e+02 1.000000000000000000e+00
2.762663888931274414e+02 8.047542572021484375e+00 2.792546367645263672e+02 1.116405487060546875e+01 2.827253103256225586e+02 1.417030334472656250e+01 2.000000000000000000e+00
2.770672607421875000e+02 1.968028378486633301e+02 2.826934194564819336e+02 1.991837882995605469e+02 2.885879516601562500e+02 2.015057981014251709e+02 1.000000000000000000e+00
2.070877552032470703e+02 4.186283397674560547e+02 2.102135276794433594e+02 4.217837619781494141e+02 2.134573459625244141e+02 4.246458292007446289e+02 2.000000000000000000e+00
3.334308624267578125e+01 5.439581394195556641e+01 3.648447036743164062e+01 5.749510288238525391e+01 4.002193450927734375e+01 6.046119689941406250e+01 2.000000000000000000e+00
2.311878490447998047e+02 1.853782153129577637e+02 2.361842346191406250e+02 1.875743079185485840e+02 2.412931823730468750e+02 1.897268199920654297e+02 1.000000000000000000e+00
1.372609138488769531e+02 2.729078078269958496e+02 1.404312324523925781e+02 2.757336759567260742e+02 1.440510368347167969e+02 2.785861229896545410e+02 2.000000000000000000e+00
2.684043884277343750e+02 1.995564544200897217e+02 2.741220378875732422e+02 2.019760251045227051e+02 2.800089716911315918e+02 2.043766450881958008e+02 1.000000000000000000e+00
2.697616243362426758e+02 1.856173217296600342e+02 2.751336050033569336e+02 1.877692401409149170e+02 2.807695007324218750e+02 1.899246633052825928e+02 1.000000000000000000e+00
2.140035533905029297e+02 1.914706563949584961e+02 2.186785602569580078e+02 1.936616027355194092e+02 2.236268138885498047e+02 1.957989621162414551e+02 1.000000000000000000e+00
2.729797363281250000e+02 1.941466820240020752e+02 2.785311889648437500e+02 1.963731515407562256e+02 2.843440842628479004e+02 1.985872614383697510e+02 1.000000000000000000e+00
9.429430007934570312e+01 2.887226879596710205e+02 9.731676101684570312e+01 2.916211867332458496e+02 1.007649230957031250e+02 2.943953883647918701e+02 2.000000000000000000e+00
3.318190312385559082e+02 2.302229306101799011e+02 3.348336493968963623e+02 2.332449182868003845e+02 3.383843994140625000e+02 2.358812101185321808e+02 2.000000000000000000e+00
1.053592872619628906e+02 2.855791640281677246e+02 1.084663963317871094e+02 2.885583221912384033e+02 1.119194412231445312e+02 2.913240373134613037e+02 2.000000000000000000e+00
2.733809185028076172e+02 1.855584383010864258e+02 2.787951326370239258e+02 1.877103567123413086e+02 2.844897460937500000e+02 1.898529803752899170e+02 1.000000000000000000e+00
2.357195091247558594e+02 1.872888922691345215e+02 2.410594463348388672e+02 1.894791090488433838e+02 2.464760732650756836e+02 1.915824544429779053e+02 1.000000000000000000e+00
2.522324657440185547e+02 1.857382035255432129e+02 2.577307415008544922e+02 1.878572666645050049e+02 2.633376169204711914e+02 1.900097930431365967e+02 1.000000000000000000e+00
2.712687349319458008e+02 4.279945135116577148e+02 2.741929912567138672e+02 4.310912847518920898e+02 2.776345491409301758e+02 4.337996292114257812e+02 2.000000000000000000e+00
2.261030101776123047e+02 1.935860717296600342e+02 2.308652019500732422e+02 1.958707559108734131e+02 2.357632446289062500e+02 1.981768333911895752e+02 1.000000000000000000e+00
2.459968709945678711e+02 3.780442571640014648e+02 2.491147136688232422e+02 3.809644603729248047e+02 2.525487041473388672e+02 3.838116502761840820e+02 2.000000000000000000e+00
1.348037147521972656e+02 4.038564205169677734e+01 1.375219535827636719e+02 4.327857971191406250e+01 1.408607101440429688e+02 4.608854770660400391e+01 2.000000000000000000e+00
5.650016784667968750e+01 3.819500255584716797e+02 5.962955474853515625e+01 3.848510456085205078e+02 6.312194824218750000e+01 3.876724004745483398e+02 2.000000000000000000e+00
2.654730510711669922e+02 1.935383141040802002e+02 2.708815288543701172e+02 1.957347679138183594e+02 2.765789461135864258e+02 1.979622924327850342e+02 1.000000000000000000e+00
2.734262704849243164e+02 1.963159596920013428e+02 2.790429973602294922e+02 1.986028432846069336e+02 2.848866581916809082e+02 2.008885180950164795e+02 1.000000000000000000e+00
3.203053588978946209e+02 4.149139451980590820e+02 3.233096009492874146e+02 4.179829216003417969e+02 3.268184512853622437e+02 4.207421064376831055e+02 2.000000000000000000e+00
2.166121482849121094e+02 2.033127272129058838e+02 2.214071655273437500e+02 2.056717658042907715e+02 2.262331867218017578e+02 2.080226576328277588e+02 1.000000000000000000e+00
9.787889480590820312e+01 2.263089179992675781e+01 1.009135627746582031e+02 2.569623470306396484e+01 1.045247268676757812e+02 2.871778964996337891e+01 2.000000000000000000e+00
2.571687316894531250e+02 1.956868422031402588e+02 2.625691843032836914e+02 1.979278993606567383e+02 2.683781433105468750e+02 2.002089965343475342e+02 1.000000000000000000e+00
2.626354980468750000e+02 2.080033707618713379e+02 2.684490966796875000e+02 2.104079568386077881e+02 2.747464275360107422e+02 2.127753889560699463e+02 1.000000000000000000e+00
2.558545827865600586e+02 3.808533954620361328e+02 2.589837026596069336e+02 3.837916088104248047e+02 2.624040222167968750e+02 3.866396284103393555e+02 2.000000000000000000e+00
3.084225153923034668e+02 4.161906194686889648e+02 3.114142453670501709e+02 4.191546964645385742e+02 3.149685972929000854e+02 4.219578409194946289e+02 2.000000000000000000e+00
3.100292050838470459e+02 3.234958219528198242e+02 3.131734615564346313e+02 3.264462947845458984e+02 3.165985411405563354e+02 3.292644381523132324e+02 2.000000000000000000e+00
3.226896056532859802e+02 6.731414794921875000e+00 3.257157593965530396e+02 9.805297851562500000e+00 3.291891783475875854e+02 1.271646022796630859e+01 2.000000000000000000e+00
8.708148956298828125e+01 3.754483652114868164e+02 9.027727127075195312e+01 3.783600854873657227e+02 9.371301651000976562e+01 3.810399484634399414e+02 2.000000000000000000e+00
1.443904304504394531e+02 3.266802120208740234e+02 1.473624610900878906e+02 3.296111226081848145e+02 1.509031486511230469e+02 3.324730610847473145e+02 2.000000000000000000e+00
1.363177108764648438e+02 4.288866662979125977e+02 1.394907569885253906e+02 4.318766212463378906e+02 1.428683280944824219e+02 4.347034978866577148e+02 2.000000000000000000e+00
1.312435340881347656e+02 4.087062835693359375e+02 1.343112754821777344e+02 4.116381883621215820e+02 1.377734565734863281e+02 4.144302749633789062e+02 2.000000000000000000e+00
2.748975515365600586e+02 3.776036167144775391e+02 2.779046297073364258e+02 3.806057167053222656e+02 2.814190983772277832e+02 3.833774185180664062e+02 2.000000000000000000e+00
2.105516052246093750e+02 3.978777837753295898e+02 2.135352039337158203e+02 4.008924293518066406e+02 2.171283721923828125e+02 4.035923480987548828e+02 2.000000000000000000e+00
1.634471893310546875e+02 4.168549633026123047e+02 1.664665508270263672e+02 4.198968029022216797e+02 1.699308300018310547e+02 4.227710294723510742e+02 2.000000000000000000e+00
1.194406318664550781e+02 4.160005044937133789e+02 1.225093269348144531e+02 4.188845300674438477e+02 1.262301063537597656e+02 4.218285655975341797e+02 2.000000000000000000e+00
2.100150012969970703e+02 1.808785057067871094e+02 2.144176006317138672e+02 1.829714190959930420e+02 2.192319011688232422e+02 1.850440943241119385e+02 1.000000000000000000e+00
2.707929086685180664e+02 3.527226591110229492e+02 2.738672161102294922e+02 3.557115268707275391e+02 2.773557138442993164e+02 3.585586595535278320e+02 2.000000000000000000e+00
2.865034484863281250e+02 3.734212732315063477e+02 2.895580124855041504e+02 3.764100980758666992e+02 2.929659104347229004e+02 3.792491769790649414e+02 2.000000000000000000e+00
2.354249572753906250e+02 2.492786407470703125e+01 2.386322021484375000e+02 2.797852993011474609e+01 2.425354433059692383e+02 3.076636791229248047e+01 2.000000000000000000e+00
1.891178989410400391e+02 3.603211498260498047e+02 1.921769237518310547e+02 3.632946825027465820e+02 1.956550884246826172e+02 3.661376094818115234e+02 2.000000000000000000e+00
3.090077817440032959e+02 3.501604700088500977e+02 3.121230161190032959e+02 3.531219506263732910e+02 3.155431517958641052e+02 3.559607577323913574e+02 2.000000000000000000e+00
2.886210012435913086e+02 3.485729098320007324e+02 2.917438054084777832e+02 3.516239976882934570e+02 2.952290034294128418e+02 3.543558382987976074e+02 2.000000000000000000e+00
1.186513900756835938e+01 4.162709426879882812e+02 1.497455596923828125e+01 4.192116165161132812e+02 1.837369918823242188e+01 4.220234155654907227e+02 2.000000000000000000e+00
2.574954509735107422e+02 4.282786846160888672e+01 2.605675649642944336e+02 4.581180095672607422e+01 2.640143442153930664e+02 4.876115798950195312e+01 2.000000000000000000e+00
1.256844520568847656e+02 3.025806427001953125e+01 1.287142372131347656e+02 3.338288784027099609e+01 1.322434616088867188e+02 3.629416465759277344e+01 2.000000000000000000e+00
1.515628623962402344e+02 4.059839916229248047e+02 1.546608924865722656e+02 4.090150880813598633e+02 1.580744743347167969e+02 4.119707965850830078e+02 2.000000000000000000e+00
2.958273005485534668e+02 4.216009569168090820e+02 2.988466787338256836e+02 4.245650053024291992e+02 3.023482966423034668e+02 4.274033260345458984e+02 2.000000000000000000e+00
2.452256011962890625e+02 1.786668491363525391e+02 2.503360605239868164e+02 1.807342207431793213e+02 2.554439210891723633e+02 1.827814757823944092e+02 1.000000000000000000e+00
3.227481079101562500e+02 3.272870206832885742e+02 3.258458864688873291e+02 3.302785706520080566e+02 3.293605041503906250e+02 3.330251240730285645e+02 2.000000000000000000e+00
1.710550403594970703e+02 2.768905663490295410e+02 1.741604328155517578e+02 2.797414577007293701e+02 1.775887393951416016e+02 2.825315272808074951e+02 2.000000000000000000e+00
8.602933883666992188e+01 2.595912480354309082e+02 8.917133331298828125e+01 2.625472122430801392e+02 9.277305603027343750e+01 2.654432988166809082e+02 2.000000000000000000e+00
1.663368034362792969e+02 4.056760597229003906e+02 1.693734550476074219e+02 4.086931514739990234e+02 1.729062366485595703e+02 4.116385030746459961e+02 2.000000000000000000e+00
2.569657278060913086e+02 3.531110572814941406e+02 2.599712228775024414e+02 3.559732747077941895e+02 2.634264802932739258e+02 3.588128757476806641e+02 2.000000000000000000e+00
3.040970456600189209e+02 3.571657776832580566e+02 3.072077941894531250e+02 3.601203346252441406e+02 3.106171566247940063e+02 3.629730606079101562e+02 2.000000000000000000e+00
1.870108890533447266e+02 3.345629954338073730e+02 1.901677417755126953e+02 3.374852657318115234e+02 1.936607837677001953e+02 3.401959919929504395e+02 2.000000000000000000e+00
1.396545410156250000e+01 3.563757061958312988e+02 1.697401046752929688e+01 3.592884564399719238e+02 2.063409805297851562e+01 3.620076656341552734e+02 2.000000000000000000e+00
2.818148183822631836e+02 3.081848502159118652e+02 2.847961735725402832e+02 3.111069345474243164e+02 2.884623408317565918e+02 3.138893795013427734e+02 2.000000000000000000e+00
2.200230407714843750e+02 2.672556781768798828e+02 2.231276416778564453e+02 2.703091156482696533e+02 2.266200542449951172e+02 2.730091273784637451e+02 2.000000000000000000e+00
5.625633239746093750e+01 3.504289913177490234e+02 5.935646057128906250e+01 3.534276795387268066e+02 6.281993865966796875e+01 3.562247657775878906e+02 2.000000000000000000e+00
2.506933259963989258e+02 1.879405188560485840e+02 2.565832519531250000e+02 1.901406848430633545e+02 2.623543691635131836e+02 1.922881436347961426e+02 1.000000000000000000e+00
9.020534515380859375e+01 3.683952999114990234e+02 9.339715957641601562e+01 3.713455295562744141e+02 9.678747177124023438e+01 3.740140771865844727e+02 2.000000000000000000e+00
8.092721939086914062e+01 4.205040693283081055e+02 8.391733169555664062e+01 4.234767866134643555e+02 8.754617691040039062e+01 4.263236761093139648e+02 2.000000000000000000e+00
2.335370349884033203e+02 1.901133227348327637e+02 2.386518955230712891e+02 1.923804008960723877e+02 2.439738750457763672e+02 1.945545637607574463e+02 1.000000000000000000e+00
2.252871417999267578e+02 3.676056861877441406e+02 2.283176708221435547e+02 3.705921649932861328e+02 2.317181491851806641e+02 3.733292627334594727e+02 2.000000000000000000e+00
1.546180915832519531e+02 4.229083013534545898e+02 1.576300430297851562e+02 4.258861827850341797e+02 1.610972404479980469e+02 4.287428712844848633e+02 2.000000000000000000e+00
3.006122124195098877e+02 4.274166727066040039e+02 3.036178588867187500e+02 4.303883743286132812e+02 3.071865844726562500e+02 4.332570362091064453e+02 2.000000000000000000e+00
2.850853562355041504e+02 4.276234245300292969e+02 2.881520390510559082e+02 4.305936098098754883e+02 2.916286015510559082e+02 4.334235334396362305e+02 2.000000000000000000e+00
1.606164073944091797e+02 4.311088943481445312e+02 1.636682701110839844e+02 4.340294837951660156e+02 1.671478271484375000e+02 4.367655372619628906e+02 2.000000000000000000e+00
1.353659439086914062e+02 3.226803016662597656e+02 1.384231758117675781e+02 3.256922650337219238e+02 1.419612503051757812e+02 3.285311937332153320e+02 2.000000000000000000e+00
1.342995071411132812e+02 3.137550115585327148e+02 1.373790931701660156e+02 3.167619395256042480e+02 1.408847236633300781e+02 3.196193003654479980e+02 2.000000000000000000e+00
2.455609750747680664e+02 1.815865588188171387e+02 2.507761526107788086e+02 1.836541879177093506e+02 2.560353708267211914e+02 1.857137417793273926e+02 1.000000000000000000e+00
1.113478279113769531e+02 3.989050054550170898e+02 1.143669509887695312e+02 4.020390701293945312e+02 1.178456687927246094e+02 4.047914457321166992e+02 2.000000000000000000e+00
2.661637878417968750e+02 3.716371536254882812e+02 2.691614961624145508e+02 3.746374225616455078e+02 2.726360177993774414e+02 3.774090957641601562e+02 2.000000000000000000e+00
3.162321165204048157e+02 3.490258240699768066e+02 3.193186035007238388e+02 3.520310425758361816e+02 3.226907348632812500e+02 3.548955130577087402e+02 2.000000000000000000e+00
1.967399406433105469e+02 4.166970062255859375e+02 1.998170757293701172e+02 4.199036407470703125e+02 2.031370353698730469e+02 4.228226423263549805e+02 2.000000000000000000e+00
1.198378181457519531e+02 3.516308355331420898e+02 1.229370498657226562e+02 3.545980310440063477e+02 1.263717651367187500e+02 3.574040865898132324e+02 2.000000000000000000e+00
1.415181159973144531e+02 3.901520204544067383e+02 1.443881416320800781e+02 3.931843328475952148e+02 1.478605079650878906e+02 3.960244274139404297e+02 2.000000000000000000e+00
9.956878662109375000e+01 2.775160253047943115e+02 1.026545524597167969e+02 2.806386137008666992e+02 1.061951828002929688e+02 2.833413112163543701e+02 2.000000000000000000e+00
1.454777336120605469e+02 3.169689345359802246e+02 1.484493446350097656e+02 3.198835515975952148e+02 1.519438743591308594e+02 3.226813387870788574e+02 2.000000000000000000e+00
2.424282979965209961e+02 1.968153655529022217e+02 2.485753297805786133e+02 1.990698838233947754e+02 2.543757009506225586e+02 2.013065922260284424e+02 1.000000000000000000e+00
2.944987487792968750e+02 3.109258747100830078e+02 2.975866079330444336e+02 3.138746953010559082e+02 3.011251831054687500e+02 3.166545438766479492e+02 2.000000000000000000e+00
9.852041244506835938e+01 4.082983160018920898e+02 1.015673637390136719e+02 4.113870620727539062e+02 1.050781059265136719e+02 4.141222572326660156e+02 2.000000000000000000e+00
1.849589538574218750e+02 4.131922388076782227e+02 1.879191589355468750e+02 4.162503719329833984e+02 1.914515686035156250e+02 4.191413640975952148e+02 2.000000000000000000e+00
1.389608383178710938e+01 2.674051219224929810e+02 1.709354400634765625e+01 2.703897428512573242e+02 2.070741653442382812e+01 2.731825268268585205e+02 2.000000000000000000e+00
2.355593109130859375e+02 7.247137069702148438e+01 2.384422779083251953e+02 7.551263809204101562e+01 2.406515169143676758e+02 7.831234931945800781e+01 2.000000000000000000e+00
3.061647951602935791e+02 3.323545575141906738e+02 3.092290949821472168e+02 3.353219032287597656e+02 3.126881408691406250e+02 3.379999423027038574e+02 2.000000000000000000e+00
3.137175899744033813e+02 2.488062858581542969e+01 3.166140440106391907e+02 2.808201313018798828e+01 3.201217041071504354e+02 3.095468044281005859e+01 2.000000000000000000e+00
1.487049293518066406e+02 4.852900028228759766e+01 1.509157943725585938e+02 5.124122142791748047e+01 1.536660957336425781e+02 5.375730514526367188e+01 2.000000000000000000e+00
2.336640930175781250e+02 1.871959519386291504e+02 2.387397098541259766e+02 1.894049334526062012e+02 2.440441751480102539e+02 1.915290355682373047e+02 1.000000000000000000e+00
1.342487144470214844e+02 4.968091964721679688e+01 1.365771484375000000e+02 5.236839294433593750e+01 1.396377372741699219e+02 5.500548362731933594e+01 2.000000000000000000e+00
1.065458106994628906e+02 4.049932336807250977e+02 1.095752906799316406e+02 4.081918430328369141e+02 1.131071662902832031e+02 4.108961534500122070e+02 2.000000000000000000e+00
6.656768798828125000e+01 3.758978319168090820e+02 6.970338821411132812e+01 3.787959623336791992e+02 7.319681167602539062e+01 3.816004085540771484e+02 2.000000000000000000e+00
9.341285705566406250e+01 3.410523104667663574e+02 9.647314071655273438e+01 3.439678716659545898e+02 1.000429534912109375e+02 3.466979455947875977e+02 2.000000000000000000e+00
3.281997984647750854e+02 4.255033922195434570e+02 3.312613523006439209e+02 4.284871673583984375e+02 3.347027897834777832e+02 4.313406515121459961e+02 2.000000000000000000e+00
1.047778892517089844e+02 3.499456214904785156e+02 1.079196357727050781e+02 3.529338097572326660e+02 1.113703536987304688e+02 3.556702923774719238e+02 2.000000000000000000e+00
2.123137760162353516e+02 3.243525981903076172e+01 2.152448081970214844e+02 3.552522182464599609e+01 2.186994457244873047e+02 3.850818157196044922e+01 2.000000000000000000e+00
8.146858215332031250e+01 2.676264667510986328e+02 8.448991775512695312e+01 2.706573808193206787e+02 8.818040847778320312e+01 2.735140693187713623e+02 2.000000000000000000e+00
1.637734317779541016e+02 3.647051525115966797e+02 1.669266223907470703e+02 3.677573060989379883e+02 1.704737663269042969e+02 3.704786682128906250e+02 2.000000000000000000e+00
1.119809722900390625e+02 3.537751507759094238e+02 1.151290893554687500e+02 3.567390489578247070e+02 1.185350990295410156e+02 3.595371794700622559e+02 2.000000000000000000e+00
2.411778116226196289e+02 2.757974553108215332e+02 2.441790771484375000e+02 2.787365448474884033e+02 2.476880168914794922e+02 2.816341280937194824e+02 2.000000000000000000e+00
2.140196514129638672e+02 4.165262603759765625e+02 2.171386718750000000e+02 4.195427656173706055e+02 2.205004978179931641e+02 4.224157190322875977e+02 2.000000000000000000e+00
1.149637222290039062e+02 1.782460212707519531e+01 1.175337982177734375e+02 2.035938262939453125e+01 1.206033325195312500e+02 2.269831180572509766e+01 2.000000000000000000e+00
2.673594665527343750e+02 4.154031515121459961e+02 2.702290964126586914e+02 4.183755254745483398e+02 2.736573457717895508e+02 4.211750936508178711e+02 2.000000000000000000e+00
2.883656311035156250e+02 3.663318300247192383e+02 2.913851928710937500e+02 3.693492507934570312e+02 2.948009037971496582e+02 3.720922565460205078e+02 2.000000000000000000e+00
1.919155597686767578e+02 3.931212186813354492e+02 1.950053691864013672e+02 3.961582374572753906e+02 1.983200645446777344e+02 3.988511180877685547e+02 2.000000000000000000e+00
1.690243053436279297e+02 2.698387473821640015e+02 1.721468830108642578e+02 2.726792013645172119e+02 1.755984783172607422e+02 2.754979884624481201e+02 2.000000000000000000e+00
