4.325945472717285156e+02 1.775028991699218750e+02 4.052665424346923828e+02 1.737854146957397461e+02 3.809842538833618164e+02 1.716073894500732422e+02 1.000000000000000000e+00
5.207040405273437500e+02 3.297971248626708984e+01 5.067110633850097656e+02 3.058433532714843750e+01 4.972164916992187500e+02 3.019254684448242188e+01 2.000000000000000000e+00
3.675000000000000000e+02 1.778490114212036133e+02 3.391885685920715332e+02 1.745883750915527344e+02 3.138891601562500000e+02 1.728018593788146973e+02 1.000000000000000000e+00
3.686088562011718750e+02 3.206718778610229492e+02 3.555207514762878418e+02 3.185303092002868652e+02 3.462652587890625000e+02 3.178756141662597656e+02 2.000000000000000000e+00
3.627161550521850586e+02 3.029837965965270996e+02 3.496204543113708496e+02 3.007435941696166992e+02 3.404125976562500000e+02 2.999282240867614746e+02 2.000000000000000000e+00
4.711784648895263672e+02 1.886528599262237549e+02 4.450933265686035156e+02 1.849158918857574463e+02 4.222318172454833984e+02 1.827793693542480469e+02 1.000000000000000000e+00
3.996027231216430664e+02 1.812839949131011963e+02 3.719306039810180664e+02 1.777987647056579590e+02 3.466517639160156250e+02 1.759573817253112793e+02 1.000000000000000000e+00
3.765715646743774414e+02 3.028499150276184082e+02 3.635451650619506836e+02 3.007319355010986328e+02 3.543265080451965332e+02 2.998929762840270996e+02 2.000000000000000000e+00
3.710867929458618164e+02 2.676949471235275269e+02 3.579638671875000000e+02 2.655029010772705078e+02 3.487454843521118164e+02 2.650503855943679810e+02 2.000000000000000000e+00
3.742730426788330078e+02 1.845935654640197754e+02 3.460533761978149414e+02 1.813799250125885010e+02 3.207796020805835724e+02 1.796178674697875977e+02 1.000000000000000000e+00
3.847996520996093750e+02 1.639084553718566895e+02 3.564175105094909668e+02 1.603102397918701172e+02 3.309757697582244873e+02 1.581463408470153809e+02 1.000000000000000000e+00
5.916339683532714844e+02 4.139791488647460938e+01 5.775230789184570312e+02 3.897226810455322266e+01 5.679119873046875000e+02 3.857791900634765625e+01 2.000000000000000000e+00
4.071054744720458984e+02 1.633686518669128418e+02 3.788448190689086914e+02 1.596653723716735840e+02 3.537201857566833496e+02 1.574908876419067383e+02 1.000000000000000000e+00
5.996039390563964844e+02 2.671694648265838623e+02 5.863118934631347656e+02 2.645551156997680664e+02 5.769130897521972656e+02 2.640456247329711914e+02 2.000000000000000000e+00
3.674988126754760742e+02 1.880631244182586670e+02 3.393359076976776123e+02 1.849095582962036133e+02 3.141249996423721313e+02 1.833547031879425049e+02 1.000000000000000000e+00
5.740116691589355469e+02 7.338166236877441406e+01 5.600534629821777344e+02 7.097738742828369141e+01 5.504097366333007812e+02 7.060881614685058594e+01 2.000000000000000000e+00
3.540119624137878418e+02 1.820241987705230713e+02 3.258976745605468750e+02 1.788973832130432129e+02 3.009690546989440918e+02 1.771407437324523926e+02 1.000000000000000000e+00
5.407608604431152344e+02 5.388769626617431641e+01 5.268220329284667969e+02 5.150336265563964844e+01 5.172904014587402344e+02 5.106778621673583984e+01 2.000000000000000000e+00
4.537941646575927734e+02 1.742591500282287598e+02 4.270424175262451172e+02 1.704936647415161133e+02 4.032197570800781250e+02 1.682731890678405762e+02 1.000000000000000000e+00
3.881869220733642578e+02 2.102767932415008545e+02 3.634671640396118164e+02 2.072765350341796875e+02 3.404110407829284668e+02 2.061754131317138672e+02 1.000000000000000000e+00
4.587958049774169922e+02 1.806170475482940674e+02 4.320783424377441406e+02 1.768937659263610840e+02 4.084174251556396484e+02 1.746861362457275391e+02 1.000000000000000000e+00
4.257935810089111328e+02 1.868884241580963135e+02 3.985214567184448242e+02 1.833541703224182129e+02 3.742455434799194336e+02 1.813738524913787842e+02 1.000000000000000000e+00
4.792387676239013672e+02 2.117214792966842651e+02 4.547419738769531250e+02 2.082049083709716797e+02 4.333749389648437500e+02 2.065157318115234375e+02 1.000000000000000000e+00
4.619904232025146484e+02 1.878830087184906006e+02 4.353244018554687500e+02 1.842045414447784424e+02 4.116976928710937500e+02 1.820150864124298096e+02 1.000000000000000000e+00
4.412354755401611328e+02 1.808907902240753174e+02 4.139289855957031250e+02 1.771853470802307129e+02 3.896386432647705078e+02 1.749218559265136719e+02 1.000000000000000000e+00
4.752833271026611328e+02 5.836462497711181641e+01 4.615075111389160156e+02 5.603751182556152344e+01 4.520349121093750000e+02 5.554023742675781250e+01 2.000000000000000000e+00
5.297001457214355469e+02 3.796554565429687500e+01 5.157205772399902344e+02 3.559049606323242188e+01 5.062141418457031250e+02 3.516745090484619141e+01 2.000000000000000000e+00
5.466808509826660156e+02 4.286580562591552734e+01 5.326910972595214844e+02 4.048913955688476562e+01 5.232159996032714844e+02 4.000747203826904297e+01 2.000000000000000000e+00
4.007752990722656250e+02 1.576320934295654297e+02 3.725462675094604492e+02 1.540409517288208008e+02 3.473569941520690918e+02 1.516328501701354980e+02 1.000000000000000000e+00
4.012082862854003906e+02 6.709686756134033203e+01 3.872860717773437500e+02 6.479687690734863281e+01 3.779146146774291992e+02 6.433303356170654297e+01 2.000000000000000000e+00
5.984514236450195312e+02 2.472391055524349213e+02 5.851408767700195312e+02 2.446549075841903687e+02 5.757356071472167969e+02 2.440040896832942963e+02 2.000000000000000000e+00
3.436942458152770996e+02 1.830992102622985840e+02 3.161499938368797302e+02 1.804376327991485596e+02 2.913985276222229004e+02 1.790682649612426758e+02 1.000000000000000000e+00
4.677303791046142578e+02 1.832825124263763428e+02 4.412731647491455078e+02 1.795060729980468750e+02 4.178333187103271484e+02 1.773294925689697266e+02 1.000000000000000000e+00
4.493309974670410156e+02 1.802194333076477051e+02 4.222945594787597656e+02 1.764815926551818848e+02 3.981523132324218750e+02 1.742446732521057129e+02 1.000000000000000000e+00
3.173362731933593750e+02 4.422466564178466797e+02 3.043704521656036377e+02 4.401683092117309570e+02 2.949564194679260254e+02 4.397038936614990234e+02 2.000000000000000000e+00
3.999340534210205078e+02 1.595498013496398926e+02 3.716809082031250000e+02 1.559176754951477051e+02 3.464835214614868164e+02 1.535301303863525391e+02 1.000000000000000000e+00
5.496677207946777344e+02 3.481435775756835938e+01 5.356304359436035156e+02 3.244329929351806641e+01 5.261515617370605469e+02 3.202204227447509766e+01 2.000000000000000000e+00
4.670848083496093750e+02 1.937206864356994629e+02 4.411938476562500000e+02 1.900423407554626465e+02 4.180251216888427734e+02 1.878673696517944336e+02 1.000000000000000000e+00
4.766961383819580078e+02 4.453674173355102539e+02 4.636769390106201172e+02 4.427721405029296875e+02 4.543502235412597656e+02 4.422181463241577148e+02 2.000000000000000000e+00
3.118609315156936646e+02 8.509923934936523438e+01 2.980453801155090332e+02 8.295843601226806641e+01 2.885620713233947754e+02 8.231553554534912109e+01 2.000000000000000000e+00
3.771393728256225586e+02 1.775762772560119629e+02 3.488070368766784668e+02 1.742736482620239258e+02 3.235365602374076843e+02 1.724931764602661133e+02 1.000000000000000000e+00
4.063830280303955078e+02 2.990856957435607910e+02 3.932803058624267578e+02 2.966931474208831787e+02 3.838749694824218750e+02 2.962127423286437988e+02 2.000000000000000000e+00
4.538556861877441406e+02 1.994520556926727295e+02 4.269848632812500000e+02 1.958538186550140381e+02 4.034216308593750000e+02 1.938258647918701172e+02 1.000000000000000000e+00
4.388365459442138672e+02 1.747844696044921875e+02 4.115242290496826172e+02 1.710640525817871094e+02 3.873190641403198242e+02 1.687702918052673340e+02 1.000000000000000000e+00
3.593473219871520996e+02 1.914671158790588379e+02 3.315052187442779541e+02 1.885940694808959961e+02 3.065593564510345459e+02 1.870853841304779053e+02 1.000000000000000000e+00
4.457454586029052734e+02 1.862403094768524170e+02 4.185953712463378906e+02 1.825487351417541504e+02 3.943952322006225586e+02 1.804174625873565674e+02 1.000000000000000000e+00
3.646077585220336914e+02 3.146351695060729980e+02 3.514993906021118164e+02 3.125069332122802734e+02 3.422685861587524414e+02 3.118324613571166992e+02 2.000000000000000000e+00
6.005406570434570312e+02 2.562031263113021851e+02 5.872454833984375000e+02 2.536002203822135925e+02 5.778402137756347656e+02 2.529924935102462769e+02 2.000000000000000000e+00
3.755484914779663086e+02 3.118397855758666992e+02 3.625037240982055664e+02 3.096435856819152832e+02 3.532444167137145996e+02 3.088661527633666992e+02 2.000000000000000000e+00
4.431486797332763672e+02 1.747370266914367676e+02 4.158237648010253906e+02 1.709897732734680176e+02 3.916711759567260742e+02 1.687575817108154297e+02 1.000000000000000000e+00
3.926020526885986328e+02 1.796307063102722168e+02 3.651748991012573242e+02 1.762788176536560059e+02 3.400564575195312500e+02 1.743698215484619141e+02 1.000000000000000000e+00
4.131711769104003906e+02 1.757005906105041504e+02 3.858912658691406250e+02 1.722490811347961426e+02 3.602708435058593750e+02 1.703770422935485840e+02 1.000000000000000000e+00
5.404808425903320312e+02 4.552002954483032227e+02 5.275476646423339844e+02 4.525101470947265625e+02 5.181804275512695312e+02 4.518857574462890625e+02 2.000000000000000000e+00
3.728188180923461914e+02 1.931187415122985840e+02 3.448350834846496582e+02 1.901650071144104004e+02 3.198502197209745646e+02 1.886421489715576172e+02 1.000000000000000000e+00
5.150529861450195312e+02 4.045997142791748047e+02 5.020461845397949219e+02 4.021083498001098633e+02 4.926465415954589844e+02 4.015001678466796875e+02 2.000000000000000000e+00
4.100831031799316406e+02 6.996660232543945312e+01 3.961905813217163086e+02 6.767374992370605469e+01 3.868851041793823242e+02 6.725602626800537109e+01 2.000000000000000000e+00
3.289159548282623291e+02 4.072275209426879883e+02 3.159988403320312500e+02 4.051153707504272461e+02 3.065862119197845459e+02 4.046514987945556641e+02 2.000000000000000000e+00
4.363880634307861328e+02 1.869163477420806885e+02 4.090314960479736328e+02 1.832376086711883545e+02 3.846987295150756836e+02 1.810681128501892090e+02 1.000000000000000000e+00
4.518768978118896484e+02 1.902186727523803711e+02 4.249516010284423828e+02 1.865553724765777588e+02 4.010569763183593750e+02 1.844858372211456299e+02 1.000000000000000000e+00
5.900454711914062500e+02 4.424586296081542969e+02 5.769375610351562500e+02 4.396372175216674805e+02 5.676402664184570312e+02 4.391433477401733398e+02 2.000000000000000000e+00
3.758609342575073242e+02 2.087199068069458008e+02 3.509764719009399414e+02 2.060474824905395508e+02 3.296618956327438354e+02 2.049903845787048340e+02 1.000000000000000000e+00
3.730698871612548828e+02 5.244466781616210938e+01 3.591728520393371582e+02 5.025375366210937500e+01 3.496955561637878418e+02 4.963557243347167969e+01 2.000000000000000000e+00
4.284228801727294922e+02 1.914433407783508301e+02 4.011994075775146484e+02 1.878360736370086670e+02 3.770347309112548828e+02 1.858890366554260254e+02 1.000000000000000000e+00
4.697638893127441406e+02 2.108669579029083252e+02 4.448073101043701172e+02 2.072972238063812256e+02 4.232053852081298828e+02 2.056354486942291260e+02 1.000000000000000000e+00
5.250390052795410156e+02 4.075427627563476562e+02 5.120250320434570312e+02 4.049651241302490234e+02 5.025037002563476562e+02 4.044015312194824219e+02 2.000000000000000000e+00
5.781654167175292969e+02 4.435937547683715820e+02 5.650798988342285156e+02 4.408120536804199219e+02 5.556526565551757812e+02 4.403186416625976562e+02 2.000000000000000000e+00
5.793014526367187500e+02 3.500831651687622070e+02 5.660045814514160156e+02 3.474045181274414062e+02 5.566166496276855469e+02 3.468827247619628906e+02 2.000000000000000000e+00
5.965191078186035156e+02 3.242823600769042969e+01 5.824175453186035156e+02 2.996023178100585938e+01 5.728203201293945312e+02 2.955452442169189453e+01 2.000000000000000000e+00
3.586701059341430664e+02 4.008329486846923828e+02 3.455885624885559082e+02 3.986468553543090820e+02 3.362098085880279541e+02 3.979895353317260742e+02 2.000000000000000000e+00
4.140621948242187500e+02 3.530016231536865234e+02 4.009600543975830078e+02 3.507321810722351074e+02 3.916225576400756836e+02 3.501980638504028320e+02 2.000000000000000000e+00
4.074358844757080078e+02 4.546569013595581055e+02 3.944624948501586914e+02 4.522681760787963867e+02 3.851104450225830078e+02 4.516104269027709961e+02 2.000000000000000000e+00
4.028258419036865234e+02 4.344578647613525391e+02 3.898808622360229492e+02 4.319962835311889648e+02 3.806001615524291992e+02 4.312369823455810547e+02 2.000000000000000000e+00
5.439945793151855469e+02 4.044455337524414062e+02 5.309035682678222656e+02 4.017879438400268555e+02 5.215681266784667969e+02 4.012568092346191406e+02 2.000000000000000000e+00
4.796055316925048828e+02 4.241190576553344727e+02 4.666171550750732422e+02 4.216098403930664062e+02 4.573014831542968750e+02 4.211017513275146484e+02 2.000000000000000000e+00
4.339129924774169922e+02 4.427499532699584961e+02 4.210127258300781250e+02 4.404090356826782227e+02 4.116371154785156250e+02 4.397450923919677734e+02 2.000000000000000000e+00
3.911338806152343750e+02 4.412719488143920898e+02 3.782207965850830078e+02 4.389430332183837891e+02 3.688454580307006836e+02 4.382003259658813477e+02 2.000000000000000000e+00
3.498917841911315918e+02 1.733916306495666504e+02 3.218680115044116974e+02 1.702997732162475586e+02 2.968086552619934082e+02 1.685361599922180176e+02 1.000000000000000000e+00
5.397500038146972656e+02 3.794005250930786133e+02 5.266860961914062500e+02 3.767639207839965820e+02 5.173474121093750000e+02 3.762839698791503906e+02 2.000000000000000000e+00
5.556891441345214844e+02 4.003568458557128906e+02 5.427211380004882812e+02 3.976239109039306641e+02 5.333074951171875000e+02 3.971076679229736328e+02 2.000000000000000000e+00
5.090899085998535156e+02 5.215099811553955078e+01 4.952290725708007812e+02 4.973267555236816406e+01 4.852428054809570312e+02 4.941015243530273438e+01 2.000000000000000000e+00
4.582240009307861328e+02 3.865225553512573242e+02 4.452809143066406250e+02 3.841373062133789062e+02 4.357589149475097656e+02 3.835342454910278320e+02 2.000000000000000000e+00
5.785704421997070312e+02 3.770436143875122070e+02 5.652956581115722656e+02 3.743179035186767578e+02 5.559542274475097656e+02 3.737399053573608398e+02 2.000000000000000000e+00
5.576252555847167969e+02 3.752957153320312500e+02 5.445361328125000000e+02 3.726817131042480469e+02 5.352042961120605469e+02 3.721290922164916992e+02 2.000000000000000000e+00
2.865438842773437500e+02 4.402030992507934570e+02 2.734842205047607422e+02 4.382974720001220703e+02 2.641923809051513672e+02 4.377202892303466797e+02 2.000000000000000000e+00
5.308789634704589844e+02 7.006782531738281250e+01 5.170278358459472656e+02 6.760740280151367188e+01 5.074398231506347656e+02 6.715119838714599609e+01 2.000000000000000000e+00
4.011512470245361328e+02 6.010025024414062500e+01 3.872379446029663086e+02 5.780043125152587891e+01 3.777938842773437500e+02 5.730338573455810547e+01 2.000000000000000000e+00
4.220019531250000000e+02 4.317974281311035156e+02 4.090338134765625000e+02 4.294407749176025391e+02 3.995849943161010742e+02 4.288724470138549805e+02 2.000000000000000000e+00
5.653856277465820312e+02 4.488580799102783203e+02 5.523879432678222656e+02 4.461892461776733398e+02 5.429016685485839844e+02 4.455447864532470703e+02 2.000000000000000000e+00
3.925225830078125000e+02 1.657331657409667969e+02 3.640776681900024414e+02 1.621335554122924805e+02 3.386198735237121582e+02 1.598960208892822266e+02 1.000000000000000000e+00
5.922383499145507812e+02 3.539652442932128906e+02 5.788990592956542969e+02 3.513162589073181152e+02 5.695195388793945312e+02 3.506802105903625488e+02 2.000000000000000000e+00
4.395124530792236328e+02 3.028555011749267578e+02 4.263606929779052734e+02 3.005631136894226074e+02 4.170906066894531250e+02 3.000024175643920898e+02 2.000000000000000000e+00
3.564830636978149414e+02 2.857776510715484619e+02 3.433239436149597168e+02 2.836788368225097656e+02 3.339866340160369873e+02 2.832097506523132324e+02 2.000000000000000000e+00
4.368468379974365234e+02 4.317655134201049805e+02 4.238547039031982422e+02 4.293843841552734375e+02 4.144621562957763672e+02 4.287343597412109375e+02 2.000000000000000000e+00
5.259425735473632812e+02 3.795846319198608398e+02 5.127233314514160156e+02 3.769652509689331055e+02 5.034746360778808594e+02 3.764941406250000000e+02 2.000000000000000000e+00
5.736172485351562500e+02 3.840391588211059570e+02 5.603194046020507812e+02 3.813376235961914062e+02 5.510094642639160156e+02 3.807323741912841797e+02 2.000000000000000000e+00
4.559359741210937500e+02 3.605116081237792969e+02 4.429814147949218750e+02 3.581525015830993652e+02 4.336885738372802734e+02 3.575600337982177734e+02 2.000000000000000000e+00
2.874730229377746582e+02 3.814104938507080078e+02 2.742806673049926758e+02 3.795738601684570312e+02 2.649253845214843750e+02 3.789483976364135742e+02 2.000000000000000000e+00
5.504248046875000000e+02 3.345199942588806152e+02 5.371995925903320312e+02 3.319126296043395996e+02 5.278815269470214844e+02 3.313932824134826660e+02 2.000000000000000000e+00
4.882952880859375000e+02 2.933512008190155029e+02 4.751333904266357422e+02 2.908956313133239746e+02 4.658266353607177734e+02 2.903751254081726074e+02 2.000000000000000000e+00
3.285738831758499146e+02 3.762496662139892578e+02 3.154854124784469604e+02 3.741552829742431641e+02 3.061419367790222168e+02 3.734261226654052734e+02 2.000000000000000000e+00
4.237316036224365234e+02 1.794981479644775391e+02 3.963915729522705078e+02 1.759148812294006348e+02 3.721471548080444336e+02 1.739414477348327637e+02 1.000000000000000000e+00
3.616677570343017578e+02 3.937890100479125977e+02 3.485955810546875000e+02 3.915949201583862305e+02 3.392347109317779541e+02 3.909643077850341797e+02 2.000000000000000000e+00
3.534009408950805664e+02 4.456092309951782227e+02 3.405097365379333496e+02 4.433988475799560547e+02 3.311375427246093750e+02 4.428442525863647461e+02 2.000000000000000000e+00
3.831582021713256836e+02 1.836769223213195801e+02 3.551375126838684082e+02 1.804346287250518799e+02 3.298416137695312500e+02 1.785921120643615723e+02 1.000000000000000000e+00
4.942339897155761719e+02 3.939359235763549805e+02 4.812684440612792969e+02 3.914367198944091797e+02 4.718768310546875000e+02 3.909651517868041992e+02 2.000000000000000000e+00
4.252177429199218750e+02 4.487713766098022461e+02 4.122980976104736328e+02 4.464357376098632812e+02 4.029688167572021484e+02 4.457702064514160156e+02 2.000000000000000000e+00
5.703191566467285156e+02 4.548681449890136719e+02 5.572846794128417969e+02 4.520997476577758789e+02 5.477628135681152344e+02 4.514289379119873047e+02 2.000000000000000000e+00
5.543975257873535156e+02 4.549473667144775391e+02 5.413266563415527344e+02 4.522060918807983398e+02 5.319012451171875000e+02 4.515841484069824219e+02 2.000000000000000000e+00
4.312264728546142578e+02 4.567781496047973633e+02 4.183120155334472656e+02 4.544474029541015625e+02 4.089825439453125000e+02 4.538301229476928711e+02 2.000000000000000000e+00
4.052077007293701172e+02 3.492133855819702148e+02 3.920734882354736328e+02 3.469271636009216309e+02 3.827228116989135742e+02 3.464287805557250977e+02 2.000000000000000000e+00
4.040690326690673828e+02 3.402267479896545410e+02 3.909850454330444336e+02 3.379965233802795410e+02 3.816201162338256836e+02 3.374626207351684570e+02 2.000000000000000000e+00
3.962862253189086914e+02 1.702199363708496094e+02 3.682580900192260742e+02 1.665541791915893555e+02 3.432705378532409668e+02 1.643956232070922852e+02 1.000000000000000000e+00
3.827991056442260742e+02 4.245169401168823242e+02 3.698291015625000000e+02 4.221847343444824219e+02 3.605084562301635742e+02 4.216994047164916992e+02 2.000000000000000000e+00
5.350889396667480469e+02 3.984587860107421875e+02 5.219993400573730469e+02 3.958360719680786133e+02 5.126433753967285156e+02 3.952877855300903320e+02 2.000000000000000000e+00
5.854483032226562500e+02 3.760410833358764648e+02 5.722533035278320312e+02 3.733022546768188477e+02 5.630098915100097656e+02 3.726711559295654297e+02 2.000000000000000000e+00
4.667482280731201172e+02 4.435386085510253906e+02 4.538096046447753906e+02 4.410211944580078125e+02 4.444753170013427734e+02 4.404109668731689453e+02 2.000000000000000000e+00
3.901025104522705078e+02 3.774032020568847656e+02 3.772416400909423828e+02 3.751942205429077148e+02 3.678768301010131836e+02 3.745526218414306641e+02 2.000000000000000000e+00
4.117716407775878906e+02 4.161714935302734375e+02 3.987666940689086914e+02 4.137855863571166992e+02 3.893967008590698242e+02 4.131807947158813477e+02 2.000000000000000000e+00
3.696633911132812500e+02 3.039430546760559082e+02 3.565964055061340332e+02 3.017583346366882324e+02 3.473694157600402832e+02 3.009213280677795410e+02 2.000000000000000000e+00
4.150065040588378906e+02 3.431235122680664062e+02 4.019476985931396484e+02 3.408136653900146484e+02 3.926162433624267578e+02 3.403335928916931152e+02 2.000000000000000000e+00
4.100622844696044922e+02 1.924707770347595215e+02 3.855964994430541992e+02 1.889411580562591553e+02 3.617755460739135742e+02 1.871591913700103760e+02 1.000000000000000000e+00
5.631729698181152344e+02 3.374110794067382812e+02 5.499895668029785156e+02 3.347742390632629395e+02 5.405740356445312500e+02 3.342666077613830566e+02 2.000000000000000000e+00
3.698689603805541992e+02 4.336233329772949219e+02 3.569776606559753418e+02 4.313335418701171875e+02 3.476406264305114746e+02 4.308964061737060547e+02 2.000000000000000000e+00
4.548536968231201172e+02 4.394676017761230469e+02 4.419718933105468750e+02 4.370036745071411133e+02 4.326540565490722656e+02 4.364009571075439453e+02 2.000000000000000000e+00
2.864164733886718750e+02 2.937429821491241455e+02 2.733629131317138672e+02 2.917287611961364746e+02 2.640204763412475586e+02 2.911323881149291992e+02 2.000000000000000000e+00
5.086548233032226562e+02 9.996807575225830078e+01 4.947047233581542969e+02 9.756075382232666016e+01 4.868313598632812500e+02 9.729623794555664062e+01 2.000000000000000000e+00
5.753875160217285156e+02 3.591462779045104980e+02 5.620910072326660156e+02 3.563898038864135742e+02 5.527110099792480469e+02 3.559141874313354492e+02 2.000000000000000000e+00
5.878377723693847656e+02 5.037433147430419922e+01 5.737493324279785156e+02 4.797526359558105469e+01 5.641150474548339844e+02 4.761440277099609375e+01 2.000000000000000000e+00
4.247076129913330078e+02 7.823588848114013672e+01 4.107239723205566406e+02 7.587884902954101562e+01 4.019726848602294922e+02 7.565026760101318359e+01 2.000000000000000000e+00
3.861565542221069336e+02 1.794923543930053711e+02 3.587748408317565918e+02 1.761431694030761719e+02 3.337489020824432373e+02 1.742913293838500977e+02 1.000000000000000000e+00
4.083840942382812500e+02 7.851041793823242188e+01 3.944873380661010742e+02 7.625581741333007812e+01 3.854466581344604492e+02 7.593664169311523438e+01 2.000000000000000000e+00
3.778211355209350586e+02 4.305432271957397461e+02 3.649227285385131836e+02 4.282230949401855469e+02 3.556196284294128418e+02 4.277333164215087891e+02 2.000000000000000000e+00
3.388783872127532959e+02 4.012463092803955078e+02 3.260005491971969604e+02 3.990698289871215820e+02 3.165511777997016907e+02 3.986327648162841797e+02 2.000000000000000000e+00
3.643192768096923828e+02 3.667690229415893555e+02 3.512823486328125000e+02 3.646015405654907227e+02 3.419328927993774414e+02 3.639510297775268555e+02 2.000000000000000000e+00
5.979519653320312500e+02 4.533791685104370117e+02 5.849389648437500000e+02 4.504951000213623047e+02 5.756108474731445312e+02 4.499135541915893555e+02 2.000000000000000000e+00
3.752231740951538086e+02 3.755732202529907227e+02 3.623264455795288086e+02 3.733830642700195312e+02 3.529632258415222168e+02 3.727369737625122070e+02 2.000000000000000000e+00
4.852049636840820312e+02 6.035114765167236328e+01 4.713126564025878906e+02 5.798618316650390625e+01 4.617909240722656250e+02 5.748604774475097656e+01 2.000000000000000000e+00
3.516749882698059082e+02 2.938615429401397705e+02 3.385630500316619873e+02 2.917834818363189697e+02 3.292918699979782104e+02 2.912507057189941406e+02 2.000000000000000000e+00
4.333941650390625000e+02 3.907242536544799805e+02 4.203706645965576172e+02 3.883795881271362305e+02 4.111240291595458984e+02 3.878472661972045898e+02 2.000000000000000000e+00
3.821935415267944336e+02 3.795015907287597656e+02 3.693247985839843750e+02 3.772937107086181641e+02 3.600350046157836914e+02 3.766677331924438477e+02 2.000000000000000000e+00
5.092386817932128906e+02 3.021464896202087402e+02 4.960507583618164062e+02 2.996422755718231201e+02 4.867144584655761719e+02 2.991781640052795410e+02 2.000000000000000000e+00
4.835938453674316406e+02 4.431497669219970703e+02 4.705650615692138672e+02 4.405458784103393555e+02 4.612680339813232422e+02 4.399579238891601562e+02 2.000000000000000000e+00
3.885970449447631836e+02 4.542739391326904297e+01 3.746489858627319336e+02 4.317521095275878906e+01 3.655301809310913086e+02 4.307797908782958984e+01 2.000000000000000000e+00
5.363489341735839844e+02 4.423111724853515625e+02 5.234007644653320312e+02 4.396281480789184570e+02 5.141857337951660156e+02 4.390470743179321289e+02 2.000000000000000000e+00
5.576753044128417969e+02 3.932783603668212891e+02 5.446540641784667969e+02 3.906025743484497070e+02 5.352963829040527344e+02 3.900573492050170898e+02 2.000000000000000000e+00
4.615394020080566406e+02 4.192813539505004883e+02 4.484737300872802734e+02 4.168199014663696289e+02 4.392565345764160156e+02 4.162066125869750977e+02 2.000000000000000000e+00
4.374661922454833984e+02 2.958159220218658447e+02 4.242751502990722656e+02 2.935334515571594238e+02 4.150408935546875000e+02 2.929954862594604492e+02 2.000000000000000000e+00
