2.348692035675048828e+02 1.960150873661041260e+02 2.321940612792968750e+02 1.931853139400482178e+02 2.360720634460449219e+02 1.909180426597595215e+02 1.000000000000000000e+00
2.443929910659790039e+02 8.674263954162597656e+00 2.376622772216796875e+02 6.290903091430664062e+00 2.382288646697998047e+02 4.726338386535644531e+00 2.000000000000000000e+00
1.980061435699462891e+02 1.934036242961883545e+02 1.947825145721435547e+02 1.905708432197570801e+02 1.981713199615478516e+02 1.882876718044281006e+02 1.000000000000000000e+00
9.351926803588867188e+01 2.972650480270385742e+02 8.733255386352539062e+01 2.952658402919769287e+02 8.777805328369140625e+01 2.937639784812927246e+02 2.000000000000000000e+00
8.778964996337890625e+01 2.788804936408996582e+02 8.162042617797851562e+01 2.773147594928741455e+02 8.214397430419921875e+01 2.755940580368041992e+02 2.000000000000000000e+00
2.492976665496826172e+02 2.006750178337097168e+02 2.468191957473754883e+02 1.979699242115020752e+02 2.509681224822998047e+02 1.958594334125518799e+02 1.000000000000000000e+00
2.120968437194824219e+02 1.969036531448364258e+02 2.090096759796142578e+02 1.942115306854248047e+02 2.127445793151855469e+02 1.919271683692932129e+02 1.000000000000000000e+00
1.019495773315429688e+02 2.788351142406463623e+02 9.560796737670898438e+01 2.771746838092803955e+02 9.610675811767578125e+01 2.755827355384826660e+02 2.000000000000000000e+00
9.674646377563476562e+01 2.437803956866264343e+02 9.039934158325195312e+01 2.416798401251435280e+02 9.100625991821289062e+01 2.401928558433428407e+02 2.000000000000000000e+00
2.043649768829345703e+02 1.982156360149383545e+02 2.011600780487060547e+02 1.954333162307739258e+02 2.045772552490234375e+02 1.931996583938598633e+02 1.000000000000000000e+00
2.142060565948486328e+02 1.858515000343322754e+02 2.110709667205810547e+02 1.830171775817871094e+02 2.146035575866699219e+02 1.806444525718688965e+02 1.000000000000000000e+00
3.141730040311813354e+02 1.913982868194580078e+01 3.075895988941192627e+02 1.664195537567138672e+01 3.079857170581817627e+02 1.508049488067626953e+01 2.000000000000000000e+00
2.259837436676025391e+02 1.862157726287841797e+02 2.231307983398437500e+02 1.833069884777069092e+02 2.268350028991699219e+02 1.809632062911987305e+02 1.000000000000000000e+00
3.263544619083404541e+02 2.446104736626148224e+02 3.202310791052877903e+02 2.422097627073526382e+02 3.207594909518957138e+02 2.406754761189222336e+02 2.000000000000000000e+00
1.986813926696777344e+02 1.985759103298187256e+02 1.954833984375000000e+02 1.957829260826110840e+02 1.988341808319091797e+02 1.935361611843109131e+02 1.000000000000000000e+00
2.965704655647277832e+02 5.035986900329589844e+01 2.901418447494506836e+02 4.788508415222167969e+01 2.904178762435913086e+02 4.640875339508056641e+01 2.000000000000000000e+00
1.872268390655517578e+02 1.959524345397949219e+02 1.839176464080810547e+02 1.932864797115325928e+02 1.872630310058593750e+02 1.909702742099761963e+02 1.000000000000000000e+00
2.636407756805419922e+02 3.028861999511718750e+01 2.571831941604614258e+02 2.784328937530517578e+01 2.575809621810913086e+02 2.623882770538330078e+01 2.000000000000000000e+00
2.463423156738281250e+02 1.930163705348968506e+02 2.437555360794067383e+02 1.902113771438598633e+02 2.479946422576904297e+02 1.880224442481994629e+02 1.000000000000000000e+00
1.904737186431884766e+02 2.118260335922241211e+02 1.874432945251464844e+02 2.092952084541320801e+02 1.909176921844482422e+02 2.071809983253479004e+02 1.000000000000000000e+00
2.467010641098022461e+02 1.973870658874511719e+02 2.441974306106567383e+02 1.945774805545806885e+02 2.483144378662109375e+02 1.924275040626525879e+02 1.000000000000000000e+00
2.189638614654541016e+02 2.008312654495239258e+02 2.161560630798339844e+02 1.981455659866333008e+02 2.197365856170654297e+02 1.958972454071044922e+02 1.000000000000000000e+00
2.396422386169433594e+02 2.156180405616760254e+02 2.373741245269775391e+02 2.128448313474655151e+02 2.411088705062866211e+02 2.108747702836990356e+02 1.000000000000000000e+00
2.464102315902709961e+02 2.017093777656555176e+02 2.439591646194458008e+02 1.990068340301513672e+02 2.481039857864379883e+02 1.968751966953277588e+02 1.000000000000000000e+00
2.417273569107055664e+02 1.988066697120666504e+02 2.392076206207275391e+02 1.960155773162841797e+02 2.432180786132812500e+02 1.938011133670806885e+02 1.000000000000000000e+00
1.991155529022216797e+02 3.321677684783935547e+01 1.924288177490234375e+02 3.085062503814697266e+01 1.929728031158447266e+02 2.938948631286621094e+01 2.000000000000000000e+00
2.534129190444946289e+02 1.378427982330322266e+01 2.466965913772583008e+02 1.141037464141845703e+01 2.472497415542602539e+02 9.834952354431152344e+00 2.000000000000000000e+00
2.696660470962524414e+02 1.925365447998046875e+01 2.631825876235961914e+02 1.679656505584716797e+01 2.635661602020263672e+02 1.524446010589599609e+01 2.000000000000000000e+00
2.216529178619384766e+02 1.828432738780975342e+02 2.187632560729980469e+02 1.798174095153808594e+02 2.225529289245605469e+02 1.774508786201477051e+02 1.000000000000000000e+00
1.223466491699218750e+02 3.997278213500976562e+01 1.156657981872558594e+02 3.773290157318115234e+01 1.159555053710937500e+02 3.606658458709716797e+01 2.000000000000000000e+00
3.255045169591903687e+02 2.244383078813552856e+02 3.193000183254480362e+02 2.219821608066558838e+02 3.199899902346078306e+02 2.206903374195098877e+02 2.000000000000000000e+00
1.715572452545166016e+02 1.970655798912048340e+02 1.683107089996337891e+02 1.943206751346588135e+02 1.716958141326904297e+02 1.919671618938446045e+02 1.000000000000000000e+00
2.483815622329711914e+02 1.982886779308319092e+02 2.458544588088989258e+02 1.954958939552307129e+02 2.499471902847290039e+02 1.933812224864959717e+02 1.000000000000000000e+00
2.450617361068725586e+02 1.980884671211242676e+02 2.425009441375732422e+02 1.952931189537048340e+02 2.465916299819946289e+02 1.931114494800567627e+02 1.000000000000000000e+00
3.880071640014648438e+01 4.200269222259521484e+02 3.271610260009765625e+01 4.182806539535522461e+02 3.334833145141601562e+01 4.165992593765258789e+02 2.000000000000000000e+00
2.223415470123291016e+02 1.838499104976654053e+02 2.193407535552978516e+02 1.809023880958557129e+02 2.229701042175292969e+02 1.785650467872619629e+02 1.000000000000000000e+00
2.727522277832031250e+02 1.108268737792968750e+01 2.662307405471801758e+02 8.640117645263671875e+00 2.666012573242187500e+02 7.129039764404296875e+00 2.000000000000000000e+00
2.465065908432006836e+02 2.037949669361114502e+02 2.440263032913208008e+02 2.011059558391571045e+02 2.481678152084350586e+02 1.990438520908355713e+02 1.000000000000000000e+00
2.019349670410156250e+02 4.214152050018310547e+02 1.961131000518798828e+02 4.191936779022216797e+02 1.967250537872314453e+02 4.175847816467285156e+02 2.000000000000000000e+00
2.931997299194335938e+01 5.650643348693847656e+01 2.267143249511718750e+01 5.445729732513427734e+01 2.305053710937500000e+01 5.282358169555664062e+01 2.000000000000000000e+00
2.063994121551513672e+02 1.939208972454071045e+02 2.031773376464843750e+02 1.911937093734741211e+02 2.065952301025390625e+02 1.888297998905181885e+02 1.000000000000000000e+00
1.327328300476074219e+02 2.754727792739868164e+02 1.265880584716796875e+02 2.734394252300262451e+02 1.270554351806640625e+02 2.720105302333831787e+02 2.000000000000000000e+00
2.375891685485839844e+02 2.065711212158203125e+02 2.351246738433837891e+02 2.038836944103240967e+02 2.392961597442626953e+02 2.018710613250732422e+02 1.000000000000000000e+00
2.405379772186279297e+02 1.942131793498992920e+02 2.378983020782470703e+02 1.913397967815399170e+02 2.418382120132446289e+02 1.891252720355987549e+02 1.000000000000000000e+00
1.898042583465576172e+02 1.995639324188232422e+02 1.865326213836669922e+02 1.968821382522583008e+02 1.898611545562744141e+02 1.946124243736267090e+02 1.000000000000000000e+00
2.425512075424194336e+02 2.020230066776275635e+02 2.401247262954711914e+02 1.992895781993865967e+02 2.442383718490600586e+02 1.971669137477874756e+02 1.000000000000000000e+00
8.946889877319335938e+01 2.911723673343658447e+02 8.331846237182617188e+01 2.891763031482696533e+02 8.379083633422851562e+01 2.876782858371734619e+02 2.000000000000000000e+00
3.274533081054687500e+02 2.334109340608119965e+02 3.212969055771827698e+02 2.309673151373863220e+02 3.218080444633960724e+02 2.295428001880645752e+02 2.000000000000000000e+00
1.007016563415527344e+02 2.880627465248107910e+02 9.438974380493164062e+01 2.863070404529571533e+02 9.486860275268554688e+01 2.847251594066619873e+02 2.000000000000000000e+00
2.438665771484375000e+02 1.940339040756225586e+02 2.412722635269165039e+02 1.912147021293640137e+02 2.452905130386352539e+02 1.889892697334289551e+02 1.000000000000000000e+00
2.094132518768310547e+02 1.956314206123352051e+02 2.062918853759765625e+02 1.928966653347015381e+02 2.098787689208984375e+02 1.906377375125885010e+02 1.000000000000000000e+00
2.246280384063720703e+02 1.944144880771636963e+02 2.217623996734619141e+02 1.915575528144836426e+02 2.253458690643310547e+02 1.893564426898956299e+02 1.000000000000000000e+00
2.659018564224243164e+02 4.311684036254882812e+02 2.601509094238281250e+02 4.288775682449340820e+02 2.607064485549926758e+02 4.273885917663574219e+02 2.000000000000000000e+00
2.020223808288574219e+02 2.015061485767364502e+02 1.987585735321044922e+02 1.987840569019317627e+02 2.021877098083496094e+02 1.965524411201477051e+02 1.000000000000000000e+00
2.410191345214843750e+02 3.811219596862792969e+02 2.351667022705078125e+02 3.788083505630493164e+02 2.356174182891845703e+02 3.772931241989135742e+02 2.000000000000000000e+00
1.319763565063476562e+02 4.345870971679687500e+01 1.252515411376953125e+02 4.118824481964111328e+01 1.254280853271484375e+02 3.943551063537597656e+01 2.000000000000000000e+00
5.129924774169921875e+01 3.844526767730712891e+02 4.525135040283203125e+01 3.824481010437011719e+02 4.571615219116210938e+01 3.809583806991577148e+02 2.000000000000000000e+00
2.361636924743652344e+02 2.018421757221221924e+02 2.335398864746093750e+02 1.990603458881378174e+02 2.374758148193359375e+02 1.968215310573577881e+02 1.000000000000000000e+00
2.428592538833618164e+02 2.036672329902648926e+02 2.404190206527709961e+02 2.009378492832183838e+02 2.445395946502685547e+02 1.988776516914367676e+02 1.000000000000000000e+00
3.152140197157859802e+02 4.182568502426147461e+02 3.093481445312500000e+02 4.158262968063354492e+02 3.098273003101348877e+02 4.142887401580810547e+02 2.000000000000000000e+00
1.922876453399658203e+02 2.104051190614700317e+02 1.891591167449951172e+02 2.077983212471008301e+02 1.925692462921142578e+02 2.056832420825958252e+02 1.000000000000000000e+00
9.432130813598632812e+01 2.496231079101562500e+01 8.751684188842773438e+01 2.273025512695312500e+01 8.793176651000976562e+01 2.119527339935302734e+01 2.000000000000000000e+00
2.272032260894775391e+02 2.036832726001739502e+02 2.250339794158935547e+02 2.009813833236694336e+02 2.285366821289062500e+02 1.987523031234741211e+02 1.000000000000000000e+00
2.309536075592041016e+02 2.149236738681793213e+02 2.286504936218261719e+02 2.123306715488433838e+02 2.328184604644775391e+02 2.100651848316192627e+02 1.000000000000000000e+00
2.508652019500732422e+02 3.839998912811279297e+02 2.450488424301147461e+02 3.816940069198608398e+02 2.455499410629272461e+02 3.802298069000244141e+02 2.000000000000000000e+00
3.032598567008972168e+02 4.194183397293090820e+02 2.974667358398437500e+02 4.171137428283691406e+02 2.979783630371093750e+02 4.155525970458984375e+02 2.000000000000000000e+00
3.052821040153503418e+02 3.266897320747375488e+02 2.993161320686340332e+02 3.243526625633239746e+02 2.998358464241027832e+02 3.228105211257934570e+02 2.000000000000000000e+00
3.192757873237133026e+02 9.983596801757812500e+00 3.126987302303314209e+02 7.508382797241210938e+00 3.130898433923721313e+02 5.920357704162597656e+00 2.000000000000000000e+00
8.194433212280273438e+01 3.777351093292236328e+02 7.585880279541015625e+01 3.758892917633056641e+02 7.646162033081054688e+01 3.743447685241699219e+02 2.000000000000000000e+00
1.394040298461914062e+02 3.295863103866577148e+02 1.334251976013183594e+02 3.275468802452087402e+02 1.340423393249511719e+02 3.259108328819274902e+02 2.000000000000000000e+00
1.312517166137695312e+02 4.314976930618286133e+02 1.253404998779296875e+02 4.295112419128417969e+02 1.258595466613769531e+02 4.278808736801147461e+02 2.000000000000000000e+00
1.258595848083496094e+02 4.112874555587768555e+02 1.200816154479980469e+02 4.092304801940917969e+02 1.208549690246582031e+02 4.075763082504272461e+02 2.000000000000000000e+00
2.699543762207031250e+02 3.807244634628295898e+02 2.640089702606201172e+02 3.784062337875366211e+02 2.645649719238281250e+02 3.768089389801025391e+02 2.000000000000000000e+00
2.054050731658935547e+02 4.008008480072021484e+02 1.994877624511718750e+02 3.986513185501098633e+02 2.001506614685058594e+02 3.970492887496948242e+02 2.000000000000000000e+00
1.584644126892089844e+02 4.195275020599365234e+02 1.526293945312500000e+02 4.175094652175903320e+02 1.531706809997558594e+02 4.159839248657226562e+02 2.000000000000000000e+00
1.141786766052246094e+02 4.185805463790893555e+02 1.082195663452148438e+02 4.164820718765258789e+02 1.089153099060058594e+02 4.149238014221191406e+02 2.000000000000000000e+00
1.863425540924072266e+02 1.891175365447998047e+02 1.829204273223876953e+02 1.864020967483520508e+02 1.862365245819091797e+02 1.840987658500671387e+02 1.000000000000000000e+00
2.659149789810180664e+02 3.559125423431396484e+02 2.599571514129638672e+02 3.535787129402160645e+02 2.604019451141357422e+02 3.520598816871643066e+02 2.000000000000000000e+00
2.814911198616027832e+02 3.765568542480468750e+02 2.755542612075805664e+02 3.742567491531372070e+02 2.761151123046875000e+02 3.726855468750000000e+02 2.000000000000000000e+00
2.319275188446044922e+02 2.781339168548583984e+01 2.252711582183837891e+02 2.551716327667236328e+01 2.261734580993652344e+02 2.375929355621337891e+01 2.000000000000000000e+00
1.842219543457031250e+02 3.631869220733642578e+02 1.781154441833496094e+02 3.609741210937500000e+02 1.786563873291015625e+02 3.594002723693847656e+02 2.000000000000000000e+00
3.041144096851348877e+02 3.534699797630310059e+02 2.982600998878479004e+02 3.510636019706726074e+02 2.988167119026184082e+02 3.494874000549316406e+02 2.000000000000000000e+00
2.837869572639465332e+02 3.517238187789916992e+02 2.777657747268676758e+02 3.494328331947326660e+02 2.782333374023437500e+02 3.479209685325622559e+02 2.000000000000000000e+00
6.571063995361328125e+00 4.184155941009521484e+02 6.781578063964843750e-01 4.166610145568847656e+02 1.246604919433593750e+00 4.152299308776855469e+02 2.000000000000000000e+00
2.539322948455810547e+02 4.575150489807128906e+01 2.474304056167602539e+02 4.339334964752197266e+01 2.478339672088623047e+02 4.178674221038818359e+01 2.000000000000000000e+00
1.222373199462890625e+02 3.286069393157958984e+01 1.155646705627441406e+02 3.064548969268798828e+01 1.158787727355957031e+02 2.896622657775878906e+01 2.000000000000000000e+00
1.466494178771972656e+02 4.085431051254272461e+02 1.407302093505859375e+02 4.064735126495361328e+02 1.413283729553222656e+02 4.050589370727539062e+02 2.000000000000000000e+00
2.907451176643371582e+02 4.248660707473754883e+02 2.849031066894531250e+02 4.225596427917480469e+02 2.853435659408569336e+02 4.209794998168945312e+02 2.000000000000000000e+00
2.188817310333251953e+02 1.877647054195404053e+02 2.158806133270263672e+02 1.849276542663574219e+02 2.195098114013671875e+02 1.825891077518463135e+02 1.000000000000000000e+00
3.179649658501148224e+02 3.305519127845764160e+02 3.121042782068252563e+02 3.282093858718872070e+02 3.125141602754592896e+02 3.266352295875549316e+02 2.000000000000000000e+00
1.664731693267822266e+02 2.795955848693847656e+02 1.602521038055419922e+02 2.775041234493255615e+02 1.606308269500732422e+02 2.759093964099884033e+02 2.000000000000000000e+00
8.125295639038085938e+01 2.621030902862548828e+02 7.519748687744140625e+01 2.599680483341217041e+02 7.568510055541992188e+01 2.585605788230895996e+02 2.000000000000000000e+00
1.612635135650634766e+02 4.084044027328491211e+02 1.554063796997070312e+02 4.063470554351806641e+02 1.559849739074707031e+02 4.047796440124511719e+02 2.000000000000000000e+00
2.520654916763305664e+02 3.561955618858337402e+02 2.461272859573364258e+02 3.538764381408691406e+02 2.465507936477661133e+02 3.523923110961914062e+02 2.000000000000000000e+00
2.991974472999572754e+02 3.604348468780517578e+02 2.933241868019104004e+02 3.580234122276306152e+02 2.938402104377746582e+02 3.564890527725219727e+02 2.000000000000000000e+00
1.821685123443603516e+02 3.373540377616882324e+02 1.761693382263183594e+02 3.352450919151306152e+02 1.765962219238281250e+02 3.335591483116149902e+02 2.000000000000000000e+00
9.086818695068359375e+00 3.585149931907653809e+02 2.769641876220703125e+00 3.567158603668212891e+02 3.325901031494140625e+00 3.551476478576660156e+02 2.000000000000000000e+00
2.771256399154663086e+02 3.113274264335632324e+02 2.711137056350708008e+02 3.089749503135681152e+02 2.715931367874145508e+02 3.074730849266052246e+02 2.000000000000000000e+00
2.153967571258544922e+02 2.702700805664062500e+02 2.093245792388916016e+02 2.679292613267898560e+02 2.098477172851562500e+02 2.663981026411056519e+02 2.000000000000000000e+00
5.127868652343750000e+01 3.528047561645507812e+02 4.509338378906250000e+01 3.508422875404357910e+02 4.568359375000000000e+01 3.493401217460632324e+02 2.000000000000000000e+00
2.224839019775390625e+02 1.963674759864807129e+02 2.196474552154541016e+02 1.935610163211822510e+02 2.232159709930419922e+02 1.913681173324584961e+02 1.000000000000000000e+00
8.506208419799804688e+01 3.707055473327636719e+02 7.897256851196289062e+01 3.688475704193115234e+02 7.956209182739257812e+01 3.673080825805664062e+02 2.000000000000000000e+00
7.561780929565429688e+01 4.231042242050170898e+02 6.965560913085937500e+01 4.212884616851806641e+02 7.028570175170898438e+01 4.196792364120483398e+02 2.000000000000000000e+00
2.083424186706542969e+02 1.982114088535308838e+02 2.050665283203125000e+02 1.954747903347015381e+02 2.085181236267089844e+02 1.932689344882965088e+02 1.000000000000000000e+00
2.201752281188964844e+02 3.705968713760375977e+02 2.142599296569824219e+02 3.684001493453979492e+02 2.148883342742919922e+02 3.667980051040649414e+02 2.000000000000000000e+00
1.495287513732910156e+02 4.255485677719116211e+02 1.436961936950683594e+02 4.235012340545654297e+02 1.442601966857910156e+02 4.220192098617553711e+02 2.000000000000000000e+00
2.955516648292541504e+02 4.307211112976074219e+02 2.896782231330871582e+02 4.283830118179321289e+02 2.901704716682434082e+02 4.268206930160522461e+02 2.000000000000000000e+00
2.798655080795288086e+02 4.308733606338500977e+02 2.740800476074218750e+02 4.285504245758056641e+02 2.746025085449218750e+02 4.270259141921997070e+02 2.000000000000000000e+00
1.555561447143554688e+02 4.337404918670654297e+02 1.497060585021972656e+02 4.316686820983886719e+02 1.503190040588378906e+02 4.301237869262695312e+02 2.000000000000000000e+00
1.304568481445312500e+02 3.256160902976989746e+02 1.244302558898925781e+02 3.235806012153625488e+02 1.250779342651367188e+02 3.219507765769958496e+02 2.000000000000000000e+00
1.295420837402343750e+02 3.166309547424316406e+02 1.235124969482421875e+02 3.146719980239868164e+02 1.241099357604980469e+02 3.130607914924621582e+02 2.000000000000000000e+00
2.190819072723388672e+02 1.905596745014190674e+02 2.161436176300048828e+02 1.877365386486053467e+02 2.197180175781250000e+02 1.854373455047607422e+02 1.000000000000000000e+00
1.061823654174804688e+02 4.015645551681518555e+02 1.002954101562500000e+02 3.995663881301879883e+02 1.007462882995605469e+02 3.980526494979858398e+02 2.000000000000000000e+00
2.611499309539794922e+02 3.747597169876098633e+02 2.552232980728149414e+02 3.724331760406494141e+02 2.557844972610473633e+02 3.709187364578247070e+02 2.000000000000000000e+00
3.113790279626846313e+02 3.524204778671264648e+02 3.055405271053314209e+02 3.499831581115722656e+02 3.060230410099029541e+02 3.484249305725097656e+02 2.000000000000000000e+00
1.916574859619140625e+02 4.193256282806396484e+02 1.857720756530761719e+02 4.171086215972900391e+02 1.863653564453125000e+02 4.155228710174560547e+02 2.000000000000000000e+00
1.147515106201171875e+02 3.543024945259094238e+02 1.086964607238769531e+02 3.522218656539916992e+02 1.092911529541015625e+02 3.507606554031372070e+02 2.000000000000000000e+00
1.362481880187988281e+02 3.927366113662719727e+02 1.302908515930175781e+02 3.906512546539306641e+02 1.308745574951171875e+02 3.890599107742309570e+02 2.000000000000000000e+00
9.487937927246093750e+01 2.799789762496948242e+02 8.862165451049804688e+01 2.783399999141693115e+02 8.912115097045898438e+01 2.766772770881652832e+02 2.000000000000000000e+00
1.405238914489746094e+02 3.198463797569274902e+02 1.345120429992675781e+02 3.177508878707885742e+02 1.351151084899902344e+02 3.162044119834899902e+02 2.000000000000000000e+00
2.139703845977783203e+02 2.043678402900695801e+02 2.106899738311767578e+02 2.018077683448791504e+02 2.145135021209716797e+02 1.996270108222961426e+02 1.000000000000000000e+00
2.897167348861694336e+02 3.141808176040649414e+02 2.837647390365600586e+02 3.117728304862976074e+02 2.843197631835937500e+02 3.103262972831726074e+02 2.000000000000000000e+00
9.336338043212890625e+01 4.108155870437622070e+02 8.742414474487304688e+01 4.089025354385375977e+02 8.793422698974609375e+01 4.073707294464111328e+02 2.000000000000000000e+00
1.799769401550292969e+02 4.158150100708007812e+02 1.740915489196777344e+02 4.136928176879882812e+02 1.746873283386230469e+02 4.122396612167358398e+02 2.000000000000000000e+00
9.057807922363281250e+00 2.695664691925048828e+02 2.840671539306640625e+00 2.677199113368988037e+02 3.446807861328125000e+00 2.662184464931488037e+02 2.000000000000000000e+00
2.372205162048339844e+02 7.612482547760009766e+01 2.303665924072265625e+02 7.370002269744873047e+01 2.297371196746826172e+02 7.203188896179199219e+01 2.000000000000000000e+00
3.013669121265411377e+02 3.355488038063049316e+02 2.953882741928100586e+02 3.332136869430541992e+02 2.958874201774597168e+02 3.316360545158386230e+02 2.000000000000000000e+00
3.101908260583877563e+02 2.821974277496337891e+01 3.036497795581817627e+02 2.569367408752441406e+01 3.040173029899597168e+02 2.411624908447265625e+01 2.000000000000000000e+00
1.478028297424316406e+02 5.241617202758789062e+01 1.409709358215332031e+02 5.009442329406738281e+01 1.405146408081054688e+02 4.809310913085937500e+01 2.000000000000000000e+00
2.083349704742431641e+02 1.955521810054779053e+02 2.050972270965576172e+02 1.928000164031982422e+02 2.085487174987792969e+02 1.905564093589782715e+02 1.000000000000000000e+00
1.328446960449218750e+02 5.359047889709472656e+01 1.261241149902343750e+02 5.132815361022949219e+01 1.258055496215820312e+02 4.931393623352050781e+01 2.000000000000000000e+00
1.013410949707031250e+02 4.076059913635253906e+02 9.545227050781250000e+01 4.056379508972167969e+02 9.596773147583007812e+01 4.041015386581420898e+02 2.000000000000000000e+00
6.128955841064453125e+01 3.784104108810424805e+02 5.532690048217773438e+01 3.764349174499511719e+02 5.579893112182617188e+01 3.749431514739990234e+02 2.000000000000000000e+00
8.844554901123046875e+01 3.436105084419250488e+02 8.236764907836914062e+01 3.416182279586791992e+02 8.300352096557617188e+01 3.400672388076782227e+02 2.000000000000000000e+00
3.230675658583641052e+02 4.288189458847045898e+02 3.172550964355468750e+02 4.264384603500366211e+02 3.176943969726562500e+02 4.248152017593383789e+02 2.000000000000000000e+00
1.001293754577636719e+02 3.525443172454833984e+02 9.391653060913085938e+01 3.505727291107177734e+02 9.450710296630859375e+01 3.490889024734497070e+02 2.000000000000000000e+00
2.089418125152587891e+02 3.524744510650634766e+01 2.023501110076904297e+02 3.289495468139648438e+01 2.027733707427978516e+02 3.139060020446777344e+01 2.000000000000000000e+00
7.673070907592773438e+01 2.701728522777557373e+02 7.062294006347656250e+01 2.681079429388046265e+02 7.119194030761718750e+01 2.666181045770645142e+02 2.000000000000000000e+00
1.588201904296875000e+02 3.674675989151000977e+02 1.527906990051269531e+02 3.654550266265869141e+02 1.535495376586914062e+02 3.638354015350341797e+02 2.000000000000000000e+00
1.071308708190917969e+02 3.563963413238525391e+02 1.009217834472656250e+02 3.543774747848510742e+02 1.015144348144531250e+02 3.529123306274414062e+02 2.000000000000000000e+00
2.365176963806152344e+02 2.788783907890319824e+02 2.304630851745605469e+02 2.766306173801422119e+02 2.310029888153076172e+02 2.750674152374267578e+02 2.000000000000000000e+00
2.087621402740478516e+02 4.194002437591552734e+02 2.029121494293212891e+02 4.171580314636230469e+02 2.035975360870361328e+02 4.155673599243164062e+02 2.000000000000000000e+00
1.131627082824707031e+02 2.249811172485351562e+01 1.062993812561035156e+02 2.007202148437500000e+01 1.061446571350097656e+02 1.775161743164062500e+01 2.000000000000000000e+00
2.621069622039794922e+02 4.185041570663452148e+02 2.562501192092895508e+02 4.162064552307128906e+02 2.568844604492187500e+02 4.146114349365234375e+02 2.000000000000000000e+00
2.833421325683593750e+02 3.694505023956298828e+02 2.773961782455444336e+02 3.671489953994750977e+02 2.778954172134399414e+02 3.656311655044555664e+02 2.000000000000000000e+00
1.868964958190917969e+02 3.959966754913330078e+02 1.810357666015625000e+02 3.937726879119873047e+02 1.815028095245361328e+02 3.922839689254760742e+02 2.000000000000000000e+00
1.645030212402343750e+02 2.725665915012359619e+02 1.582668495178222656e+02 2.704800724983215332e+02 1.586285781860351562e+02 2.688406080007553101e+02 2.000000000000000000e+00
