2.691921091079711914e+02 1.896708941459655762e+02 2.748663330078125000e+02 1.918836021423339844e+02 2.793264770507812500e+02 1.948758065700531006e+02 1.000000000000000000e+00
2.508837890625000000e+02 8.760395050048828125e+00 2.543674755096435547e+02 1.177107810974121094e+01 2.569699382781982422e+02 1.554084777832031250e+01 2.000000000000000000e+00
2.269611835479736328e+02 1.872468388080596924e+02 2.319449329376220703e+02 1.894093465805053711e+02 2.357225894927978516e+02 1.925876140594482422e+02 1.000000000000000000e+00
1.013312339782714844e+02 2.976577484607696533e+02 1.047895622253417969e+02 3.004780912399291992e+02 1.073794555664062500e+02 3.040629315376281738e+02 2.000000000000000000e+00
9.559160232543945312e+01 2.795726323127746582e+02 9.915523529052734375e+01 2.822963261604309082e+02 1.018171691894531250e+02 2.858885514736175537e+02 2.000000000000000000e+00
2.857549738883972168e+02 1.953473317623138428e+02 2.916755676269531250e+02 1.976036810874938965e+02 2.964987492561340332e+02 2.006546473503112793e+02 1.000000000000000000e+00
2.457906627655029297e+02 1.908354771137237549e+02 2.512816476821899414e+02 1.929763162136077881e+02 2.558514261245727539e+02 1.962764275074005127e+02 1.000000000000000000e+00
1.096957588195800781e+02 2.795383000373840332e+02 1.132099723815917969e+02 2.821797823905944824e+02 1.158356475830078125e+02 2.858472025394439697e+02 2.000000000000000000e+00
1.043654060363769531e+02 2.441797792911529541e+02 1.078491401672363281e+02 2.468915104866027832e+02 1.105760765075683594e+02 2.506914827227592468e+02 2.000000000000000000e+00
2.335323905944824219e+02 1.923964512348175049e+02 2.385232353210449219e+02 1.946071922779083252e+02 2.422048473358154297e+02 1.978359496593475342e+02 1.000000000000000000e+00
2.444152498245239258e+02 1.788246560096740723e+02 2.494325399398803711e+02 1.808670616149902344e+02 2.531672334671020508e+02 1.838856768608093262e+02 1.000000000000000000e+00
3.206032104417681694e+02 1.897487640380859375e+01 3.241079100966453552e+02 2.186196327209472656e+01 3.266524046659469604e+02 2.567122936248779297e+01 2.000000000000000000e+00
2.579975271224975586e+02 1.791372013092041016e+02 2.631704378128051758e+02 1.812057316303253174e+02 2.673677968978881836e+02 1.841821396350860596e+02 1.000000000000000000e+00
3.337919926643371582e+02 2.442919313907623291e+02 3.373113715648651123e+02 2.470119479298591614e+02 3.398874819278717041e+02 2.507594302296638489e+02 2.000000000000000000e+00
2.275218009948730469e+02 1.927149188518524170e+02 2.325048923492431641e+02 1.949302053451538086e+02 2.362709808349609375e+02 1.981968677043914795e+02 1.000000000000000000e+00
3.031357419490814209e+02 5.022733211517333984e+01 3.065272819995880127e+02 5.327686786651611328e+01 3.092023313045501709e+02 5.684653759002685547e+01 2.000000000000000000e+00
2.155069065093994141e+02 1.900401449203491211e+02 2.203696537017822266e+02 1.921582925319671631e+02 2.239857482910156250e+02 1.953046703338623047e+02 1.000000000000000000e+00
2.702344942092895508e+02 3.032930374145507812e+01 2.738058757781982422e+02 3.317819595336914062e+01 2.763071298599243164e+02 3.706525325775146484e+01 2.000000000000000000e+00
2.821721196174621582e+02 1.869515204429626465e+02 2.879391169548034668e+02 1.891195499897003174e+02 2.925473022460937500e+02 1.920461547374725342e+02 1.000000000000000000e+00
2.202952098846435547e+02 2.072382652759552002e+02 2.251757526397705078e+02 2.095430588722229004e+02 2.290318298339843750e+02 2.127620530128479004e+02 1.000000000000000000e+00
2.826304626464843750e+02 1.915576457977294922e+02 2.884788203239440918e+02 1.937639272212982178e+02 2.932124924659729004e+02 1.967473733425140381e+02 1.000000000000000000e+00
2.567464876174926758e+02 1.949066305160522461e+02 2.627688264846801758e+02 1.971134626865386963e+02 2.673096895217895508e+02 2.003121006488800049e+02 1.000000000000000000e+00
2.767039775848388672e+02 2.115504741668701172e+02 2.828761887550354004e+02 2.140038746595382690e+02 2.879696965217590332e+02 2.172765344381332397e+02 1.000000000000000000e+00
2.825714111328125000e+02 1.962606024742126465e+02 2.884441828727722168e+02 1.984959089756011963e+02 2.931890559196472168e+02 2.015032482147216797e+02 1.000000000000000000e+00
2.768565654754638672e+02 1.927323424816131592e+02 2.825417160987854004e+02 1.949085831642150879e+02 2.870877981185913086e+02 1.978409564495086670e+02 1.000000000000000000e+00
2.052139091491699219e+02 3.347019195556640625e+01 2.089277744293212891e+02 3.652493476867675781e+01 2.114186859130859375e+02 4.028018474578857422e+01 2.000000000000000000e+00
2.599197673797607422e+02 1.388062477111816406e+01 2.633895874023437500e+02 1.685633182525634766e+01 2.660110759735107422e+02 2.064568519592285156e+01 2.000000000000000000e+00
2.762010478973388672e+02 1.931365013122558594e+01 2.797178316116333008e+02 2.220285415649414062e+01 2.822753596305847168e+02 2.600230693817138672e+01 2.000000000000000000e+00
2.539641857147216797e+02 1.751972007751464844e+02 2.592024517059326172e+02 1.772374534606933594e+02 2.632670259475708008e+02 1.802005577087402344e+02 1.000000000000000000e+00
1.287322616577148438e+02 4.040931701660156250e+01 1.322501754760742188e+02 4.331604480743408203e+01 1.348572731018066406e+02 4.722697734832763672e+01 2.000000000000000000e+00
3.329041135311126709e+02 2.243563073873519897e+02 3.364093935489654541e+02 2.269248649477958679e+02 3.390322577953338623e+02 2.307255703210830688e+02 2.000000000000000000e+00
2.008203887939453125e+02 1.908229959011077881e+02 2.057471561431884766e+02 1.928977346420288086e+02 2.096277332305908203e+02 1.958841526508331299e+02 1.000000000000000000e+00
2.845942997932434082e+02 1.926510429382324219e+02 2.904802250862121582e+02 1.948926079273223877e+02 2.952954101562500000e+02 1.979366576671600342e+02 1.000000000000000000e+00
2.806039118766784668e+02 1.920959150791168213e+02 2.863715505599975586e+02 1.942839038372039795e+02 2.909566640853881836e+02 1.972137594223022461e+02 1.000000000000000000e+00
4.696641921997070312e+01 4.205858516693115234e+02 5.053453445434570312e+01 4.233040809631347656e+02 5.322156906127929688e+01 4.269802951812744141e+02 2.000000000000000000e+00
2.534998750686645508e+02 1.765042376518249512e+02 2.586271667480468750e+02 1.785486602783203125e+02 2.626313161849975586e+02 1.814504206180572510e+02 1.000000000000000000e+00
2.792546367645263672e+02 1.116405487060546875e+01 2.827253103256225586e+02 1.417030334472656250e+01 2.852839970588684082e+02 1.790986061096191406e+01 2.000000000000000000e+00
2.826934194564819336e+02 1.991837882995605469e+02 2.885879516601562500e+02 2.015057981014251709e+02 2.933608698844909668e+02 2.045826244354248047e+02 1.000000000000000000e+00
2.102135276794433594e+02 4.217837619781494141e+02 2.134573459625244141e+02 4.246458292007446289e+02 2.160796070098876953e+02 4.285279941558837891e+02 2.000000000000000000e+00
3.648447036743164062e+01 5.749510288238525391e+01 4.002193450927734375e+01 6.046119689941406250e+01 4.284770965576171875e+01 6.435762405395507812e+01 2.000000000000000000e+00
2.361842346191406250e+02 1.875743079185485840e+02 2.412931823730468750e+02 1.897268199920654297e+02 2.448653554916381836e+02 1.929064929485321045e+02 1.000000000000000000e+00
1.404312324523925781e+02 2.757336759567260742e+02 1.440510368347167969e+02 2.785861229896545410e+02 1.464241790771484375e+02 2.823277902603149414e+02 2.000000000000000000e+00
2.741220378875732422e+02 2.019760251045227051e+02 2.800089716911315918e+02 2.043766450881958008e+02 2.847924804687500000e+02 2.076766026020050049e+02 1.000000000000000000e+00
2.751336050033569336e+02 1.877692401409149170e+02 2.807695007324218750e+02 1.899246633052825928e+02 2.852626943588256836e+02 1.928853750228881836e+02 1.000000000000000000e+00
2.186785602569580078e+02 1.936616027355194092e+02 2.236268138885498047e+02 1.957989621162414551e+02 2.274472808837890625e+02 1.989587688446044922e+02 1.000000000000000000e+00
2.785311889648437500e+02 1.963731515407562256e+02 2.843440842628479004e+02 1.985872614383697510e+02 2.890034794807434082e+02 2.015567922592163086e+02 1.000000000000000000e+00
9.731676101684570312e+01 2.916211867332458496e+02 1.007649230957031250e+02 2.943953883647918701e+02 1.033757781982421875e+02 2.979942977428436279e+02 2.000000000000000000e+00
3.348336493968963623e+02 2.332449182868003845e+02 3.383843994140625000e+02 2.358812101185321808e+02 3.409803175926208496e+02 2.396395416185259819e+02 2.000000000000000000e+00
1.084663963317871094e+02 2.885583221912384033e+02 1.119194412231445312e+02 2.913240373134613037e+02 1.144695472717285156e+02 2.949078404903411865e+02 2.000000000000000000e+00
2.787951326370239258e+02 1.877103567123413086e+02 2.844897460937500000e+02 1.898529803752899170e+02 2.890162348747253418e+02 1.927622652053833008e+02 1.000000000000000000e+00
2.410594463348388672e+02 1.894791090488433838e+02 2.464760732650756836e+02 1.915824544429779053e+02 2.505587625503540039e+02 1.947981691360473633e+02 1.000000000000000000e+00
2.577307415008544922e+02 1.878572666645050049e+02 2.633376169204711914e+02 1.900097930431365967e+02 2.675227355957031250e+02 1.931352818012237549e+02 1.000000000000000000e+00
2.741929912567138672e+02 4.310912847518920898e+02 2.776345491409301758e+02 4.337996292114257812e+02 2.802351069450378418e+02 4.374994897842407227e+02 2.000000000000000000e+00
2.308652019500732422e+02 1.958707559108734131e+02 2.357632446289062500e+02 1.981768333911895752e+02 2.394921112060546875e+02 2.014486992359161377e+02 1.000000000000000000e+00
2.491147136688232422e+02 3.809644603729248047e+02 2.525487041473388672e+02 3.838116502761840820e+02 2.550259685516357422e+02 3.875282335281372070e+02 2.000000000000000000e+00
1.375219535827636719e+02 4.327857971191406250e+01 1.408607101440429688e+02 4.608854770660400391e+01 1.435704994201660156e+02 5.003525733947753906e+01 2.000000000000000000e+00
5.962955474853515625e+01 3.848510456085205078e+02 6.312194824218750000e+01 3.876724004745483398e+02 6.579959869384765625e+01 3.914689064025878906e+02 2.000000000000000000e+00
2.708815288543701172e+02 1.957347679138183594e+02 2.765789461135864258e+02 1.979622924327850342e+02 2.810970449447631836e+02 2.009791696071624756e+02 1.000000000000000000e+00
2.790429973602294922e+02 1.986028432846069336e+02 2.848866581916809082e+02 2.008885180950164795e+02 2.895787048339843750e+02 2.039071190357208252e+02 1.000000000000000000e+00
3.233096009492874146e+02 4.179829216003417969e+02 3.268184512853622437e+02 4.207421064376831055e+02 3.293643188476562500e+02 4.245409297943115234e+02 2.000000000000000000e+00
2.214071655273437500e+02 2.056717658042907715e+02 2.262331867218017578e+02 2.080226576328277588e+02 2.302884197235107422e+02 2.112681251764297485e+02 1.000000000000000000e+00
1.009135627746582031e+02 2.569623470306396484e+01 1.045247268676757812e+02 2.871778964996337891e+01 1.071019554138183594e+02 3.257695198059082031e+01 2.000000000000000000e+00
2.625691843032836914e+02 1.979278993606567383e+02 2.683781433105468750e+02 2.002089965343475342e+02 2.727612590789794922e+02 2.033077061176300049e+02 1.000000000000000000e+00
2.684490966796875000e+02 2.104079568386077881e+02 2.747464275360107422e+02 2.127753889560699463e+02 2.797562551498413086e+02 2.161434620618820190e+02 1.000000000000000000e+00
2.589837026596069336e+02 3.837916088104248047e+02 2.624040222167968750e+02 3.866396284103393555e+02 2.648934316635131836e+02 3.904017162322998047e+02 2.000000000000000000e+00
3.114142453670501709e+02 4.191546964645385742e+02 3.149685972929000854e+02 4.219578409194946289e+02 3.174427488446235657e+02 4.257441759109497070e+02 2.000000000000000000e+00
3.131734615564346313e+02 3.264462947845458984e+02 3.165985411405563354e+02 3.292644381523132324e+02 3.190824890136718750e+02 3.329953336715698242e+02 2.000000000000000000e+00
3.257157593965530396e+02 9.805297851562500000e+00 3.291891783475875854e+02 1.271646022796630859e+01 3.317283630371093750e+02 1.654011726379394531e+01 2.000000000000000000e+00
9.027727127075195312e+01 3.783600854873657227e+02 9.371301651000976562e+01 3.810399484634399414e+02 9.616067886352539062e+01 3.848095464706420898e+02 2.000000000000000000e+00
1.473624610900878906e+02 3.296111226081848145e+02 1.509031486511230469e+02 3.324730610847473145e+02 1.534506225585937500e+02 3.362699031829833984e+02 2.000000000000000000e+00
1.394907569885253906e+02 4.318766212463378906e+02 1.428683280944824219e+02 4.347034978866577148e+02 1.454071235656738281e+02 4.384146881103515625e+02 2.000000000000000000e+00
1.343112754821777344e+02 4.116381883621215820e+02 1.377734565734863281e+02 4.144302749633789062e+02 1.402773475646972656e+02 4.182875776290893555e+02 2.000000000000000000e+00
2.779046297073364258e+02 3.806057167053222656e+02 2.814190983772277832e+02 3.833774185180664062e+02 2.839882802963256836e+02 3.871068191528320312e+02 2.000000000000000000e+00
2.135352039337158203e+02 4.008924293518066406e+02 2.171283721923828125e+02 4.035923480987548828e+02 2.195613384246826172e+02 4.073587417602539062e+02 2.000000000000000000e+00
1.664665508270263672e+02 4.198968029022216797e+02 1.699308300018310547e+02 4.227710294723510742e+02 1.724035644531250000e+02 4.265420293807983398e+02 2.000000000000000000e+00
1.225093269348144531e+02 4.188845300674438477e+02 1.262301063537597656e+02 4.218285655975341797e+02 1.285047149658203125e+02 4.255153656005859375e+02 2.000000000000000000e+00
2.144176006317138672e+02 1.829714190959930420e+02 2.192319011688232422e+02 1.850440943241119385e+02 2.227346324920654297e+02 1.881392633914947510e+02 1.000000000000000000e+00
2.738672161102294922e+02 3.557115268707275391e+02 2.773557138442993164e+02 3.585586595535278320e+02 2.798373413085937500e+02 3.622001981735229492e+02 2.000000000000000000e+00
2.895580124855041504e+02 3.764100980758666992e+02 2.929659104347229004e+02 3.792491769790649414e+02 2.955669546127319336e+02 3.828632640838623047e+02 2.000000000000000000e+00
2.386322021484375000e+02 2.797852993011474609e+01 2.425354433059692383e+02 3.076636791229248047e+01 2.448251008987426758e+02 3.470974445343017578e+01 2.000000000000000000e+00
1.921769237518310547e+02 3.632946825027465820e+02 1.956550884246826172e+02 3.661376094818115234e+02 1.981745147705078125e+02 3.697454023361206055e+02 2.000000000000000000e+00
3.121230161190032959e+02 3.531219506263732910e+02 3.155431517958641052e+02 3.559607577323913574e+02 3.180618895590305328e+02 3.596163082122802734e+02 2.000000000000000000e+00
2.917438054084777832e+02 3.516239976882934570e+02 2.952290034294128418e+02 3.543558382987976074e+02 2.977306818962097168e+02 3.580710840225219727e+02 2.000000000000000000e+00
1.497455596923828125e+01 4.192116165161132812e+02 1.837369918823242188e+01 4.220234155654907227e+02 2.102642059326171875e+01 4.257508993148803711e+02 2.000000000000000000e+00
2.605675649642944336e+02 4.581180095672607422e+01 2.640143442153930664e+02 4.876115798950195312e+01 2.665158987045288086e+02 5.263707160949707031e+01 2.000000000000000000e+00
1.287142372131347656e+02 3.338288784027099609e+01 1.322434616088867188e+02 3.629416465759277344e+01 1.348612403869628906e+02 4.022160530090332031e+01 2.000000000000000000e+00
1.546608924865722656e+02 4.090150880813598633e+02 1.580744743347167969e+02 4.119707965850830078e+02 1.606186389923095703e+02 4.156574535369873047e+02 2.000000000000000000e+00
2.988466787338256836e+02 4.245650053024291992e+02 3.023482966423034668e+02 4.274033260345458984e+02 3.048401176929473877e+02 4.311537265777587891e+02 2.000000000000000000e+00
2.503360605239868164e+02 1.807342207431793213e+02 2.554439210891723633e+02 1.827814757823944092e+02 2.593763399124145508e+02 1.857659590244293213e+02 1.000000000000000000e+00
3.258458864688873291e+02 3.302785706520080566e+02 3.293605041503906250e+02 3.330251240730285645e+02 3.318171083927154541e+02 3.367269659042358398e+02 2.000000000000000000e+00
1.741604328155517578e+02 2.797414577007293701e+02 1.775887393951416016e+02 2.825315272808074951e+02 1.802101993560791016e+02 2.863029813766479492e+02 2.000000000000000000e+00
8.917133331298828125e+01 2.625472122430801392e+02 9.277305603027343750e+01 2.654432988166809082e+02 9.530626296997070312e+01 2.690586555004119873e+02 2.000000000000000000e+00
1.693734550476074219e+02 4.086931514739990234e+02 1.729062366485595703e+02 4.116385030746459961e+02 1.753593540191650391e+02 4.153831529617309570e+02 2.000000000000000000e+00
2.599712228775024414e+02 3.559732747077941895e+02 2.634264802932739258e+02 3.588128757476806641e+02 2.660259389877319336e+02 3.625165843963623047e+02 2.000000000000000000e+00
3.072077941894531250e+02 3.601203346252441406e+02 3.106171566247940063e+02 3.629730606079101562e+02 3.131671142578125000e+02 3.666000366210937500e+02 2.000000000000000000e+00
1.901677417755126953e+02 3.374852657318115234e+02 1.936607837677001953e+02 3.401959919929504395e+02 1.961964416503906250e+02 3.439993357658386230e+02 2.000000000000000000e+00
1.697401046752929688e+01 3.592884564399719238e+02 2.063409805297851562e+01 3.620076656341552734e+02 2.345994949340820312e+01 3.658121681213378906e+02 2.000000000000000000e+00
2.847961735725402832e+02 3.111069345474243164e+02 2.884623408317565918e+02 3.138893795013427734e+02 2.909089970588684082e+02 3.176186871528625488e+02 2.000000000000000000e+00
2.231276416778564453e+02 2.703091156482696533e+02 2.266200542449951172e+02 2.730091273784637451e+02 2.291293048858642578e+02 2.766654074192047119e+02 2.000000000000000000e+00
5.935646057128906250e+01 3.534276795387268066e+02 6.281993865966796875e+01 3.562247657775878906e+02 6.547925949096679688e+01 3.598203492164611816e+02 2.000000000000000000e+00
2.565832519531250000e+02 1.901406848430633545e+02 2.623543691635131836e+02 1.922881436347961426e+02 2.667525911331176758e+02 1.954328119754791260e+02 1.000000000000000000e+00
9.339715957641601562e+01 3.713455295562744141e+02 9.678747177124023438e+01 3.740140771865844727e+02 9.928035736083984375e+01 3.777383565902709961e+02 2.000000000000000000e+00
8.391733169555664062e+01 4.234767866134643555e+02 8.754617691040039062e+01 4.263236761093139648e+02 9.014526367187500000e+01 4.301134443283081055e+02 2.000000000000000000e+00
2.386518955230712891e+02 1.923804008960723877e+02 2.439738750457763672e+02 1.945545637607574463e+02 2.479458284378051758e+02 1.978050684928894043e+02 1.000000000000000000e+00
2.283176708221435547e+02 3.705921649932861328e+02 2.317181491851806641e+02 3.733292627334594727e+02 2.342776584625244141e+02 3.771225929260253906e+02 2.000000000000000000e+00
1.576300430297851562e+02 4.258861827850341797e+02 1.610972404479980469e+02 4.287428712844848633e+02 1.635825920104980469e+02 4.324595117568969727e+02 2.000000000000000000e+00
3.036178588867187500e+02 4.303883743286132812e+02 3.071865844726562500e+02 4.332570362091064453e+02 3.096515810489654541e+02 4.369428777694702148e+02 2.000000000000000000e+00
2.881520390510559082e+02 4.305936098098754883e+02 2.916286015510559082e+02 4.334235334396362305e+02 2.941234731674194336e+02 4.371193599700927734e+02 2.000000000000000000e+00
1.636682701110839844e+02 4.340294837951660156e+02 1.671478271484375000e+02 4.367655372619628906e+02 1.696168613433837891e+02 4.405741739273071289e+02 2.000000000000000000e+00
1.384231758117675781e+02 3.256922650337219238e+02 1.419612503051757812e+02 3.285311937332153320e+02 1.445253944396972656e+02 3.323384428024291992e+02 2.000000000000000000e+00
1.373790931701660156e+02 3.167619395256042480e+02 1.408847236633300781e+02 3.196193003654479980e+02 1.434592628479003906e+02 3.233649945259094238e+02 2.000000000000000000e+00
2.507761526107788086e+02 1.836541879177093506e+02 2.560353708267211914e+02 1.857137417793273926e+02 2.600773286819458008e+02 1.888301360607147217e+02 1.000000000000000000e+00
1.143669509887695312e+02 4.020390701293945312e+02 1.178456687927246094e+02 4.047914457321166992e+02 1.203857231140136719e+02 4.085590553283691406e+02 2.000000000000000000e+00
2.691614961624145508e+02 3.746374225616455078e+02 2.726360177993774414e+02 3.774090957641601562e+02 2.752165842056274414e+02 3.811687088012695312e+02 2.000000000000000000e+00
3.193186035007238388e+02 3.520310425758361816e+02 3.226907348632812500e+02 3.548955130577087402e+02 3.253225404024124146e+02 3.585141062736511230e+02 2.000000000000000000e+00
1.998170757293701172e+02 4.199036407470703125e+02 2.031370353698730469e+02 4.228226423263549805e+02 2.057035541534423828e+02 4.267275524139404297e+02 2.000000000000000000e+00
1.229370498657226562e+02 3.545980310440063477e+02 1.263717651367187500e+02 3.574040865898132324e+02 1.290893745422363281e+02 3.610749006271362305e+02 2.000000000000000000e+00
1.443881416320800781e+02 3.931843328475952148e+02 1.478605079650878906e+02 3.960244274139404297e+02 1.505202484130859375e+02 3.997233295440673828e+02 2.000000000000000000e+00
1.026545524597167969e+02 2.806386137008666992e+02 1.061951828002929688e+02 2.833413112163543701e+02 1.088371086120605469e+02 2.869687843322753906e+02 2.000000000000000000e+00
1.484493446350097656e+02 3.198835515975952148e+02 1.519438743591308594e+02 3.226813387870788574e+02 1.545228195190429688e+02 3.265331125259399414e+02 2.000000000000000000e+00
2.485753297805786133e+02 1.990698838233947754e+02 2.543757009506225586e+02 2.013065922260284424e+02 2.589521455764770508e+02 2.046413540840148926e+02 1.000000000000000000e+00
2.975866079330444336e+02 3.138746953010559082e+02 3.011251831054687500e+02 3.166545438766479492e+02 3.035538935661315918e+02 3.204481887817382812e+02 2.000000000000000000e+00
1.015673637390136719e+02 4.113870620727539062e+02 1.050781059265136719e+02 4.141222572326660156e+02 1.075203704833984375e+02 4.178158378601074219e+02 2.000000000000000000e+00
1.879191589355468750e+02 4.162503719329833984e+02 1.914515686035156250e+02 4.191413640975952148e+02 1.939700412750244141e+02 4.228283214569091797e+02 2.000000000000000000e+00
1.709354400634765625e+01 2.703897428512573242e+02 2.070741653442382812e+01 2.731825268268585205e+02 2.328935623168945312e+01 2.768190336227416992e+02 2.000000000000000000e+00
2.384422779083251953e+02 7.551263809204101562e+01 2.406515169143676758e+02 7.831234931945800781e+01 2.444512033462524414e+02 8.228015899658203125e+01 2.000000000000000000e+00
3.092290949821472168e+02 3.353219032287597656e+02 3.126881408691406250e+02 3.379999423027038574e+02 3.151866453886032104e+02 3.418440628051757812e+02 2.000000000000000000e+00
3.166140440106391907e+02 2.808201313018798828e+01 3.201217041071504354e+02 3.095468044281005859e+01 3.227512511610984802e+02 3.471290588378906250e+01 2.000000000000000000e+00
1.509157943725585938e+02 5.124122142791748047e+01 1.536660957336425781e+02 5.375730514526367188e+01 1.572867012023925781e+02 5.816957473754882812e+01 2.000000000000000000e+00
2.387397098541259766e+02 1.894049334526062012e+02 2.440441751480102539e+02 1.915290355682373047e+02 2.479956674575805664e+02 1.946890997886657715e+02 1.000000000000000000e+00
1.365771484375000000e+02 5.236839294433593750e+01 1.396377372741699219e+02 5.500548362731933594e+01 1.428104209899902344e+02 5.925300121307373047e+01 2.000000000000000000e+00
1.095752906799316406e+02 4.081918430328369141e+02 1.131071662902832031e+02 4.108961534500122070e+02 1.155430221557617188e+02 4.146010780334472656e+02 2.000000000000000000e+00
6.970338821411132812e+01 3.787959623336791992e+02 7.319681167602539062e+01 3.816004085540771484e+02 7.583196640014648438e+01 3.853880023956298828e+02 2.000000000000000000e+00
9.647314071655273438e+01 3.439678716659545898e+02 1.000429534912109375e+02 3.466979455947875977e+02 1.025289154052734375e+02 3.504801678657531738e+02 2.000000000000000000e+00
3.312613523006439209e+02 4.284871673583984375e+02 3.347027897834777832e+02 4.313406515121459961e+02 3.373120427131652832e+02 4.350231456756591797e+02 2.000000000000000000e+00
1.079196357727050781e+02 3.529338097572326660e+02 1.113703536987304688e+02 3.556702923774719238e+02 1.139439773559570312e+02 3.593283748626708984e+02 2.000000000000000000e+00
2.152448081970214844e+02 3.552522182464599609e+01 2.186994457244873047e+02 3.850818157196044922e+01 2.213004112243652344e+02 4.231212615966796875e+01 2.000000000000000000e+00
8.448991775512695312e+01 2.706573808193206787e+02 8.818040847778320312e+01 2.735140693187713623e+02 9.073261260986328125e+01 2.771284818649291992e+02 2.000000000000000000e+00
1.669266223907470703e+02 3.677573060989379883e+02 1.704737663269042969e+02 3.704786682128906250e+02 1.730307006835937500e+02 3.741817045211791992e+02 2.000000000000000000e+00
1.151290893554687500e+02 3.567390489578247070e+02 1.185350990295410156e+02 3.595371794700622559e+02 1.211742591857910156e+02 3.632109689712524414e+02 2.000000000000000000e+00
2.441790771484375000e+02 2.787365448474884033e+02 2.476880168914794922e+02 2.816341280937194824e+02 2.502694559097290039e+02 2.852941310405731201e+02 2.000000000000000000e+00
2.171386718750000000e+02 4.195427656173706055e+02 2.205004978179931641e+02 4.224157190322875977e+02 2.230781841278076172e+02 4.261994361877441406e+02 2.000000000000000000e+00
1.175337982177734375e+02 2.035938262939453125e+01 1.206033325195312500e+02 2.269831180572509766e+01 1.237604141235351562e+02 2.727825164794921875e+01 2.000000000000000000e+00
2.702290964126586914e+02 4.183755254745483398e+02 2.736573457717895508e+02 4.211750936508178711e+02 2.764357900619506836e+02 4.248650979995727539e+02 2.000000000000000000e+00
2.913851928710937500e+02 3.693492507934570312e+02 2.948009037971496582e+02 3.720922565460205078e+02 2.974046325683593750e+02 3.757405471801757812e+02 2.000000000000000000e+00
1.950053691864013672e+02 3.961582374572753906e+02 1.983200645446777344e+02 3.988511180877685547e+02 2.010177898406982422e+02 4.026296424865722656e+02 2.000000000000000000e+00
1.721468830108642578e+02 2.726792013645172119e+02 1.755984783172607422e+02 2.754979884624481201e+02 1.781978321075439453e+02 2.792470121383666992e+02 2.000000000000000000e+00
