4.042247295379638672e+02 2.269079884886741638e+02 4.037502193450927734e+02 2.214098042249679565e+02 4.027213191986083984e+02 2.178085166215896606e+02 1.000000000000000000e+00
4.783813762664794922e+02 2.334181666374206543e+02 4.778411579132080078e+02 2.280805501341819763e+02 4.770248126983642578e+02 2.244502705335617065e+02 1.000000000000000000e+00
5.092876625061035156e+02 2.036413872241973877e+02 5.089212608337402344e+02 1.982855343818664551e+02 5.080805969238281250e+02 1.945800769329071045e+02 1.000000000000000000e+00
3.948632526397705078e+02 2.035298001766204834e+02 3.943063354492187500e+02 1.979399406909942627e+02 3.933493947982788086e+02 1.943959772586822510e+02 1.000000000000000000e+00
4.829524612426757812e+02 2.113231194019317627e+02 4.824774551391601562e+02 2.059266328811645508e+02 4.815629577636718750e+02 2.024219942092895508e+02 1.000000000000000000e+00
5.032373619079589844e+02 2.088288724422454834e+02 5.029171752929687500e+02 2.035423707962036133e+02 5.021007156372070312e+02 1.999252009391784668e+02 1.000000000000000000e+00
4.844839286804199219e+02 2.029102456569671631e+02 4.839970779418945312e+02 1.975449657440185547e+02 4.830816078186035156e+02 1.940386319160461426e+02 1.000000000000000000e+00
4.767485713958740234e+02 2.044529843330383301e+02 4.763034725189208984e+02 1.991385948657989502e+02 4.753859901428222656e+02 1.956742537021636963e+02 1.000000000000000000e+00
4.950975036621093750e+02 2.114212632179260254e+02 4.947775268554687500e+02 2.061033010482788086e+02 4.939690017700195312e+02 2.025042092800140381e+02 1.000000000000000000e+00
4.463045406341552734e+02 2.047989499568939209e+02 4.464236450195312500e+02 1.994206058979034424e+02 4.454692745208740234e+02 1.958445560932159424e+02 1.000000000000000000e+00
4.119717407226562500e+02 2.235960996150970459e+02 4.116525936126708984e+02 2.182253247499465942e+02 4.106072998046875000e+02 2.145459741353988647e+02 1.000000000000000000e+00
4.843678855895996094e+02 2.341518093645572662e+02 4.838671302795410156e+02 2.287316885590553284e+02 4.830911636352539062e+02 2.251829212903976440e+02 1.000000000000000000e+00
4.926434707641601562e+02 2.366552426666021347e+02 4.922638320922851562e+02 2.311725613474845886e+02 4.915235328674316406e+02 2.275175473093986511e+02 1.000000000000000000e+00
3.793534564971923828e+02 1.769041442871093750e+02 3.785963773727416992e+02 1.712759542465209961e+02 3.774371051788330078e+02 1.677346730232238770e+02 1.000000000000000000e+00
4.961485671997070312e+02 2.057229888439178467e+02 4.958230972290039062e+02 2.004286766052246094e+02 4.950025749206542969e+02 1.968237733840942383e+02 1.000000000000000000e+00
4.891253662109375000e+02 2.146502977609634399e+02 4.886409950256347656e+02 2.093231499195098877e+02 4.877253150939941406e+02 2.057336425781250000e+02 1.000000000000000000e+00
4.780624675750732422e+02 1.969724714756011963e+02 4.775641536712646484e+02 1.916124844551086426e+02 4.766678810119628906e+02 1.881946849822998047e+02 1.000000000000000000e+00
4.708082008361816406e+02 2.410522766411304474e+02 4.706893920898437500e+02 2.356481471657752991e+02 4.701639747619628906e+02 2.320446619391441345e+02 1.000000000000000000e+00
4.146517086029052734e+02 2.031809377670288086e+02 4.140989112854003906e+02 1.976837897300720215e+02 4.133114337921142578e+02 1.941589772701263428e+02 1.000000000000000000e+00
3.992349243164062500e+02 2.168864125013351440e+02 3.987652921676635742e+02 2.114811390638351440e+02 3.976761198043823242e+02 2.077180159091949463e+02 1.000000000000000000e+00
5.023945999145507812e+02 2.256828913092613220e+02 5.022689628601074219e+02 2.198936444520950317e+02 5.016261291503906250e+02 2.159718310832977295e+02 1.000000000000000000e+00
5.011774635314941406e+02 2.205449813604354858e+02 5.009346961975097656e+02 2.150748735666275024e+02 5.001427078247070312e+02 2.115117019414901733e+02 1.000000000000000000e+00
4.086136817932128906e+02 2.025016915798187256e+02 4.080564308166503906e+02 1.969711732864379883e+02 4.071186828613281250e+02 1.934330427646636963e+02 1.000000000000000000e+00
4.072387695312500000e+02 2.103853744268417358e+02 4.066717529296875000e+02 2.048219740390777588e+02 4.057019710540771484e+02 2.013336145877838135e+02 1.000000000000000000e+00
3.973298358917236328e+02 2.199196457862854004e+02 3.969534635543823242e+02 2.146066886186599731e+02 3.957958698272705078e+02 2.107553386688232422e+02 1.000000000000000000e+00
4.975958824157714844e+02 2.295083919167518616e+02 4.972781372070312500e+02 2.241988974809646606e+02 4.965001487731933594e+02 2.206692945957183838e+02 1.000000000000000000e+00
4.935549926757812500e+02 2.029270899295806885e+02 4.932689857482910156e+02 1.976523864269256592e+02 4.923837280273437500e+02 1.940606832504272461e+02 1.000000000000000000e+00
4.906445884704589844e+02 2.043570828437805176e+02 4.901881217956542969e+02 1.990303337574005127e+02 4.893314170837402344e+02 1.954268932342529297e+02 1.000000000000000000e+00
4.968422508239746094e+02 2.266922146081924438e+02 4.965047645568847656e+02 2.214267271757125854e+02 4.957180595397949219e+02 2.179011225700378418e+02 1.000000000000000000e+00
4.416947650909423828e+02 2.050961422920227051e+02 4.416477108001708984e+02 1.996794569492340088e+02 4.406828594207763672e+02 1.961630380153656006e+02 1.000000000000000000e+00
4.052592754364013672e+02 2.000704336166381836e+02 4.046810054779052734e+02 1.945390748977661133e+02 4.037586116790771484e+02 1.909943962097167969e+02 1.000000000000000000e+00
5.062450218200683594e+02 2.913453698158264160e+02 5.071975517272949219e+02 2.863679516315460205e+02 5.078546142578125000e+02 2.832077980041503906e+02 2.000000000000000000e+00
3.606026029586791992e+02 2.899890482425689697e+02 3.614262390136718750e+02 2.845093703269958496e+02 3.622142934799194336e+02 2.811394357681274414e+02 2.000000000000000000e+00
5.021059608459472656e+02 3.269850826263427734e+02 5.027490234375000000e+02 3.219548678398132324e+02 5.035425186157226562e+02 3.187847042083740234e+02 2.000000000000000000e+00
5.041940116882324219e+02 3.153885555267333984e+02 5.046854019165039062e+02 3.103948688507080078e+02 5.055667495727539062e+02 3.071770691871643066e+02 2.000000000000000000e+00
4.934930992126464844e+02 3.398224210739135742e+02 4.942398071289062500e+02 3.348134493827819824e+02 4.948105430603027344e+02 3.316611385345458984e+02 2.000000000000000000e+00
4.788201904296875000e+02 3.417482686042785645e+02 4.795900630950927734e+02 3.366310787200927734e+02 4.801661682128906250e+02 3.334013128280639648e+02 2.000000000000000000e+00
4.846992874145507812e+02 3.429421448707580566e+02 4.855147171020507812e+02 3.378061580657958984e+02 4.861243247985839844e+02 3.345956754684448242e+02 2.000000000000000000e+00
4.799880409240722656e+02 3.042039799690246582e+02 4.807933425903320312e+02 2.991859459877014160e+02 4.815095329284667969e+02 2.960402548313140869e+02 2.000000000000000000e+00
7.556678771972656250e+01 2.933517193794250488e+02 7.656934738159179688e+01 2.873616957664489746e+02 7.740510940551757812e+01 2.836978161334991455e+02 2.000000000000000000e+00
4.783138179779052734e+02 2.674180001020431519e+02 4.791874694824218750e+02 2.623511981964111328e+02 4.800010108947753906e+02 2.591615617275238037e+02 2.000000000000000000e+00
4.027895259857177734e+02 2.976419413089752197e+02 4.035981464385986328e+02 2.922984337806701660e+02 4.044126033782958984e+02 2.891098344326019287e+02 2.000000000000000000e+00
3.664682912826538086e+02 2.961597633361816406e+02 3.673087167739868164e+02 2.906670856475830078e+02 3.680475187301635742e+02 2.873814725875854492e+02 2.000000000000000000e+00
4.771358680725097656e+02 2.897729837894439697e+02 4.780293941497802734e+02 2.846232926845550537e+02 4.787006568908691406e+02 2.814345431327819824e+02 2.000000000000000000e+00
4.950053215026855469e+02 3.312919378280639648e+02 4.957389259338378906e+02 3.263034439086914062e+02 4.964175224304199219e+02 3.231049847602844238e+02 2.000000000000000000e+00
5.051968383789062500e+02 2.724726891517639160e+02 5.061107444763183594e+02 2.674744588136672974e+02 5.068776512145996094e+02 2.642557382583618164e+02 2.000000000000000000e+00
4.925832176208496094e+02 3.006808519363403320e+02 4.933591079711914062e+02 2.957207071781158447e+02 4.940540504455566406e+02 2.926434659957885742e+02 2.000000000000000000e+00
3.739277648925781250e+02 3.035990953445434570e+02 3.747046804428100586e+02 2.982523512840270996e+02 3.754151296615600586e+02 2.948208940029144287e+02 2.000000000000000000e+00
7.731185913085937500e+01 3.076096844673156738e+02 7.835268020629882812e+01 3.015787410736083984e+02 7.896053314208984375e+01 2.980295741558074951e+02 2.000000000000000000e+00
5.040930747985839844e+02 3.084917950630187988e+02 5.047463417053222656e+02 3.035108685493469238e+02 5.056163406372070312e+02 3.003187608718872070e+02 2.000000000000000000e+00
4.785875606536865234e+02 2.963459515571594238e+02 4.795272827148437500e+02 2.912891578674316406e+02 4.802172660827636719e+02 2.880807530879974365e+02 2.000000000000000000e+00
1.116283226013183594e+02 2.218808591365814209e+02 1.127111244201660156e+02 2.157022082805633545e+02 1.135638236999511719e+02 2.122696065902709961e+02 2.000000000000000000e+00
4.306380367279052734e+02 2.872777140140533447e+02 4.316346454620361328e+02 2.821945810317993164e+02 4.324647808074951172e+02 2.788836979866027832e+02 2.000000000000000000e+00
4.776055908203125000e+02 2.819988441467285156e+02 4.785345745086669922e+02 2.768249523639678955e+02 4.792592811584472656e+02 2.735896611213684082e+02 2.000000000000000000e+00
4.525481891632080078e+02 3.163284373283386230e+02 4.533206462860107422e+02 3.112295293807983398e+02 4.540518856048583984e+02 3.079235601425170898e+02 2.000000000000000000e+00
5.041045570373535156e+02 2.987888216972351074e+02 5.050061607360839844e+02 2.938466835021972656e+02 5.057615470886230469e+02 2.906388258934020996e+02 2.000000000000000000e+00
1.017557144165039062e+02 2.154706567525863647e+02 1.029107093811035156e+02 2.093833601474761963e+02 1.037362861633300781e+02 2.057741367816925049e+02 2.000000000000000000e+00
9.383958816528320312e+01 3.103060054779052734e+02 9.482257843017578125e+01 3.042845463752746582e+02 9.552164077758789062e+01 3.006530213356018066e+02 2.000000000000000000e+00
4.851946067810058594e+02 3.003397536277770996e+02 4.859944534301757812e+02 2.953317296504974365e+02 4.866679382324218750e+02 2.922283029556274414e+02 2.000000000000000000e+00
8.280614852905273438e+01 1.839636826515197754e+02 8.409791946411132812e+01 1.779752039909362793e+02 8.485208511352539062e+01 1.742713165283203125e+02 2.000000000000000000e+00
1.186780929565429688e+02 1.493868327140808105e+02 1.199030876159667969e+02 1.434113860130310059e+02 1.207595634460449219e+02 1.397230195999145508e+02 2.000000000000000000e+00
9.963914871215820312e+01 1.343160510063171387e+02 1.008761024475097656e+02 1.283260273933410645e+02 1.018196678161621094e+02 1.245995950698852539e+02 2.000000000000000000e+00
1.165192794799804688e+02 1.846114611625671387e+02 1.176183700561523438e+02 1.786545825004577637e+02 1.185573387145996094e+02 1.750225210189819336e+02 2.000000000000000000e+00
4.040622615814208984e+02 2.907519257068634033e+02 4.048614501953125000e+02 2.854155921936035156e+02 4.056439495086669922e+02 2.822307157516479492e+02 2.000000000000000000e+00
4.419312191009521484e+02 3.153219366073608398e+02 4.427050781250000000e+02 3.101006197929382324e+02 4.434018898010253906e+02 3.068146061897277832e+02 2.000000000000000000e+00
3.924588918685913086e+02 2.634691482782363892e+02 3.933226633071899414e+02 2.582820743322372437e+02 3.941232013702392578e+02 2.548233345150947571e+02 2.000000000000000000e+00
9.822404861450195312e+01 2.030017375946044922e+02 9.941276550292968750e+01 1.969640028476715088e+02 1.002075004577636719e+02 1.933908498287200928e+02 2.000000000000000000e+00
3.722632169723510742e+02 2.953241622447967529e+02 3.730814218521118164e+02 2.898847675323486328e+02 3.737611389160156250e+02 2.865271925926208496e+02 2.000000000000000000e+00
4.957292747497558594e+02 2.749925565719604492e+02 4.969512367248535156e+02 2.699542862176895142e+02 4.974258232116699219e+02 2.667007148265838623e+02 2.000000000000000000e+00
4.998484611511230469e+02 3.422379827499389648e+02 5.005589103698730469e+02 3.372305989265441895e+02 5.012308311462402344e+02 3.340777301788330078e+02 2.000000000000000000e+00
4.700833129882812500e+02 3.343063116073608398e+02 4.707819557189941406e+02 3.291258931159973145e+02 4.713771057128906250e+02 3.257825088500976562e+02 2.000000000000000000e+00
8.327985763549804688e+01 2.043809938430786133e+02 8.437175750732421875e+01 1.983646380901336670e+02 8.521083831787109375e+01 1.948274803161621094e+02 2.000000000000000000e+00
3.278051149845123291e+02 2.656328451633453369e+02 3.287319034337997437e+02 2.602572637796401978e+02 3.295488893985748291e+02 2.567672735452651978e+02 2.000000000000000000e+00
1.028231048583984375e+02 1.453916430473327637e+02 1.038596534729003906e+02 1.393602418899536133e+02 1.048152351379394531e+02 1.356410908699035645e+02 2.000000000000000000e+00
5.056358718872070312e+02 3.214266085624694824e+02 5.062955665588378906e+02 3.164040541648864746e+02 5.070442771911621094e+02 3.132306218147277832e+02 2.000000000000000000e+00
3.186645813286304474e+02 2.724960958957672119e+02 3.195810546725988388e+02 2.671118491888046265e+02 3.204254760965704918e+02 2.636333942413330078e+02 2.000000000000000000e+00
1.066045188903808594e+02 3.053334689140319824e+02 1.076107215881347656e+02 2.991694056987762451e+02 1.083486747741699219e+02 2.954198634624481201e+02 2.000000000000000000e+00
4.410621070861816406e+02 2.888668835163116455e+02 4.418436622619628906e+02 2.836976051330566406e+02 4.427304744720458984e+02 2.804493749141693115e+02 2.000000000000000000e+00
1.122816085815429688e+02 2.086976766586303711e+02 1.132534217834472656e+02 2.026865816116333008e+02 1.141438865661621094e+02 1.990622842311859131e+02 2.000000000000000000e+00
3.221633605659008026e+02 2.892319357395172119e+02 3.229389649629592896e+02 2.837180185317993164e+02 3.237372741103172302e+02 2.803445756435394287e+02 2.000000000000000000e+00
4.414629554748535156e+02 3.278823280334472656e+02 4.422053813934326172e+02 3.226592159271240234e+02 4.427298641204833984e+02 3.195006465911865234e+02 2.000000000000000000e+00
4.757463741302490234e+02 3.337043166160583496e+02 4.764829730987548828e+02 3.285945796966552734e+02 4.770358943939208984e+02 3.253334426879882812e+02 2.000000000000000000e+00
9.998548507690429688e+01 1.889534282684326172e+02 1.011831283569335938e+02 1.830030655860900879e+02 1.020159912109375000e+02 1.792958664894104004e+02 2.000000000000000000e+00
5.059221839904785156e+02 2.796031200885772705e+02 5.068481826782226562e+02 2.745593905448913574e+02 5.076487541198730469e+02 2.713759160041809082e+02 2.000000000000000000e+00
3.973979520797729492e+02 2.755992436408996582e+02 3.982714223861694336e+02 2.703864169120788574e+02 3.990471506118774414e+02 2.671882635354995728e+02 2.000000000000000000e+00
8.826780319213867188e+01 3.021140813827514648e+02 8.931238174438476562e+01 2.960950362682342529e+02 8.999586105346679688e+01 2.924986588954925537e+02 2.000000000000000000e+00
3.336357724666595459e+02 2.883809852600097656e+02 3.344794309139251709e+02 2.829354572296142578e+02 3.352994382381439209e+02 2.795295739173889160e+02 2.000000000000000000e+00
3.225187379121780396e+02 2.482714998722076416e+02 3.234920960664749146e+02 2.427119752764701843e+02 3.243134155869483948e+02 2.393336486443877220e+02 2.000000000000000000e+00
4.186903095245361328e+02 2.957089555263519287e+02 4.195562171936035156e+02 2.905602121353149414e+02 4.203121089935302734e+02 2.873372232913970947e+02 2.000000000000000000e+00
4.793360900878906250e+02 2.751903104782104492e+02 4.801788139343261719e+02 2.700907015800476074e+02 4.809364891052246094e+02 2.668631601333618164e+02 2.000000000000000000e+00
1.015140533447265625e+02 1.789022183418273926e+02 1.026843261718750000e+02 1.729977393150329590e+02 1.035318946838378906e+02 1.692723512649536133e+02 2.000000000000000000e+00
2.781635141372680664e+02 2.337576135993003845e+02 2.792417907714843750e+02 2.282145228981971741e+02 2.800243830680847168e+02 2.246768635511398315e+02 2.000000000000000000e+00
3.525348520278930664e+02 2.987342870235443115e+02 3.533811640739440918e+02 2.933566009998321533e+02 3.542084956169128418e+02 2.900752580165863037e+02 2.000000000000000000e+00
3.275440675020217896e+02 2.756489896774291992e+02 3.284384459257125854e+02 2.702672731876373291e+02 3.292781680822372437e+02 2.668297129869461060e+02 2.000000000000000000e+00
4.897763442993164062e+02 3.166850638389587402e+02 4.906546974182128906e+02 3.116340351104736328e+02 4.913236045837402344e+02 3.084643006324768066e+02 2.000000000000000000e+00
4.831955337524414062e+02 3.304312491416931152e+02 4.839349365234375000e+02 3.252900409698486328e+02 4.844412231445312500e+02 3.221082186698913574e+02 2.000000000000000000e+00
7.770259857177734375e+01 2.786520409584045410e+02 7.867347717285156250e+01 2.726227426528930664e+02 7.949851989746093750e+01 2.689163231849670410e+02 2.000000000000000000e+00
3.940278339385986328e+02 2.970350074768066406e+02 3.948567819595336914e+02 2.917486917972564697e+02 3.956388568878173828e+02 2.884896254539489746e+02 2.000000000000000000e+00
4.936607742309570312e+02 2.912253427505493164e+02 4.945113945007324219e+02 2.862268388271331787e+02 4.952536582946777344e+02 2.830295419692993164e+02 2.000000000000000000e+00
4.958598709106445312e+02 2.816928434371948242e+02 4.969356727600097656e+02 2.766666591167449951e+02 4.976932144165039062e+02 2.733814108371734619e+02 2.000000000000000000e+00
4.854762077331542969e+02 2.744033825397491455e+02 4.862638664245605469e+02 2.693164086341857910e+02 4.870574760437011719e+02 2.660965901613235474e+02 2.000000000000000000e+00
8.916021347045898438e+01 1.782443475723266602e+02 9.037929534912109375e+01 1.722914528846740723e+02 9.122674942016601562e+01 1.685058259963989258e+02 2.000000000000000000e+00
3.437142038345336914e+02 3.089360404014587402e+02 3.444608163833618164e+02 3.036261034011840820e+02 3.452567744255065918e+02 3.002471637725830078e+02 2.000000000000000000e+00
3.883329153060913086e+02 2.757119464874267578e+02 3.892645883560180664e+02 2.705040299892425537e+02 3.900868558883666992e+02 2.672590345144271851e+02 2.000000000000000000e+00
1.015677261352539062e+02 2.217674392461776733e+02 1.027019119262695312e+02 2.156257617473602295e+02 1.035531044006347656e+02 2.121538370847702026e+02 2.000000000000000000e+00
4.806693840026855469e+02 2.615134280920028687e+02 4.815659523010253906e+02 2.564698487520217896e+02 4.824069023132324219e+02 2.532847300171852112e+02 2.000000000000000000e+00
3.221530456840991974e+02 2.541943064332008362e+02 3.231746217608451843e+02 2.486010745167732239e+02 3.238344117999076843e+02 2.452505037188529968e+02 2.000000000000000000e+00
3.961715078353881836e+02 2.892897677421569824e+02 3.969652128219604492e+02 2.839656078815460205e+02 3.977227163314819336e+02 2.807032191753387451e+02 2.000000000000000000e+00
4.845512199401855469e+02 2.811669623851776123e+02 4.854916381835937500e+02 2.760368049144744873e+02 4.861863517761230469e+02 2.727269303798675537e+02 2.000000000000000000e+00
3.844006967544555664e+02 2.883751559257507324e+02 3.853567218780517578e+02 2.831639420986175537e+02 3.861078214645385742e+02 2.798769843578338623e+02 2.000000000000000000e+00
4.151557350158691406e+02 3.181553721427917480e+02 4.158743953704833984e+02 3.128460717201232910e+02 4.165645503997802734e+02 3.095522832870483398e+02 2.000000000000000000e+00
3.751244831085205078e+02 2.792170751094818115e+02 3.760036039352416992e+02 2.738544952869415283e+02 3.767726755142211914e+02 2.705657351016998291e+02 2.000000000000000000e+00
4.359647274017333984e+02 2.652163714170455933e+02 4.368516540527343750e+02 2.601551520824432373e+02 4.376594543457031250e+02 2.568362438678741455e+02 2.000000000000000000e+00
1.098410987854003906e+02 2.148404681682586670e+02 1.109304428100585938e+02 2.086992645263671875e+02 1.117832946777343750e+02 2.052111804485321045e+02 2.000000000000000000e+00
1.006152153015136719e+02 1.657467484474182129e+02 1.017532157897949219e+02 1.598515105247497559e+02 1.026627540588378906e+02 1.561357355117797852e+02 2.000000000000000000e+00
4.829611587524414062e+02 2.908734476566314697e+02 4.838549804687500000e+02 2.857479572296142578e+02 4.845508766174316406e+02 2.825370490550994873e+02 2.000000000000000000e+00
3.824140310287475586e+02 3.322788763046264648e+02 3.829306650161743164e+02 3.269467520713806152e+02 3.837675809860229492e+02 3.235363841056823730e+02 2.000000000000000000e+00
9.671508789062500000e+01 2.838164377212524414e+02 9.761152267456054688e+01 2.778058183193206787e+02 9.849348068237304688e+01 2.742161285877227783e+02 2.000000000000000000e+00
4.724749755859375000e+02 2.971258556842803955e+02 4.734043598175048828e+02 2.919178783893585205e+02 4.740711975097656250e+02 2.887365746498107910e+02 2.000000000000000000e+00
3.326270759105682373e+02 2.698641979694366455e+02 3.335086977481842041e+02 2.645060741901397705e+02 3.343665468692779541e+02 2.610803836584091187e+02 2.000000000000000000e+00
3.615701293945312500e+02 2.771796584129333496e+02 3.624406766891479492e+02 2.718071007728576660e+02 3.632488107681274414e+02 2.684242880344390869e+02 2.000000000000000000e+00
4.167865657806396484e+02 3.350091004371643066e+02 4.174888610839843750e+02 3.297901654243469238e+02 4.181641292572021484e+02 3.264424467086791992e+02 2.000000000000000000e+00
1.122352600097656250e+02 1.597833037376403809e+02 1.133990859985351562e+02 1.537862491607666016e+02 1.142787742614746094e+02 1.501062870025634766e+02 2.000000000000000000e+00
5.297613525390625000e+02 1.842794895172119141e+01 5.315553092956542969e+02 1.336725711822509766e+01 5.324194335937500000e+02 9.747376441955566406e+00 2.000000000000000000e+00
1.172094154357910156e+02 1.787317156791687012e+02 1.183028984069824219e+02 1.727693152427673340e+02 1.191789054870605469e+02 1.691527962684631348e+02 2.000000000000000000e+00
3.122356259822845459e+02 2.857686781883239746e+02 3.130007320642471313e+02 2.803169882297515869e+02 3.138507992029190063e+02 2.768553793430328369e+02 2.000000000000000000e+00
3.799581289291381836e+02 2.834452235698699951e+02 3.808904409408569336e+02 2.781844210624694824e+02 3.816283893585205078e+02 2.748623979091644287e+02 2.000000000000000000e+00
4.258602905273437500e+02 3.076306486129760742e+02 4.265761470794677734e+02 3.024077153205871582e+02 4.273174762725830078e+02 2.991554296016693115e+02 2.000000000000000000e+00
3.500415968894958496e+02 2.841263437271118164e+02 3.508043837547302246e+02 2.786544513702392578e+02 3.516064763069152832e+02 2.753149437904357910e+02 2.000000000000000000e+00
3.415995192527770996e+02 2.817748439311981201e+02 3.424603271484375000e+02 2.763928234577178955e+02 3.433199477195739746e+02 2.729444289207458496e+02 2.000000000000000000e+00
3.276020812988281250e+02 2.887857377529144287e+02 3.284940189123153687e+02 2.833592534065246582e+02 3.293349611759185791e+02 2.799014604091644287e+02 2.000000000000000000e+00
1.114045715332031250e+02 1.893414723873138428e+02 1.124945449829101562e+02 1.833998215198516846e+02 1.133964920043945312e+02 1.796813321113586426e+02 2.000000000000000000e+00
3.923501300811767578e+02 2.554217237234115601e+02 3.932636404037475586e+02 2.502315223217010498e+02 3.940220355987548828e+02 2.467949983477592468e+02 2.000000000000000000e+00
3.367164921760559082e+02 3.065973830223083496e+02 3.374850165843963623e+02 3.013207125663757324e+02 3.383049011230468750e+02 2.978340196609497070e+02 2.000000000000000000e+00
8.771543502807617188e+01 1.610623097419738770e+02 8.883413314819335938e+01 1.550629377365112305e+02 8.978715896606445312e+01 1.513289737701416016e+02 2.000000000000000000e+00
4.448880958557128906e+02 2.658056956529617310e+02 4.458336162567138672e+02 2.607494831085205078e+02 4.466528606414794922e+02 2.574495559930801392e+02 2.000000000000000000e+00
4.701155757904052734e+02 3.025387930870056152e+02 4.709783935546875000e+02 2.973544335365295410e+02 4.716268920898437500e+02 2.942446017265319824e+02 2.000000000000000000e+00
4.053886699676513672e+02 3.200237131118774414e+02 4.061386394500732422e+02 3.146581149101257324e+02 4.068395709991455078e+02 3.113060975074768066e+02 2.000000000000000000e+00
4.036010169982910156e+02 3.285068106651306152e+02 4.044050025939941406e+02 3.232551312446594238e+02 4.051152038574218750e+02 3.198205304145812988e+02 2.000000000000000000e+00
1.109756660461425781e+02 2.299852135777473450e+02 1.121853637695312500e+02 2.238256824016571045e+02 1.129200363159179688e+02 2.204100483655929565e+02 2.000000000000000000e+00
4.185459899902343750e+02 3.113857483863830566e+02 4.192535400390625000e+02 3.061364793777465820e+02 4.200518512725830078e+02 3.028199172019958496e+02 2.000000000000000000e+00
1.131655883789062500e+02 1.967494475841522217e+02 1.142464637756347656e+02 1.907302844524383545e+02 1.151699447631835938e+02 1.872124922275543213e+02 2.000000000000000000e+00
3.424225783348083496e+02 2.877852809429168701e+02 3.433162856101989746e+02 2.824058246612548828e+02 3.440631723403930664e+02 2.789660668373107910e+02 2.000000000000000000e+00
3.265247195959091187e+02 3.096862864494323730e+02 3.274109804630279541e+02 3.043812561035156250e+02 3.281723940372467041e+02 3.008759808540344238e+02 2.000000000000000000e+00
4.738242244720458984e+02 3.114179134368896484e+01 4.753354167938232422e+02 2.591680526733398438e+01 4.765825843811035156e+02 2.247340679168701172e+01 2.000000000000000000e+00
3.203502197191119194e+02 2.597113054990768433e+02 3.213007508218288422e+02 2.543009197711944580e+02 3.220667114853858948e+02 2.507907566428184509e+02 2.000000000000000000e+00
3.243412476778030396e+02 2.814444601535797119e+02 3.252474063634872437e+02 2.759943544864654541e+02 3.260412597656250000e+02 2.726077902317047119e+02 2.000000000000000000e+00
4.267119503021240234e+02 2.997848546504974365e+02 4.275282955169677734e+02 2.946760904788970947e+02 4.282606792449951172e+02 2.914191019535064697e+02 2.000000000000000000e+00
1.080900764465332031e+02 2.794123256206512451e+02 1.090650749206542969e+02 2.734302699565887451e+02 1.098654937744140625e+02 2.697468584775924683e+02 2.000000000000000000e+00
2.893929743766784668e+02 2.416113587468862534e+02 2.904732966423034668e+02 2.361258083581924438e+02 2.913437199592590332e+02 2.326484218239784241e+02 2.000000000000000000e+00
3.831368112564086914e+02 2.460945743322372437e+02 3.841527128219604492e+02 2.408830414339900017e+02 3.848946523666381836e+02 2.374157255887985229e+02 2.000000000000000000e+00
3.129649049043655396e+02 2.643988358974456787e+02 3.139647519588470459e+02 2.589309096336364746e+02 3.147067564725875854e+02 2.554955291748046875e+02 2.000000000000000000e+00
3.633811330795288086e+02 2.684397286176681519e+02 3.642882680892944336e+02 2.629680794477462769e+02 3.649464416503906250e+02 2.595906686782836914e+02 2.000000000000000000e+00
3.905923461914062500e+02 3.320320487022399902e+02 3.913609313964843750e+02 3.266801834106445312e+02 3.921005582809448242e+02 3.232870531082153320e+02 2.000000000000000000e+00
4.336553382873535156e+02 2.727769482135772705e+02 4.346055316925048828e+02 2.676955586671829224e+02 4.353775310516357422e+02 2.643701183795928955e+02 2.000000000000000000e+00
2.630716562271118164e+02 2.487157899141311646e+02 2.640646028518676758e+02 2.432653963565826416e+02 2.648133230209350586e+02 2.398000793298706412e+02 2.000000000000000000e+00
1.012928581237792969e+02 2.357003018260002136e+02 1.023921585083007812e+02 2.297982171177864075e+02 1.032677268981933594e+02 2.260279682278633118e+02 2.000000000000000000e+00
1.188174247741699219e+02 1.727640008926391602e+02 1.199992561340332031e+02 1.668470549583435059e+02 1.208186721801757812e+02 1.631967616081237793e+02 2.000000000000000000e+00
3.926436471939086914e+02 3.098934388160705566e+02 3.934624624252319336e+02 3.046050453186035156e+02 3.942253446578979492e+02 3.014209342002868652e+02 2.000000000000000000e+00
4.202222633361816406e+02 3.274197149276733398e+02 4.210049724578857422e+02 3.222557115554809570e+02 4.216006469726562500e+02 3.188107967376708984e+02 2.000000000000000000e+00
3.046524047851562500e+02 2.973081994056701660e+02 3.054672539234161377e+02 2.918156147003173828e+02 3.063021540641784668e+02 2.883997535705566406e+02 2.000000000000000000e+00
4.304878902435302734e+02 3.127143001556396484e+02 4.312738990783691406e+02 3.075022029876708984e+02 4.319557476043701172e+02 3.042678594589233398e+02 2.000000000000000000e+00
3.507915043830871582e+02 3.035596990585327148e+02 3.517822265625000000e+02 2.983876991271972656e+02 3.524895024299621582e+02 2.948056054115295410e+02 2.000000000000000000e+00
3.299767762422561646e+02 2.384558256715536118e+02 3.310408329963684082e+02 2.330195613205432892e+02 3.319683229923248291e+02 2.296797940135002136e+02 2.000000000000000000e+00
4.107860088348388672e+02 3.326973938941955566e+02 4.115099811553955078e+02 3.274981427192687988e+02 4.122135353088378906e+02 3.241520762443542480e+02 2.000000000000000000e+00
4.537822246551513672e+02 2.630023509263992310e+02 4.546507549285888672e+02 2.579038095474243164e+02 4.554626178741455078e+02 2.546222537755966187e+02 2.000000000000000000e+00
2.686177968978881836e+02 2.294934993982315063e+02 2.695945739746093750e+02 2.239593350887298584e+02 2.704442739486694336e+02 2.204762256145477295e+02 2.000000000000000000e+00
4.385547161102294922e+02 3.081155419349670410e+02 4.393277645111083984e+02 3.028502869606018066e+02 4.401517009735107422e+02 2.996395289897918701e+02 2.000000000000000000e+00
1.394503021240234375e+02 1.556000161170959473e+02 1.406330680847167969e+02 1.496945929527282715e+02 1.415461349487304688e+02 1.460391783714294434e+02 2.000000000000000000e+00
4.905737304687500000e+02 3.240213990211486816e+02 4.914188003540039062e+02 3.189880084991455078e+02 4.920124626159667969e+02 3.158637428283691406e+02 2.000000000000000000e+00
4.070172786712646484e+02 3.063464069366455078e+02 4.078479290008544922e+02 3.009803795814514160e+02 4.086357784271240234e+02 2.976908004283905029e+02 2.000000000000000000e+00
1.608281993865966797e+02 1.723253631591796875e+02 1.620291233062744141e+02 1.665056419372558594e+02 1.628582477569580078e+02 1.628791451454162598e+02 2.000000000000000000e+00
3.067237544059753418e+02 2.607975161075592041e+02 3.077644646167755127e+02 2.552572792768478394e+02 3.085314941406250000e+02 2.517949220538139343e+02 2.000000000000000000e+00
4.989714431762695312e+02 3.064049720764160156e+02 4.997401237487792969e+02 3.013974952697753906e+02 5.005503273010253906e+02 2.982769489288330078e+02 2.000000000000000000e+00
3.871067190170288086e+02 2.944562423229217529e+02 3.880125761032104492e+02 2.892796969413757324e+02 3.888083791732788086e+02 2.859654557704925537e+02 2.000000000000000000e+00
9.906370162963867188e+01 2.758639240264892578e+02 1.000980186462402344e+02 2.698650223016738892e+02 1.007681274414062500e+02 2.662614458799362183e+02 2.000000000000000000e+00
